244
0 9.64736  8
1    0.737629
5    1.00021
11    1.0018
12    1.08624
14    0.922059
60    0.988198
62    1.24855
226    1.19402
1 10.1875  8
2    0.823582
3    1.10427
4    0.820853
13    1.01125
14    1.2573
61    1.21222
70    0.823582
75    1.07642
2 11.9515  4
11    0.729902
13    0.968917
14    0.720545
49    1.10321
3 7.71157  4
5    0.79172
14    0.862694
201    1.0929
220    1.22412
4 13.8665  4
5    1.09536
11    0.798349
12    0.780917
14    1.11162
5 13.9654  10
6    1.08104
7    0.744972
8    0.847551
9    1.18253
10    1.07642
12    0.763576
13    1.11709
14    0.844823
15    1.23501
60    1.09638
6 14.2883  4
11    1.02187
37    0.883532
60    1.19947
130    1.22022
7 5.34242  4
12    0.761946
13    0.978841
76    1.0018
200    0.700018
8 6.1298  3
11    0.975948
12    0.908307
75    0.975948
9 8.70098  1
14    1.23793
10 7.09723  6
11    1.15177
12    0.902997
13    0.965877
14    1.23199
61    0.795071
62    1.25574
11 11.8603  7
13    0.964943
14    0.767788
15    1.04736
60    0.78804
62    0.715455
77    0.908307
227    0.820853
12 7.41371  4
15    1.17364
37    0.703149
62    1.23745
201    0.710987
13 12.8939  5
14    0.825834
15    1.24779
60    1.22022
107    0.924787
160    1.10427
14 10.7894  2
15    1.28953
219    0.861742
15 13.9169  8
16    0.825779
17    1.11143
18    0.844218
19    1.17166
20    1.0409
37    0.700018
61    1.22888
165    0.964943
16 14.1299  10
21    1.2139
22    1.17885
23    1.06439
24    1.29062
25    0.829368
26    1.12315
27    0.882488
28    1.29663
29    0.848979
62    0.751161
17 14.8254  1
70    1.127
18 7.09632  5
61    0.861742
70    0.737629
162    0.798349
219    1.01116
226    1.29198
19 11.8572  4
74    0.847551
75    0.729902
161    0.744972
227    1.1139
20 7.40364  2
37    1.14068
70    1.19803
21 12.861  2
49    0.754585
73    0.79172
22 10.6816  8
38    0.710987
39    0.736567
40    0.820103
41    1.0929
42    0.783718
43    0.974081
76    1.08624
129    0.827409
23 13.565  1
62    0.867766
24 12.9809  1
165    0.763576
25 11.0732  3
71    1.10427
72    0.820853
199    1.14068
26 14.8437  2
60    0.910486
176    0.844823
27 7.15613  8
30    1.1872
31    1.09166
32    0.779653
33    0.960805
34    0.952364
35    0.924787
36    0.834733
61    1.01116
28 12.0525  1
243    0
29 8.04147  1
130    1.22657
30 14.9438  3
37    0.700751
49    0.817374
160    1.127
31 7.48299  1
243    0
32 13.1201  5
44    0.995706
45    1.06633
46    1.29696
47    0.85006
48    1.19074
33 11.5276  2
37    0.939729
107    0.952364
34 6.32756  7
148    0.751161
149    0.867766
150    1.24855
151    1.29198
152    0.833799
153    1.13764
154    0.929786
35 9.34675  3
49    1.08398
160    0.820853
162    0.729902
36 9.20606  2
78    0.780917
79    0.964943
37 8.74645  8
63    0.833799
64    1.13764
65    0.929786
66    0.851067
67    1.19402
68    1.1139
69    0.852293
75    1.02187
38 7.24555  2
61    1.22776
130    1.19947
39 12.3446  1
60    1.04181
40 8.99548  2
107    1.09166
162    0.975948
41 8.05887  10
50    0.878954
51    1.28509
52    0.811313
53    1.06421
54    1.29002
55    0.827409
56    1.11676
57    0.861632
58    1.22851
59    1.22657
42 5.00031  1
75    1.15177
43 5.01251  2
76    0.761946
162    1.18253
44 5.05249  1
243    0
45 5.18311  4
61    1.1168
73    1.09536
160    0.737629
201    0.736567
46 5.60945  1
62    1.29198
47 7.00171  1
89    0.767788
48 11.5484  3
73    1.00021
89    1.11162
218    1.2169
49 6.39531  3
60    1.2169
61    1.04639
62    1.23185
50 9.56801  1
243    0
51 9.92843  1
75    0.798349
52 11.1055  3
60    1.13172
76    0.902997
218    0.78804
53 14.9493  2
106    1.29663
161    1.08104
54 7.50099  2
61    1.22412
165    0.908307
55 13.179  2
60    1.18865
61    1.17334
56 11.7202  1
219    1.22888
57 6.95624  2
89    1.17364
220    1.23185
58 11.3997  1
73    1.08104
59 5.90976  4
166    0.978841
167    1.01125
168    1.11709
169    0.862694
60 7.98257  2
107    0.848979
218    1.18865
61 14.7516  1
76    0.763576
62 6.85522  1
89    0.922059
63 11.0701  2
129    0.861632
165    0.968917
64 14.8337  1
74    0.744972
65 7.12348  3
129    1.11676
161    1.00021
227    0.737629
66 11.946  3
70    0.89505
120    1.29696
165    0.902997
67 7.69387  1
120    1.06633
68 13.8086  6
80    0.965877
81    0.968917
82    0.978841
83    1.01125
89    0.720545
120    0.85006
69 13.7762  1
243    0
70 13.6703  1
199    0.834733
71 13.3245  2
107    0.779653
160    1.09536
72 12.1953  1
74    1.18253
73 8.5081  3
84    1.11709
85    0.862694
130    0.910486
74 6.46733  3
86    1.23199
87    1.23793
88    1.2573
75 9.80331  1
243    0
76 10.6969  2
89    0.825834
176    1.11162
77 13.6151  1
243    0
78 13.1442  1
176    0.825834
79 11.6063  2
129    1.29002
161    0.79172
80 6.58452  1
243    0
81 10.186  1
160    0.823582
82 11.9466  3
89    0.844823
107    0.960805
160    0.89505
83 7.6957  1
243    0
84 13.8147  1
243    0
85 13.796  2
107    0.834733
162    1.02187
86 13.7353  7
90    1.04736
91    1.23501
92    1.24779
93    1.28953
94    0.825779
95    1.11143
96    0.844218
87 13.5369  1
220    1.21222
88 12.889  1
243    0
89 10.7732  1
107    1.1872
90 13.8641  1
243    0
91 13.9575  1
243    0
92 14.2624  1
199    0.939729
93 5.25758  8
98    1.0409
99    1.2139
100    1.17885
101    1.06439
102    1.29062
103    0.829368
104    1.12315
105    0.882488
94 5.85269  1
243    0
95 7.79611  2
218    0.910486
226    1.13764
96 14.1424  1
97    1.17166
97 14.8663  1
199    0.952364
98 7.22999  1
243    0
99 12.2939  7
131    1.2169
132    1.18865
133    1.09638
134    0.795071
135    1.01116
136    1.1168
137    0.861742
100 8.82977  1
243    0
101 7.51778  1
120    0.995706
102 13.2336  1
243    0
103 11.8984  10
121    1.10321
122    0.817374
123    1.08398
124    0.754585
125    0.878954
126    1.28509
127    0.811313
128    1.06421
200    0.703149
201    0.85006
104 7.53822  2
130    1.04181
227    1.10427
105 13.3004  1
243    0
106 12.1166  7
108    1.14068
109    0.939729
110    0.883532
111    0.700018
112    0.700751
162    0.847551
201    1.29696
107 8.25083  2
163    1.0018
164    1.08624
108 5.62716  1
165    0.965877
109 7.05969  1
199    0.924787
110 11.7379  5
155    0.851067
156    1.19402
157    1.1139
158    0.852293
159    1.19803
111 7.01422  8
113    0.703149
114    0.710987
115    0.736567
116    0.820103
117    1.0929
118    0.783718
119    0.974081
120    1.19074
112 11.5893  1
243    0
113 6.52867  3
201    0.783718
217    1.19947
226    0.851067
114 10.0035  5
228    0.79172
229    1.00021
230    1.08104
231    0.744972
232    0.847551
115 11.3506  1
243    0
116 5.74953  1
243    0
117 7.45918  1
130    0.78804
118 13.0422  1
243    0
119 11.2737  1
129    1.22851
120 5.49837  1
243    0
121 6.63915  1
243    0
122 10.3645  1
201    1.06633
123 12.5295  1
243    0
124 9.59914  1
130    1.13172
125 10.0301  1
243    0
126 11.4373  2
162    1.07642
201    0.995706
127 6.03244  1
243    0
128 8.38328  1
243    0
129 6.0596  1
130    0.988198
130 8.47179  2
217    1.13172
219    0.795071
131 6.34861  1
162    1.15177
132 9.41572  1
243    0
133 9.43129  1
243    0
134 9.48195  1
243    0
135 9.64736  10
138    1.22888
139    1.22776
140    1.22412
141    1.21222
142    1.17334
143    1.04639
144    1.23185
145    1.23745
146    1.25574
147    0.715455
136 10.1875  1
243    0
137 11.9515  1
220    1.04639
138 7.71157  1
243    0
139 13.8665  5
221    1.25574
222    0.715455
223    0.751161
224    0.867766
225    1.24855
140 13.9654  1
165    0.761946
141 14.2883  1
243    0
142 5.34242  7
170    1.23199
171    1.23793
172    1.2573
173    0.720545
174    0.767788
175    0.922059
226    0.929786
143 6.1298  1
199    0.960805
144 8.70098  1
243    0
145 7.09723  10
189    1.06439
190    1.29062
191    0.829368
192    1.12315
193    0.882488
194    1.29663
195    0.848979
196    1.1872
197    1.09166
198    0.779653
146 11.8603  1
243    0
147 7.41371  1
243    0
148 12.8939  1
243    0
149 10.7894  1
243    0
150 13.9169  1
218    0.988198
151 14.1299  1
220    1.17334
152 14.8254  1
243    0
153 7.09632  7
202    1.19074
203    1.10321
204    0.817374
205    1.08398
206    0.754585
207    0.878954
208    1.28509
154 11.8572  1
243    0
155 7.40364  1
243    0
156 12.861  1
243    0
157 10.6816  9
177    1.17364
178    1.04736
179    1.23501
180    1.24779
181    1.28953
182    0.825779
183    1.11143
184    0.844218
185    1.17166
158 13.565  1
218    1.04181
159 12.9809  1
243    0
160 11.0732  1
243    0
161 14.8437  1
243    0
162 7.15613  1
199    0.883532
163 12.0525  1
165    0.780917
164 8.04147  1
227    1.19803
165 14.9438  1
217    1.22022
166 7.48299  1
243    0
167 13.1201  1
243    0
168 11.5276  1
243    0
169 6.32756  1
201    0.820103
170 9.34675  1
243    0
171 9.20606  1
243    0
172 8.74645  1
243    0
173 7.24555  1
243    0
174 12.3446  3
186    1.0409
187    1.2139
188    1.17885
175 8.99548  1
243    0
176 8.05887  1
243    0
177 5.00031  1
243    0
178 5.01251  1
200    0.700751
179 5.05249  1
219    1.22776
180 5.18311  8
209    0.811313
210    1.06421
211    1.29002
212    0.827409
213    1.11676
214    0.861632
215    1.22851
216    1.22657
181 5.60945  1
243    0
182 7.00171  1
243    0
183 11.5484  1
243    0
184 6.39531  1
243    0
185 9.56801  1
243    0
186 9.92843  1
201    0.974081
187 11.1055  1
243    0
188 14.9493  1
243    0
189 7.50099  1
219    1.1168
190 13.179  1
243    0
191 11.7202  1
226    0.833799
192 6.95624  1
243    0
193 11.3997  1
243    0
194 5.90976  1
243    0
195 7.98257  1
243    0
196 14.7516  1
243    0
197 6.85522  1
243    0
198 11.0701  1
243    0
199 14.8337  1
227    1.09536
200 7.12348  1
218    1.09638
201 11.946  1
243    0
202 7.69387  1
243    0
203 13.8086  1
243    0
204 13.7762  1
243    0
205 13.6703  1
243    0
206 13.3245  1
220    1.23745
207 12.1953  1
243    0
208 8.5081  1
243    0
209 6.46733  1
243    0
210 9.80331  1
243    0
211 10.6969  1
243    0
212 13.6151  1
243    0
213 13.1442  1
243    0
214 11.6063  1
227    0.823582
215 6.58452  1
243    0
216 10.186  1
227    1.127
217 11.9466  1
243    0
218 7.6957  1
243    0
219 13.8147  1
243    0
220 13.796  10
233    1.18253
234    1.07642
235    0.729902
236    0.798349
237    1.02187
238    1.15177
239    0.975948
240    1.0018
241    1.08624
242    0.761946
221 13.7353  1
243    0
222 13.5369  1
227    0.852293
223 12.889  1
243    0
224 10.7732  1
243    0
225 13.8641  1
243    0
226 13.9575  1
227    0.89505
227 14.2624  1
243    0
228 5.25758  1
243    0
229 5.85269  1
243    0
230 7.79611  1
243    0
231 14.1424  1
243    0
232 14.8663  1
243    0
233 7.22999  1
243    0
234 12.2939  1
243    0
235 8.82977  1
243    0
236 7.51778  1
243    0
237 13.2336  1
243    0
238 11.8984  1
243    0
239 7.53822  1
243    0
240 13.3004  1
243    0
241 12.1166  1
243    0
242 8.25083  1
243    0
243 0  0
