54
0 11.5484  9
1    42.5533
2    59.7008
3    55.6952
4    42.6147
5    59.9013
6    56.3498
7    44.7525
8    36.8815
9    41.1791
1 6.39531  8
10    55.2136
11    41.0427
12    54.7678
13    39.586
14    50.0105
15    54.0518
16    59.1267
20    39.0458
2 9.56801  1
16    57.5886
3 9.92843  1
16    37.2486
4 11.1055  10
40    62.3898
41    64.4763
42    41.2889
43    55.5716
44    42.2109
45    58.5829
46    52.0449
47    60.6951
48    58.9427
49    53.2196
5 14.9493  1
51    64.8315
6 7.50099  1
16    39.9174
7 13.179  1
16    53.8211
8 11.7202  1
16    51.0936
9 6.95624  2
19    38.0973
52    38.9827
10 11.3997  1
20    45.4154
11 5.90976  1
16    36.4951
12 7.98257  2
17    48.7974
18    50.0902
13 14.7516  2
16    42.3775
19    45.1498
14 6.85522  1
53    0
15 11.0701  1
20    38.1788
16 14.8337  1
19    54.3118
17 7.12348  1
53    0
18 11.946  1
53    0
19 7.69387  9
21    48.2472
22    48.2939
23    48.4458
24    48.9421
25    50.5626
26    55.8545
27    43.1347
28    61.5996
29    61.8963
20 13.8086  1
53    0
21 13.7762  1
53    0
22 13.6703  1
51    44.1244
23 13.3245  1
53    0
24 12.1953  1
53    0
25 8.5081  10
30    62.8649
31    36.0273
32    38.3894
33    46.1029
34    41.2917
35    55.5808
36    42.2411
37    58.6818
38    52.3681
39    61.7507
26 6.46733  1
53    0
27 9.80331  1
53    0
28 10.6969  1
50    64.5312
29 13.6151  1
53    0
30 13.1442  1
53    0
31 11.6063  1
53    0
32 6.58452  1
52    59.3602
33 10.186  3
50    56.1576
51    42.449
52    41.7367
34 11.9466  1
53    0
35 7.6957  1
50    41.4684
36 13.8147  1
53    0
37 13.796  1
53    0
38 13.7353  1
53    0
39 13.5369  1
52    47.6182
40 12.889  1
52    46.2394
41 10.7732  1
53    0
42 13.8641  1
53    0
43 13.9575  1
52    48.0403
44 14.2624  1
52    54.5828
45 5.25758  1
53    0
46 5.85269  1
53    0
47 7.79611  1
53    0
48 14.1424  1
53    0
49 14.8663  1
53    0
50 7.22999  1
53    0
51 12.2939  1
53    0
52 8.82977  1
53    0
53 0  0
