64
0 11.6063  7
1    3.60273
2    3.83894
3    4.61029
4    4.12917
5    5.55808
12    5.89427
14    4.69865
1 6.58452  3
5    5.23681
12    4.14684
14    4.41766
2 10.186  4
5    6.17507
6    6.44763
12    6.06951
14    3.50009
3 11.9466  3
5    4.22411
6    6.23898
14    3.89827
4 7.6957  3
5    5.86818
12    5.61576
13    5.45828
5 13.8147  3
12    4.41244
13    5.93602
14    4.80403
6 13.796  6
7    4.12889
8    5.55716
9    4.22109
10    5.85829
11    5.20449
13    6.48315
7 13.7353  2
14    4.76182
45    5.0558
8 13.5369  2
12    5.32196
14    5.70338
9 12.889  2
13    4.2449
14    4.17367
10 10.7732  3
15    3.50375
16    3.51575
17    3.55493
11 13.8641  2
12    6.45312
45    5.4819
12 13.9575  6
25    6.4848
26    4.2503
27    5.95369
28    5.51605
29    4.08687
30    5.41992
13 14.2624  2
14    4.62394
45    4.30871
14 5.25758  5
18    3.68284
19    4.10051
20    5.46451
21    3.91859
22    4.8704
15 5.85269  1
31    3.77293
16 7.79611  1
63    0
17 14.1424  1
63    0
18 14.8663  1
63    0
19 7.22999  3
23    4.97853
24    5.33166
31    6.42547
20 12.2939  10
32    5.32104
33    6.4501
34    4.13704
35    5.5838
36    4.30816
37    6.14257
38    6.13286
39    6.10109
40    5.99736
41    5.6586
21 8.82977  1
63    0
22 7.51778  1
63    0
23 13.2336  1
31    4.39477
24 11.8984  1
63    0
25 7.53822  1
63    0
26 13.3004  1
31    4.05657
27 12.1166  1
63    0
28 8.25083  1
63    0
29 5.62716  6
46    6.1444
47    6.13881
48    6.12059
49    6.06108
50    5.86671
51    5.23196
30 7.05969  2
45    5.20907
52    6.15923
31 11.7379  1
63    0
32 7.01422  10
53    6.18725
54    6.27871
55    3.57727
56    3.75581
57    4.33883
58    6.24273
59    6.4599
60    4.169
61    5.68818
62    4.64893
33 11.5893  3
42    4.55243
43    3.9402
44    4.94099
34 6.52867  1
45    3.97536
35 10.0035  1
63    0
36 11.3506  1
63    0
37 5.74953  1
45    6.08452
38 7.45918  1
63    0
39 13.0422  1
63    0
40 11.2737  1
63    0
41 5.49837  1
45    5.94325
42 6.63915  1
45    5.58399
43 10.3645  1
63    0
44 12.5295  1
63    0
45 9.59914  1
63    0
46 10.0301  1
63    0
47 11.4373  1
63    0
48 6.03244  1
63    0
49 8.38328  1
63    0
50 6.0596  1
63    0
51 8.47179  1
63    0
52 6.34861  1
63    0
53 9.41572  1
63    0
54 9.43129  1
63    0
55 9.48195  1
63    0
56 9.64736  1
63    0
57 10.1875  1
63    0
58 11.9515  1
63    0
59 7.71157  1
63    0
60 13.8665  1
63    0
61 13.9654  1
63    0
62 14.2883  1
63    0
63 0  0
