52
0 6.32756  4
1    61.3881
20    42.6147
21    54.7678
23    48.7974
1 9.34675  10
2    61.2059
3    60.6108
4    58.6671
5    52.3196
6    61.5923
7    61.8725
8    62.7871
9    35.7727
10    37.5581
11    43.3883
2 9.20606  2
20    55.2136
29    48.2472
3 8.74645  1
20    44.7525
4 7.24555  10
12    62.4273
13    64.599
14    41.69
15    56.8818
16    46.4893
17    42.5533
18    59.7008
19    55.6952
22    42.3775
23    57.5886
5 12.3446  1
29    43.1347
6 8.99548  2
22    53.8211
29    50.5626
7 8.05887  3
27    45.1498
28    38.1788
41    64.4763
8 5.00031  2
29    55.8545
41    41.2889
9 5.01251  2
20    36.8815
23    36.4951
10 5.05249  4
24    50.0902
25    54.3118
26    38.0973
29    39.0458
11 5.18311  2
20    56.3498
22    39.586
12 5.60945  2
22    54.0518
23    51.0936
13 7.00171  1
29    45.4154
14 11.5484  2
20    41.1791
23    39.9174
15 6.39531  1
29    48.9421
16 9.56801  1
22    37.2486
17 9.92843  1
20    59.9013
18 11.1055  2
22    50.0105
29    48.4458
19 14.9493  2
21    41.0427
22    59.1267
20 7.50099  1
51    0
21 13.179  1
41    61.7507
22 11.7202  1
51    0
23 6.95624  1
29    48.2939
24 11.3997  3
30    61.5996
31    61.8963
32    62.8649
25 5.90976  9
42    55.5716
43    42.2109
44    58.5829
45    52.0449
46    60.6951
47    58.9427
48    53.2196
49    64.5312
50    41.4684
26 7.98257  1
51    0
27 14.7516  1
51    0
28 6.85522  1
51    0
29 11.0701  1
51    0
30 14.8337  1
51    0
31 7.12348  8
33    36.0273
34    38.3894
35    46.1029
36    41.2917
37    55.5808
38    42.2411
39    58.6818
40    52.3681
32 11.946  1
51    0
33 7.69387  1
51    0
34 13.8086  1
51    0
35 13.7762  1
51    0
36 13.6703  1
41    62.3898
37 13.3245  1
51    0
38 12.1953  1
51    0
39 8.5081  1
51    0
40 6.46733  1
51    0
41 9.80331  1
51    0
42 10.6969  1
51    0
43 13.6151  1
51    0
44 13.1442  1
51    0
45 11.6063  1
51    0
46 6.58452  1
51    0
47 10.186  1
51    0
48 11.9466  1
51    0
49 7.6957  1
51    0
50 13.8147  1
51    0
51 0  0
