101
0 14.9493  4
1    0.825779
2    1.11143
41    1.22776
86    1.29663
1 7.50099  4
3    0.844218
4    1.17166
41    1.18865
86    1.06439
2 13.179  2
5    1.0409
41    1.09638
3 11.7202  4
19    0.952364
20    0.924787
21    0.834733
41    1.22888
4 6.95624  6
26    0.700751
27    0.974081
28    0.811313
42    1.04639
43    1.29198
72    0.978841
5 11.3997  9
6    1.2139
7    1.17885
8    1.06439
9    1.29062
10    0.829368
11    1.12315
12    0.882488
13    1.29663
44    1.13764
6 5.90976  1
27    1.0929
7 7.98257  10
29    1.06421
30    1.29002
31    0.827409
32    1.11676
33    0.861632
34    1.22851
35    1.22657
36    1.22022
37    1.19947
38    1.13172
8 14.7516  1
41    1.21222
9 6.85522  1
76    1.11162
10 11.0701  6
14    0.848979
15    1.1872
16    1.09166
17    0.779653
18    0.960805
28    0.878954
11 14.8337  3
28    0.754585
43    0.715455
44    0.833799
12 7.12348  3
26    0.703149
28    1.28509
43    0.751161
13 11.946  4
22    1.14068
23    0.939729
24    0.883532
25    0.700018
14 7.69387  2
27    1.06633
44    0.89505
15 13.8086  2
26    0.710987
27    0.820103
16 13.7762  1
100    0
17 13.6703  3
27    0.783718
28    0.85006
39    0.78804
18 13.3245  2
28    1.29696
42    1.23745
19 12.1953  2
27    0.995706
28    1.10321
20 8.5081  3
39    0.988198
41    0.795071
42    1.25574
21 6.46733  2
44    1.19803
87    0.952364
22 9.80331  3
27    0.736567
28    0.817374
44    1.19402
23 10.6969  2
28    1.19074
72    0.862694
24 13.6151  2
43    1.24855
44    1.127
25 13.1442  1
100    0
26 11.6063  1
44    0.852293
27 6.58452  5
28    1.08398
41    1.01116
42    1.23185
44    0.851067
76    0.825834
28 10.186  2
39    0.910486
43    0.867766
29 11.9466  1
40    1.2169
30 7.6957  1
42    1.17334
31 13.8147  1
86    1.29062
32 13.796  1
44    0.929786
33 13.7353  1
39    1.04181
34 13.5369  1
41    1.22412
35 12.889  8
92    0.883532
93    0.700018
94    0.700751
95    0.703149
96    0.710987
97    0.736567
98    0.820103
99    1.0929
36 10.7732  1
41    1.1168
37 13.8641  1
41    0.861742
38 13.9575  1
100    0
39 14.2624  1
44    1.1139
40 5.25758  1
72    1.11709
41 5.85269  2
72    1.23793
86    1.12315
42 7.79611  1
86    0.882488
43 14.1424  5
45    0.737629
46    0.823582
47    1.10427
48    0.820853
49    1.09536
44 14.8663  10
50    0.79172
51    1.00021
52    1.08104
53    0.744972
54    0.847551
55    1.18253
56    1.07642
57    0.729902
58    0.798349
59    1.02187
45 7.22999  1
100    0
46 12.2939  1
100    0
47 8.82977  1
100    0
48 7.51778  1
100    0
49 13.2336  1
76    1.17364
50 11.8984  1
100    0
51 7.53822  1
86    0.848979
52 13.3004  4
88    0.924787
89    0.834733
90    1.14068
91    0.939729
53 12.1166  8
65    0.902997
66    0.763576
67    0.908307
68    0.780917
69    0.964943
70    0.965877
71    0.968917
76    1.23501
54 8.25083  1
100    0
55 5.62716  1
100    0
56 7.05969  5
60    1.15177
61    0.975948
62    1.0018
63    1.08624
64    0.761946
57 11.7379  1
72    1.23199
58 7.01422  1
100    0
59 11.5893  1
72    1.01125
60 6.52867  1
76    0.844823
61 10.0035  2
76    0.922059
87    0.960805
62 11.3506  1
86    0.829368
63 5.74953  1
100    0
64 7.45918  3
83    1.0409
84    1.2139
85    1.17885
65 13.0422  1
100    0
66 11.2737  1
100    0
67 5.49837  1
76    1.04736
68 6.63915  4
73    1.2573
74    0.720545
75    0.767788
87    0.779653
69 10.3645  1
100    0
70 12.5295  6
77    1.24779
78    1.28953
79    0.825779
80    1.11143
81    0.844218
82    1.17166
71 9.59914  1
100    0
72 10.0301  1
100    0
73 11.4373  1
100    0
74 6.03244  1
100    0
75 8.38328  1
100    0
76 6.0596  1
100    0
77 8.47179  1
100    0
78 6.34861  1
100    0
79 9.41572  1
100    0
80 9.43129  1
100    0
81 9.48195  1
100    0
82 9.64736  1
87    1.09166
83 10.1875  1
100    0
84 11.9515  1
100    0
85 7.71157  1
87    1.1872
86 13.8665  1
100    0
87 13.9654  1
100    0
88 14.2883  1
100    0
89 5.34242  1
100    0
90 6.1298  1
100    0
91 8.70098  1
100    0
92 7.09723  1
100    0
93 11.8603  1
100    0
94 7.41371  1
100    0
95 12.8939  1
100    0
96 10.7894  1
100    0
97 13.9169  1
100    0
98 14.1299  1
100    0
99 14.8254  1
100    0
100 0  0
