217
0 5.25758  5
1    1.14068
2    0.939729
3    0.883532
33    1.23185
91    1.06633
1 5.85269  9
4    0.700018
5    0.700751
6    0.703149
7    0.710987
8    0.736567
9    0.820103
10    1.0929
11    0.85006
12    0.817374
2 7.79611  2
11    1.06633
38    1.13764
3 14.1424  5
11    1.29696
12    1.06421
49    0.729902
90    0.703149
147    1.24779
4 14.8663  3
11    0.974081
38    0.852293
50    1.02187
5 7.22999  3
12    0.754585
89    0.939729
176    1.29002
6 12.2939  3
11    0.783718
12    1.28509
90    0.736567
7 8.82977  3
12    1.29002
50    0.798349
90    0.820103
8 7.51778  2
12    0.878954
90    1.0929
9 13.2336  5
11    1.19074
12    1.08398
38    0.851067
49    0.744972
145    1.23199
10 11.8984  3
11    0.995706
12    0.811313
91    0.85006
11 7.53822  2
12    1.10321
33    1.22776
12 13.3004  10
13    0.827409
14    1.11676
15    0.861632
16    1.22851
17    1.22657
18    1.22022
19    1.19947
20    1.13172
21    0.910486
22    0.78804
13 12.1166  3
33    1.17334
91    1.29696
146    1.2573
14 8.25083  2
88    0.960805
147    0.844218
15 5.62716  2
33    1.04639
118    0.851067
16 7.05969  1
33    1.22412
17 11.7379  6
34    0.715455
35    0.751161
36    0.867766
37    1.24855
38    1.1139
118    0.833799
18 7.01422  2
32    1.22888
50    1.0018
19 11.5893  8
24    1.04181
25    1.2169
26    1.18865
27    1.09638
28    0.795071
29    1.01116
30    1.1168
31    0.861742
20 6.52867  3
23    0.988198
88    0.924787
148    1.17885
21 10.0035  3
33    1.23745
49    0.847551
146    1.11162
22 11.3506  1
90    0.700751
23 5.74953  1
216    0
24 7.45918  4
50    1.15177
93    0.861632
145    1.11709
193    0.715455
25 13.0422  1
92    0.754585
26 11.2737  1
33    1.25574
27 5.49837  1
33    1.21222
28 6.63915  1
88    0.834733
29 10.3645  1
216    0
30 12.5295  1
38    1.19402
31 9.59914  10
61    1.01125
62    1.11709
63    0.862694
64    1.23199
65    1.23793
66    1.2573
67    0.720545
68    0.767788
69    0.922059
88    1.09166
32 10.0301  2
38    1.29198
90    0.783718
33 11.4373  4
38    0.833799
49    1.08104
50    0.975948
146    0.844823
34 6.03244  1
119    1.1139
35 8.38328  2
118    1.24855
119    1.127
36 6.0596  10
39    1.19803
40    1.127
41    0.89505
42    0.737629
43    0.823582
44    1.10427
45    0.820853
46    1.09536
47    0.79172
48    1.00021
37 8.47179  5
38    0.929786
49    1.18253
90    0.710987
92    1.08398
118    1.29198
38 6.34861  1
135    1.02187
39 9.41572  3
49    1.07642
70    1.11162
89    1.14068
40 9.43129  1
216    0
41 9.48195  2
88    0.952364
197    0.820853
42 9.64736  6
94    1.22851
95    1.22657
96    1.22022
97    1.19947
98    1.13172
175    1.28509
43 10.1875  3
93    0.827409
135    1.08624
164    0.736567
44 11.9515  10
51    1.08624
52    0.761946
53    0.902997
54    0.763576
55    0.908307
56    0.780917
57    0.964943
58    0.965877
59    0.968917
60    0.978841
45 7.71157  10
72    1.17364
73    1.04736
74    1.23501
75    1.24779
76    1.28953
77    0.825779
78    1.11143
79    0.844218
80    1.17166
147    1.11143
46 13.8665  9
81    1.0409
82    1.2139
83    1.17885
84    1.06439
85    1.29062
86    0.829368
87    1.12315
88    0.779653
90    0.700018
47 13.9654  6
130    0.847551
131    1.18253
132    1.07642
133    0.729902
134    0.798349
164    0.939729
48 14.2883  3
70    0.825834
91    1.10321
146    1.04736
49 5.34242  2
118    0.867766
145    0.862694
50 6.1298  1
197    0.823582
51 8.70098  2
92    1.28509
147    0.825779
52 7.09723  2
92    0.811313
148    1.2139
53 11.8603  1
182    1.13172
54 7.41371  1
216    0
55 12.8939  1
216    0
56 10.7894  1
147    1.23501
57 13.9169  2
107    1.1168
146    0.767788
58 14.1299  3
91    0.817374
135    1.15177
145    1.23793
59 14.8254  9
155    0.848979
156    1.1872
157    1.09166
158    0.779653
159    0.960805
160    0.952364
161    0.924787
162    0.834733
182    0.988198
60 7.09632  2
92    1.06421
135    1.0018
61 11.8572  1
146    0.825834
62 7.40364  2
164    0.700751
198    0.79172
63 12.861  1
88    1.29663
64 10.6816  1
88    0.882488
65 13.565  1
216    0
66 12.9809  1
88    0.848979
67 11.0732  9
183    1.18865
184    1.09638
185    0.795071
186    1.01116
187    1.1168
188    0.861742
189    1.22888
190    1.22776
191    1.22412
68 14.8437  2
164    0.700018
195    1.13764
69 7.15613  3
71    0.844823
93    1.11676
107    1.01116
70 12.0525  1
119    1.19803
71 8.04147  1
119    0.852293
72 14.9438  1
135    0.975948
73 7.48299  3
91    0.974081
92    1.29002
164    0.883532
74 13.1201  8
99    0.910486
100    0.78804
101    0.988198
102    1.04181
103    1.2169
104    1.18865
105    1.09638
106    0.795071
75 11.5276  1
216    0
76 6.32756  2
89    0.883532
147    1.0409
77 9.34675  3
171    1.29696
172    0.85006
173    1.19074
78 9.20606  1
88    1.1872
79 8.74645  1
193    0.751161
80 7.24555  1
216    0
81 12.3446  1
92    0.878954
82 8.99548  1
118    1.13764
83 8.05887  1
91    1.19074
84 5.00031  1
147    1.17166
85 5.01251  1
195    0.929786
86 5.05249  1
216    0
87 5.18311  1
216    0
88 5.60945  2
176    1.06421
196    1.127
89 7.00171  1
91    0.995706
90 11.5484  1
216    0
91 6.39531  1
194    0.833799
92 9.56801  3
118    1.19402
145    1.01125
146    0.720545
93 9.92843  1
118    0.929786
94 11.1055  1
216    0
95 14.9493  6
165    0.820103
166    1.0929
167    0.783718
168    0.974081
169    0.995706
170    1.06633
96 7.50099  1
146    1.17364
97 13.179  1
216    0
98 11.7202  1
216    0
99 6.95624  2
118    0.715455
176    0.827409
100 11.3997  3
177    1.11676
178    0.861632
179    1.22851
101 5.90976  1
193    1.24855
102 7.98257  1
216    0
103 14.7516  1
182    0.910486
104 6.85522  1
174    1.08398
105 11.0701  10
108    0.861742
109    1.22888
110    1.22776
111    1.22412
112    1.21222
113    1.17334
114    1.04639
115    1.23185
116    1.23745
117    1.25574
106 14.8337  1
216    0
107 7.12348  1
174    1.10321
108 11.946  2
118    0.751161
192    1.04639
109 7.69387  1
216    0
110 13.8086  10
120    0.89505
121    0.737629
122    0.823582
123    1.10427
124    0.820853
125    1.09536
126    0.79172
127    1.00021
128    1.08104
129    0.744972
111 13.7762  1
216    0
112 13.6703  1
216    0
113 13.3245  1
216    0
114 12.1953  1
196    0.852293
115 8.5081  1
216    0
116 6.46733  1
216    0
117 9.80331  1
216    0
118 10.6969  1
216    0
119 13.6151  1
182    1.04181
120 13.1442  6
149    1.06439
150    1.29062
151    0.829368
152    1.12315
153    0.882488
154    1.29663
121 11.6063  1
216    0
122 6.58452  1
174    0.817374
123 10.186  9
136    0.761946
137    0.902997
138    0.763576
139    0.908307
140    0.780917
141    0.964943
142    0.965877
143    0.968917
144    0.978841
124 11.9466  1
216    0
125 7.6957  1
216    0
126 13.8147  1
216    0
127 13.796  1
216    0
128 13.7353  1
216    0
129 13.5369  1
216    0
130 12.889  1
216    0
131 10.7732  1
147    1.28953
132 13.8641  1
216    0
133 13.9575  1
175    0.811313
134 14.2624  1
216    0
135 5.25758  1
216    0
136 5.85269  1
216    0
137 7.79611  2
146    0.922059
196    1.19402
138 14.1424  2
195    0.851067
197    1.10427
139 14.8663  1
216    0
140 7.22999  1
192    1.17334
141 12.2939  2
164    0.710987
196    1.19803
142 8.82977  1
216    0
143 7.51778  2
175    0.754585
192    1.21222
144 13.2336  1
216    0
145 11.8984  1
164    0.703149
146 7.53822  1
216    0
147 13.3004  1
216    0
148 12.1166  1
216    0
149 8.25083  1
216    0
150 5.62716  1
197    0.737629
151 7.05969  1
193    0.867766
152 11.7379  1
216    0
153 7.01422  1
216    0
154 11.5893  1
216    0
155 6.52867  1
216    0
156 10.0035  1
216    0
157 11.3506  1
163    1.14068
158 5.74953  3
180    1.22657
181    1.22022
182    1.2169
159 7.45918  1
216    0
160 13.0422  1
216    0
161 11.2737  1
216    0
162 5.49837  1
198    1.09536
163 6.63915  1
216    0
164 10.3645  1
193    1.29198
165 12.5295  1
216    0
166 9.59914  1
192    1.23745
167 10.0301  1
216    0
168 11.4373  1
216    0
169 6.03244  1
216    0
170 8.38328  1
216    0
171 6.0596  1
216    0
172 8.47179  1
192    1.23185
173 6.34861  1
216    0
174 9.41572  1
175    0.878954
175 9.43129  1
196    0.89505
176 9.48195  1
216    0
177 9.64736  1
182    0.78804
178 10.1875  1
216    0
179 11.9515  1
182    1.19947
180 7.71157  1
216    0
181 13.8665  1
192    1.25574
182 13.9654  1
216    0
183 14.2883  1
216    0
184 5.34242  1
196    1.1139
185 6.1298  1
216    0
186 8.70098  1
216    0
187 7.09723  1
216    0
188 11.8603  7
199    1.00021
200    1.08104
201    0.744972
202    0.847551
203    1.18253
204    1.07642
205    0.729902
189 7.41371  1
216    0
190 12.8939  1
216    0
191 10.7894  1
216    0
192 13.9169  1
216    0
193 14.1299  1
216    0
194 14.8254  1
216    0
195 7.09632  1
216    0
196 11.8572  1
216    0
197 7.40364  1
216    0
198 12.861  1
216    0
199 10.6816  1
216    0
200 13.565  10
206    0.798349
207    1.02187
208    1.15177
209    0.975948
210    1.0018
211    1.08624
212    0.761946
213    0.902997
214    0.763576
215    0.908307
201 12.9809  1
216    0
202 11.0732  1
216    0
203 14.8437  1
216    0
204 7.15613  1
216    0
205 12.0525  1
216    0
206 8.04147  1
216    0
207 14.9438  1
216    0
208 7.48299  1
216    0
209 13.1201  1
216    0
210 11.5276  1
216    0
211 6.32756  1
216    0
212 9.34675  1
216    0
213 9.20606  1
216    0
214 8.74645  1
216    0
215 7.24555  1
216    0
216 0  0
