103
0 13.7762  6
1    4.76182
10    3.68284
12    5.5838
30    5.86671
33    5.99013
34    5.00105
1 13.6703  5
2    4.62394
10    6.4848
12    6.42547
31    6.24273
92    5.4819
2 13.3245  10
3    4.17367
4    5.70338
5    4.69865
6    4.41766
7    3.50009
8    3.50375
9    3.51575
10    5.46451
11    5.95369
12    4.13704
3 12.1953  6
10    5.33166
12    4.30816
47    4.61029
48    4.22411
75    4.08687
81    4.13704
4 8.5081  5
10    4.8704
12    6.4501
30    6.15923
32    4.25533
33    4.26147
5 6.46733  6
10    3.55493
11    3.77293
12    6.14257
28    6.13881
31    4.33883
49    5.85829
6 9.80331  5
10    4.97853
11    5.41992
12    6.13286
32    5.97008
49    5.32196
7 10.6969  6
10    4.10051
11    4.39477
33    4.47525
36    3.80973
48    5.23681
50    4.2449
8 13.6151  5
10    3.91859
11    4.2503
31    5.68818
33    5.52136
34    5.91267
9 13.1442  3
11    4.08687
12    5.32104
32    5.56952
10 11.6063  6
11    5.51605
12    4.05657
30    3.57727
33    3.68815
34    3.9586
36    4.51498
11 6.58452  10
13    6.10109
14    5.99736
15    5.6586
16    4.55243
17    3.9402
18    4.94099
19    5.20907
20    6.08452
21    5.94325
22    5.4819
12 10.186  4
31    6.4599
34    4.23775
36    5.00902
49    5.89427
13 11.9466  6
23    3.97536
24    5.0558
25    5.58399
26    4.30871
27    6.1444
35    5.10936
14 7.6957  3
37    4.82939
38    4.84458
39    4.89421
15 13.8147  3
30    6.27871
34    3.72486
83    6.14257
16 13.796  2
31    4.169
92    5.58399
17 13.7353  2
30    6.06108
36    4.87974
18 13.5369  3
33    4.11791
50    4.41244
75    5.51605
19 12.889  3
66    4.10051
67    5.46451
68    3.91859
20 10.7732  1
33    5.63498
21 13.8641  1
36    4.82472
22 13.9575  3
47    4.12917
48    5.55808
49    6.45312
23 14.2624  1
50    6.48315
24 5.25758  2
29    6.12059
30    5.23196
25 5.85269  3
33    4.10427
35    3.99174
92    5.94325
26 7.79611  1
32    4.64893
27 14.1424  5
30    6.18725
33    5.47678
35    5.38211
36    4.54154
92    3.97536
28 14.8663  3
30    3.75581
48    6.44763
73    4.2503
29 7.22999  2
34    5.40518
36    3.81788
30 12.2939  7
40    5.05626
41    5.58545
42    4.31347
43    6.15996
44    6.18963
45    6.28649
46    3.60273
31 8.82977  1
36    3.90458
32 7.51778  1
49    4.12889
33 13.2336  2
35    3.64951
36    5.43118
34 11.8984  1
36    5.75886
35 7.53822  1
102    0
36 13.3004  2
48    5.86818
49    5.55716
37 12.1166  1
102    0
38 8.25083  3
47    3.83894
50    5.61576
92    5.0558
39 5.62716  1
48    6.17507
40 7.05969  2
49    4.22109
75    5.41992
41 11.7379  1
81    5.5838
42 7.01422  1
102    0
43 11.5893  1
49    6.06951
44 6.52867  1
49    5.20449
45 10.0035  1
102    0
46 11.3506  2
48    6.23898
50    4.14684
47 5.74953  1
102    0
48 7.45918  1
74    5.95369
49 13.0422  9
51    5.93602
52    5.45828
53    3.89827
54    4.80403
55    4.76182
56    4.62394
57    4.17367
58    5.70338
59    4.69865
50 11.2737  1
102    0
51 5.49837  1
83    6.13286
52 6.63915  1
82    4.30816
53 10.3645  1
102    0
54 12.5295  7
60    4.41766
61    3.50009
62    3.50375
63    3.51575
64    3.55493
65    3.68284
75    3.77293
55 9.59914  1
102    0
56 10.0301  1
102    0
57 11.4373  1
102    0
58 6.03244  1
102    0
59 8.38328  1
102    0
60 6.0596  1
102    0
61 8.47179  9
93    4.30871
94    6.1444
95    6.13881
96    6.12059
97    6.06108
98    5.86671
99    5.23196
100    6.15923
101    6.18725
62 6.34861  1
102    0
63 9.41572  1
102    0
64 9.43129  5
76    4.39477
77    6.42547
78    4.05657
79    5.32104
80    6.4501
65 9.48195  1
102    0
66 9.64736  4
69    4.8704
70    4.97853
71    5.33166
72    6.4848
67 10.1875  1
102    0
68 11.9515  1
102    0
69 7.71157  1
102    0
70 13.8665  1
102    0
71 13.9654  1
102    0
72 14.2883  1
102    0
73 5.34242  1
102    0
74 6.1298  1
102    0
75 8.70098  1
102    0
76 7.09723  1
102    0
77 11.8603  1
102    0
78 7.41371  1
102    0
79 12.8939  1
102    0
80 10.7894  8
84    6.10109
85    5.99736
86    5.6586
87    4.55243
88    3.9402
89    4.94099
90    5.20907
91    6.08452
81 13.9169  1
102    0
82 14.1299  1
102    0
83 14.8254  1
102    0
84 7.09632  1
102    0
85 11.8572  1
102    0
86 7.40364  1
102    0
87 12.861  1
102    0
88 10.6816  1
102    0
89 13.565  1
102    0
90 12.9809  1
102    0
91 11.0732  1
102    0
92 14.8437  1
102    0
93 7.15613  1
102    0
94 12.0525  1
102    0
95 8.04147  1
102    0
96 14.9438  1
102    0
97 7.48299  1
102    0
98 13.1201  1
102    0
99 11.5276  1
102    0
100 6.32756  1
102    0
101 9.34675  1
102    0
102 0  0
