95
0 10.6969  10
1    48.0403
2    47.6182
3    46.2394
4    41.7367
5    57.0338
6    46.9865
7    44.1766
8    35.0009
9    35.0375
10    35.1575
1 13.6151  3
11    54.6451
28    52.0907
73    46.9865
2 13.1442  10
15    53.3166
16    64.848
17    42.503
18    59.5369
19    55.1605
20    40.8687
21    54.1992
22    43.9477
27    61.3286
47    44.7525
3 11.6063  5
12    39.1859
13    48.704
14    49.7853
60    55.5808
73    47.6182
4 6.58452  2
28    43.0871
74    35.0375
5 10.186  2
30    58.6671
31    52.3196
6 11.9466  2
27    56.586
60    36.0273
7 7.6957  2
11    36.8284
22    64.2547
8 13.8147  5
23    53.2104
27    43.0816
28    49.4099
58    50.5626
61    41.2889
9 13.796  4
11    41.0051
27    61.4257
57    57.5886
62    55.5716
10 13.7353  3
11    35.5493
27    59.9736
59    61.5996
11 13.5369  5
24    64.501
25    41.3704
26    55.838
28    39.402
57    39.9174
12 12.889  5
28    39.7536
60    52.3681
73    48.0403
74    35.1575
81    37.7293
13 10.7732  6
22    40.5657
27    61.0109
29    61.3881
47    41.1791
57    48.7974
61    62.3898
14 13.8641  2
32    61.5923
33    61.8725
15 13.9575  2
60    41.2917
85    59.9736
16 14.2624  1
84    64.501
17 5.25758  2
29    60.6108
57    45.1498
18 5.85269  1
94    0
19 7.79611  1
28    50.558
20 14.1424  2
22    37.7293
28    54.819
21 14.8663  4
27    45.5243
57    38.1788
62    42.2109
81    42.503
22 7.22999  1
57    54.3118
23 12.2939  1
28    59.4325
24 8.82977  3
28    55.8399
29    61.2059
74    44.1766
25 7.51778  1
28    60.8452
26 13.2336  4
29    61.444
47    59.9013
58    48.2939
73    46.2394
27 11.8984  1
94    0
28 7.53822  2
59    62.8649
60    61.7507
29 13.3004  6
34    62.7871
35    35.7727
36    37.5581
37    43.3883
38    62.4273
39    64.599
30 12.1166  10
48    54.7678
49    39.586
50    50.0105
51    54.0518
52    37.2486
53    42.3775
54    59.1267
55    53.8211
56    36.4951
58    39.0458
31 8.25083  2
58    48.4458
59    61.8963
32 5.62716  1
94    0
33 7.05969  4
47    41.0427
58    55.8545
60    42.2411
61    64.4763
34 11.7379  1
73    38.9827
35 7.01422  3
57    50.0902
73    54.5828
81    53.3166
36 11.5893  10
40    41.69
41    56.8818
42    46.4893
43    42.5533
44    59.7008
45    55.6952
46    42.6147
57    38.0973
81    59.5369
84    43.0816
37 6.52867  1
94    0
38 10.0035  1
58    48.2472
39 11.3506  3
47    56.3498
81    64.848
84    41.3704
40 5.74953  1
60    58.6818
41 7.45918  1
47    36.8815
42 13.0422  2
47    55.2136
85    61.3286
43 11.2737  1
57    51.0936
44 5.49837  1
73    42.449
45 6.63915  1
58    43.1347
46 10.3645  1
58    48.9421
47 12.5295  2
82    64.2547
83    40.5657
48 9.59914  2
81    40.8687
84    55.838
49 10.0301  1
94    0
50 11.4373  1
94    0
51 6.03244  1
60    46.1029
52 8.38328  2
74    35.0009
81    54.1992
53 6.0596  1
73    41.7367
54 8.47179  1
94    0
55 6.34861  2
57    45.4154
85    61.0109
56 9.41572  1
60    38.3894
57 9.43129  10
63    58.5829
64    52.0449
65    60.6951
66    58.9427
67    53.2196
68    64.5312
69    41.4684
70    56.1576
71    44.1244
72    64.8315
58 9.48195  1
94    0
59 9.64736  1
94    0
60 10.1875  1
94    0
61 11.9515  1
81    49.7853
62 7.71157  1
73    59.3602
63 13.8665  1
94    0
64 13.9654  1
94    0
65 14.2883  1
94    0
66 5.34242  1
73    57.0338
67 6.1298  1
94    0
68 8.70098  6
75    35.5493
76    36.8284
77    41.0051
78    54.6451
79    39.1859
80    48.704
69 7.09723  1
94    0
70 11.8603  1
94    0
71 7.41371  1
94    0
72 12.8939  1
84    53.2104
73 10.7894  1
94    0
74 13.9169  1
94    0
75 14.1299  1
81    55.1605
76 14.8254  1
94    0
77 7.09632  1
94    0
78 11.8572  1
94    0
79 7.40364  1
81    43.9477
80 12.861  1
84    61.4257
81 10.6816  1
94    0
82 13.565  1
94    0
83 12.9809  1
94    0
84 11.0732  8
86    56.586
87    45.5243
88    39.402
89    49.4099
90    52.0907
91    60.8452
92    59.4325
93    54.819
85 14.8437  1
94    0
86 7.15613  1
94    0
87 12.0525  1
94    0
88 8.04147  1
94    0
89 14.9438  1
94    0
90 7.48299  1
94    0
91 13.1201  1
94    0
92 11.5276  1
94    0
93 6.32756  1
94    0
94 0  0
