51
0 13.3004  2
1    4.22109
2    5.85829
1 12.1166  1
3    5.20449
2 8.25083  10
10    4.41244
11    6.48315
12    4.2449
13    5.93602
14    5.45828
15    3.89827
16    4.80403
17    4.76182
19    3.50375
32    4.30816
3 5.62716  9
4    6.06951
5    5.89427
6    5.32196
7    6.45312
8    4.14684
9    5.61576
18    5.70338
31    6.42547
33    6.10109
4 7.05969  10
20    3.51575
21    3.55493
22    3.68284
23    4.10051
24    5.46451
25    3.91859
26    4.8704
27    4.97853
28    5.33166
29    6.4848
5 11.7379  1
30    5.51605
6 7.01422  1
50    0
7 11.5893  1
50    0
8 6.52867  1
31    4.13704
9 10.0035  2
18    4.17367
31    4.05657
10 11.3506  3
18    4.69865
30    4.2503
34    5.0558
11 5.74953  2
19    3.50009
33    3.9402
12 7.45918  1
50    0
13 13.0422  1
18    4.62394
14 11.2737  5
36    6.1444
37    6.13881
38    6.12059
39    6.06108
40    5.86671
15 5.49837  1
30    4.08687
16 6.63915  2
18    4.41766
34    5.58399
17 10.3645  2
32    5.5838
34    5.94325
18 12.5295  2
31    5.32104
34    3.97536
19 9.59914  1
50    0
20 10.0301  1
34    6.08452
21 11.4373  1
31    6.4501
22 6.03244  1
50    0
23 8.38328  1
30    3.77293
24 6.0596  1
50    0
25 8.47179  2
30    4.39477
34    4.94099
26 6.34861  2
30    5.95369
33    6.14257
27 9.41572  1
50    0
28 9.43129  3
30    5.41992
33    6.13286
34    5.20907
29 9.48195  1
33    5.6586
30 9.64736  1
33    4.55243
31 10.1875  1
35    4.30871
32 11.9515  1
33    5.99736
33 7.71157  1
34    5.4819
34 13.8665  1
50    0
35 13.9654  1
50    0
36 14.2883  1
50    0
37 5.34242  9
41    5.23196
42    6.15923
43    6.18725
44    6.27871
45    3.57727
46    3.75581
47    4.33883
48    6.24273
49    6.4599
38 6.1298  1
50    0
39 8.70098  1
50    0
40 7.09723  1
50    0
41 11.8603  1
50    0
42 7.41371  1
50    0
43 12.8939  1
50    0
44 10.7894  1
50    0
45 13.9169  1
50    0
46 14.1299  1
50    0
47 14.8254  1
50    0
48 7.09632  1
50    0
49 11.8572  1
50    0
50 0  0
