101
0 7.6957  6
1    54.6451
4    53.3166
14    59.9736
16    39.402
34    46.4893
71    42.449
1 13.8147  5
2    39.1859
3    48.704
4    64.848
14    64.501
17    54.819
2 13.796  3
4    42.503
35    36.8815
90    64.848
3 13.7353  4
4    49.7853
14    56.586
34    41.69
57    62.8649
4 13.5369  10
5    59.5369
6    55.1605
7    40.8687
8    54.1992
9    37.7293
10    43.9477
11    64.2547
12    40.5657
13    53.2104
14    61.3286
5 12.889  7
18    55.8399
19    43.0871
20    61.444
21    61.3881
22    61.2059
23    60.6108
35    41.0427
6 10.7732  3
15    45.5243
17    60.8452
69    58.9427
7 13.8641  4
14    41.3704
17    52.0907
35    39.586
69    41.4684
8 13.9575  3
14    61.0109
17    49.4099
35    44.7525
9 14.2624  1
14    43.0816
10 5.25758  1
14    61.4257
11 5.85269  3
14    55.838
17    50.558
90    42.503
12 7.79611  1
71    64.8315
13 14.1424  3
17    59.4325
34    59.9013
58    46.1029
14 14.8663  1
35    41.1791
15 7.22999  2
17    39.7536
34    42.5533
16 12.2939  1
70    44.1244
17 8.82977  4
34    56.8818
56    48.9421
58    38.3894
90    59.5369
18 7.51778  1
90    49.7853
19 13.2336  1
100    0
20 11.8984  2
34    42.6147
57    61.5996
21 7.53822  2
34    55.6952
58    42.2411
22 13.3004  10
24    58.6671
25    52.3196
26    61.5923
27    61.8725
28    62.7871
29    35.7727
30    37.5581
31    43.3883
32    62.4273
33    64.599
23 12.1166  5
36    50.0105
37    54.0518
38    37.2486
39    42.3775
40    59.1267
24 8.25083  1
100    0
25 5.62716  2
57    55.8545
89    48.704
26 7.05969  1
100    0
27 11.7379  1
69    60.6951
28 7.01422  2
34    59.7008
57    43.1347
29 11.5893  2
35    55.2136
56    48.4458
30 6.52867  6
41    53.8211
42    36.4951
43    39.9174
44    51.0936
45    57.5886
69    56.1576
31 10.0035  1
58    55.5808
32 11.3506  1
35    54.7678
33 5.74953  1
34    56.3498
34 7.45918  1
90    54.1992
35 13.0422  1
100    0
36 11.2737  1
100    0
37 5.49837  1
100    0
38 6.63915  1
57    36.0273
39 10.3645  1
100    0
40 12.5295  10
46    48.7974
47    50.0902
48    54.3118
49    38.0973
50    45.1498
51    38.1788
52    45.4154
53    39.0458
54    48.2472
55    48.2939
41 9.59914  1
58    41.2917
42 10.0301  1
100    0
43 11.4373  10
72    54.5828
73    38.9827
74    48.0403
75    47.6182
76    46.2394
77    41.7367
78    57.0338
79    46.9865
80    44.1766
90    37.7293
44 6.03244  1
100    0
45 8.38328  1
100    0
46 6.0596  1
100    0
47 8.47179  1
69    53.2196
48 6.34861  1
57    61.8963
49 9.41572  10
59    58.6818
60    52.3681
61    61.7507
62    62.3898
63    64.4763
64    41.2889
65    55.5716
66    42.2109
67    58.5829
68    52.0449
50 9.43129  1
100    0
51 9.48195  1
100    0
52 9.64736  1
100    0
53 10.1875  1
100    0
54 11.9515  1
100    0
55 7.71157  1
71    59.3602
56 13.8665  1
57    50.5626
57 13.9654  1
100    0
58 14.2883  5
81    35.0009
82    35.0375
83    35.1575
84    35.5493
85    36.8284
59 5.34242  1
100    0
60 6.1298  1
100    0
61 8.70098  1
69    64.5312
62 7.09723  1
100    0
63 11.8603  1
100    0
64 7.41371  1
88    39.1859
65 12.8939  1
100    0
66 10.7894  1
100    0
67 13.9169  1
100    0
68 14.1299  1
100    0
69 14.8254  1
100    0
70 7.09632  1
100    0
71 11.8572  1
100    0
72 7.40364  1
100    0
73 12.861  1
100    0
74 10.6816  1
100    0
75 13.565  1
100    0
76 12.9809  1
100    0
77 11.0732  1
100    0
78 14.8437  1
100    0
79 7.15613  1
90    40.8687
80 12.0525  1
90    53.3166
81 8.04147  9
91    43.9477
92    64.2547
93    40.5657
94    53.2104
95    64.501
96    41.3704
97    55.838
98    43.0816
99    61.4257
82 14.9438  3
86    41.0051
87    54.6451
90    55.1605
83 7.48299  1
100    0
84 13.1201  1
100    0
85 11.5276  1
100    0
86 6.32756  1
100    0
87 9.34675  1
100    0
88 9.20606  1
100    0
89 8.74645  1
100    0
90 7.24555  1
100    0
91 12.3446  1
100    0
92 8.99548  1
100    0
93 8.05887  1
100    0
94 5.00031  1
100    0
95 5.01251  1
100    0
96 5.05249  1
100    0
97 5.18311  1
100    0
98 5.60945  1
100    0
99 7.00171  1
100    0
100 0  0
