113
0 7.48299  10
1    3.83894
2    4.61029
3    4.12917
4    5.55808
5    4.22411
6    5.86818
7    5.23681
14    4.2449
49    6.12059
74    5.40518
1 13.1201  4
9    4.12889
10    5.55716
21    3.50009
74    3.72486
2 11.5276  3
8    6.17507
21    3.68284
40    5.20907
3 6.32756  3
12    5.32196
14    4.41244
21    5.46451
4 9.34675  2
11    5.85829
14    5.93602
5 9.20606  1
11    4.22109
6 8.74645  4
8    6.44763
14    5.45828
98    4.14684
110    4.10051
7 7.24555  3
8    6.23898
12    5.20449
13    4.14684
8 12.3446  1
12    6.06951
9 8.99548  4
12    6.45312
14    5.61576
21    3.55493
99    5.93602
10 8.05887  3
12    5.89427
22    4.97853
111    6.4848
11 5.00031  1
40    4.94099
12 5.01251  3
14    6.48315
21    3.51575
38    4.55243
13 5.05249  8
15    3.89827
16    4.80403
17    4.76182
18    4.62394
19    4.17367
20    5.70338
38    5.99736
98    4.22109
14 5.18311  1
21    4.41766
15 5.60945  1
21    4.10051
16 7.00171  2
21    3.91859
97    6.44763
17 11.5484  2
21    4.69865
22    4.8704
18 6.39531  1
38    6.14257
19 9.56801  1
21    3.50375
20 9.92843  2
98    5.89427
99    3.89827
21 11.1055  1
112    0
22 14.9493  7
23    5.33166
24    6.4848
25    4.2503
26    5.95369
27    5.51605
28    4.08687
38    6.10109
23 7.50099  1
74    5.00105
24 13.179  10
29    5.41992
30    3.77293
31    4.39477
32    6.42547
33    4.05657
34    5.32104
35    6.4501
36    4.13704
37    5.5838
40    6.08452
25 11.7202  9
87    4.54154
88    3.90458
89    4.82472
90    4.82939
91    4.84458
92    4.89421
93    5.05626
94    5.58545
97    6.23898
26 6.95624  1
96    3.83894
27 11.3997  1
112    0
28 5.90976  4
49    5.86671
97    5.55716
99    4.41244
110    3.91859
29 7.98257  2
39    3.9402
99    4.76182
30 14.7516  8
41    5.94325
42    5.4819
43    3.97536
44    5.0558
45    5.58399
46    4.30871
47    6.1444
48    6.13881
31 6.85522  6
50    6.15923
51    6.18725
52    6.27871
53    3.57727
54    3.75581
55    4.33883
32 11.0701  1
96    4.12917
33 14.8337  3
38    6.13286
96    3.60273
99    5.45828
34 7.12348  2
38    4.30816
96    4.22411
35 11.946  1
112    0
36 7.69387  1
38    5.6586
37 13.8086  1
49    6.06108
38 13.7762  1
49    5.23196
39 13.6703  1
112    0
40 13.3245  2
97    5.86818
98    6.45312
41 12.1953  1
112    0
42 8.5081  3
96    6.28649
99    4.80403
111    4.2503
43 6.46733  1
97    4.12889
44 9.80331  9
56    6.24273
57    6.4599
58    4.169
59    5.68818
60    4.64893
61    4.25533
62    5.97008
63    5.56952
74    4.23775
45 10.6969  1
99    4.2449
46 13.6151  1
111    5.95369
47 13.1442  10
64    4.26147
65    5.99013
66    5.63498
67    4.47525
68    3.68815
69    4.11791
70    5.52136
71    4.10427
72    5.47678
73    3.9586
48 11.6063  1
112    0
49 6.58452  1
112    0
50 10.186  1
112    0
51 11.9466  1
112    0
52 7.6957  4
75    5.91267
76    5.38211
77    3.64951
78    3.99174
53 13.8147  1
112    0
54 13.796  2
95    4.31347
98    6.06951
55 13.7353  1
112    0
56 13.5369  1
99    5.61576
57 12.889  1
112    0
58 10.7732  1
112    0
59 13.8641  1
112    0
60 13.9575  1
112    0
61 14.2624  5
100    4.62394
101    4.17367
102    5.70338
103    4.69865
110    5.33166
62 5.25758  1
112    0
63 5.85269  1
112    0
64 7.79611  1
112    0
65 14.1424  5
79    5.10936
80    5.75886
81    4.87974
82    5.00902
98    5.32196
66 14.8663  1
112    0
67 7.22999  1
112    0
68 12.2939  1
112    0
69 8.82977  1
112    0
70 7.51778  1
112    0
71 13.2336  1
95    6.15996
72 11.8984  1
98    5.20449
73 7.53822  5
83    5.43118
84    3.80973
85    4.51498
86    3.81788
97    6.17507
74 13.3004  1
112    0
75 12.1166  6
104    4.41766
105    3.50009
106    3.50375
107    3.51575
108    3.55493
109    3.68284
76 8.25083  3
95    6.18963
96    4.61029
111    4.08687
77 5.62716  1
96    5.55808
78 7.05969  1
112    0
79 11.7379  1
98    5.85829
80 7.01422  1
112    0
81 11.5893  1
112    0
82 6.52867  1
112    0
83 10.0035  1
97    5.23681
84 11.3506  1
112    0
85 5.74953  1
112    0
86 7.45918  1
112    0
87 13.0422  1
112    0
88 11.2737  1
112    0
89 5.49837  1
110    4.97853
90 6.63915  1
110    4.8704
91 10.3645  1
112    0
92 12.5295  1
112    0
93 9.59914  1
110    5.46451
94 10.0301  1
112    0
95 11.4373  1
112    0
96 6.03244  1
112    0
97 8.38328  1
112    0
98 6.0596  1
99    6.48315
99 8.47179  1
112    0
100 6.34861  1
112    0
101 9.41572  1
111    5.51605
102 9.43129  1
112    0
103 9.48195  1
112    0
104 9.64736  1
112    0
105 10.1875  1
112    0
106 11.9515  1
112    0
107 7.71157  1
112    0
108 13.8665  1
112    0
109 13.9654  1
112    0
110 14.2883  1
112    0
111 5.34242  1
112    0
112 0  0
