109
0 13.8641  5
1    10.6421
2    12.9002
7    12.2022
17    12.3185
31    10.9536
1 13.9575  4
3    8.27409
31    8.23582
52    7.20545
87    12.9696
2 14.2624  4
4    11.1676
5    8.61632
7    11.3172
17    12.2412
3 5.25758  1
7    12.2657
4 5.85269  1
108    0
5 7.79611  4
6    12.2851
7    11.9947
17    12.2776
97    12.2657
6 14.1424  10
8    9.10486
9    7.8804
10    9.88198
11    10.4181
12    12.169
13    11.8865
14    10.9638
15    7.95071
31    11.9803
52    12.3199
7 14.8663  2
18    12.3745
19    12.5574
8 7.22999  3
17    12.1222
54    12.478
86    9.95706
9 12.2939  1
97    12.169
10 8.82977  1
17    12.2888
11 7.51778  2
17    10.4639
87    11.0321
12 13.2336  1
17    11.7334
13 11.8984  2
16    11.168
52    9.22059
14 7.53822  1
16    10.1116
15 13.3004  3
16    8.61742
31    11.0427
50    9.68917
16 12.1166  3
31    7.37629
50    7.80917
52    12.3793
17 8.25083  1
31    8.9505
18 5.62716  10
38    10.7642
39    7.29902
40    7.98349
41    10.2187
42    11.5177
43    9.75948
44    10.018
45    10.8624
87    11.9074
97    10.4181
19 7.05969  10
20    7.15455
21    7.51161
22    8.67766
23    12.4855
24    12.9198
25    8.33799
26    11.3764
27    9.29786
28    8.51067
29    11.9402
20 11.7379  6
33    10.0021
34    10.8104
35    7.44972
36    8.47551
37    11.8253
50    9.64943
21 7.01422  1
30    11.139
22 11.5893  8
89    12.8509
90    8.11313
91    10.6421
92    12.9002
93    8.27409
94    11.1676
95    8.61632
96    12.2851
23 6.52867  1
51    11.1709
24 10.0035  2
31    11.27
97    11.8865
25 11.3506  1
30    8.52293
26 5.74953  1
108    0
27 7.45918  1
32    7.9172
28 13.0422  2
52    8.25834
86    9.74081
29 11.2737  1
31    8.20853
30 5.49837  1
108    0
31 6.63915  1
51    8.62694
32 10.3645  1
108    0
33 12.5295  2
50    10.1125
54    12.3501
34 9.59914  1
97    9.88198
35 10.0301  2
52    8.44823
54    8.25779
36 11.4373  1
108    0
37 6.03244  1
108    0
38 8.38328  3
53    11.7364
54    12.8953
88    8.78954
39 6.0596  6
46    7.61946
47    9.02997
48    7.63576
49    9.08307
50    9.78841
52    7.67788
40 8.47179  1
52    11.1162
41 6.34861  1
108    0
42 9.41572  1
108    0
43 9.43129  2
52    12.573
87    8.17374
44 9.48195  1
108    0
45 9.64736  1
108    0
46 10.1875  1
87    8.5006
47 11.9515  1
54    10.4736
48 7.71157  1
50    9.65877
49 13.8665  9
55    11.1143
56    8.44218
57    11.7166
58    10.409
59    12.139
60    11.7885
61    10.6439
62    12.9062
63    8.29368
50 13.9654  1
87    10.8398
51 14.2883  1
88    7.54585
52 5.34242  1
108    0
53 6.1298  1
64    11.2315
54 8.70098  1
108    0
55 7.09723  1
108    0
56 11.8603  1
108    0
57 7.41371  1
108    0
58 12.8939  1
108    0
59 10.7894  1
108    0
60 13.9169  1
108    0
61 14.1299  5
65    8.82488
66    12.9663
67    8.48979
68    11.872
69    10.9166
62 14.8254  1
108    0
63 7.09632  1
108    0
64 11.8572  9
70    7.79653
71    9.60805
72    9.52364
73    9.24787
74    8.34733
75    11.4068
76    9.39729
77    8.83532
78    7.00018
65 7.40364  10
98    10.9638
99    7.95071
100    10.1116
101    11.168
102    8.61742
103    12.2888
104    12.2776
105    12.2412
106    12.1222
107    11.7334
66 12.861  1
108    0
67 10.6816  1
108    0
68 13.565  1
108    0
69 12.9809  1
108    0
70 11.0732  1
108    0
71 14.8437  1
108    0
72 7.15613  1
108    0
73 12.0525  1
108    0
74 8.04147  1
108    0
75 14.9438  1
108    0
76 7.48299  7
79    7.00751
80    7.0315
81    7.10987
82    7.36567
83    8.20103
84    10.929
85    7.83718
77 13.1201  1
97    11.3172
78 11.5276  1
97    7.8804
79 6.32756  1
108    0
80 9.34675  1
108    0
81 9.20606  1
108    0
82 8.74645  1
108    0
83 7.24555  1
86    10.6633
84 12.3446  1
108    0
85 8.99548  1
108    0
86 8.05887  1
108    0
87 5.00031  1
108    0
88 5.01251  1
108    0
89 5.05249  1
108    0
90 5.18311  1
97    12.2022
91 5.60945  1
108    0
92 7.00171  1
108    0
93 11.5484  1
97    9.10486
94 6.39531  1
108    0
95 9.56801  1
108    0
96 9.92843  1
97    11.9947
97 11.1055  1
108    0
98 14.9493  1
108    0
99 7.50099  1
108    0
100 13.179  1
108    0
101 11.7202  1
108    0
102 6.95624  1
108    0
103 11.3997  1
108    0
104 5.90976  1
108    0
105 7.98257  1
108    0
106 14.7516  1
108    0
107 6.85522  1
108    0
108 0  0
