201
0 12.1953  5
1    5.58545
2    4.31347
3    6.15996
4    6.18963
38    6.13286
1 8.5081  9
16    6.44763
17    4.12889
18    5.55716
19    4.22109
20    5.85829
21    5.20449
31    3.50009
55    6.27871
65    3.72486
2 6.46733  9
5    6.28649
6    3.60273
7    3.83894
8    4.61029
9    4.12917
10    5.55808
22    6.45312
38    4.30816
56    6.24273
3 9.80331  5
11    4.22411
12    5.86818
13    5.23681
14    6.17507
15    6.23898
4 10.6969  2
22    5.89427
33    3.91859
5 13.6151  2
34    4.97853
56    5.97008
6 13.1442  5
37    3.77293
38    4.13704
39    5.6586
81    4.22411
108    3.91859
7 11.6063  4
36    4.08687
38    4.05657
154    5.00105
169    6.06951
8 6.58452  2
22    4.14684
69    3.99174
9 10.186  9
23    6.48315
24    4.2449
25    5.93602
26    5.45828
27    3.89827
28    4.80403
29    4.76182
30    4.62394
33    4.8704
10 11.9466  2
22    5.32196
37    4.39477
11 7.6957  4
57    5.56952
58    4.26147
59    5.99013
60    5.63498
12 13.8147  6
22    6.06951
31    3.50375
69    5.00902
70    4.82472
81    6.17507
156    5.75886
13 13.796  3
22    5.61576
55    6.15923
56    6.4599
14 13.7353  3
33    4.10051
67    5.91267
69    5.75886
15 13.5369  2
36    6.4848
98    4.76182
16 12.889  2
31    4.17367
143    6.27871
17 10.7732  3
62    5.52136
63    4.10427
64    5.47678
18 13.8641  1
37    5.41992
19 13.9575  2
31    5.70338
39    4.55243
20 14.2624  3
38    5.5838
80    4.61029
112    5.41992
21 5.25758  6
22    4.41244
33    5.46451
38    6.10109
69    5.43118
161    3.60273
169    5.20449
22 5.85269  1
38    5.32104
23 7.79611  3
33    3.55493
38    6.14257
55    5.23196
24 14.1424  2
31    4.41766
81    4.12917
25 14.8663  3
32    3.51575
143    3.57727
169    5.55716
26 7.22999  4
31    4.69865
56    4.25533
61    4.11791
81    6.44763
27 12.2939  2
36    4.2503
70    3.90458
28 8.82977  4
33    3.68284
56    3.75581
143    6.24273
160    6.15996
29 7.51778  6
36    5.95369
55    3.57727
69    5.10936
144    4.64893
160    4.31347
169    5.32196
30 13.2336  2
36    5.51605
65    5.00105
31 11.8984  1
200    0
32 7.53822  3
35    5.33166
55    6.18725
56    4.169
33 13.3004  10
40    3.9402
41    4.94099
42    5.20907
43    6.08452
44    5.94325
45    5.4819
46    3.97536
47    5.0558
67    5.38211
70    4.54154
34 12.1166  3
37    6.42547
38    5.99736
161    3.83894
35 8.25083  1
38    6.4501
36 5.62716  8
48    5.58399
49    4.30871
50    6.1444
51    6.13881
52    6.12059
53    6.06108
54    5.86671
98    4.17367
37 7.05969  1
69    3.80973
38 11.7379  1
69    4.87974
39 7.01422  5
82    4.22109
83    5.85829
84    5.20449
85    6.06951
86    5.89427
40 11.5893  2
56    4.33883
175    5.45828
41 6.52867  1
81    5.55716
42 10.0035  2
56    4.64893
81    5.55808
43 11.3506  3
69    3.81788
98    4.62394
161    5.55808
44 5.74953  3
61    3.68815
81    6.23898
143    4.169
45 7.45918  2
68    3.64951
156    4.87974
46 13.0422  1
200    0
47 11.2737  1
200    0
48 5.49837  1
200    0
49 6.63915  1
112    4.2503
50 10.3645  1
108    5.46451
51 12.5295  1
142    5.86671
52 9.59914  1
156    5.43118
53 10.0301  2
81    4.12889
160    5.05626
54 11.4373  1
200    0
55 6.03244  3
56    5.68818
61    4.47525
112    5.51605
56 8.38328  3
65    3.9586
144    4.25533
156    3.99174
57 6.0596  9
71    4.82939
72    4.84458
73    4.89421
74    5.05626
75    5.58545
76    4.31347
77    6.15996
78    6.18963
79    6.28649
58 8.47179  1
97    4.80403
59 6.34861  1
65    5.40518
60 9.41572  7
113    3.77293
114    4.39477
115    6.42547
116    4.05657
117    5.32104
153    5.47678
183    3.50375
61 9.43129  7
87    5.32196
88    6.45312
89    4.14684
90    5.61576
91    4.41244
92    6.48315
93    4.2449
62 9.48195  2
125    5.99736
126    5.6586
63 9.64736  10
185    3.68284
186    4.10051
187    5.46451
188    3.91859
189    4.8704
190    4.97853
191    5.33166
192    6.4848
193    4.2503
194    5.95369
64 10.1875  2
66    4.23775
175    3.89827
65 11.9515  1
112    5.95369
66 7.71157  3
80    3.60273
112    4.08687
175    5.93602
67 13.8665  1
69    4.51498
68 13.9654  1
200    0
69 14.2883  8
99    5.70338
100    4.69865
101    4.41766
102    3.50009
103    3.50375
104    3.51575
105    3.55493
142    5.23196
70 5.34242  6
177    4.76182
178    4.62394
179    4.17367
180    5.70338
181    4.69865
182    4.41766
71 6.1298  2
81    5.23681
169    5.89427
72 8.70098  1
200    0
73 7.09723  1
200    0
74 11.8603  1
80    3.83894
75 7.41371  2
81    5.86818
143    4.33883
76 12.8939  1
175    4.2449
77 10.7894  1
156    3.64951
78 13.9169  1
200    0
79 14.1299  1
142    6.15923
80 14.8254  1
200    0
81 7.09632  3
157    4.54154
158    3.90458
159    4.82472
82 11.8572  1
200    0
83 7.40364  1
143    6.4599
84 12.861  1
155    3.72486
85 10.6816  1
200    0
86 13.565  2
106    3.68284
107    4.10051
87 12.9809  6
128    3.9402
129    4.94099
130    5.20907
131    6.08452
132    5.94325
155    5.38211
88 11.0732  1
200    0
89 14.8437  3
109    4.8704
110    4.97853
111    5.33166
90 7.15613  1
200    0
91 12.0525  8
145    5.56952
146    4.26147
147    5.99013
148    5.63498
149    4.47525
150    3.68815
151    4.11791
152    5.52136
92 8.04147  3
94    5.93602
95    5.45828
96    3.89827
93 14.9438  1
200    0
94 7.48299  1
200    0
95 13.1201  1
112    6.4848
96 11.5276  1
160    6.18963
97 6.32756  1
200    0
98 9.34675  1
160    5.58545
99 9.20606  1
143    3.75581
100 8.74645  1
200    0
101 7.24555  1
200    0
102 12.3446  2
156    5.10936
160    4.89421
103 8.99548  1
200    0
104 8.05887  1
156    3.81788
105 5.00031  6
163    5.86818
164    5.23681
165    6.17507
166    6.23898
167    6.44763
168    4.12889
106 5.01251  1
200    0
107 5.05249  1
200    0
108 5.18311  2
153    3.9586
183    3.51575
109 5.60945  1
200    0
110 7.00171  1
160    4.82939
111 11.5484  1
160    4.84458
112 6.39531  7
118    6.4501
119    4.13704
120    5.5838
121    4.30816
122    6.14257
123    6.13286
124    6.10109
113 9.56801  1
200    0
114 9.92843  1
200    0
115 11.1055  1
200    0
116 14.9493  1
200    0
117 7.50099  5
170    6.45312
171    4.14684
172    5.61576
173    4.41244
174    6.48315
118 13.179  10
133    5.4819
134    3.97536
135    5.0558
136    5.58399
137    4.30871
138    6.1444
139    6.13881
140    6.12059
141    6.06108
161    4.61029
119 11.7202  1
169    5.85829
120 6.95624  1
200    0
121 11.3997  1
200    0
122 5.90976  1
200    0
123 7.98257  2
127    4.55243
155    5.91267
124 14.7516  2
142    6.18725
155    4.23775
125 6.85522  1
200    0
126 11.0701  1
153    4.10427
127 14.8337  1
200    0
128 7.12348  1
200    0
129 11.946  1
144    5.97008
130 7.69387  1
200    0
131 13.8086  1
200    0
132 13.7762  1
200    0
133 13.6703  1
161    6.28649
134 13.3245  1
200    0
135 12.1953  1
200    0
136 8.5081  1
156    3.80973
137 6.46733  1
156    4.51498
138 9.80331  1
200    0
139 10.6969  1
176    4.80403
140 13.6151  1
144    5.68818
141 13.1442  1
156    5.00902
142 11.6063  1
200    0
143 6.58452  1
200    0
144 10.186  1
200    0
145 11.9466  1
154    5.40518
146 7.6957  1
200    0
147 13.8147  1
200    0
148 13.796  1
200    0
149 13.7353  1
184    3.55493
150 13.5369  1
200    0
151 12.889  1
200    0
152 10.7732  1
162    4.22411
153 13.8641  1
161    4.12917
154 13.9575  2
169    4.22109
183    3.50009
155 14.2624  1
200    0
156 5.25758  1
200    0
157 5.85269  1
200    0
158 7.79611  1
200    0
159 14.1424  1
200    0
160 14.8663  1
200    0
161 7.22999  1
200    0
162 12.2939  1
200    0
163 8.82977  1
200    0
164 7.51778  1
200    0
165 13.2336  1
200    0
166 11.8984  1
200    0
167 7.53822  1
200    0
168 13.3004  1
200    0
169 12.1166  1
200    0
170 8.25083  1
200    0
171 5.62716  1
200    0
172 7.05969  1
200    0
173 11.7379  1
200    0
174 7.01422  1
200    0
175 11.5893  1
200    0
176 6.52867  1
200    0
177 10.0035  1
200    0
178 11.3506  1
200    0
179 5.74953  1
200    0
180 7.45918  1
200    0
181 13.0422  1
200    0
182 11.2737  1
200    0
183 5.49837  1
200    0
184 6.63915  1
200    0
185 10.3645  1
200    0
186 12.5295  1
200    0
187 9.59914  1
200    0
188 10.0301  1
200    0
189 11.4373  1
200    0
190 6.03244  5
195    5.51605
196    4.08687
197    5.41992
198    3.77293
199    4.39477
191 8.38328  1
200    0
192 6.0596  1
200    0
193 8.47179  1
200    0
194 6.34861  1
200    0
195 9.41572  1
200    0
196 9.43129  1
200    0
197 9.48195  1
200    0
198 9.64736  1
200    0
199 10.1875  1
200    0
200 0  0
