51
0 7.05969  5
1    11.7885
2    10.6439
20    9.74081
35    12.2657
40    7.95071
1 11.7379  1
50    0
2 7.01422  6
3    12.9062
4    8.29368
5    11.2315
6    8.82488
7    12.9663
8    8.48979
3 11.5893  1
41    12.2776
4 6.52867  8
22    8.5006
23    11.9074
24    11.0321
25    8.17374
26    10.8398
27    7.54585
28    8.78954
29    12.8509
5 10.0035  2
18    8.83532
20    7.10987
6 11.3506  9
9    11.872
10    10.9166
11    7.79653
12    9.60805
13    9.52364
14    9.24787
15    8.34733
16    11.4068
17    9.39729
7 5.74953  1
19    7.00751
8 7.45918  1
50    0
9 13.0422  4
18    7.00018
20    7.0315
21    12.9696
41    8.61742
10 11.2737  1
50    0
11 5.49837  1
20    10.6633
12 6.63915  1
50    0
13 10.3645  1
20    7.83718
14 12.5295  2
20    9.95706
40    10.9638
15 9.59914  1
20    8.20103
16 10.0301  2
20    10.929
41    12.2888
17 11.4373  2
20    7.36567
40    11.168
18 6.03244  2
39    10.4181
40    10.1116
19 8.38328  8
42    12.1222
43    11.7334
44    10.4639
45    12.3185
46    12.3745
47    12.5574
48    7.15455
49    7.51161
20 6.0596  1
50    0
21 8.47179  2
36    11.9947
37    11.3172
22 6.34861  6
30    8.11313
31    10.6421
32    12.9002
33    8.27409
34    11.1676
40    11.8865
23 9.41572  1
35    8.61632
24 9.43129  1
38    9.88198
25 9.48195  1
41    12.2412
26 9.64736  1
38    9.10486
27 10.1875  1
50    0
28 11.9515  1
35    12.2851
29 7.71157  1
50    0
30 13.8665  1
40    12.169
31 13.9654  1
50    0
32 14.2883  1
50    0
33 5.34242  1
35    12.2022
34 6.1298  1
50    0
35 8.70098  1
50    0
36 7.09723  1
38    7.8804
37 11.8603  1
50    0
38 7.41371  1
50    0
39 12.8939  1
50    0
40 10.7894  1
50    0
41 13.9169  1
50    0
42 14.1299  1
50    0
43 14.8254  1
50    0
44 7.09632  1
50    0
45 11.8572  1
50    0
46 7.40364  1
50    0
47 12.861  1
50    0
48 10.6816  1
50    0
49 13.565  1
50    0
50 0  0
