83
0 11.9466  4
1    0.882488
8    0.924787
14    1.0929
74    0.844823
1 7.6957  2
2    1.29663
3    0.848979
2 13.8147  8
4    1.1872
5    1.09166
6    0.779653
7    0.960805
8    0.834733
14    0.974081
24    1.29002
74    1.17364
3 13.796  2
8    0.952364
73    0.922059
4 13.7353  6
9    0.883532
10    0.700018
11    0.700751
12    0.703149
13    0.736567
14    0.85006
5 13.5369  1
8    0.939729
6 12.889  2
14    0.783718
74    1.23501
7 10.7732  1
8    1.14068
8 13.8641  1
82    0
9 13.9575  1
82    0
10 14.2624  2
14    0.995706
71    1.0018
11 5.25758  3
13    0.710987
14    1.06633
34    1.2169
12 5.85269  1
14    1.29696
13 7.79611  3
14    0.820103
34    1.09638
71    0.780917
14 14.1424  9
15    1.19074
16    1.10321
17    0.817374
18    1.08398
19    0.754585
20    0.878954
21    1.28509
22    0.811313
23    1.06421
15 14.8663  1
82    0
16 7.22999  2
34    1.18865
71    0.908307
17 12.2939  10
25    0.827409
26    1.11676
27    0.861632
28    1.22851
29    1.22657
30    1.22022
31    1.19947
32    1.13172
33    0.910486
61    0.79172
18 8.82977  1
61    1.10427
19 7.51778  1
34    0.795071
20 13.2336  4
48    0.751161
49    0.867766
50    1.24855
51    1.29198
21 11.8984  1
73    0.767788
22 7.53822  3
34    0.988198
41    1.21222
61    0.823582
23 13.3004  7
35    1.01116
36    1.1168
37    0.861742
38    1.22888
39    1.22776
40    1.22412
71    1.08624
24 12.1166  2
34    0.78804
61    0.820853
25 8.25083  2
61    1.09536
71    0.902997
26 5.62716  1
71    0.761946
27 7.05969  1
82    0
28 11.7379  6
42    1.17334
43    1.04639
44    1.23185
45    1.23745
46    1.25574
47    0.715455
29 7.01422  1
34    1.04181
30 11.5893  1
82    0
31 6.52867  1
82    0
32 10.0035  1
82    0
33 11.3506  9
52    0.833799
53    1.13764
54    0.929786
55    0.851067
56    1.19402
57    1.1139
58    0.852293
59    1.19803
60    1.127
34 5.74953  1
82    0
35 7.45918  1
61    1.08104
36 13.0422  10
62    0.744972
63    0.847551
64    1.18253
65    1.07642
66    0.729902
67    0.798349
68    1.02187
69    1.15177
70    0.975948
73    0.720545
37 11.2737  1
74    1.24779
38 5.49837  2
71    0.964943
74    1.28953
39 6.63915  2
71    0.965877
72    0.978841
40 10.3645  1
73    1.23199
41 12.5295  1
61    0.737629
42 9.59914  7
75    0.825779
76    1.11143
77    0.844218
78    1.17166
79    1.0409
80    1.2139
81    1.17885
43 10.0301  1
74    1.11162
44 11.4373  1
82    0
45 6.03244  1
82    0
46 8.38328  2
61    1.00021
73    1.11709
47 6.0596  1
82    0
48 8.47179  1
82    0
49 6.34861  1
73    0.862694
50 9.41572  1
73    1.01125
51 9.43129  1
82    0
52 9.48195  1
61    0.89505
53 9.64736  1
73    1.2573
54 10.1875  1
82    0
55 11.9515  1
82    0
56 7.71157  1
82    0
57 13.8665  2
71    0.763576
73    1.23793
58 13.9654  1
71    0.968917
59 14.2883  1
82    0
60 5.34242  1
82    0
61 6.1298  1
82    0
62 8.70098  1
82    0
63 7.09723  1
74    1.04736
64 11.8603  1
82    0
65 7.41371  1
82    0
66 12.8939  1
82    0
67 10.7894  1
82    0
68 13.9169  1
82    0
69 14.1299  1
82    0
70 14.8254  1
73    0.825834
71 7.09632  1
82    0
72 11.8572  1
82    0
73 7.40364  1
82    0
74 12.861  1
82    0
75 10.6816  1
82    0
76 13.565  1
82    0
77 12.9809  1
82    0
78 11.0732  1
82    0
79 14.8437  1
82    0
80 7.15613  1
82    0
81 12.0525  1
82    0
82 0  0
