120
0 9.80331  4
1    7.54585
20    12.2412
22    11.9402
94    11.3172
1 10.6969  2
2    8.78954
34    9.65877
2 13.6151  10
3    12.8509
4    8.11313
5    10.6421
6    12.9002
7    8.27409
8    11.1676
9    8.61632
10    12.2851
11    12.2657
12    12.2022
3 13.1442  5
19    7.95071
20    11.168
21    7.15455
23    7.37629
71    7.00751
4 11.6063  1
23    8.9505
5 6.58452  4
18    10.4181
20    12.2888
23    11.27
34    10.018
6 10.186  9
14    11.3172
15    9.10486
16    7.8804
17    9.88198
19    10.9638
21    12.5574
22    12.4855
69    9.24787
96    8.61742
7 11.9466  2
71    7.10987
72    7.36567
8 7.6957  6
13    11.9947
19    11.8865
20    11.7334
22    9.29786
33    7.98349
69    8.34733
9 13.8147  2
21    7.51161
24    10.9536
10 13.796  4
20    10.1116
21    12.3185
22    8.51067
69    7.79653
11 13.7353  4
22    8.33799
23    8.52293
33    11.5177
34    9.08307
12 13.5369  2
18    12.169
34    7.61946
13 12.889  3
20    12.2776
23    11.139
34    7.80917
14 10.7732  2
22    11.3764
23    8.23582
15 13.8641  2
20    8.61742
71    7.0315
16 13.9575  9
46    8.25834
47    11.1162
48    8.44823
49    11.7364
50    10.4736
51    12.3501
52    12.478
53    12.8953
54    8.25779
17 14.2624  2
21    12.3745
24    8.20853
18 5.25758  3
21    8.67766
24    11.0427
34    10.8624
19 5.85269  3
20    12.1222
21    10.4639
34    9.75948
20 7.79611  1
22    12.9198
21 14.1424  1
23    11.9803
22 14.8663  1
99    11.7334
23 7.22999  10
25    7.9172
26    10.0021
27    10.8104
28    7.44972
29    8.47551
30    11.8253
31    10.7642
32    7.29902
72    7.83718
94    9.88198
24 12.2939  1
34    9.02997
25 8.82977  1
69    10.9166
26 7.51778  1
33    10.2187
27 13.2336  4
35    9.68917
36    9.78841
37    10.1125
69    9.52364
28 11.8984  1
72    9.74081
29 7.53822  8
38    11.1709
39    8.62694
40    12.3199
41    12.3793
42    12.573
43    7.20545
44    7.67788
45    9.22059
30 13.3004  5
86    12.9002
87    8.27409
88    11.1676
89    8.61632
94    9.10486
31 12.1166  2
34    9.64943
94    12.169
32 8.25083  1
119    0
33 5.62716  2
34    7.63576
95    7.95071
34 7.05969  1
119    0
35 11.7379  1
119    0
36 7.01422  1
119    0
37 11.5893  1
69    9.39729
38 6.52867  1
119    0
39 10.0035  4
90    12.2851
91    12.2657
92    12.2022
93    11.9947
40 11.3506  1
119    0
41 5.74953  1
119    0
42 7.45918  1
94    10.4181
43 13.0422  1
69    9.60805
44 11.2737  1
119    0
45 5.49837  1
95    10.9638
46 6.63915  1
119    0
47 10.3645  1
99    12.1222
48 12.5295  7
59    12.139
60    11.7885
61    10.6439
62    12.9062
63    8.29368
64    11.2315
65    8.82488
49 9.59914  2
69    11.4068
96    12.2888
50 10.0301  1
105    12.9198
51 11.4373  1
96    10.1116
52 6.03244  4
101    7.15455
102    7.51161
103    8.67766
104    12.4855
53 8.38328  1
119    0
54 6.0596  5
55    11.1143
56    8.44218
57    11.7166
58    10.409
72    8.20103
55 8.47179  1
119    0
56 6.34861  1
70    7.00018
57 9.41572  1
119    0
58 9.43129  1
72    10.929
59 9.48195  1
119    0
60 9.64736  1
119    0
61 10.1875  1
69    8.83532
62 11.9515  1
119    0
63 7.71157  4
66    12.9663
67    8.48979
68    11.872
100    12.5574
64 13.8665  10
76    8.5006
77    11.9074
78    11.0321
79    8.17374
80    10.8398
81    7.54585
82    8.78954
83    12.8509
84    8.11313
85    10.6421
65 13.9654  1
119    0
66 14.2883  1
119    0
67 5.34242  1
119    0
68 6.1298  3
74    10.6633
75    12.9696
94    7.8804
69 8.70098  1
119    0
70 7.09723  1
73    9.95706
71 11.8603  1
119    0
72 7.41371  1
119    0
73 12.8939  1
119    0
74 10.7894  1
119    0
75 13.9169  1
119    0
76 14.1299  2
97    12.2776
98    12.2412
77 14.8254  1
119    0
78 7.09632  1
100    12.3185
79 11.8572  1
94    11.8865
80 7.40364  1
119    0
81 12.861  1
96    11.168
82 10.6816  1
119    0
83 13.565  1
100    10.4639
84 12.9809  1
119    0
85 11.0732  1
119    0
86 14.8437  1
119    0
87 7.15613  1
119    0
88 12.0525  1
119    0
89 8.04147  1
119    0
90 14.9438  1
119    0
91 7.48299  1
119    0
92 13.1201  1
119    0
93 11.5276  1
119    0
94 6.32756  4
115    8.9505
116    7.37629
117    8.23582
118    11.0427
95 9.34675  1
119    0
96 9.20606  1
119    0
97 8.74645  1
100    12.3745
98 7.24555  1
119    0
99 12.3446  1
119    0
100 8.99548  1
119    0
101 8.05887  9
106    8.33799
107    11.3764
108    9.29786
109    8.51067
110    11.9402
111    11.139
112    8.52293
113    11.9803
114    11.27
102 5.00031  1
119    0
103 5.01251  1
119    0
104 5.05249  1
119    0
105 5.18311  1
119    0
106 5.60945  1
119    0
107 7.00171  1
119    0
108 11.5484  1
119    0
109 6.39531  1
119    0
110 9.56801  1
119    0
111 9.92843  1
119    0
112 11.1055  1
119    0
113 14.9493  1
119    0
114 7.50099  1
119    0
115 13.179  1
119    0
116 11.7202  1
119    0
117 6.95624  1
119    0
118 11.3997  1
119    0
119 0  0
