230
0 14.2624  5
1    4.97853
30    6.27871
43    5.38211
63    4.14684
93    5.40518
1 5.25758  4
2    5.33166
3    6.4848
67    5.46451
216    4.30871
2 5.85269  4
28    5.0558
29    6.12059
47    4.82939
214    3.9402
3 7.79611  8
4    4.2503
5    5.95369
6    5.51605
7    4.08687
29    6.06108
32    5.97008
144    4.08687
169    4.33883
4 14.1424  3
65    4.76182
73    4.13704
213    4.05657
5 14.8663  1
169    5.68818
6 7.22999  10
8    5.41992
9    3.77293
10    4.39477
11    6.42547
12    4.05657
13    5.32104
14    6.4501
15    4.13704
16    5.5838
17    4.30816
7 12.2939  9
28    5.4819
29    6.15923
32    5.63498
64    3.89827
74    5.6586
160    5.4819
214    5.99736
217    6.15923
223    4.47525
8 8.82977  3
30    3.57727
31    4.64893
94    3.99174
9 7.51778  5
30    6.18725
32    5.99013
43    5.10936
82    5.68818
213    4.13704
10 13.2336  4
18    6.14257
32    4.25533
74    4.30816
93    3.9586
11 11.8984  3
28    6.1444
43    3.64951
73    5.32104
12 7.53822  7
28    5.58399
29    6.13881
31    4.169
47    4.84458
67    3.51575
93    4.10427
221    4.33883
13 13.3004  9
33    4.47525
34    3.68815
35    4.11791
36    5.52136
37    4.10427
38    5.47678
39    3.9586
40    5.00105
94    3.64951
14 12.1166  3
29    5.23196
47    4.54154
216    6.13881
15 8.25083  1
67    4.10051
16 5.62716  1
74    6.14257
17 7.05969  10
19    6.13286
20    6.10109
21    5.99736
22    5.6586
23    4.55243
24    3.9402
25    4.94099
26    5.20907
27    6.08452
28    5.94325
18 11.7379  4
28    4.30871
30    4.33883
42    5.91267
66    5.70338
19 7.01422  6
41    5.40518
62    5.55716
73    5.5838
76    5.58399
175    5.43118
179    6.28649
20 11.5893  2
30    6.4599
67    3.68284
21 6.52867  7
30    3.75581
42    4.23775
66    4.41766
94    5.38211
125    6.44763
208    4.10051
225    5.75886
22 10.0035  4
29    5.86671
47    4.82472
64    5.93602
143    4.97853
23 11.3506  3
32    5.56952
43    4.87974
47    3.81788
24 5.74953  6
28    3.97536
31    5.68818
32    4.26147
43    5.75886
81    3.75581
221    3.75581
25 7.45918  2
48    5.58545
82    6.4599
26 13.0422  4
62    5.20449
64    4.80403
74    6.13286
170    4.25533
27 11.2737  3
49    4.31347
50    6.15996
51    6.18963
28 5.49837  7
44    5.00902
45    5.43118
46    3.80973
75    5.4819
76    4.30871
175    3.81788
179    3.83894
29 6.63915  7
30    6.24273
41    3.72486
47    4.89421
48    5.05626
67    3.55493
93    3.72486
214    5.6586
30 10.3645  3
62    6.06951
66    4.17367
144    5.51605
31 12.5295  4
62    5.89427
73    6.4501
75    3.97536
208    5.46451
32 9.59914  2
204    4.69865
205    4.41766
33 10.0301  5
67    4.97853
72    5.51605
74    6.10109
75    4.94099
223    4.10427
34 11.4373  4
62    6.23898
64    5.45828
67    3.91859
203    5.70338
35 6.03244  5
66    3.50375
73    4.08687
81    4.33883
132    4.80403
160    6.08452
36 8.38328  10
52    6.28649
53    3.60273
54    3.83894
55    4.61029
56    4.12917
57    5.55808
58    4.22411
63    4.2449
170    5.63498
221    4.169
37 6.0596  2
43    3.99174
75    6.08452
38 8.47179  3
63    4.41244
82    4.169
170    4.47525
39 6.34861  1
81    6.15923
40 9.41572  2
47    4.51498
214    6.13286
41 9.43129  2
95    5.10936
96    5.75886
42 9.48195  2
172    3.72486
173    4.23775
43 9.64736  3
66    4.69865
125    5.20449
153    4.30816
44 10.1875  1
170    4.26147
45 11.9515  2
75    5.0558
224    5.40518
46 7.71157  5
47    3.90458
62    6.44763
73    4.39477
75    5.94325
171    5.40518
47 13.8665  4
62    5.32196
66    3.50009
81    5.86671
223    3.9586
48 13.9654  3
73    3.77293
93    5.52136
143    3.91859
49 14.2883  4
59    5.86818
60    5.23681
61    6.17507
81    6.27871
50 5.34242  3
62    5.85829
179    3.60273
210    5.41992
51 6.1298  1
229    0
52 8.70098  2
73    5.41992
176    4.84458
53 7.09723  2
143    4.2503
144    5.41992
54 11.8603  3
63    6.48315
66    4.62394
153    6.14257
55 7.41371  5
63    6.45312
73    6.42547
160    3.97536
171    5.52136
176    4.89421
56 12.8939  4
67    4.8704
74    3.9402
213    6.4501
221    6.4599
57 10.7894  8
97    4.87974
98    5.00902
99    5.43118
100    3.80973
101    4.51498
102    3.81788
103    4.54154
126    5.61576
58 13.9169  5
77    6.1444
78    6.13881
79    6.12059
80    6.06108
160    6.13881
59 14.1299  2
73    4.05657
222    5.99013
60 14.8254  2
62    4.12889
208    3.51575
61 7.09632  2
62    4.22109
74    5.99736
62 11.8572  5
63    5.61576
74    4.55243
81    3.57727
93    5.00105
125    6.06951
63 7.40364  10
133    4.76182
134    4.62394
135    4.17367
136    5.70338
137    4.69865
138    4.41766
139    3.50009
140    3.50375
141    3.51575
142    3.55493
64 12.861  3
81    5.23196
179    4.61029
213    6.42547
65 10.6816  2
125    4.12889
170    5.97008
66 13.565  6
68    5.33166
69    6.4848
70    4.2503
71    5.95369
81    6.18725
174    5.10936
67 12.9809  1
229    0
68 11.0732  1
223    4.11791
69 14.8437  1
223    3.68815
70 7.15613  3
75    5.20907
153    6.13286
208    3.91859
71 12.0525  3
161    6.12059
162    6.06108
163    5.86671
72 8.04147  1
176    3.90458
73 14.9438  3
104    3.90458
105    4.82472
106    4.82939
74 7.48299  4
121    5.86818
122    5.23681
123    6.17507
124    6.23898
75 13.1201  1
125    4.22109
76 11.5276  2
94    5.91267
169    3.75581
77 6.32756  2
93    5.47678
222    5.56952
78 9.34675  10
83    4.64893
84    4.25533
85    5.97008
86    5.56952
87    4.26147
88    5.99013
89    5.63498
90    4.47525
91    3.68815
92    4.11791
79 9.20606  1
82    6.24273
80 8.74645  3
167    6.27871
168    3.57727
213    4.30816
81 7.24555  1
174    3.64951
82 12.3446  1
229    0
83 8.99548  1
229    0
84 8.05887  3
208    3.55493
216    6.1444
222    4.25533
85 5.00031  1
171    4.10427
86 5.01251  2
160    6.1444
170    5.99013
87 5.05249  1
215    6.08452
88 5.18311  1
171    3.9586
89 5.60945  3
94    4.23775
215    3.97536
222    5.97008
90 7.00171  1
169    6.4599
91 11.5484  1
229    0
92 6.39531  2
125    5.55716
126    6.45312
93 9.56801  3
153    6.10109
208    4.8704
225    5.91267
94 9.92843  1
229    0
95 11.1055  1
224    4.23775
96 14.9493  1
170    5.56952
97 7.50099  3
218    6.18725
219    6.27871
220    3.57727
98 13.179  3
164    5.23196
165    6.15923
166    6.18725
99 11.7202  2
132    3.89827
225    5.38211
100 6.95624  3
125    5.85829
143    5.46451
214    4.94099
101 11.3997  2
125    5.89427
176    5.58545
102 5.90976  8
145    3.77293
146    4.39477
147    6.42547
148    4.05657
149    5.32104
150    6.4501
151    4.13704
152    5.5838
103 7.98257  1
178    6.18963
104 14.7516  2
125    5.32196
169    4.169
105 6.85522  7
107    4.84458
108    4.89421
109    5.05626
110    5.58545
111    4.31347
112    6.15996
208    3.68284
106 11.0701  1
143    4.10051
107 14.8337  10
113    6.18963
114    6.28649
115    3.60273
116    3.83894
117    4.61029
118    4.12917
119    5.55808
120    4.22411
171    3.68815
223    5.00105
108 7.12348  6
127    4.41244
128    6.48315
129    4.2449
130    5.93602
131    5.45828
144    5.95369
109 11.946  1
229    0
110 7.69387  1
203    3.89827
111 13.8086  9
180    5.55808
181    4.22411
182    5.86818
183    5.23681
184    6.17507
185    6.23898
186    6.44763
187    4.12889
188    5.55716
112 13.7762  4
189    4.22109
190    5.85829
191    5.20449
192    6.06951
113 13.6703  1
229    0
114 13.3245  1
229    0
115 12.1953  1
203    4.62394
116 8.5081  1
214    4.55243
117 6.46733  2
176    4.82939
203    4.17367
118 9.80331  2
143    6.4848
213    5.5838
119 10.6969  1
216    5.0558
120 13.6151  1
229    0
121 13.1442  1
126    4.14684
122 11.6063  1
210    5.95369
123 6.58452  2
169    6.24273
176    4.54154
124 10.186  1
177    6.15996
125 11.9466  1
229    0
126 7.6957  1
229    0
127 13.8147  1
229    0
128 13.796  1
229    0
129 13.7353  1
171    5.00105
130 13.5369  2
208    4.97853
217    5.86671
131 12.889  1
229    0
132 10.7732  1
229    0
133 13.8641  1
229    0
134 13.9575  1
214    6.10109
135 14.2624  1
225    3.99174
136 5.25758  6
154    5.99736
155    5.6586
156    4.55243
157    3.9402
158    4.94099
159    5.20907
137 5.85269  2
160    5.0558
176    4.82472
138 7.79611  2
174    5.75886
208    5.33166
139 14.1424  1
175    3.80973
140 14.8663  4
143    4.8704
160    5.94325
170    4.64893
210    5.51605
141 7.22999  1
143    3.68284
142 12.2939  1
143    5.33166
143 8.82977  1
216    5.58399
144 7.51778  3
176    4.31347
214    5.20907
223    5.47678
145 13.2336  1
174    3.99174
146 11.8984  1
229    0
147 7.53822  1
229    0
148 13.3004  1
160    5.58399
149 12.1166  1
222    5.63498
150 8.25083  1
176    5.05626
151 5.62716  1
229    0
152 7.05969  1
229    0
153 11.7379  2
160    4.30871
211    3.77293
154 7.01422  1
202    5.45828
155 11.5893  1
179    4.12917
156 6.52867  2
175    4.87974
214    6.14257
157 10.0035  3
175    5.00902
221    5.68818
224    3.72486
158 11.3506  1
229    0
159 5.74953  1
229    0
160 7.45918  1
217    6.06108
161 13.0422  3
226    5.00902
227    5.43118
228    3.80973
162 11.2737  2
206    3.50009
207    3.50375
163 5.49837  2
171    4.11791
203    4.80403
164 6.63915  9
193    5.89427
194    5.32196
195    6.45312
196    4.14684
197    5.61576
198    4.41244
199    6.48315
200    4.2449
201    5.93602
165 10.3645  1
213    5.32104
166 12.5295  1
174    5.91267
167 9.59914  1
175    4.51498
168 10.0301  1
229    0
169 11.4373  1
209    4.2503
170 6.03244  2
171    5.47678
174    5.38211
171 8.38328  1
203    4.76182
172 6.0596  1
229    0
173 8.47179  1
229    0
174 6.34861  1
225    3.64951
175 9.41572  1
221    4.64893
176 9.43129  1
229    0
177 9.48195  1
229    0
178 9.64736  1
229    0
179 10.1875  1
225    4.87974
180 11.9515  1
229    0
181 7.71157  1
215    5.94325
182 13.8665  1
229    0
183 13.9654  1
229    0
184 14.2883  1
229    0
185 5.34242  1
229    0
186 6.1298  1
229    0
187 8.70098  1
229    0
188 7.09723  1
229    0
189 11.8603  2
208    6.4848
221    6.24273
190 7.41371  1
229    0
191 12.8939  1
229    0
192 10.7894  1
210    4.08687
193 13.9169  1
215    5.4819
194 14.1299  1
229    0
195 14.8254  1
229    0
196 7.09632  1
229    0
197 11.8572  1
229    0
198 7.40364  1
229    0
199 12.861  1
225    5.10936
200 10.6816  1
229    0
201 13.565  1
229    0
202 12.9809  1
229    0
203 11.0732  1
217    5.23196
204 14.8437  1
212    4.39477
205 7.15613  1
229    0
206 12.0525  1
223    5.52136
207 8.04147  1
229    0
208 14.9438  1
229    0
209 7.48299  1
217    6.12059
210 13.1201  1
229    0
211 11.5276  1
229    0
212 6.32756  1
229    0
213 9.34675  1
229    0
214 9.20606  1
229    0
215 8.74645  1
222    4.26147
216 7.24555  1
229    0
217 12.3446  1
229    0
218 8.99548  1
229    0
219 8.05887  1
229    0
220 5.00031  1
229    0
221 5.01251  1
229    0
222 5.05249  1
229    0
223 5.18311  1
229    0
224 5.60945  1
229    0
225 7.00171  1
229    0
226 11.5484  1
229    0
227 6.39531  1
229    0
228 9.56801  1
229    0
229 0  0
