120
0 11.946  4
1    48.704
2    49.7853
9    53.2104
109    62.7871
1 7.69387  8
3    53.3166
4    64.848
5    42.503
6    59.5369
7    55.1605
8    40.8687
16    39.7536
63    42.2411
2 13.8086  1
9    37.7293
3 13.7762  5
9    64.501
15    49.4099
41    36.4951
63    58.6818
82    35.5493
4 13.6703  4
9    41.3704
15    45.5243
16    55.8399
40    54.0518
5 13.3245  5
9    43.9477
15    59.4325
16    61.3881
104    52.0907
109    37.5581
6 12.1953  4
9    54.1992
10    55.838
15    59.9736
41    42.3775
7 8.5081  3
9    40.5657
16    43.0871
63    64.4763
8 6.46733  5
9    64.2547
15    60.8452
23    35.7727
72    56.1576
82    35.0375
9 9.80331  2
11    43.0816
63    38.3894
10 10.6969  1
63    62.3898
11 13.6151  5
12    61.4257
13    61.3286
14    61.0109
15    54.819
16    61.2059
12 13.1442  1
15    56.586
13 11.6063  3
15    52.0907
16    61.444
104    61.0109
14 6.58452  2
15    39.402
16    50.558
15 10.186  1
109    35.7727
16 11.9466  8
17    60.6108
18    58.6671
19    52.3196
20    61.5923
21    61.8725
22    62.7871
23    37.5581
72    64.8315
17 7.6957  1
40    37.2486
18 13.8147  9
42    51.0936
43    57.5886
44    48.7974
45    50.0902
46    54.3118
47    38.0973
48    45.1498
49    38.1788
50    45.4154
19 13.796  1
41    39.9174
20 13.7353  6
65    55.5716
66    42.2109
67    58.5829
68    52.0449
69    60.6951
70    58.9427
21 13.5369  5
96    64.2547
97    40.5657
98    53.2104
99    64.501
100    41.3704
22 12.889  1
64    41.2889
23 10.7732  9
24    43.3883
25    62.4273
26    64.599
27    41.69
28    56.8818
29    46.4893
30    42.5533
31    59.7008
118    42.6147
24 13.8641  1
82    36.8284
25 13.9575  3
111    62.4273
112    64.599
113    41.69
26 14.2624  2
40    41.0427
85    48.704
27 5.25758  1
109    60.6108
28 5.85269  4
59    61.5996
60    61.8963
61    62.8649
62    36.0273
29 7.79611  2
40    50.0105
41    53.8211
30 14.1424  9
32    55.6952
33    42.6147
34    59.9013
35    56.3498
36    44.7525
37    36.8815
38    41.1791
39    55.2136
82    35.0009
31 14.8663  2
40    54.7678
63    41.2917
32 7.22999  6
86    49.7853
87    53.3166
88    64.848
89    42.503
90    59.5369
91    55.1605
33 12.2939  1
63    52.3681
34 8.82977  1
63    61.7507
35 7.51778  9
73    42.449
74    59.3602
75    54.5828
76    38.9827
77    48.0403
78    47.6182
79    46.2394
80    41.7367
81    57.0338
36 13.2336  1
119    0
37 11.8984  1
41    59.1267
38 7.53822  4
56    50.5626
57    55.8545
58    43.1347
63    55.5808
39 13.3004  1
40    39.586
40 12.1166  1
119    0
41 8.25083  1
82    44.1766
42 5.62716  4
51    39.0458
52    48.2472
53    48.2939
54    48.4458
43 7.05969  1
72    44.1244
44 11.7379  1
119    0
45 7.01422  2
71    64.5312
104    59.9736
46 11.5893  1
109    52.3196
47 6.52867  1
119    0
48 10.0035  1
103    61.4257
49 11.3506  2
55    48.9421
71    41.4684
50 5.74953  1
119    0
51 7.45918  1
103    61.3286
52 13.0422  1
119    0
53 11.2737  1
105    59.4325
54 5.49837  1
104    45.5243
55 6.63915  1
119    0
56 10.3645  1
119    0
57 12.5295  1
82    46.9865
58 9.59914  1
63    46.1029
59 10.0301  1
104    49.4099
60 11.4373  1
109    61.3881
61 6.03244  1
71    53.2196
62 8.38328  1
82    41.0051
63 6.0596  1
119    0
64 8.47179  1
119    0
65 6.34861  1
119    0
66 9.41572  1
119    0
67 9.43129  1
109    58.6671
68 9.48195  1
119    0
69 9.64736  1
119    0
70 10.1875  1
119    0
71 11.9515  3
105    39.7536
109    61.8725
118    56.3498
72 7.71157  3
83    54.6451
84    39.1859
104    39.402
73 13.8665  1
119    0
74 13.9654  1
119    0
75 14.2883  1
119    0
76 5.34242  1
119    0
77 6.1298  1
82    35.1575
78 8.70098  1
118    59.9013
79 7.09723  1
119    0
80 11.8603  1
119    0
81 7.41371  1
119    0
82 12.8939  3
101    55.838
102    43.0816
105    54.819
83 10.7894  1
119    0
84 13.9169  1
119    0
85 14.1299  1
106    50.558
86 14.8254  1
110    43.3883
87 7.09632  1
106    55.8399
88 11.8572  1
119    0
89 7.40364  1
104    56.586
90 12.861  4
92    40.8687
93    54.1992
94    37.7293
95    43.9477
91 10.6816  2
107    43.0871
108    61.444
92 13.565  1
119    0
93 12.9809  1
119    0
94 11.0732  1
119    0
95 14.8437  1
104    60.8452
96 7.15613  1
109    61.5923
97 12.0525  1
119    0
98 8.04147  2
109    61.2059
117    59.7008
99 14.9438  1
119    0
100 7.48299  1
119    0
101 13.1201  3
114    56.8818
115    46.4893
116    42.5533
102 11.5276  1
119    0
103 6.32756  1
119    0
104 9.34675  1
119    0
105 9.20606  1
119    0
106 8.74645  1
119    0
107 7.24555  1
119    0
108 12.3446  1
119    0
109 8.99548  1
118    55.6952
110 8.05887  1
119    0
111 5.00031  1
119    0
112 5.01251  1
119    0
113 5.05249  1
119    0
114 5.18311  1
119    0
115 5.60945  1
119    0
116 7.00171  1
119    0
117 11.5484  1
119    0
118 6.39531  1
119    0
119 0  0
