66
0 8.05887  5
1    1.127
12    0.798349
14    0.964943
15    1.2573
29    0.974081
1 5.00031  10
2    0.89505
3    0.737629
4    0.823582
5    1.10427
6    0.820853
7    1.09536
8    0.79172
9    1.00021
10    1.08104
11    0.744972
2 5.01251  4
13    0.763576
14    0.908307
15    1.23793
24    1.17166
3 5.05249  3
12    0.847551
13    1.08624
24    1.11143
4 5.18311  3
12    1.02187
14    0.965877
28    0.700018
5 5.60945  5
12    1.0018
15    0.720545
19    1.11162
29    1.06633
46    0.988198
6 7.00171  3
12    1.15177
19    0.844823
24    1.06439
7 11.5484  4
15    0.862694
26    1.29663
27    0.952364
28    0.700751
8 6.39531  6
12    0.975948
13    0.902997
24    0.844218
25    0.882488
26    1.1872
28    0.883532
9 9.56801  6
12    0.729902
13    0.761946
15    1.11709
24    1.29062
29    0.820103
56    1.17334
10 9.92843  4
12    1.18253
14    0.968917
15    0.978841
27    0.834733
11 11.1055  1
12    1.07642
12 14.9493  5
14    0.780917
15    1.01125
24    1.28953
25    0.829368
29    0.995706
13 7.50099  3
15    1.23199
24    1.17885
27    0.960805
14 13.179  2
26    0.848979
56    1.22412
15 11.7202  7
16    0.767788
17    0.922059
18    0.825834
26    0.779653
28    0.939729
29    0.736567
46    1.22022
16 6.95624  3
20    1.17364
29    1.29696
46    1.19947
17 11.3997  5
21    1.04736
22    1.23501
23    1.24779
29    0.783718
46    0.910486
18 5.90976  2
24    0.825779
28    0.703149
19 7.98257  2
25    1.12315
26    1.09166
20 14.7516  1
24    1.2139
21 6.85522  5
33    0.817374
34    1.08398
35    0.754585
36    0.878954
37    1.28509
22 11.0701  3
30    0.85006
31    1.19074
32    1.10321
23 14.8337  2
24    1.0409
27    0.924787
24 7.12348  2
27    1.14068
29    1.0929
25 11.946  1
46    1.13172
26 7.69387  1
28    0.710987
27 13.8086  1
65    0
28 13.7762  8
57    1.04639
58    1.23185
59    1.23745
60    1.25574
61    0.715455
62    0.751161
63    0.867766
64    1.24855
29 13.6703  1
65    0
30 13.3245  8
38    0.811313
39    1.06421
40    1.29002
41    0.827409
42    1.11676
43    0.861632
44    1.22851
45    1.22657
31 12.1953  1
65    0
32 8.5081  1
65    0
33 6.46733  1
46    0.78804
34 9.80331  1
65    0
35 10.6969  8
48    1.2169
49    1.18865
50    1.09638
51    0.795071
52    1.01116
53    1.1168
54    0.861742
55    1.22888
36 13.6151  1
65    0
37 13.1442  1
65    0
38 11.6063  1
65    0
39 6.58452  1
65    0
40 10.186  1
65    0
41 11.9466  1
65    0
42 7.6957  1
65    0
43 13.8147  1
65    0
44 13.796  1
65    0
45 13.7353  1
65    0
46 13.5369  2
47    1.04181
56    1.21222
47 12.889  1
56    1.22776
48 10.7732  1
65    0
49 13.8641  1
65    0
50 13.9575  1
65    0
51 14.2624  1
65    0
52 5.25758  1
65    0
53 5.85269  1
65    0
54 7.79611  1
65    0
55 14.1424  1
65    0
56 14.8663  1
65    0
57 7.22999  1
65    0
58 12.2939  1
65    0
59 8.82977  1
65    0
60 7.51778  1
65    0
61 13.2336  1
65    0
62 11.8984  1
65    0
63 7.53822  1
65    0
64 13.3004  1
65    0
65 0  0
