183
0 12.9809  3
1    11.9947
21    12.9198
54    11.872
1 11.0732  9
2    11.3172
3    9.10486
4    7.8804
5    9.88198
6    10.4181
7    12.169
30    7.61946
98    10.4639
126    12.3199
2 14.8437  3
9    7.95071
22    9.29786
54    12.9663
3 7.15613  10
14    12.2412
15    12.1222
16    11.7334
17    10.4639
18    12.3185
19    12.3745
20    12.5574
22    11.139
23    8.20853
83    8.27409
4 12.0525  3
21    7.51161
23    10.0021
47    8.44823
5 8.04147  5
21    8.33799
23    10.9536
47    11.1143
85    9.10486
120    10.8624
6 14.9438  4
8    11.8865
23    11.0427
24    10.7642
54    8.48979
7 7.48299  5
8    10.9638
13    12.2888
22    11.9402
30    9.08307
173    12.2851
8 13.1201  7
10    10.1116
11    11.168
21    8.67766
24    8.47551
30    7.63576
174    11.8865
178    11.168
9 11.5276  2
22    11.27
30    10.8624
10 6.32756  3
12    8.61742
24    7.44972
99    11.3764
11 9.34675  6
25    7.29902
26    7.98349
27    10.2187
28    11.5177
29    9.75948
162    11.9074
12 9.20606  4
13    12.2776
21    7.15455
30    10.018
83    10.6421
13 8.74645  7
60    8.34733
61    11.4068
62    9.39729
63    8.83532
64    7.00018
65    7.00751
66    7.0315
14 7.24555  3
22    11.9803
23    7.37629
24    11.8253
15 12.3446  1
22    8.51067
16 8.99548  2
23    8.9505
174    9.88198
17 8.05887  2
24    10.8104
126    12.573
18 5.00031  4
21    11.3764
23    7.9172
54    8.82488
160    7.83718
19 5.01251  3
21    12.4855
120    9.02997
174    9.10486
20 5.05249  5
22    8.52293
23    8.23582
30    9.02997
47    12.3501
113    10.8104
21 5.18311  2
83    8.11313
113    11.8253
22 5.60945  7
40    12.3793
41    12.573
42    7.20545
43    7.67788
44    9.22059
45    8.25834
46    11.1162
23 7.00171  1
182    0
24 11.5484  1
174    12.169
25 6.39531  1
182    0
26 9.56801  8
89    11.8865
90    10.9638
91    7.95071
92    10.1116
93    11.168
94    8.61742
95    12.2888
96    12.2776
27 9.92843  1
120    7.61946
28 11.1055  9
31    7.80917
32    9.64943
33    9.65877
34    9.68917
35    9.78841
36    10.1125
37    11.1709
38    8.62694
39    12.3199
29 14.9493  1
182    0
30 7.50099  1
182    0
31 13.179  1
84    12.2657
32 11.7202  2
47    8.25779
159    10.929
33 6.95624  1
113    10.0021
34 11.3997  1
182    0
35 5.90976  3
47    11.7166
85    7.8804
161    12.9696
36 7.98257  1
99    12.5574
37 14.7516  2
98    12.1222
121    9.65877
38 6.85522  6
48    10.409
49    12.139
50    11.7885
51    10.6439
52    12.9062
53    8.29368
39 11.0701  1
182    0
40 14.8337  1
47    12.478
41 7.12348  2
47    11.7364
120    7.63576
42 11.946  8
100    9.29786
101    8.51067
102    11.9402
103    11.139
104    8.52293
105    11.9803
106    11.27
126    12.3793
43 7.69387  1
47    12.8953
44 13.8086  1
47    8.44218
45 13.7762  1
113    8.47551
46 13.6703  2
47    10.4736
83    11.1676
47 13.3245  1
182    0
48 12.1953  3
83    12.2851
85    11.3172
113    7.44972
49 8.5081  1
54    11.2315
50 6.46733  7
143    8.48979
144    11.872
145    10.9166
146    7.79653
147    9.60805
148    9.52364
149    9.24787
51 9.80331  10
76    8.5006
77    11.9074
78    11.0321
79    8.17374
80    10.8398
81    7.54585
82    8.78954
99    8.33799
121    9.68917
137    10.6439
52 10.6969  7
55    10.9166
56    7.79653
57    9.60805
58    9.52364
59    9.24787
83    12.8509
84    11.9947
53 13.6151  1
182    0
54 13.1442  1
182    0
55 11.6063  6
107    8.9505
108    7.37629
109    8.23582
110    11.0427
111    8.20853
112    10.9536
56 6.58452  1
182    0
57 10.186  1
113    10.7642
58 11.9466  1
162    8.5006
59 7.6957  1
182    0
60 13.8147  9
67    7.10987
68    7.36567
69    8.20103
70    10.929
71    7.83718
72    9.74081
73    9.95706
74    10.6633
75    12.9696
61 13.796  3
83    8.61632
99    8.67766
113    7.9172
62 13.7353  1
182    0
63 13.5369  2
84    12.2022
173    12.2657
64 12.889  1
99    12.9198
65 10.7732  1
182    0
66 13.8641  1
182    0
67 13.9575  2
98    11.7334
120    9.08307
68 14.2624  1
137    11.7885
69 5.25758  1
182    0
70 5.85269  1
173    11.9947
71 7.79611  1
99    7.15455
72 14.1424  1
97    12.2412
73 14.8663  6
138    12.9062
139    8.29368
140    11.2315
141    8.82488
142    12.9663
174    11.3172
74 7.22999  2
126    9.22059
161    9.74081
75 12.2939  1
182    0
76 8.82977  1
182    0
77 7.51778  1
182    0
78 13.2336  8
150    8.34733
151    11.4068
152    9.39729
153    8.83532
154    7.00018
155    7.00751
156    7.0315
157    7.10987
79 11.8984  1
83    12.9002
80 7.53822  1
182    0
81 13.3004  4
86    9.88198
87    10.4181
88    12.169
99    12.4855
82 12.1166  1
178    8.61742
83 8.25083  6
114    7.29902
115    7.98349
116    10.2187
117    11.5177
118    9.75948
119    10.018
84 5.62716  1
174    7.8804
85 7.05969  1
158    7.36567
86 11.7379  1
174    10.4181
87 7.01422  2
98    12.3185
162    8.17374
88 11.5893  1
182    0
89 6.52867  1
182    0
90 10.0035  1
120    9.64943
91 11.3506  1
182    0
92 5.74953  3
134    12.8953
135    8.25779
136    11.1143
93 7.45918  4
122    9.78841
123    10.1125
124    11.1709
125    8.62694
94 13.0422  1
182    0
95 11.2737  2
99    12.3745
137    11.7166
96 5.49837  7
127    8.25834
128    11.1162
129    8.44823
130    11.7364
131    10.4736
132    12.3501
133    12.478
97 6.63915  1
182    0
98 10.3645  2
99    7.51161
161    9.95706
99 12.5295  1
182    0
100 9.59914  1
182    0
101 10.0301  1
137    12.139
102 11.4373  1
162    11.0321
103 6.03244  1
182    0
104 8.38328  1
182    0
105 6.0596  1
182    0
106 8.47179  1
120    7.80917
107 6.34861  1
126    7.67788
108 9.41572  1
182    0
109 9.43129  1
182    0
110 9.48195  1
182    0
111 9.64736  1
182    0
112 10.1875  1
182    0
113 11.9515  1
182    0
114 7.71157  10
163    10.8398
164    7.54585
165    8.78954
166    12.8509
167    8.11313
168    10.6421
169    12.9002
170    8.27409
171    11.1676
172    8.61632
115 13.8665  1
182    0
116 13.9654  1
137    10.409
117 14.2883  1
182    0
118 5.34242  1
182    0
119 6.1298  1
178    12.2412
120 8.70098  1
126    7.20545
121 7.09723  1
182    0
122 11.8603  1
182    0
123 7.41371  2
137    8.44218
178    12.2888
124 12.8939  1
182    0
125 10.7894  1
182    0
126 13.9169  1
182    0
127 14.1299  1
182    0
128 14.8254  1
182    0
129 7.09632  1
182    0
130 11.8572  1
182    0
131 7.40364  1
182    0
132 12.861  1
182    0
133 10.6816  1
182    0
134 13.565  1
182    0
135 12.9809  1
182    0
136 11.0732  1
182    0
137 14.8437  1
182    0
138 7.15613  1
173    12.2022
139 12.0525  1
182    0
140 8.04147  1
182    0
141 14.9438  1
182    0
142 7.48299  1
182    0
143 13.1201  1
182    0
144 11.5276  1
182    0
145 6.32756  1
182    0
146 9.34675  1
182    0
147 9.20606  1
182    0
148 8.74645  1
182    0
149 7.24555  3
175    10.9638
176    7.95071
177    10.1116
150 12.3446  1
161    10.6633
151 8.99548  1
182    0
152 8.05887  1
182    0
153 5.00031  1
182    0
154 5.01251  1
182    0
155 5.05249  1
178    12.2776
156 5.18311  1
182    0
157 5.60945  1
159    8.20103
158 7.00171  1
182    0
159 11.5484  1
182    0
160 6.39531  1
182    0
161 9.56801  1
182    0
162 9.92843  1
182    0
163 11.1055  1
182    0
164 14.9493  1
182    0
165 7.50099  1
182    0
166 13.179  1
182    0
167 11.7202  3
179    12.1222
180    11.7334
181    10.4639
168 6.95624  1
182    0
169 11.3997  1
182    0
170 5.90976  1
182    0
171 7.98257  1
182    0
172 14.7516  1
182    0
173 6.85522  1
182    0
174 11.0701  1
182    0
175 14.8337  1
182    0
176 7.12348  1
182    0
177 11.946  1
182    0
178 7.69387  1
182    0
179 13.8086  1
182    0
180 13.7762  1
182    0
181 13.6703  1
182    0
182 0  0
