59
0 12.0525  10
1    61.2059
2    60.6108
3    58.6671
4    52.3196
5    61.5923
6    61.8725
7    62.7871
8    35.7727
9    46.4893
10    44.7525
1 8.04147  3
9    43.3883
10    41.1791
12    59.1267
2 14.9438  4
9    41.69
10    41.0427
11    50.0105
57    35.0009
3 7.48299  4
9    37.5581
10    42.6147
12    54.0518
34    62.8649
4 13.1201  3
9    56.8818
10    59.9013
57    46.9865
5 11.5276  3
9    42.5533
10    55.6952
35    42.2411
6 6.32756  3
9    62.4273
10    36.8815
35    62.3898
7 9.34675  6
9    59.7008
10    56.3498
12    37.2486
13    36.4951
34    36.0273
57    44.1766
8 9.20606  3
9    64.599
10    54.7678
11    39.586
9 8.74645  2
10    55.2136
12    53.8211
10 7.24555  10
14    39.9174
15    51.0936
16    57.5886
17    48.7974
18    50.0902
19    54.3118
20    38.0973
21    45.1498
22    38.1788
23    45.4154
11 12.3446  1
12    42.3775
12 8.99548  3
24    39.0458
25    48.2472
35    41.2889
13 8.05887  1
35    61.7507
14 5.00031  1
58    0
15 5.01251  1
35    64.4763
16 5.05249  1
34    38.3894
17 5.18311  1
58    0
18 5.60945  1
35    52.3681
19 7.00171  1
58    0
20 11.5484  1
58    0
21 6.39531  1
58    0
22 9.56801  1
58    0
23 9.92843  8
26    48.2939
27    48.4458
28    48.9421
29    50.5626
30    55.8545
31    43.1347
32    61.5996
33    61.8963
24 11.1055  1
58    0
25 14.9493  1
35    58.6818
26 7.50099  1
58    0
27 13.179  10
36    55.5716
37    42.2109
38    58.5829
39    52.0449
40    60.6951
41    58.9427
42    53.2196
43    64.5312
44    41.4684
45    56.1576
28 11.7202  1
56    57.0338
29 6.95624  1
58    0
30 11.3997  1
58    0
31 5.90976  2
34    41.2917
35    55.5808
32 7.98257  1
34    46.1029
33 14.7516  1
58    0
34 6.85522  1
58    0
35 11.0701  1
58    0
36 14.8337  4
46    44.1244
47    64.8315
48    42.449
49    59.3602
37 7.12348  1
58    0
38 11.946  5
51    38.9827
52    48.0403
53    47.6182
54    46.2394
55    41.7367
39 7.69387  1
50    54.5828
40 13.8086  1
58    0
41 13.7762  1
58    0
42 13.6703  1
58    0
43 13.3245  1
58    0
44 12.1953  1
58    0
45 8.5081  1
58    0
46 6.46733  1
58    0
47 9.80331  1
58    0
48 10.6969  1
58    0
49 13.6151  1
58    0
50 13.1442  1
58    0
51 11.6063  1
58    0
52 6.58452  1
58    0
53 10.186  1
58    0
54 11.9466  1
58    0
55 7.6957  1
58    0
56 13.8147  1
58    0
57 13.796  1
58    0
58 0  0
