105
0 8.82977  10
1    6.13286
2    6.10109
7    5.20907
8    4.30871
9    3.57727
11    5.68818
15    3.72486
24    4.89421
26    5.86818
58    5.5838
1 7.51778  5
3    5.99736
7    5.0558
26    5.55808
55    3.77293
102    4.61029
2 13.2336  5
4    4.55243
7    5.4819
8    6.06108
9    5.86671
60    6.08452
3 11.8984  8
4    5.6586
7    3.97536
8    6.13881
9    3.75581
11    4.64893
12    3.68815
16    3.99174
102    4.31347
4 7.53822  10
5    3.9402
6    4.94099
7    5.94325
8    6.12059
9    6.27871
10    6.24273
11    5.97008
12    5.52136
15    5.91267
24    4.31347
5 13.3004  8
7    6.08452
9    6.15923
15    4.23775
26    4.12917
30    4.14684
45    3.50009
61    5.0558
102    6.28649
6 12.1166  6
8    6.1444
9    4.33883
11    4.25533
16    3.64951
24    3.81788
69    4.25533
7 8.25083  7
8    5.58399
9    5.23196
11    5.56952
12    4.47525
15    5.40518
45    3.50375
61    6.1444
8 5.62716  6
9    6.18725
11    6.4599
12    5.99013
15    5.00105
29    6.06951
62    6.27871
9 7.05969  7
11    4.169
12    4.11791
15    3.9586
24    4.82472
26    5.23681
29    5.55716
62    5.23196
10 11.7379  3
12    5.63498
24    3.90458
55    5.95369
11 7.01422  4
12    4.26147
24    4.54154
26    3.83894
29    4.22109
12 11.5893  3
13    4.10427
14    5.47678
60    5.20907
13 6.52867  9
17    5.10936
18    5.75886
19    4.87974
20    5.00902
21    5.43118
22    3.80973
23    4.51498
26    4.22411
69    5.97008
14 10.0035  1
15    5.38211
15 11.3506  1
24    4.82939
16 5.74953  1
25    6.18963
17 7.45918  5
31    5.61576
32    4.41244
33    6.48315
34    4.2449
69    4.64893
18 13.0422  2
30    5.32196
61    4.30871
19 11.2737  5
24    4.84458
26    6.28649
29    5.20449
58    6.4501
102    6.15996
20 5.49837  4
24    5.05626
26    4.61029
29    5.89427
62    5.86671
21 6.63915  2
26    6.17507
58    4.05657
22 10.3645  3
27    6.23898
28    6.44763
60    5.99736
23 12.5295  3
24    5.58545
30    6.45312
61    5.58399
24 9.59914  2
25    6.15996
26    3.60273
25 10.0301  1
104    0
26 11.4373  1
62    3.57727
27 6.03244  2
29    4.12889
62    6.06108
28 8.38328  2
29    5.85829
55    5.51605
29 6.0596  10
35    5.93602
36    5.45828
37    3.89827
38    4.80403
39    4.76182
40    4.62394
41    4.17367
42    5.70338
43    4.69865
44    4.41766
30 8.47179  2
58    4.30816
62    6.15923
31 6.34861  10
46    3.55493
47    3.68284
48    4.10051
49    5.46451
50    3.91859
51    4.8704
52    4.97853
53    5.33166
54    6.4848
62    6.12059
32 9.41572  1
103    5.23681
33 9.43129  1
104    0
34 9.48195  1
104    0
35 9.64736  1
55    4.2503
36 10.1875  3
56    4.39477
57    6.42547
60    5.6586
37 11.9515  1
104    0
38 7.71157  1
55    5.41992
39 13.8665  3
58    4.13704
60    3.9402
62    6.18725
40 13.9654  2
45    3.51575
60    5.94325
41 14.2883  1
104    0
42 5.34242  1
60    6.10109
43 6.1298  1
55    4.08687
44 8.70098  6
63    3.75581
64    4.33883
65    6.24273
66    6.4599
67    4.169
68    5.68818
45 7.09723  1
104    0
46 11.8603  1
104    0
47 7.41371  1
104    0
48 12.8939  3
60    6.13286
61    3.97536
103    5.55808
49 10.7894  5
75    4.11791
76    5.52136
77    4.10427
78    5.47678
102    3.60273
50 13.9169  1
60    4.55243
51 14.1299  1
61    6.13881
52 14.8254  1
102    5.05626
53 7.09632  1
104    0
54 11.8572  1
59    6.14257
55 7.40364  1
101    4.89421
56 12.861  1
104    0
57 10.6816  3
58    5.32104
60    4.94099
61    5.4819
58 13.565  1
104    0
59 12.9809  1
104    0
60 11.0732  1
104    0
61 14.8437  1
103    5.86818
62 7.15613  1
104    0
63 12.0525  1
104    0
64 8.04147  1
104    0
65 14.9438  1
104    0
66 7.48299  10
79    3.9586
80    5.00105
81    5.40518
82    3.72486
83    4.23775
84    5.91267
85    5.38211
86    3.64951
87    3.99174
88    5.10936
67 13.1201  1
69    5.56952
68 11.5276  5
70    4.26147
71    5.99013
72    5.63498
73    4.47525
74    3.68815
69 6.32756  1
104    0
70 9.34675  1
102    3.83894
71 9.20606  4
97    3.90458
98    4.82472
99    4.82939
100    4.84458
72 8.74645  1
104    0
73 7.24555  1
104    0
74 12.3446  1
104    0
75 8.99548  1
104    0
76 8.05887  1
104    0
77 5.00031  1
104    0
78 5.01251  1
104    0
79 5.05249  1
102    5.58545
80 5.18311  1
104    0
81 5.60945  1
104    0
82 7.00171  1
104    0
83 11.5484  8
89    5.75886
90    4.87974
91    5.00902
92    5.43118
93    3.80973
94    4.51498
95    3.81788
96    4.54154
84 6.39531  1
104    0
85 9.56801  1
104    0
86 9.92843  1
103    4.12917
87 11.1055  1
104    0
88 14.9493  1
104    0
89 7.50099  1
104    0
90 13.179  1
103    4.22411
91 11.7202  1
104    0
92 6.95624  1
104    0
93 11.3997  1
102    6.18963
94 5.90976  1
104    0
95 7.98257  1
104    0
96 14.7516  1
104    0
97 6.85522  1
104    0
98 11.0701  1
104    0
99 14.8337  1
104    0
100 7.12348  1
104    0
101 11.946  1
104    0
102 7.69387  1
104    0
103 13.8086  1
104    0
104 0  0
