217
0 6.85522  3
1    7.67788
10    11.2315
158    11.139
1 11.0701  9
2    9.22059
3    8.25834
4    11.1162
5    8.44823
6    11.7364
7    10.4736
10    12.9062
27    7.36567
127    12.9696
2 14.8337  2
9    8.25779
10    10.409
3 7.12348  2
10    8.44218
27    7.83718
4 11.946  5
9    11.1143
10    11.7166
93    9.65877
127    11.0321
158    11.9402
5 7.69387  2
10    12.139
151    10.1116
6 13.8086  2
8    12.478
9    12.8953
7 13.7762  3
8    12.3501
10    11.7885
167    10.7642
8 13.6703  2
10    8.29368
93    9.78841
9 13.3245  4
10    10.6439
27    7.10987
101    11.7364
127    10.6633
10 12.1953  8
11    8.82488
12    12.9663
13    8.48979
14    11.872
15    10.9166
16    7.79653
17    9.60805
76    8.20853
11 8.5081  1
216    0
12 6.46733  3
70    8.33799
102    10.409
196    8.82488
13 9.80331  1
151    12.2412
14 10.6969  8
18    9.52364
19    9.24787
20    8.34733
21    11.4068
22    9.39729
23    8.83532
24    7.00018
27    8.20103
15 13.6151  1
216    0
16 13.1442  2
25    7.00751
26    7.0315
17 11.6063  1
27    10.929
18 6.58452  9
141    12.2022
142    11.9947
143    11.3172
144    9.10486
145    7.8804
146    9.88198
147    10.4181
148    12.169
149    11.8865
19 10.186  2
27    9.95706
185    9.22059
20 11.9466  2
93    9.08307
150    10.9638
21 7.6957  2
158    8.51067
167    8.47551
22 13.8147  2
27    10.6633
158    8.33799
23 13.796  2
27    9.74081
76    8.52293
24 13.7353  9
28    12.9696
29    8.5006
30    11.9074
31    11.0321
32    8.17374
33    10.8398
34    7.54585
35    8.78954
196    12.9663
25 13.5369  2
101    10.4736
127    9.95706
26 12.889  8
42    8.61632
43    12.2851
44    12.2657
45    12.2022
46    11.9947
47    11.3172
48    9.10486
167    7.9172
27 10.7732  1
101    12.478
28 13.8641  1
216    0
29 13.9575  1
197    7.79653
30 14.2624  8
36    12.8509
37    8.11313
38    10.6421
39    12.9002
40    8.27409
41    11.1676
151    8.61742
196    11.7885
31 5.25758  8
50    9.88198
51    10.4181
52    12.169
53    11.8865
54    10.9638
55    7.95071
76    8.9505
102    11.7885
32 5.85269  1
216    0
33 7.79611  1
216    0
34 14.1424  2
76    8.23582
186    11.1162
35 14.8663  7
71    11.3764
72    9.29786
73    8.51067
74    11.9402
75    11.139
101    12.8953
185    8.62694
36 7.22999  1
101    8.25779
37 12.2939  1
216    0
38 8.82977  1
216    0
39 7.51778  1
76    7.9172
40 13.2336  1
216    0
41 11.8984  9
207    8.20103
208    10.929
209    7.83718
210    9.74081
211    9.95706
212    10.6633
213    12.9696
214    8.5006
215    11.9074
42 7.53822  6
103    8.29368
104    11.2315
105    8.82488
106    12.9663
107    8.48979
108    11.872
43 13.3004  1
76    11.0427
44 12.1166  4
128    8.17374
129    10.8398
130    7.54585
131    8.78954
45 8.25083  2
49    7.8804
70    12.4855
46 5.62716  2
93    8.62694
187    12.3501
47 7.05969  1
70    8.67766
48 11.7379  1
216    0
49 7.01422  2
93    9.64943
196    8.48979
50 11.5893  1
216    0
51 6.52867  1
151    12.1222
52 10.0035  2
76    10.9536
127    8.5006
53 11.3506  1
216    0
54 5.74953  7
56    10.1116
57    11.168
58    8.61742
59    12.2888
60    12.2776
150    7.95071
176    9.02997
55 7.45918  2
175    7.61946
187    10.4736
56 13.0422  3
70    12.9198
76    7.37629
101    8.44823
57 11.2737  9
61    12.2412
62    12.1222
63    11.7334
64    10.4639
65    12.3185
66    12.3745
67    12.5574
68    7.15455
69    7.51161
58 5.49837  1
216    0
59 6.63915  1
216    0
60 10.3645  1
187    8.44823
61 12.5295  4
171    11.5177
172    9.75948
173    10.018
174    10.8624
62 9.59914  9
77    10.0021
78    10.8104
79    7.44972
80    8.47551
81    11.8253
82    10.7642
83    7.29902
84    7.98349
151    10.4639
63 10.0301  10
109    10.9166
110    7.79653
111    9.60805
112    9.52364
113    9.24787
114    8.34733
115    11.4068
116    9.39729
117    8.83532
118    7.00018
64 11.4373  1
196    12.9062
65 6.03244  1
76    11.27
66 8.38328  1
101    11.1143
67 6.0596  7
119    7.00751
120    7.0315
121    7.10987
122    7.36567
123    8.20103
124    10.929
125    7.83718
68 8.47179  1
127    11.9074
69 6.34861  1
216    0
70 9.41572  1
102    11.7166
71 9.43129  4
168    7.29902
169    7.98349
170    10.2187
196    10.6439
72 9.48195  1
76    11.9803
73 9.64736  1
93    12.3199
74 10.1875  1
102    12.139
75 11.9515  9
85    10.2187
86    11.5177
87    9.75948
88    10.018
89    10.8624
90    7.61946
91    9.02997
92    7.63576
197    9.52364
76 7.71157  3
102    8.44218
151    12.2888
167    11.8253
77 13.8665  1
102    12.9062
78 13.9654  1
126    9.74081
79 14.2883  1
151    11.168
80 5.34242  1
216    0
81 6.1298  1
102    10.6439
82 8.70098  1
167    10.0021
83 7.09723  1
216    0
84 11.8603  1
93    11.1709
85 7.41371  7
94    12.3793
95    12.573
96    7.20545
97    7.67788
98    9.22059
99    8.25834
100    11.1162
86 12.8939  1
93    7.80917
87 10.7894  1
216    0
88 13.9169  2
93    10.1125
151    11.7334
89 14.1299  1
216    0
90 14.8254  1
216    0
91 7.09632  2
93    9.68917
197    9.24787
92 11.8572  1
216    0
93 7.40364  1
185    7.20545
94 12.861  1
216    0
95 10.6816  1
216    0
96 13.565  1
216    0
97 12.9809  1
101    12.3501
98 11.0732  8
159    11.9803
160    11.27
161    8.9505
162    7.37629
163    8.23582
164    11.0427
165    8.20853
166    10.9536
99 14.8437  1
216    0
100 7.15613  1
216    0
101 12.0525  1
216    0
102 8.04147  2
151    12.2776
185    12.3199
103 14.9438  1
216    0
104 7.48299  1
167    7.44972
105 13.1201  1
216    0
106 11.5276  1
216    0
107 6.32756  1
216    0
108 9.34675  1
216    0
109 9.20606  1
158    12.4855
110 8.74645  1
216    0
111 7.24555  9
198    8.34733
199    11.4068
200    9.39729
201    8.83532
202    7.00018
203    7.00751
204    7.0315
205    7.10987
206    7.36567
112 12.3446  1
216    0
113 8.99548  10
132    12.8509
133    8.11313
134    10.6421
135    12.9002
136    8.27409
137    11.1676
138    8.61632
139    12.2851
140    12.2657
167    10.8104
114 8.05887  1
216    0
115 5.00031  1
216    0
116 5.01251  1
216    0
117 5.05249  1
216    0
118 5.18311  1
158    9.29786
119 5.60945  1
216    0
120 7.00171  1
216    0
121 11.5484  1
216    0
122 6.39531  1
216    0
123 9.56801  1
216    0
124 9.92843  1
216    0
125 11.1055  1
216    0
126 14.9493  1
158    8.52293
127 7.50099  1
157    8.67766
128 13.179  1
216    0
129 11.7202  1
216    0
130 6.95624  1
216    0
131 11.3997  1
216    0
132 5.90976  1
216    0
133 7.98257  5
180    9.65877
181    9.68917
182    9.78841
183    10.1125
184    11.1709
134 14.7516  1
216    0
135 6.85522  1
216    0
136 11.0701  1
216    0
137 14.8337  5
152    12.3185
153    12.3745
154    12.5574
155    7.15455
156    7.51161
138 7.12348  1
216    0
139 11.946  8
188    12.478
189    12.8953
190    8.25779
191    11.1143
192    8.44218
193    11.7166
194    10.409
195    12.139
140 7.69387  1
187    11.7364
141 13.8086  1
216    0
142 13.7762  1
216    0
143 13.6703  1
158    11.3764
144 13.3245  1
216    0
145 12.1953  1
216    0
146 8.5081  1
216    0
147 6.46733  1
216    0
148 9.80331  1
216    0
149 10.6969  1
216    0
150 13.6151  1
196    8.29368
151 13.1442  1
216    0
152 11.6063  1
216    0
153 6.58452  1
216    0
154 10.186  2
158    12.9198
196    11.872
155 11.9466  1
216    0
156 7.6957  1
216    0
157 13.8147  1
216    0
158 13.796  1
196    10.9166
159 13.7353  1
185    12.573
160 13.5369  1
216    0
161 12.889  1
216    0
162 10.7732  1
216    0
163 13.8641  1
185    8.25834
164 13.9575  1
216    0
165 14.2624  1
216    0
166 5.25758  3
177    9.08307
178    7.80917
179    9.64943
167 5.85269  1
216    0
168 7.79611  1
216    0
169 14.1424  1
216    0
170 14.8663  1
216    0
171 7.22999  1
216    0
172 12.2939  1
196    11.2315
173 8.82977  1
216    0
174 7.51778  2
176    7.63576
185    7.67788
175 13.2336  1
216    0
176 11.8984  1
216    0
177 7.53822  1
216    0
178 13.3004  1
216    0
179 12.1166  1
216    0
180 8.25083  1
216    0
181 5.62716  1
216    0
182 7.05969  1
216    0
183 11.7379  2
185    12.3793
197    9.60805
184 7.01422  1
216    0
185 11.5893  1
216    0
186 6.52867  1
216    0
187 10.0035  1
216    0
188 11.3506  1
216    0
189 5.74953  1
216    0
190 7.45918  1
216    0
191 13.0422  1
216    0
192 11.2737  1
216    0
193 5.49837  1
216    0
194 6.63915  1
216    0
195 10.3645  1
216    0
196 12.5295  1
216    0
197 9.59914  1
216    0
198 10.0301  1
216    0
199 11.4373  1
216    0
200 6.03244  1
216    0
201 8.38328  1
216    0
202 6.0596  1
216    0
203 8.47179  1
216    0
204 6.34861  1
216    0
205 9.41572  1
216    0
206 9.43129  1
216    0
207 9.48195  1
216    0
208 9.64736  1
216    0
209 10.1875  1
216    0
210 11.9515  1
216    0
211 7.71157  1
216    0
212 13.8665  1
216    0
213 13.9654  1
216    0
214 14.2883  1
216    0
215 5.34242  1
216    0
216 0  0
