50
0 12.8939  3
1    40.5657
23    61.3881
25    43.3883
1 10.7894  8
2    53.2104
3    64.501
4    41.3704
5    55.838
6    43.0816
24    61.8725
25    41.69
26    59.9013
2 13.9169  1
49    0
3 14.1299  1
25    42.5533
4 14.8254  1
26    42.6147
5 7.09632  1
24    61.5923
6 11.8572  10
7    61.4257
8    61.3286
9    61.0109
10    59.9736
11    56.586
12    45.5243
13    39.402
14    49.4099
15    52.0907
16    60.8452
7 7.40364  1
23    60.6108
8 12.861  7
17    59.4325
18    54.819
19    39.7536
20    50.558
21    55.8399
22    43.0871
25    37.5581
9 10.6816  2
25    56.8818
40    36.4951
10 13.565  1
23    61.2059
11 12.9809  3
23    58.6671
25    46.4893
26    59.7008
12 11.0732  1
26    55.6952
13 14.8437  2
25    35.7727
40    45.1498
14 7.15613  1
25    62.4273
15 12.0525  1
25    64.599
16 8.04147  2
23    52.3196
40    50.0902
17 14.9438  1
49    0
18 7.48299  1
40    51.0936
19 13.1201  2
24    62.7871
41    38.1788
20 11.5276  1
49    0
21 6.32756  1
40    38.0973
22 9.34675  1
23    61.444
23 9.20606  1
49    0
24 8.74645  1
49    0
25 7.24555  1
49    0
26 12.3446  7
27    56.3498
28    44.7525
29    36.8815
30    41.1791
31    55.2136
32    41.0427
40    53.8211
27 8.99548  1
49    0
28 8.05887  1
40    48.7974
29 5.00031  1
40    39.9174
30 5.01251  1
49    0
31 5.05249  2
40    57.5886
41    39.0458
32 5.18311  8
33    54.7678
34    39.586
35    50.0105
36    54.0518
37    37.2486
38    42.3775
39    59.1267
40    54.3118
33 5.60945  1
41    45.4154
34 7.00171  1
49    0
35 11.5484  7
42    48.2472
43    48.2939
44    48.4458
45    48.9421
46    50.5626
47    55.8545
48    43.1347
36 6.39531  1
49    0
37 9.56801  1
49    0
38 9.92843  1
49    0
39 11.1055  1
49    0
40 14.9493  1
49    0
41 7.50099  1
49    0
42 13.179  1
49    0
43 11.7202  1
49    0
44 6.95624  1
49    0
45 11.3997  1
49    0
46 5.90976  1
49    0
47 7.98257  1
49    0
48 14.7516  1
49    0
49 0  0
