125
0 13.1442  5
1    0.861632
2    1.22851
6    0.78804
33    0.820853
51    1.2139
1 11.6063  2
6    0.988198
51    1.0409
2 6.58452  5
3    1.22657
4    1.22022
5    1.19947
33    0.744972
105    0.867766
3 10.186  9
7    1.04181
8    1.2169
9    1.18865
10    1.09638
11    0.795071
12    1.01116
13    1.1168
19    1.23185
35    1.08624
4 11.9466  4
6    1.13172
19    1.17334
33    0.79172
105    1.23745
5 7.6957  1
6    0.910486
6 13.8147  1
51    0.825779
7 13.796  6
54    0.882488
55    1.29663
56    0.848979
57    1.1872
58    1.09166
107    0.823582
8 13.7353  1
19    0.715455
9 13.5369  9
14    0.861742
15    1.22888
16    1.22776
17    1.22412
18    1.21222
19    1.25574
50    1.17364
105    1.23185
107    0.737629
10 12.889  2
35    0.761946
50    0.825834
11 10.7732  3
19    1.23745
35    1.15177
50    0.767788
12 13.8641  2
33    0.823582
63    0.700751
13 13.9575  1
19    0.751161
14 14.2624  3
19    1.04639
50    1.11162
107    0.89505
15 5.25758  3
35    0.975948
50    1.24779
51    1.06439
16 5.85269  2
50    1.23501
106    1.24855
17 7.79611  2
33    1.09536
105    1.04639
18 14.1424  1
19    0.867766
19 14.8663  10
20    1.24855
21    1.29198
22    0.833799
23    1.13764
24    0.929786
25    0.851067
26    1.19402
27    1.1139
28    0.852293
29    1.19803
20 7.22999  2
35    1.0018
63    0.700018
21 12.2939  2
35    0.729902
50    1.04736
22 8.82977  4
30    1.127
31    0.89505
32    0.737629
50    0.922059
23 7.51778  1
51    1.17885
24 13.2336  1
124    0
25 11.8984  1
33    1.10427
26 7.53822  4
33    1.08104
35    0.798349
50    0.844823
51    0.844218
27 13.3004  4
46    1.23199
47    1.23793
48    1.2573
49    0.720545
28 12.1166  1
33    1.00021
29 8.25083  2
33    0.847551
35    1.02187
30 5.62716  5
42    0.978841
43    1.01125
44    1.11709
45    0.862694
107    1.19402
31 7.05969  2
33    1.18253
107    0.929786
32 11.7379  2
34    1.07642
36    0.763576
33 7.01422  1
36    0.902997
34 11.5893  5
52    0.829368
53    1.12315
63    0.834733
105    1.21222
107    0.852293
35 6.52867  1
124    0
36 10.0035  2
37    0.908307
38    0.780917
37 11.3506  5
39    0.964943
40    0.965877
41    0.968917
87    0.861632
107    0.851067
38 5.74953  1
51    1.17166
39 7.45918  10
71    0.995706
72    1.06633
73    1.29696
74    0.85006
75    1.19074
76    1.10321
77    0.817374
78    1.08398
79    0.754585
80    0.878954
40 13.0422  8
64    0.703149
65    0.710987
66    0.736567
67    0.820103
68    1.0929
69    0.783718
70    0.974081
107    1.19803
41 11.2737  1
105    1.17334
42 5.49837  2
51    1.29062
105    0.751161
43 6.63915  1
51    1.11143
44 10.3645  1
51    1.28953
45 12.5295  1
124    0
46 9.59914  8
88    1.22022
89    1.19947
90    1.13172
91    0.910486
92    0.78804
93    0.988198
94    1.04181
95    1.2169
47 10.0301  1
63    1.14068
48 11.4373  1
124    0
49 6.03244  1
105    0.715455
50 8.38328  1
124    0
51 6.0596  1
124    0
52 8.47179  4
59    0.779653
60    0.960805
61    0.952364
62    0.924787
53 6.34861  1
124    0
54 9.41572  1
124    0
55 9.43129  1
124    0
56 9.48195  1
124    0
57 9.64736  1
63    0.883532
58 10.1875  1
63    0.939729
59 11.9515  1
124    0
60 7.71157  1
124    0
61 13.8665  1
124    0
62 13.9654  1
87    1.22657
63 14.2883  1
124    0
64 5.34242  1
124    0
65 6.1298  1
87    1.22851
66 8.70098  1
105    1.25574
67 7.09723  1
124    0
68 11.8603  1
124    0
69 7.41371  1
106    1.13764
70 12.8939  1
124    0
71 10.7894  6
109    0.820853
110    1.09536
111    0.79172
112    1.00021
113    1.08104
114    0.744972
72 13.9169  1
124    0
73 14.1299  1
124    0
74 14.8254  8
81    1.28509
82    0.811313
83    1.06421
84    1.29002
85    0.827409
86    1.11676
106    1.29198
108    1.10427
75 7.09632  1
124    0
76 11.8572  1
124    0
77 7.40364  10
96    1.18865
97    1.09638
98    0.795071
99    1.01116
100    1.1168
101    0.861742
102    1.22888
103    1.22776
104    1.22412
107    1.1139
78 12.861  1
124    0
79 10.6816  1
124    0
80 13.565  1
124    0
81 12.9809  1
124    0
82 11.0732  1
124    0
83 14.8437  1
124    0
84 7.15613  1
124    0
85 12.0525  1
124    0
86 8.04147  1
124    0
87 14.9438  1
124    0
88 7.48299  9
115    0.847551
116    1.18253
117    1.07642
118    0.729902
119    0.798349
120    1.02187
121    1.15177
122    0.975948
123    1.0018
89 13.1201  1
124    0
90 11.5276  1
124    0
91 6.32756  1
124    0
92 9.34675  1
124    0
93 9.20606  1
124    0
94 8.74645  1
124    0
95 7.24555  1
124    0
96 12.3446  1
124    0
97 8.99548  1
124    0
98 8.05887  1
124    0
99 5.00031  1
124    0
100 5.01251  1
106    0.833799
101 5.05249  1
124    0
102 5.18311  1
124    0
103 5.60945  1
124    0
104 7.00171  1
124    0
105 11.5484  1
107    1.127
106 6.39531  1
124    0
107 9.56801  1
124    0
108 9.92843  1
124    0
109 11.1055  1
124    0
110 14.9493  1
124    0
111 7.50099  1
124    0
112 13.179  1
124    0
113 11.7202  1
124    0
114 6.95624  1
124    0
115 11.3997  1
124    0
116 5.90976  1
124    0
117 7.98257  1
124    0
118 14.7516  1
124    0
119 6.85522  1
124    0
120 11.0701  1
124    0
121 14.8337  1
124    0
122 7.12348  1
124    0
123 11.946  1
124    0
124 0  0
