67
0 8.04147  2
1    8.67766
21    7.63576
1 14.9438  9
2    12.4855
3    12.9198
4    8.33799
5    11.3764
6    9.29786
7    8.51067
8    11.9402
21    7.61946
22    9.68917
2 7.48299  2
10    8.52293
12    7.9172
3 13.1201  4
12    11.0427
22    9.64943
28    8.25779
47    8.20103
4 11.5276  3
12    8.9505
18    11.5177
47    7.83718
5 6.32756  3
12    7.37629
18    7.29902
30    8.44218
6 9.34675  3
12    8.23582
22    8.62694
55    10.8398
7 9.20606  5
11    11.9803
17    10.7642
22    7.80917
27    8.44823
30    12.139
8 8.74645  5
9    11.139
12    10.9536
18    7.98349
22    9.78841
27    12.478
9 7.24555  4
12    11.27
22    9.65877
23    12.3199
30    10.6439
10 12.3446  1
18    10.2187
11 8.99548  2
12    8.20853
27    12.3501
12 8.05887  5
13    10.0021
14    10.8104
15    7.44972
16    8.47551
21    9.02997
13 5.00031  2
17    11.8253
27    9.22059
14 5.01251  3
22    10.1125
27    10.4736
30    8.29368
15 5.05249  1
21    10.8624
16 5.18311  1
30    11.7166
17 5.60945  1
27    11.1162
18 7.00171  4
19    9.75948
20    10.018
22    9.08307
38    9.52364
19 11.5484  5
24    12.573
25    7.20545
26    7.67788
28    12.8953
30    11.7885
20 6.39531  2
22    11.1709
27    8.25834
21 9.56801  1
66    0
22 9.92843  2
23    12.3793
47    9.74081
23 11.1055  1
27    11.7364
24 14.9493  2
30    12.9062
38    9.60805
25 7.50099  1
38    8.34733
26 13.179  2
29    11.1143
30    10.409
27 11.7202  7
31    11.2315
32    8.82488
33    12.9663
34    8.48979
35    11.872
36    10.9166
37    7.79653
28 6.95624  1
47    10.929
29 11.3997  1
66    0
30 5.90976  1
66    0
31 7.98257  1
66    0
32 14.7516  10
56    8.78954
57    12.8509
58    8.11313
59    10.6421
60    12.9002
61    8.27409
62    11.1676
63    8.61632
64    12.2851
65    12.2657
33 6.85522  9
39    11.4068
40    9.39729
41    8.83532
42    7.00018
43    7.00751
44    7.0315
45    7.10987
46    7.36567
55    7.54585
34 11.0701  1
66    0
35 14.8337  7
48    9.95706
49    10.6633
50    12.9696
51    8.5006
52    11.9074
53    11.0321
54    8.17374
36 7.12348  1
66    0
37 11.946  1
38    9.24787
38 7.69387  1
66    0
39 13.8086  1
66    0
40 13.7762  1
66    0
41 13.6703  1
66    0
42 13.3245  1
66    0
43 12.1953  1
66    0
44 8.5081  1
66    0
45 6.46733  1
66    0
46 9.80331  1
66    0
47 10.6969  1
66    0
48 13.6151  1
66    0
49 13.1442  1
66    0
50 11.6063  1
66    0
51 6.58452  1
66    0
52 10.186  1
66    0
53 11.9466  1
66    0
54 7.6957  1
66    0
55 13.8147  1
66    0
56 13.796  1
66    0
57 13.7353  1
66    0
58 13.5369  1
66    0
59 12.889  1
66    0
60 10.7732  1
66    0
61 13.8641  1
66    0
62 13.9575  1
66    0
63 14.2624  1
66    0
64 5.25758  1
66    0
65 5.85269  1
66    0
66 0  0
