48
0 12.8939  5
1    43.9477
10    59.9736
17    61.5923
18    61.8725
29    54.7678
1 10.7894  6
2    64.2547
3    40.5657
4    53.2104
5    64.501
6    41.3704
10    45.5243
2 13.9169  5
7    55.838
8    43.0816
9    61.4257
10    61.3286
17    61.2059
3 14.1299  7
11    49.4099
12    52.0907
13    60.8452
14    59.4325
15    54.819
16    39.7536
18    35.7727
4 14.8254  3
10    61.0109
17    55.8399
46    43.1347
5 7.09632  2
10    56.586
17    43.0871
6 11.8572  2
17    52.3196
29    39.586
7 7.40364  1
47    0
8 12.861  1
29    50.0105
9 10.6816  2
10    39.402
46    48.9421
10 13.565  1
47    0
11 12.9809  1
17    58.6671
12 11.0732  2
17    61.3881
46    48.4458
13 14.8437  3
17    50.558
18    62.7871
28    41.0427
14 7.15613  8
19    37.5581
20    43.3883
21    62.4273
22    64.599
23    41.69
24    56.8818
25    46.4893
26    42.5533
15 12.0525  2
17    61.444
29    37.2486
16 8.04147  3
17    60.6108
27    59.7008
28    41.1791
17 14.9438  1
46    61.8963
18 7.48299  2
28    56.3498
46    55.8545
19 13.1201  1
28    59.9013
20 11.5276  1
28    42.6147
21 6.32756  1
28    55.2136
22 9.34675  1
28    44.7525
23 9.20606  1
28    36.8815
24 8.74645  1
29    54.0518
25 7.24555  9
30    59.1267
31    53.8211
32    36.4951
33    39.9174
34    51.0936
35    57.5886
36    48.7974
37    50.0902
46    61.5996
26 12.3446  8
38    54.3118
39    38.0973
40    45.1498
41    38.1788
42    45.4154
43    39.0458
44    48.2472
45    48.2939
27 8.99548  1
28    55.6952
28 8.05887  1
29    42.3775
29 5.00031  1
46    36.0273
30 5.01251  1
47    0
31 5.05249  1
47    0
32 5.18311  1
47    0
33 5.60945  1
47    0
34 7.00171  1
47    0
35 11.5484  1
47    0
36 6.39531  1
46    50.5626
37 9.56801  1
47    0
38 9.92843  1
47    0
39 11.1055  1
47    0
40 14.9493  1
47    0
41 7.50099  1
47    0
42 13.179  1
47    0
43 11.7202  1
46    62.8649
44 6.95624  1
47    0
45 11.3997  1
47    0
46 5.90976  1
47    0
47 0  0
