49
0 10.3645  4
1    0.960805
2    0.952364
5    0.883532
31    1.17334
1 12.5295  4
3    0.924787
4    0.834733
5    1.14068
21    1.22851
2 9.59914  2
5    0.700751
31    1.23185
3 10.0301  2
5    0.700018
20    1.29002
4 11.4373  2
5    0.939729
21    1.22022
5 6.03244  9
6    0.703149
7    0.710987
8    0.736567
9    0.820103
10    1.0929
11    0.783718
12    0.974081
20    1.28509
31    1.22888
6 8.38328  1
12    0.995706
7 6.0596  7
13    1.06633
14    1.29696
15    0.85006
16    1.19074
17    1.10321
21    1.22657
31    1.1168
8 8.47179  1
20    0.811313
9 6.34861  1
31    1.21222
10 9.41572  1
20    0.754585
11 9.43129  1
37    1.24855
12 9.48195  2
20    1.06421
31    1.01116
13 9.64736  1
31    1.22776
14 10.1875  2
20    0.827409
31    1.22412
15 11.9515  2
18    0.817374
19    1.08398
16 7.71157  1
20    0.861632
17 13.8665  1
20    0.878954
18 13.9654  4
33    1.25574
34    0.715455
35    0.751161
36    0.867766
19 14.2883  2
20    1.11676
32    1.23745
20 5.34242  2
21    1.19947
37    1.29198
21 6.1298  9
22    1.13172
23    0.910486
24    0.78804
25    0.988198
26    1.04181
27    1.2169
28    1.18865
29    1.09638
30    0.795071
22 8.70098  1
48    0
23 7.09723  1
31    0.861742
24 11.8603  1
48    0
25 7.41371  1
48    0
26 12.8939  1
48    0
27 10.7894  1
31    1.04639
28 13.9169  1
48    0
29 14.1299  1
48    0
30 14.8254  10
38    0.833799
39    1.13764
40    0.929786
41    0.851067
42    1.19402
43    1.1139
44    0.852293
45    1.19803
46    1.127
47    0.89505
31 7.09632  1
48    0
32 11.8572  1
48    0
33 7.40364  1
48    0
34 12.861  1
48    0
35 10.6816  1
48    0
36 13.565  1
48    0
37 12.9809  1
48    0
38 11.0732  1
48    0
39 14.8437  1
48    0
40 7.15613  1
48    0
41 12.0525  1
48    0
42 8.04147  1
48    0
43 14.9438  1
48    0
44 7.48299  1
48    0
45 13.1201  1
48    0
46 11.5276  1
48    0
47 6.32756  1
48    0
48 0  0
