118
0 7.98257  10
1    7.00018
2    7.00751
3    7.0315
4    7.10987
5    7.36567
6    8.20103
7    10.929
8    7.83718
9    9.74081
10    9.95706
1 14.7516  2
54    7.29902
71    9.74081
2 6.85522  1
117    0
3 11.0701  9
17    10.8398
18    7.54585
19    8.78954
20    12.8509
21    8.11313
22    10.6421
23    12.9002
33    12.3185
93    8.61742
4 14.8337  1
34    7.15455
5 7.12348  3
68    12.9062
71    10.929
93    10.1116
6 11.946  3
27    11.8865
68    12.139
71    9.95706
7 7.69387  4
24    8.27409
33    10.4639
70    9.24787
93    10.9638
8 13.8086  5
24    12.2022
32    12.2776
43    8.9505
70    7.00018
115    11.8253
9 13.7762  8
11    10.6633
12    12.9696
13    8.5006
14    11.9074
15    11.0321
16    8.17374
24    11.1676
27    10.9638
10 13.6703  7
24    11.9947
32    12.2412
33    12.5574
43    11.9402
61    7.63576
67    8.25779
69    8.82488
11 13.3245  2
27    10.4181
92    12.169
12 12.1953  1
70    9.52364
13 8.5081  5
25    11.3172
26    9.10486
72    12.9696
94    12.2412
113    8.9505
14 6.46733  5
28    7.95071
29    10.1116
30    11.168
31    8.61742
94    12.2776
15 9.80331  3
24    8.61632
33    12.3745
116    10.018
16 10.6969  4
27    7.8804
32    12.1222
43    11.139
68    8.44218
17 13.6151  2
61    9.78841
116    9.75948
18 13.1442  10
35    7.51161
36    8.67766
37    12.4855
38    12.9198
39    8.33799
40    11.3764
41    9.29786
42    8.51067
68    10.409
70    11.4068
19 11.6063  4
27    12.169
66    11.7364
115    7.9172
116    10.8624
20 6.58452  5
56    9.75948
57    10.018
58    10.8624
59    7.61946
60    9.02997
21 10.186  2
24    12.2657
70    8.34733
22 11.9466  1
24    12.2851
23 7.6957  2
43    11.9803
61    9.68917
24 13.8147  4
27    9.88198
32    11.7334
65    8.25834
68    8.29368
25 13.796  1
32    12.2888
26 13.7353  3
43    11.27
62    8.62694
65    12.573
27 13.5369  1
70    10.9166
28 12.889  3
43    8.23582
55    11.5177
61    7.80917
29 10.7732  3
43    8.52293
65    7.67788
72    10.6633
30 13.8641  1
117    0
31 13.9575  1
113    7.37629
32 14.2624  1
116    11.5177
33 5.25758  1
117    0
34 5.85269  1
117    0
35 7.79611  10
44    11.0427
45    8.20853
46    10.9536
47    7.9172
48    10.0021
49    10.8104
50    7.44972
51    8.47551
52    11.8253
53    10.7642
36 14.1424  8
73    11.0321
74    8.17374
75    10.8398
76    7.54585
77    8.78954
78    12.8509
79    8.11313
80    10.6421
37 14.8663  1
54    7.98349
38 7.22999  3
67    12.3501
70    8.83532
71    7.0315
39 12.2939  1
117    0
40 8.82977  1
117    0
41 7.51778  1
117    0
42 13.2336  2
43    7.37629
72    8.5006
43 11.8984  1
117    0
44 7.53822  1
117    0
45 13.3004  1
71    7.83718
46 12.1166  1
117    0
47 8.25083  1
62    11.1709
48 5.62716  3
54    10.2187
68    11.7166
71    7.10987
49 7.05969  3
61    9.08307
69    12.9663
115    10.8104
50 11.7379  2
65    9.22059
69    11.872
51 7.01422  1
117    0
52 11.5893  1
116    7.80917
53 6.52867  1
116    7.61946
54 10.0035  1
70    7.79653
55 11.3506  2
66    8.44823
95    12.1222
56 5.74953  3
71    7.36567
92    11.8865
95    11.7334
57 7.45918  1
61    9.65877
58 13.0422  2
62    10.1125
69    11.2315
59 11.2737  3
61    9.64943
69    8.48979
93    7.95071
60 5.49837  1
71    7.00751
61 6.63915  3
63    12.3199
64    12.3793
67    12.478
62 10.3645  2
67    12.8953
72    11.9074
63 12.5295  4
65    7.20545
68    11.7885
70    9.39729
116    10.2187
64 9.59914  2
67    10.4736
68    10.6439
65 10.0301  3
66    11.1162
68    11.1143
71    8.20103
66 11.4373  1
117    0
67 6.03244  1
117    0
68 8.38328  1
113    11.0427
69 6.0596  2
70    9.60805
113    8.23582
70 8.47179  10
96    12.3185
97    12.3745
98    12.5574
99    7.15455
100    7.51161
101    8.67766
102    12.4855
103    12.9198
115    10.7642
116    7.63576
71 6.34861  1
115    7.29902
72 9.41572  1
117    0
73 9.43129  7
81    12.9002
82    8.27409
83    11.1676
84    8.61632
85    12.2851
86    12.2657
94    12.2888
74 9.48195  1
116    9.08307
75 9.64736  5
87    12.2022
88    11.9947
89    11.3172
90    9.10486
91    7.8804
76 10.1875  1
117    0
77 11.9515  1
117    0
78 7.71157  1
117    0
79 13.8665  1
95    10.4639
80 13.9654  1
117    0
81 14.2883  1
117    0
82 5.34242  1
117    0
83 6.1298  1
117    0
84 8.70098  1
117    0
85 7.09723  9
104    8.33799
105    11.3764
106    9.29786
107    8.51067
108    11.9402
109    11.139
110    8.52293
111    11.9803
112    11.27
86 11.8603  1
117    0
87 7.41371  2
92    10.4181
116    9.02997
88 12.8939  2
92    9.88198
93    11.168
89 10.7894  1
115    8.47551
90 13.9169  1
117    0
91 14.1299  1
117    0
92 14.8254  1
117    0
93 7.09632  1
117    0
94 11.8572  1
115    7.44972
95 7.40364  1
117    0
96 12.861  1
117    0
97 10.6816  1
117    0
98 13.565  1
117    0
99 12.9809  1
117    0
100 11.0732  2
114    10.9536
115    7.98349
101 14.8437  1
117    0
102 7.15613  1
117    0
103 12.0525  1
115    10.0021
104 8.04147  1
117    0
105 14.9438  1
117    0
106 7.48299  1
113    8.20853
107 13.1201  1
117    0
108 11.5276  1
117    0
109 6.32756  1
117    0
110 9.34675  1
117    0
111 9.20606  1
117    0
112 8.74645  1
117    0
113 7.24555  1
117    0
114 12.3446  1
117    0
115 8.99548  1
117    0
116 8.05887  1
117    0
117 0  0
