102
0 5.01251  7
1    0.922059
2    0.825834
3    1.11162
4    0.844823
5    1.17364
6    1.04736
7    1.23501
1 5.05249  1
29    1.0929
2 5.18311  1
30    1.29696
3 5.60945  9
12    0.844218
13    1.17166
14    1.0409
15    1.2139
16    1.17885
17    1.06439
18    1.29062
19    0.829368
20    1.12315
4 7.00171  2
21    1.09166
29    0.736567
5 11.5484  8
22    0.952364
23    0.924787
24    0.834733
25    1.14068
26    0.939729
27    0.883532
28    0.700018
45    1.22657
6 6.39531  3
8    1.24779
9    1.28953
29    0.974081
7 9.56801  3
21    0.848979
29    0.995706
46    1.2169
8 9.92843  1
61    0.851067
9 11.1055  2
10    0.825779
11    1.11143
10 14.9493  3
21    1.1872
29    0.700751
45    1.19947
11 7.50099  1
101    0
12 13.179  2
45    1.22022
46    0.78804
13 11.7202  1
45    1.22851
14 6.95624  2
21    0.960805
61    0.929786
15 11.3997  2
21    0.779653
29    0.783718
16 5.90976  4
49    1.01116
50    1.1168
51    0.861742
52    1.22888
17 7.98257  1
21    1.29663
18 14.7516  1
29    0.820103
19 6.85522  1
101    0
20 11.0701  2
21    0.882488
29    0.703149
21 14.8337  6
31    0.85006
32    1.19074
33    1.10321
34    0.817374
35    1.08398
36    0.754585
22 7.12348  2
45    1.13172
61    0.867766
23 11.946  6
71    0.820853
72    1.09536
73    0.79172
74    1.00021
75    1.08104
76    0.744972
24 7.69387  2
29    0.710987
46    0.988198
25 13.8086  1
101    0
26 13.7762  1
101    0
27 13.6703  1
30    1.06633
28 13.3245  1
46    1.18865
29 12.1953  1
101    0
30 8.5081  1
101    0
31 6.46733  1
61    1.13764
32 9.80331  1
101    0
33 10.6969  1
101    0
34 13.6151  8
37    0.878954
38    1.28509
39    0.811313
40    1.06421
41    1.29002
42    0.827409
43    1.11676
44    0.861632
35 13.1442  2
47    1.09638
48    0.795071
36 11.6063  1
46    0.910486
37 6.58452  1
101    0
38 10.186  1
101    0
39 11.9466  8
53    1.22776
54    1.22412
55    1.21222
56    1.17334
57    1.04639
58    1.23185
59    1.23745
60    1.25574
40 7.6957  1
61    1.24855
41 13.8147  1
61    0.715455
42 13.796  1
101    0
43 13.7353  1
101    0
44 13.5369  1
61    1.29198
45 12.889  1
46    1.04181
46 10.7732  1
101    0
47 13.8641  1
101    0
48 13.9575  1
101    0
49 14.2624  10
86    1.08624
87    0.761946
88    0.902997
89    0.763576
90    0.908307
91    0.780917
92    0.964943
93    0.965877
94    0.968917
95    0.978841
50 5.25758  1
61    0.751161
51 5.85269  1
101    0
52 7.79611  1
101    0
53 14.1424  1
101    0
54 14.8663  9
62    1.19402
63    1.1139
64    0.852293
65    1.19803
66    1.127
67    0.89505
68    0.737629
69    0.823582
70    1.10427
55 7.22999  1
101    0
56 12.2939  1
101    0
57 8.82977  1
101    0
58 7.51778  1
61    0.833799
59 13.2336  1
101    0
60 11.8984  9
77    0.847551
78    1.18253
79    1.07642
80    0.729902
81    0.798349
82    1.02187
83    1.15177
84    0.975948
85    1.0018
61 7.53822  1
101    0
62 13.3004  1
101    0
63 12.1166  1
101    0
64 8.25083  1
101    0
65 5.62716  5
96    1.01125
97    1.11709
98    0.862694
99    1.23199
100    1.23793
66 7.05969  1
101    0
67 11.7379  1
101    0
68 7.01422  1
101    0
69 11.5893  1
101    0
70 6.52867  1
101    0
71 10.0035  1
101    0
72 11.3506  1
101    0
73 5.74953  1
101    0
74 7.45918  1
101    0
75 13.0422  1
101    0
76 11.2737  1
101    0
77 5.49837  1
101    0
78 6.63915  1
101    0
79 10.3645  1
101    0
80 12.5295  1
101    0
81 9.59914  1
101    0
82 10.0301  1
101    0
83 11.4373  1
101    0
84 6.03244  1
101    0
85 8.38328  1
101    0
86 6.0596  1
101    0
87 8.47179  1
101    0
88 6.34861  1
101    0
89 9.41572  1
101    0
90 9.43129  1
101    0
91 9.48195  1
101    0
92 9.64736  1
101    0
93 10.1875  1
101    0
94 11.9515  1
101    0
95 7.71157  1
101    0
96 13.8665  1
101    0
97 13.9654  1
101    0
98 14.2883  1
101    0
99 5.34242  1
101    0
100 6.1298  1
101    0
101 0  0
