91
0 7.15613  2
1    4.23775
12    3.81788
1 12.0525  6
2    5.91267
3    5.38211
12    4.82939
26    4.12889
45    3.91859
75    5.68818
2 8.04147  3
3    3.64951
12    3.90458
46    4.97853
3 14.9438  10
4    3.99174
5    5.10936
6    5.75886
7    4.87974
8    5.00902
9    5.43118
10    3.80973
11    4.51498
12    5.05626
44    3.50009
4 7.48299  3
12    4.89421
25    6.23898
26    5.85829
5 13.1201  1
44    3.51575
6 11.5276  1
90    0
7 6.32756  2
12    4.54154
45    5.46451
8 9.34675  3
12    4.84458
44    3.55493
75    4.33883
9 9.20606  1
12    4.31347
10 8.74645  1
12    5.58545
11 7.24555  2
12    4.82472
47    5.95369
12 12.3446  10
13    6.15996
14    6.18963
15    6.28649
16    3.60273
17    3.83894
18    4.61029
19    4.12917
20    5.55808
21    4.22411
22    5.86818
13 8.99548  2
45    4.10051
47    5.51605
14 8.05887  2
25    6.44763
67    4.30871
15 5.00031  2
26    5.55716
75    4.25533
16 5.01251  1
90    0
17 5.05249  7
37    5.93602
38    5.45828
39    3.89827
40    4.80403
41    4.76182
42    4.62394
43    4.17367
18 5.18311  1
46    6.4848
19 5.60945  1
90    0
20 7.00171  1
46    5.33166
21 11.5484  3
23    5.23681
24    6.17507
44    3.50375
22 6.39531  2
26    4.22109
67    6.1444
23 9.56801  1
90    0
24 9.92843  1
57    6.14257
25 11.1055  1
90    0
26 14.9493  10
27    5.20449
28    6.06951
29    5.89427
30    5.32196
31    6.45312
32    4.14684
33    5.61576
34    4.41244
35    6.48315
36    4.2449
27 7.50099  10
48    3.77293
49    4.39477
50    6.42547
51    4.05657
52    5.32104
53    6.4501
54    4.13704
55    5.5838
56    4.30816
57    5.99736
28 13.179  1
45    4.8704
29 11.7202  1
90    0
30 6.95624  2
47    4.2503
75    6.4599
31 11.3997  1
44    4.69865
32 5.90976  1
47    4.08687
33 7.98257  10
58    3.9402
59    4.94099
60    5.20907
61    6.08452
62    5.94325
63    5.4819
64    3.97536
65    5.0558
66    5.58399
75    6.27871
34 14.7516  1
57    5.6586
35 6.85522  1
44    3.68284
36 11.0701  1
44    4.41766
37 14.8337  1
90    0
38 7.12348  1
57    6.10109
39 11.946  2
44    5.70338
47    5.41992
40 7.69387  1
90    0
41 13.8086  1
90    0
42 13.7762  10
76    5.97008
77    5.56952
78    4.26147
79    5.99013
80    5.63498
81    4.47525
82    3.68815
83    4.11791
84    5.52136
85    4.10427
43 13.6703  1
90    0
44 13.3245  1
90    0
45 12.1953  1
90    0
46 8.5081  1
90    0
47 6.46733  1
57    6.13286
48 9.80331  1
90    0
49 10.6969  1
90    0
50 13.6151  1
90    0
51 13.1442  1
90    0
52 11.6063  1
90    0
53 6.58452  1
90    0
54 10.186  1
90    0
55 11.9466  7
68    6.13881
69    6.12059
70    6.06108
71    5.86671
72    5.23196
73    6.15923
74    6.18725
56 7.6957  1
57    4.55243
57 13.8147  4
86    5.47678
87    3.9586
88    5.00105
89    5.40518
58 13.796  1
90    0
59 13.7353  1
90    0
60 13.5369  1
90    0
61 12.889  1
90    0
62 10.7732  1
90    0
63 13.8641  1
90    0
64 13.9575  1
90    0
65 14.2624  1
75    3.75581
66 5.25758  1
90    0
67 5.85269  1
90    0
68 7.79611  1
75    4.64893
69 14.1424  1
90    0
70 14.8663  1
90    0
71 7.22999  1
75    4.169
72 12.2939  1
75    6.24273
73 8.82977  1
90    0
74 7.51778  1
75    3.57727
75 13.2336  1
90    0
76 11.8984  1
90    0
77 7.53822  1
90    0
78 13.3004  1
90    0
79 12.1166  1
90    0
80 8.25083  1
90    0
81 5.62716  1
90    0
82 7.05969  1
90    0
83 11.7379  1
90    0
84 7.01422  1
90    0
85 11.5893  1
90    0
86 6.52867  1
90    0
87 10.0035  1
90    0
88 11.3506  1
90    0
89 5.74953  1
90    0
90 0  0
