91
0 7.6957  1
1    4.17367
1 13.8147  5
2    5.70338
3    4.69865
13    4.8704
14    5.33166
30    5.0558
2 13.796  9
7    3.51575
8    3.55493
9    3.68284
10    4.10051
11    5.46451
12    3.91859
14    4.97853
23    5.5838
38    4.25533
3 13.7353  4
4    4.41766
5    3.50009
6    3.50375
14    5.95369
4 13.5369  2
14    4.2503
30    6.12059
5 12.889  1
90    0
6 10.7732  1
23    4.30816
7 13.8641  3
14    5.51605
23    6.13286
30    5.58399
8 13.9575  1
38    4.169
9 14.2624  2
24    5.6586
45    4.23775
10 5.25758  7
15    4.08687
16    5.41992
17    3.77293
18    4.39477
19    6.42547
30    5.4819
38    5.97008
11 5.85269  3
30    6.13881
62    6.28649
65    6.17507
12 7.79611  2
14    6.4848
45    5.91267
13 14.1424  1
30    6.1444
14 14.8663  3
20    4.05657
21    5.32104
22    6.4501
15 7.22999  8
31    5.86671
32    5.23196
33    6.15923
34    6.18725
35    6.27871
36    3.57727
37    3.75581
38    5.56952
16 12.2939  4
23    5.99736
30    6.06108
39    5.99013
62    5.58545
17 8.82977  2
23    4.13704
38    4.64893
18 7.51778  6
25    3.9402
26    4.94099
27    5.20907
28    6.08452
29    5.94325
65    5.86818
19 13.2336  3
30    4.30871
39    4.26147
65    6.23898
20 11.8984  4
38    6.24273
54    3.80973
60    4.82939
62    6.15996
21 7.53822  1
23    6.14257
22 13.3004  3
23    6.10109
24    4.55243
62    4.31347
23 12.1166  1
45    3.72486
24 8.25083  9
46    5.38211
47    3.64951
48    3.99174
49    5.10936
50    5.75886
51    4.87974
52    5.00902
53    5.43118
65    4.12889
25 5.62716  1
30    3.97536
26 7.05969  5
40    5.63498
41    4.47525
42    3.68815
43    4.11791
44    5.52136
27 11.7379  3
45    4.10427
62    4.89421
63    3.83894
28 7.01422  2
61    4.84458
74    4.2449
29 11.5893  1
90    0
30 6.52867  2
45    5.00105
74    4.41244
31 10.0035  1
90    0
32 11.3506  1
62    6.18963
33 5.74953  1
45    3.9586
34 7.45918  1
38    6.4599
35 13.0422  1
38    5.68818
36 11.2737  2
38    4.33883
74    5.61576
37 5.49837  1
90    0
38 6.63915  1
45    5.47678
39 10.3645  7
75    5.93602
76    5.45828
77    3.89827
78    4.80403
79    4.76182
80    4.62394
81    4.17367
40 12.5295  1
90    0
41 9.59914  1
90    0
42 10.0301  1
63    4.12917
43 11.4373  1
90    0
44 6.03244  2
45    5.40518
65    4.22411
45 8.38328  1
62    5.05626
46 6.0596  3
58    3.90458
59    4.82472
63    4.61029
47 8.47179  1
90    0
48 6.34861  1
90    0
49 9.41572  1
90    0
50 9.43129  1
65    6.44763
51 9.48195  8
66    4.22109
67    5.85829
68    5.20449
69    6.06951
70    5.89427
71    5.32196
72    6.45312
73    4.14684
52 9.64736  1
65    5.23681
53 10.1875  3
55    4.51498
56    3.81788
57    4.54154
54 11.9515  1
74    6.48315
55 7.71157  1
90    0
56 13.8665  1
90    0
57 13.9654  1
90    0
58 14.2883  1
62    3.60273
59 5.34242  1
64    5.55808
60 6.1298  1
65    5.55716
61 8.70098  1
90    0
62 7.09723  1
90    0
63 11.8603  1
90    0
64 7.41371  1
90    0
65 12.8939  1
90    0
66 10.7894  1
90    0
67 13.9169  8
82    5.70338
83    4.69865
84    4.41766
85    3.50009
86    3.50375
87    3.51575
88    3.55493
89    3.68284
68 14.1299  1
90    0
69 14.8254  1
90    0
70 7.09632  1
90    0
71 11.8572  1
90    0
72 7.40364  1
90    0
73 12.861  1
90    0
74 10.6816  1
90    0
75 13.565  1
90    0
76 12.9809  1
90    0
77 11.0732  1
90    0
78 14.8437  1
90    0
79 7.15613  1
90    0
80 12.0525  1
90    0
81 8.04147  1
90    0
82 14.9438  1
90    0
83 7.48299  1
90    0
84 13.1201  1
90    0
85 11.5276  1
90    0
86 6.32756  1
90    0
87 9.34675  1
90    0
88 9.20606  1
90    0
89 8.74645  1
90    0
90 0  0
