61
0 5.49837  3
1    0.710987
13    1.11676
15    0.861742
1 6.63915  6
2    0.736567
3    0.820103
4    1.0929
12    0.754585
14    0.78804
15    1.18865
2 10.3645  6
5    0.783718
6    0.974081
7    0.995706
15    1.1168
42    0.744972
43    1.15177
3 12.5295  6
8    1.29696
12    0.811313
13    1.22657
14    1.19947
15    1.09638
41    0.79172
4 9.59914  4
8    1.06633
12    1.29002
14    1.2169
15    1.22776
5 10.0301  3
12    0.817374
13    1.22022
14    1.04181
6 11.4373  5
9    0.85006
10    1.19074
11    1.10321
14    1.13172
15    1.22888
7 6.03244  3
13    0.861632
14    0.910486
23    0.751161
8 8.38328  2
12    1.28509
14    0.988198
9 6.0596  3
12    0.878954
13    0.827409
15    1.22412
10 8.47179  2
12    1.08398
15    1.01116
11 6.34861  3
12    1.06421
13    1.22851
42    1.18253
12 9.41572  1
15    0.795071
13 9.43129  1
60    0
14 9.48195  1
16    1.21222
15 9.64736  6
17    1.17334
18    1.04639
19    1.23185
20    1.23745
21    1.25574
22    0.715455
16 10.1875  1
42    0.729902
17 11.9515  1
60    0
18 7.71157  5
24    0.867766
25    1.24855
26    1.29198
27    0.833799
28    1.13764
19 13.8665  1
60    0
20 13.9654  1
60    0
21 14.2883  1
42    0.847551
22 5.34242  10
44    1.0018
45    1.08624
46    0.761946
47    0.902997
48    0.763576
49    0.908307
50    0.780917
51    0.964943
52    0.965877
53    0.968917
23 6.1298  7
29    0.929786
30    0.851067
31    1.19402
32    1.1139
33    0.852293
34    1.19803
54    0.978841
24 8.70098  1
60    0
25 7.09723  1
60    0
26 11.8603  1
60    0
27 7.41371  1
42    1.00021
28 12.8939  1
60    0
29 10.7894  1
60    0
30 13.9169  1
41    1.09536
31 14.1299  1
43    0.975948
32 14.8254  6
35    1.127
36    0.89505
37    0.737629
38    0.823582
39    1.10427
40    0.820853
33 7.09632  1
60    0
34 11.8572  1
60    0
35 7.40364  1
60    0
36 12.861  1
42    1.07642
37 10.6816  1
43    0.798349
38 13.565  1
60    0
39 12.9809  1
60    0
40 11.0732  1
60    0
41 14.8437  1
42    1.08104
42 7.15613  1
43    1.02187
43 12.0525  5
55    1.01125
56    1.11709
57    0.862694
58    1.23199
59    1.23793
44 8.04147  1
60    0
45 14.9438  1
60    0
46 7.48299  1
60    0
47 13.1201  1
60    0
48 11.5276  1
60    0
49 6.32756  1
60    0
50 9.34675  1
60    0
51 9.20606  1
60    0
52 8.74645  1
60    0
53 7.24555  1
60    0
54 12.3446  1
60    0
55 8.99548  1
60    0
56 8.05887  1
60    0
57 5.00031  1
60    0
58 5.01251  1
60    0
59 5.05249  1
60    0
60 0  0
