238
0 9.20606  7
1    8.62694
2    12.3199
3    12.3793
4    12.573
5    7.20545
6    8.25834
7    11.7364
1 8.74645  2
8    10.409
135    8.61632
2 7.24555  4
6    9.22059
7    12.8953
8    11.7166
185    9.08307
3 12.3446  4
6    11.1162
7    12.3501
8    8.25779
124    10.9166
4 8.99548  1
6    8.44823
5 8.05887  4
6    7.67788
7    12.478
8    8.44218
135    12.9002
6 5.00031  2
7    10.4736
8    11.1143
7 5.01251  4
8    12.139
124    9.39729
186    12.3199
188    12.3501
8 5.05249  10
9    11.7885
10    10.6439
11    12.9062
12    8.29368
13    11.2315
14    8.82488
15    12.9663
16    8.48979
17    11.872
18    10.9166
9 5.18311  2
99    7.98349
124    8.34733
10 5.60945  1
237    0
11 7.00171  8
28    7.00751
29    7.0315
30    7.10987
31    7.36567
32    8.20103
33    10.929
34    7.83718
35    9.74081
12 11.5484  10
19    7.79653
20    9.60805
21    9.52364
22    9.24787
23    8.34733
24    11.4068
25    9.39729
26    8.83532
27    7.00018
101    9.64943
13 6.39531  1
237    0
14 9.56801  1
237    0
15 9.92843  5
114    10.409
115    12.139
116    11.7885
117    10.6439
118    12.9062
16 11.1055  1
197    8.48979
17 14.9493  2
136    12.2022
137    11.9947
18 7.50099  1
188    11.1143
19 13.179  3
99    11.5177
103    7.67788
144    10.4639
20 11.7202  8
84    11.3764
85    9.29786
86    8.51067
87    11.9402
88    11.139
89    8.52293
90    11.9803
138    7.8804
21 6.95624  10
36    9.95706
37    10.6633
38    12.9696
39    8.5006
40    11.9074
41    11.0321
42    8.17374
43    10.8398
44    7.54585
45    8.78954
22 11.3997  1
129    10.929
23 5.90976  1
237    0
24 7.98257  1
99    10.018
25 14.7516  1
92    11.0427
26 6.85522  2
99    10.8624
101    9.65877
27 11.0701  1
144    12.1222
28 14.8337  1
103    11.1162
29 7.12348  1
103    8.25834
30 11.946  1
237    0
31 7.69387  1
237    0
32 13.8086  1
237    0
33 13.7762  1
187    11.1162
34 13.6703  7
66    10.1116
67    11.168
68    8.61742
69    12.2888
70    12.2776
71    12.2412
72    12.1222
35 13.3245  8
167    10.9536
168    7.9172
169    10.0021
170    10.8104
171    7.44972
172    8.47551
173    11.8253
174    10.7642
36 12.1953  4
157    11.9402
158    11.139
159    8.52293
160    11.9803
37 8.5081  1
237    0
38 6.46733  1
237    0
39 9.80331  9
56    11.9947
57    11.3172
58    9.10486
59    7.8804
60    9.88198
61    10.4181
62    12.169
63    11.8865
64    10.9638
40 10.6969  1
237    0
41 13.6151  1
237    0
42 13.1442  10
46    12.8509
47    8.11313
48    10.6421
49    12.9002
50    8.27409
51    11.1676
52    8.61632
53    12.2851
54    12.2657
55    12.2022
43 11.6063  3
99    7.29902
103    12.573
138    9.88198
44 6.58452  3
101    9.68917
123    8.48979
188    12.478
45 10.186  1
237    0
46 11.9466  6
80    8.67766
81    12.4855
82    12.9198
83    8.33799
103    8.62694
186    11.1709
47 7.6957  1
237    0
48 13.8147  2
65    7.95071
135    8.27409
49 13.796  1
91    8.23582
50 13.7353  7
73    11.7334
74    10.4639
75    12.3185
76    12.3745
77    12.5574
78    7.15455
79    7.51161
51 13.5369  1
185    9.65877
52 12.889  1
237    0
53 10.7732  1
124    9.52364
54 13.8641  1
237    0
55 13.9575  1
237    0
56 14.2624  1
237    0
57 5.25758  1
138    9.10486
58 5.85269  1
99    9.75948
59 7.79611  1
186    7.20545
60 14.1424  1
129    7.36567
61 14.8663  1
196    8.82488
62 7.22999  1
237    0
63 12.2939  1
124    7.79653
64 8.82977  1
129    7.83718
65 7.51778  5
139    12.169
140    11.8865
141    10.9638
142    7.95071
143    10.1116
66 13.2336  1
237    0
67 11.8984  1
237    0
68 7.53822  2
91    11.27
124    11.872
69 13.3004  2
100    7.61946
144    11.168
70 12.1166  5
92    8.20853
103    11.1709
138    10.4181
144    12.2412
187    8.44823
71 8.25083  1
91    7.37629
72 5.62716  3
101    9.78841
103    7.20545
223    8.78954
73 7.05969  1
237    0
74 11.7379  1
237    0
75 7.01422  6
93    10.9536
94    7.9172
95    10.0021
96    10.8104
97    7.44972
98    8.47551
76 11.5893  2
103    12.3793
135    8.11313
77 6.52867  1
237    0
78 10.0035  1
124    8.83532
79 11.3506  1
103    9.22059
80 5.74953  1
91    8.9505
81 7.45918  1
237    0
82 13.0422  1
102    10.1125
83 11.2737  1
130    8.17374
84 5.49837  1
237    0
85 6.63915  7
189    10.409
190    12.139
191    11.7885
192    10.6439
193    12.9062
194    8.29368
195    11.2315
86 10.3645  2
99    11.8253
129    11.9074
87 12.5295  1
237    0
88 9.59914  4
131    10.8398
132    7.54585
133    8.78954
134    12.8509
89 10.0301  1
99    10.2187
90 11.4373  1
135    11.1676
91 6.03244  3
145    12.3185
146    12.3745
147    12.5574
92 8.38328  10
104    8.44823
105    11.7364
106    10.4736
107    12.3501
108    12.478
109    12.8953
110    8.25779
111    11.1143
112    8.44218
113    11.7166
93 6.0596  1
99    10.7642
94 8.47179  3
129    12.9696
144    8.61742
186    12.3793
95 6.34861  1
101    7.80917
96 9.41572  1
237    0
97 9.43129  1
101    9.08307
98 9.48195  1
185    9.68917
99 9.64736  2
101    9.02997
135    10.6421
100 10.1875  1
101    7.63576
101 11.9515  9
148    7.15455
149    7.51161
150    8.67766
151    12.4855
152    12.9198
153    8.33799
154    11.3764
155    9.29786
156    8.51067
102 7.71157  3
103    12.3199
129    9.95706
144    12.2776
103 13.8665  1
129    8.20103
104 13.9654  1
237    0
105 14.2883  2
124    9.60805
186    7.67788
106 5.34242  1
135    12.2851
107 6.1298  2
129    9.74081
138    11.3172
108 8.70098  1
237    0
109 7.09723  5
119    8.29368
120    11.2315
121    8.82488
122    12.9663
130    11.0321
110 11.8603  1
124    9.24787
111 7.41371  1
237    0
112 12.8939  2
129    10.6633
187    11.7364
113 10.7894  5
125    7.00018
126    7.00751
127    7.0315
128    7.10987
144    11.7334
114 13.9169  1
237    0
115 14.1299  1
237    0
116 14.8254  1
237    0
117 7.09632  2
124    11.4068
187    8.25834
118 11.8572  1
135    12.2657
119 7.40364  1
237    0
120 12.861  1
237    0
121 10.6816  1
129    8.5006
122 13.565  6
198    10.9166
199    7.79653
200    9.60805
201    9.52364
202    9.24787
203    8.34733
123 12.9809  1
237    0
124 11.0732  10
175    7.29902
176    7.98349
177    10.2187
178    11.5177
179    9.75948
180    10.018
181    10.8624
182    7.61946
183    9.02997
184    7.63576
125 14.8437  9
214    7.83718
215    9.74081
216    9.95706
217    10.6633
218    12.9696
219    8.5006
220    11.9074
221    11.0321
222    8.17374
126 7.15613  1
237    0
127 12.0525  1
237    0
128 8.04147  1
237    0
129 14.9438  1
237    0
130 7.48299  1
237    0
131 13.1201  1
237    0
132 11.5276  1
237    0
133 6.32756  5
161    11.27
162    8.9505
163    7.37629
164    8.23582
165    11.0427
134 9.34675  2
144    12.2888
187    10.4736
135 9.20606  1
237    0
136 8.74645  1
187    9.22059
137 7.24555  1
237    0
138 12.3446  1
237    0
139 8.99548  1
237    0
140 8.05887  1
237    0
141 5.00031  1
197    11.872
142 5.01251  1
237    0
143 5.05249  1
237    0
144 5.18311  8
229    11.3172
230    9.10486
231    7.8804
232    9.88198
233    10.4181
234    12.169
235    11.8865
236    10.9638
145 5.60945  1
237    0
146 7.00171  1
223    7.54585
147 11.5484  1
188    11.7166
148 6.39531  1
237    0
149 9.56801  1
188    8.44218
150 9.92843  1
237    0
151 11.1055  1
237    0
152 14.9493  1
237    0
153 7.50099  1
237    0
154 13.179  1
237    0
155 11.7202  1
237    0
156 6.95624  10
204    11.4068
205    9.39729
206    8.83532
207    7.00018
208    7.00751
209    7.0315
210    7.10987
211    7.36567
212    8.20103
213    10.929
157 11.3997  1
237    0
158 5.90976  1
237    0
159 7.98257  2
185    7.80917
188    12.8953
160 14.7516  1
237    0
161 6.85522  1
186    10.1125
162 11.0701  1
237    0
163 14.8337  1
166    8.20853
164 7.12348  1
237    0
165 11.946  1
237    0
166 7.69387  1
185    9.64943
167 13.8086  1
237    0
168 13.7762  1
237    0
169 13.6703  1
186    8.62694
170 13.3245  1
237    0
171 12.1953  1
186    12.573
172 8.5081  2
185    9.78841
223    12.8509
173 6.46733  1
237    0
174 9.80331  1
228    12.2022
175 10.6969  2
188    8.25779
228    11.9947
176 13.6151  1
237    0
177 13.1442  1
237    0
178 11.6063  1
237    0
179 6.58452  1
237    0
180 10.186  1
228    12.2851
181 11.9466  1
237    0
182 7.6957  4
224    8.11313
225    10.6421
226    12.9002
227    8.27409
183 13.8147  1
228    12.2657
184 13.796  1
237    0
185 13.7353  1
237    0
186 13.5369  1
237    0
187 12.889  1
237    0
188 10.7732  1
237    0
189 13.8641  1
237    0
190 13.9575  1
228    8.61632
191 14.2624  1
237    0
192 5.25758  1
197    12.9663
193 5.85269  1
237    0
194 7.79611  1
237    0
195 14.1424  1
237    0
196 14.8663  1
237    0
197 7.22999  1
237    0
198 12.2939  1
237    0
199 8.82977  1
237    0
200 7.51778  1
237    0
201 13.2336  1
237    0
202 11.8984  1
237    0
203 7.53822  1
237    0
204 13.3004  1
237    0
205 12.1166  1
237    0
206 8.25083  1
237    0
207 5.62716  1
237    0
208 7.05969  1
237    0
209 11.7379  1
237    0
210 7.01422  1
223    10.8398
211 11.5893  1
237    0
212 6.52867  1
237    0
213 10.0035  1
237    0
214 11.3506  1
237    0
215 5.74953  1
237    0
216 7.45918  1
237    0
217 13.0422  1
228    11.1676
218 11.2737  1
237    0
219 5.49837  1
237    0
220 6.63915  1
237    0
221 10.3645  1
237    0
222 12.5295  1
237    0
223 9.59914  1
237    0
224 10.0301  1
237    0
225 11.4373  1
237    0
226 6.03244  1
237    0
227 8.38328  1
237    0
228 6.0596  1
237    0
229 8.47179  1
237    0
230 6.34861  1
237    0
231 9.41572  1
237    0
232 9.43129  1
237    0
233 9.48195  1
237    0
234 9.64736  1
237    0
235 10.1875  1
237    0
236 11.9515  1
237    0
237 0  0
