97
0 13.7353  10
1    8.20103
2    10.929
3    7.83718
4    9.74081
5    9.95706
6    10.6633
7    12.9696
8    8.5006
9    11.9074
10    11.0321
1 13.5369  1
96    0
2 12.889  2
12    12.8509
58    7.61946
3 10.7732  2
29    12.2776
58    9.65877
4 13.8641  2
11    8.17374
29    10.1116
5 13.9575  1
96    0
6 14.2624  1
12    8.78954
7 5.25758  1
12    8.11313
8 5.85269  4
13    10.6421
14    12.9002
15    8.27409
74    11.2315
9 7.79611  1
12    7.54585
10 14.1424  1
29    10.9638
11 14.8663  3
12    10.8398
29    12.2888
58    9.02997
12 7.22999  4
26    10.4181
27    12.169
28    11.8865
85    8.20103
13 12.2939  3
24    7.8804
25    9.88198
47    7.9172
14 8.82977  8
16    11.1676
17    8.61632
18    12.2851
19    12.2657
20    12.2022
21    11.9947
22    11.3172
23    9.10486
15 7.51778  1
96    0
16 13.2336  1
29    12.1222
17 11.8984  1
29    7.95071
18 7.53822  3
47    8.20853
57    10.018
74    11.7885
19 13.3004  1
74    8.29368
20 12.1166  1
29    8.61742
21 8.25083  2
29    11.168
74    12.139
22 5.62716  10
86    10.929
87    7.83718
88    9.74081
89    9.95706
90    10.6633
91    12.9696
92    8.5006
93    11.9074
94    11.0321
95    8.17374
23 7.05969  4
30    11.7334
31    10.4639
47    11.9803
62    12.573
24 11.7379  10
38    12.4855
39    12.9198
40    8.33799
41    11.3764
42    9.29786
43    8.51067
44    11.9402
45    11.139
46    8.52293
62    8.25834
25 7.01422  6
34    12.5574
35    7.15455
36    7.51161
37    8.67766
47    10.9536
85    7.00018
26 11.5893  1
96    0
27 6.52867  4
29    12.2412
47    11.0427
57    10.8624
58    9.08307
28 10.0035  2
47    7.37629
62    9.22059
29 11.3506  1
47    8.9505
30 5.74953  1
74    12.9062
31 7.45918  3
32    12.3185
33    12.3745
62    7.20545
32 13.0422  1
96    0
33 11.2737  3
57    9.75948
58    9.78841
74    10.409
34 5.49837  2
47    11.27
85    7.00751
35 6.63915  1
96    0
36 10.3645  2
47    8.23582
62    12.3793
37 12.5295  7
48    10.8104
49    7.44972
50    8.47551
51    11.8253
52    10.7642
53    7.29902
54    7.98349
38 9.59914  1
96    0
39 10.0301  3
71    11.1143
72    8.44218
73    11.7166
40 11.4373  1
96    0
41 6.03244  3
47    10.0021
58    10.1125
85    7.10987
42 8.38328  1
58    9.68917
43 6.0596  2
58    7.80917
74    12.9663
44 8.47179  1
58    9.64943
45 6.34861  1
96    0
46 9.41572  1
62    7.67788
47 9.43129  6
63    11.1162
64    8.44823
65    11.7364
66    10.4736
67    12.3501
74    8.82488
48 9.48195  1
96    0
49 9.64736  1
96    0
50 10.1875  1
96    0
51 11.9515  3
59    11.1709
60    8.62694
61    12.3199
52 7.71157  5
79    9.52364
80    9.24787
81    8.34733
82    11.4068
83    9.39729
53 13.8665  4
55    10.2187
56    11.5177
58    7.63576
85    7.36567
54 13.9654  4
75    11.872
76    10.9166
77    7.79653
78    9.60805
55 14.2883  1
74    8.48979
56 5.34242  1
68    12.478
57 6.1298  1
96    0
58 8.70098  1
96    0
59 7.09723  1
96    0
60 11.8603  1
96    0
61 7.41371  1
96    0
62 12.8939  1
96    0
63 10.7894  2
69    12.8953
70    8.25779
64 13.9169  1
96    0
65 14.1299  1
85    7.0315
66 14.8254  1
96    0
67 7.09632  1
96    0
68 11.8572  1
96    0
69 7.40364  1
96    0
70 12.861  1
96    0
71 10.6816  1
74    10.6439
72 13.565  1
96    0
73 12.9809  1
96    0
74 11.0732  1
96    0
75 14.8437  1
96    0
76 7.15613  1
96    0
77 12.0525  1
96    0
78 8.04147  1
96    0
79 14.9438  1
96    0
80 7.48299  1
96    0
81 13.1201  1
96    0
82 11.5276  1
96    0
83 6.32756  1
84    8.83532
84 9.34675  1
96    0
85 9.20606  1
96    0
86 8.74645  1
96    0
87 7.24555  1
96    0
88 12.3446  1
96    0
89 8.99548  1
96    0
90 8.05887  1
96    0
91 5.00031  1
96    0
92 5.01251  1
96    0
93 5.05249  1
96    0
94 5.18311  1
96    0
95 5.60945  1
96    0
96 0  0
