47
0 8.47179  7
1    44.1766
2    35.0375
3    35.1575
4    41.0051
14    40.8687
17    53.2104
18    52.0907
1 6.34861  2
2    35.0009
18    61.3286
2 9.41572  2
3    35.5493
14    54.1992
3 9.43129  4
4    36.8284
14    43.9477
17    41.3704
18    56.586
4 9.48195  10
5    54.6451
6    39.1859
7    48.704
8    49.7853
9    53.3166
10    64.848
11    42.503
12    59.5369
13    55.1605
14    37.7293
5 9.64736  2
17    55.838
18    59.9736
6 10.1875  2
15    64.2547
16    40.5657
7 11.9515  1
17    64.501
8 7.71157  1
18    45.5243
9 13.8665  1
18    39.402
10 13.9654  7
31    52.3196
32    61.5923
33    61.8725
34    62.7871
35    35.7727
36    37.5581
37    43.3883
11 14.2883  1
46    0
12 5.34242  1
18    61.0109
13 6.1298  1
18    61.4257
14 8.70098  1
46    0
15 7.09723  1
18    49.4099
16 11.8603  2
18    43.0816
19    60.8452
17 7.41371  5
20    59.4325
21    54.819
22    39.7536
23    50.558
24    55.8399
18 12.8939  1
46    0
19 10.7894  1
46    0
20 13.9169  8
38    62.4273
39    64.599
40    41.69
41    56.8818
42    46.4893
43    42.5533
44    59.7008
45    55.6952
21 14.1299  6
25    43.0871
26    61.444
27    61.3881
28    61.2059
29    60.6108
30    58.6671
22 14.8254  1
46    0
23 7.09632  1
46    0
24 11.8572  1
46    0
25 7.40364  1
46    0
26 12.861  1
46    0
27 10.6816  1
46    0
28 13.565  1
46    0
29 12.9809  1
46    0
30 11.0732  1
46    0
31 14.8437  1
46    0
32 7.15613  1
46    0
33 12.0525  1
46    0
34 8.04147  1
46    0
35 14.9438  1
46    0
36 7.48299  1
46    0
37 13.1201  1
46    0
38 11.5276  1
46    0
39 6.32756  1
46    0
40 9.34675  1
46    0
41 9.20606  1
46    0
42 8.74645  1
46    0
43 7.24555  1
46    0
44 12.3446  1
46    0
45 8.99548  1
46    0
46 0  0
