91
0 13.8665  2
1    0.751161
50    0.952364
1 13.9654  3
2    0.867766
53    0.995706
67    0.751161
2 14.2883  10
3    1.24855
4    1.29198
5    0.833799
6    1.13764
7    0.929786
8    0.851067
9    1.19402
10    1.1139
11    0.852293
12    1.19803
3 5.34242  10
13    1.127
14    0.89505
15    0.737629
16    0.823582
17    1.10427
18    0.820853
19    1.09536
20    0.79172
21    1.00021
22    1.08104
4 6.1298  2
66    1.23185
67    1.24855
5 8.70098  4
28    0.798349
50    0.779653
54    0.817374
65    0.861742
6 7.09723  3
46    1.23501
49    1.29663
64    1.09638
7 11.8603  5
29    1.02187
48    1.12315
49    1.09166
54    1.10321
66    1.22776
8 7.41371  1
90    0
9 12.8939  3
48    1.06439
52    0.820103
56    1.22851
10 10.7894  8
39    0.862694
40    1.23199
41    1.23793
42    1.2573
43    0.720545
44    0.767788
45    0.922059
46    1.24779
11 13.9169  4
29    1.0018
47    1.17885
55    0.811313
67    0.867766
12 14.1299  1
90    0
13 14.8254  6
23    0.744972
24    0.847551
25    1.18253
26    1.07642
27    0.729902
47    1.17166
14 7.09632  2
29    0.761946
52    0.703149
15 11.8572  2
29    1.15177
56    0.861632
16 7.40364  1
65    1.1168
17 12.861  1
54    1.08398
18 10.6816  7
30    0.763576
31    0.908307
32    0.780917
33    0.964943
34    0.965877
35    0.968917
52    0.710987
19 13.565  1
29    1.08624
20 12.9809  1
46    1.04736
21 11.0732  1
68    0.851067
22 14.8437  2
55    0.827409
67    0.833799
23 7.15613  1
46    1.28953
24 12.0525  1
90    0
25 8.04147  1
90    0
26 14.9438  1
51    0.834733
27 7.48299  5
29    0.975948
46    0.844823
55    1.28509
66    1.04639
67    1.23745
28 13.1201  4
29    0.902997
46    1.17364
47    0.825779
52    1.0929
29 11.5276  7
36    0.978841
37    1.01125
38    1.11709
47    1.11143
50    0.924787
53    1.06633
55    1.29002
30 6.32756  1
48    0.829368
31 9.34675  3
52    0.700751
54    0.878954
65    1.01116
32 9.20606  1
90    0
33 8.74645  1
52    0.736567
34 7.24555  1
49    0.882488
35 12.3446  4
47    0.844218
48    1.29062
51    0.883532
55    1.11676
36 8.99548  2
46    0.825834
65    0.795071
37 8.05887  1
55    1.06421
38 5.00031  1
54    1.19074
39 5.01251  3
49    0.848979
50    0.960805
64    1.18865
40 5.05249  1
67    0.715455
41 5.18311  1
53    0.783718
42 5.60945  1
47    1.0409
43 7.00171  2
49    1.1872
67    1.13764
44 11.5484  3
47    1.2139
54    1.29696
65    1.22888
45 6.39531  2
46    1.11162
54    0.754585
46 9.56801  2
51    1.14068
67    1.29198
47 9.92843  1
51    0.700018
48 11.1055  7
57    1.22657
58    1.22022
59    1.19947
60    1.13172
61    0.910486
62    0.78804
63    0.988198
49 14.9493  2
53    0.974081
64    1.2169
50 7.50099  1
51    0.939729
51 13.179  1
64    1.04181
52 11.7202  1
54    0.85006
53 6.95624  1
67    1.25574
54 11.3997  1
66    1.17334
55 5.90976  1
90    0
56 7.98257  1
66    1.22412
57 14.7516  1
67    0.929786
58 6.85522  1
68    1.19402
59 11.0701  1
66    1.21222
60 14.8337  1
90    0
61 7.12348  1
90    0
62 11.946  1
90    0
63 7.69387  1
90    0
64 13.8086  1
90    0
65 13.7762  6
69    1.1139
70    0.852293
71    1.19803
72    1.127
73    0.89505
74    0.737629
66 13.6703  1
85    1.07642
67 13.3245  1
90    0
68 12.1953  1
90    0
69 8.5081  1
90    0
70 6.46733  1
90    0
71 9.80331  10
75    0.823582
76    1.10427
77    0.820853
78    1.09536
79    0.79172
80    1.00021
81    1.08104
82    0.744972
83    0.847551
84    1.18253
72 10.6969  1
90    0
73 13.6151  1
90    0
74 13.1442  1
90    0
75 11.6063  1
90    0
76 6.58452  1
90    0
77 10.186  1
90    0
78 11.9466  1
90    0
79 7.6957  1
90    0
80 13.8147  1
90    0
81 13.796  1
90    0
82 13.7353  4
86    0.729902
87    0.798349
88    1.02187
89    1.15177
83 13.5369  1
90    0
84 12.889  1
90    0
85 10.7732  1
90    0
86 13.8641  1
90    0
87 13.9575  1
90    0
88 14.2624  1
90    0
89 5.25758  1
90    0
90 0  0
