112
0 14.2883  10
1    0.847551
2    1.18253
3    1.07642
4    0.729902
5    0.798349
6    1.02187
7    1.15177
8    1.0018
32    0.883532
44    0.861742
1 5.34242  4
8    0.761946
30    1.1872
43    1.18865
70    0.848979
2 6.1298  7
8    0.975948
9    0.780917
30    0.848979
40    1.11676
53    0.847551
99    1.28509
101    1.22657
3 8.70098  8
8    0.763576
41    1.22851
42    0.910486
45    1.22412
47    0.751161
53    0.79172
55    1.0018
67    0.825779
4 7.09723  9
8    0.902997
30    1.29663
44    1.1168
45    1.17334
46    1.23745
55    1.08624
65    0.720545
68    0.844218
70    0.882488
5 11.8603  2
9    0.964943
40    1.29002
6 7.41371  6
8    0.908307
30    1.17885
51    1.127
53    1.10427
65    1.2573
70    1.29062
7 12.8939  3
8    1.08624
30    1.06439
31    0.960805
8 10.7894  6
10    0.965877
11    0.968917
12    0.978841
33    0.995706
54    0.798349
100    0.827409
9 13.9169  5
13    1.01125
14    1.11709
15    0.862694
44    0.795071
70    0.829368
10 14.1299  10
16    1.23199
17    1.23793
18    1.2573
19    0.720545
20    0.767788
21    0.922059
22    0.825834
23    1.11162
24    0.844823
25    1.17364
11 14.8254  2
31    0.924787
54    0.975948
12 7.09632  3
26    1.24779
32    0.700751
53    1.08104
13 11.8572  4
26    1.04736
32    0.820103
42    1.22022
101    1.2169
14 7.40364  3
42    0.78804
44    1.22776
51    0.852293
15 12.861  4
32    0.834733
40    1.06421
46    0.715455
53    0.744972
16 10.6816  3
26    1.23501
54    1.15177
104    1.22888
17 13.565  3
32    1.14068
54    1.02187
66    1.04736
18 12.9809  8
26    1.11143
30    1.12315
32    0.736567
33    1.0929
41    1.22657
46    1.23185
65    1.23199
101    0.988198
19 11.0732  9
26    1.28953
31    0.779653
33    0.974081
40    0.827409
44    1.22888
47    0.867766
50    1.1139
100    1.11676
103    1.09638
20 14.8437  1
33    0.85006
21 7.15613  2
26    0.844218
30    1.29062
22 12.0525  3
31    0.952364
33    1.29696
46    1.25574
23 8.04147  5
26    0.825779
30    0.882488
33    1.06633
50    0.929786
53    1.00021
24 14.9438  7
30    0.829368
42    1.19947
44    1.01116
50    0.851067
66    1.17364
67    1.28953
70    1.29663
25 7.48299  4
27    1.17166
28    1.0409
29    1.2139
32    0.939729
26 13.1201  7
32    0.703149
40    1.28509
43    1.09638
51    1.19803
53    0.820853
70    1.06439
101    0.78804
27 11.5276  3
30    1.09166
67    1.23501
104    1.21222
28 6.32756  1
33    0.783718
29 9.34675  4
32    0.710987
42    1.04181
50    1.19402
54    1.18253
30 9.20606  2
32    0.700018
104    1.22776
31 8.74645  4
40    0.861632
47    1.29198
53    0.823582
99    0.878954
32 7.24555  7
35    1.10321
36    0.817374
37    1.08398
38    0.754585
39    0.878954
42    1.13172
70    1.12315
33 12.3446  3
34    1.19074
42    0.988198
54    1.07642
34 8.99548  2
51    0.89505
68    1.17166
35 8.05887  1
111    0
36 5.00031  2
56    0.761946
67    1.24779
37 5.01251  1
104    0.861742
38 5.05249  9
57    0.902997
58    0.763576
59    0.908307
60    0.780917
61    0.964943
62    0.965877
63    0.968917
66    0.825834
67    1.11143
39 5.18311  6
40    0.811313
42    1.2169
45    1.21222
46    1.04639
47    1.24855
65    1.11709
40 5.60945  1
66    0.767788
41 7.00171  2
101    1.22851
103    0.795071
42 11.5484  1
48    0.833799
43 6.39531  1
49    1.13764
44 9.56801  1
111    0
45 9.92843  3
65    0.862694
68    1.0409
69    1.17885
46 11.1055  4
95    1.10321
96    0.817374
97    1.08398
98    0.754585
47 14.9493  1
100    0.861632
48 7.50099  2
54    0.729902
66    1.11162
49 13.179  1
111    0
50 11.7202  1
111    0
51 6.95624  4
52    0.737629
53    1.09536
65    1.23793
99    1.06421
52 11.3997  1
66    0.844823
53 5.90976  1
111    0
54 7.98257  1
65    1.01125
55 14.7516  1
64    0.978841
56 6.85522  5
71    1.1872
72    1.09166
73    0.779653
74    0.960805
75    0.952364
57 11.0701  1
111    0
58 14.8337  1
111    0
59 7.12348  1
111    0
60 11.946  1
111    0
61 7.69387  1
110    0.715455
62 13.8086  1
68    1.2139
63 13.7762  1
111    0
64 13.6703  1
111    0
65 13.3245  1
66    0.922059
66 12.1953  1
111    0
67 8.5081  1
111    0
68 6.46733  1
99    1.29002
69 9.80331  1
111    0
70 10.6969  1
111    0
71 13.6151  10
76    0.924787
77    0.834733
78    1.14068
79    0.939729
80    0.883532
81    0.700018
82    0.700751
83    0.703149
84    0.710987
85    0.736567
72 13.1442  1
104    1.22412
73 11.6063  1
111    0
74 6.58452  1
101    1.13172
75 10.186  1
101    0.910486
76 11.9466  1
111    0
77 7.6957  1
111    0
78 13.8147  1
111    0
79 13.796  5
105    1.17334
106    1.04639
107    1.23185
108    1.23745
109    1.25574
80 13.7353  1
111    0
81 13.5369  1
111    0
82 12.889  1
111    0
83 10.7732  1
111    0
84 13.8641  1
103    1.01116
85 13.9575  9
86    0.820103
87    1.0929
88    0.783718
89    0.974081
90    0.995706
91    1.06633
92    1.29696
93    0.85006
94    1.19074
86 14.2624  1
101    1.04181
87 5.25758  1
101    1.19947
88 5.85269  1
99    0.811313
89 7.79611  1
111    0
90 14.1424  1
111    0
91 14.8663  1
111    0
92 7.22999  1
101    1.22022
93 12.2939  1
111    0
94 8.82977  1
102    1.18865
95 7.51778  1
104    1.1168
96 13.2336  1
111    0
97 11.8984  1
111    0
98 7.53822  1
111    0
99 13.3004  1
111    0
100 12.1166  1
111    0
101 8.25083  1
111    0
102 5.62716  1
111    0
103 7.05969  1
111    0
104 11.7379  1
111    0
105 7.01422  1
111    0
106 11.5893  1
111    0
107 6.52867  1
111    0
108 10.0035  1
111    0
109 11.3506  1
111    0
110 5.74953  1
111    0
111 0  0
