48
0 8.5081  9
1    7.29902
2    7.98349
3    10.2187
4    11.5177
5    9.75948
6    10.018
7    10.8624
8    7.61946
10    10.1125
1 6.46733  2
10    9.65877
26    12.9062
2 9.80331  4
9    7.63576
10    9.68917
25    11.7166
26    11.2315
3 10.6969  4
9    9.02997
10    9.64943
28    9.39729
46    12.9002
4 13.6151  3
10    11.1709
25    8.44218
27    11.872
5 13.1442  2
10    7.80917
28    8.34733
6 11.6063  2
10    8.62694
28    9.60805
7 6.58452  2
10    9.78841
28    11.4068
8 10.186  4
10    9.08307
26    8.29368
27    7.79653
28    7.0315
9 11.9466  2
10    12.3199
26    8.82488
10 7.6957  6
11    12.3793
12    12.573
13    7.20545
14    7.67788
15    9.22059
16    8.25834
11 13.8147  1
28    7.00751
12 13.796  3
26    12.139
28    7.00018
46    8.11313
13 13.7353  8
38    8.5006
39    11.9074
40    11.0321
41    8.17374
42    10.8398
43    7.54585
44    8.78954
45    12.8509
14 13.5369  9
17    11.1162
18    8.44823
19    11.7364
20    10.4736
21    12.3501
22    12.478
23    12.8953
24    8.25779
26    10.409
15 12.889  1
28    9.52364
16 10.7732  1
47    0
17 13.8641  1
47    0
18 13.9575  1
27    10.9166
19 14.2624  1
47    0
20 5.25758  2
26    10.6439
28    9.24787
21 5.85269  2
29    7.10987
30    7.36567
22 7.79611  1
47    0
23 14.1424  1
27    12.9663
24 14.8663  3
25    11.1143
26    11.7885
27    8.48979
25 7.22999  1
47    0
26 12.2939  1
28    8.83532
27 8.82977  1
47    0
28 7.51778  1
47    0
29 13.2336  1
47    0
30 11.8984  7
31    8.20103
32    10.929
33    7.83718
34    9.74081
35    9.95706
36    10.6633
37    12.9696
31 7.53822  1
47    0
32 13.3004  1
47    0
33 12.1166  1
47    0
34 8.25083  1
47    0
35 5.62716  1
46    10.6421
36 7.05969  1
47    0
37 11.7379  1
47    0
38 7.01422  1
47    0
39 11.5893  1
47    0
40 6.52867  1
47    0
41 10.0035  1
47    0
42 11.3506  1
47    0
43 5.74953  1
47    0
44 7.45918  1
47    0
45 13.0422  1
46    8.27409
46 11.2737  1
47    0
47 0  0
