63
0 14.2883  10
1    1.22851
2    1.22657
3    1.22022
4    1.19947
5    1.13172
6    0.910486
7    0.78804
8    0.988198
9    1.04181
10    1.2169
1 5.34242  4
11    0.795071
28    1.00021
29    0.761946
30    0.763576
2 6.1298  2
11    1.18865
22    1.127
3 8.70098  4
11    1.09638
22    1.1139
30    0.902997
34    1.17364
4 7.09723  9
42    1.0409
43    1.2139
44    1.17885
45    1.06439
46    1.29062
47    0.829368
48    1.12315
49    0.882488
50    1.29663
5 11.8603  3
11    0.861742
31    0.908307
34    0.922059
6 7.41371  3
11    1.1168
29    1.02187
33    1.11709
7 12.8939  3
11    1.01116
28    1.08104
32    1.01125
8 10.7894  1
21    1.24855
9 13.9169  4
21    0.867766
22    1.19803
29    1.07642
34    0.825834
10 14.1299  1
29    1.08624
11 14.8254  10
12    1.22888
13    1.22776
14    1.22412
15    1.21222
16    1.17334
17    1.04639
18    1.23185
19    1.23745
20    1.25574
32    0.965877
12 7.09632  4
21    0.715455
22    0.852293
33    1.23199
34    1.11162
13 11.8572  3
22    0.929786
28    0.847551
32    0.964943
14 7.40364  2
21    0.751161
33    1.2573
15 12.861  3
21    1.29198
29    0.798349
33    0.862694
16 10.6816  3
22    0.89505
29    0.975948
34    0.844823
17 13.565  5
23    0.737629
24    0.823582
25    1.10427
26    0.820853
27    1.09536
18 12.9809  1
21    1.13764
19 11.0732  3
22    1.19402
28    0.79172
29    0.729902
20 14.8437  2
21    0.833799
22    0.851067
21 7.15613  2
29    1.18253
33    0.720545
22 12.0525  1
29    1.15177
23 8.04147  1
28    0.744972
24 14.9438  1
32    0.780917
25 7.48299  1
32    0.978841
26 13.1201  1
62    0
27 11.5276  1
62    0
28 6.32756  3
29    1.0018
32    0.968917
33    0.767788
29 9.34675  1
33    1.23793
30 9.20606  1
34    1.04736
31 8.74645  4
54    0.779653
55    0.960805
56    0.952364
57    0.924787
32 7.24555  1
62    0
33 12.3446  1
62    0
34 8.99548  5
35    1.23501
36    1.24779
37    1.28953
38    0.825779
39    1.11143
35 8.05887  2
40    0.844218
41    1.17166
36 5.00031  4
58    0.834733
59    1.14068
60    0.939729
61    0.883532
37 5.01251  1
62    0
38 5.05249  1
62    0
39 5.18311  1
62    0
40 5.60945  1
62    0
41 7.00171  3
51    0.848979
52    1.1872
53    1.09166
42 11.5484  1
62    0
43 6.39531  1
62    0
44 9.56801  1
62    0
45 9.92843  1
62    0
46 11.1055  1
62    0
47 14.9493  1
62    0
48 7.50099  1
62    0
49 13.179  1
62    0
50 11.7202  1
62    0
51 6.95624  1
62    0
52 11.3997  1
62    0
53 5.90976  1
62    0
54 7.98257  1
62    0
55 14.7516  1
62    0
56 6.85522  1
62    0
57 11.0701  1
62    0
58 14.8337  1
62    0
59 7.12348  1
62    0
60 11.946  1
62    0
61 7.69387  1
62    0
62 0  0
