111
0 12.8939  10
1    1.15177
2    0.975948
3    1.0018
4    1.08624
5    0.761946
6    0.902997
7    0.763576
8    0.908307
9    0.780917
10    1.2573
1 10.7894  4
10    0.964943
15    1.04736
36    0.703149
47    1.23185
2 13.9169  3
10    0.965877
47    1.23745
66    1.11162
3 14.1299  6
10    0.862694
25    1.29062
44    1.13172
64    0.902997
66    0.844823
94    0.820103
4 14.8254  4
10    0.978841
15    1.17364
42    0.878954
49    0.79172
5 7.09632  3
10    1.01125
25    1.12315
41    1.10321
6 11.8572  3
10    1.23199
15    0.844823
41    0.974081
7 7.40364  4
10    1.23793
25    1.29663
45    1.18865
66    0.825834
8 12.861  2
10    0.968917
15    1.23501
9 10.6816  3
10    1.11709
64    0.780917
66    0.922059
10 13.565  7
11    0.720545
12    0.767788
13    0.922059
14    0.825834
41    1.08398
45    0.861742
47    0.715455
11 12.9809  2
25    1.06439
64    0.965877
12 11.0732  5
15    1.11162
36    0.710987
42    1.28509
47    1.25574
49    0.852293
13 14.8437  10
16    1.24779
17    1.28953
18    0.825779
19    1.11143
20    0.844218
21    1.17166
22    1.0409
23    1.2139
24    1.17885
41    1.19074
14 7.15613  2
26    1.1872
49    1.10427
15 12.0525  7
37    0.736567
38    0.820103
39    1.0929
40    0.783718
41    0.85006
42    0.754585
45    1.01116
16 8.04147  4
25    0.829368
45    0.78804
65    1.2573
94    0.783718
17 14.9438  9
28    0.779653
29    0.960805
30    0.952364
31    0.924787
32    0.834733
33    1.14068
34    0.939729
35    0.883532
49    0.89505
18 7.48299  1
110    0
19 13.1201  3
25    0.882488
43    1.11676
49    0.737629
20 11.5276  1
110    0
21 6.32756  2
45    0.795071
47    1.24855
22 9.34675  2
36    0.700018
47    1.04639
23 9.20606  1
42    1.06421
24 8.74645  3
26    0.848979
48    1.1139
101    0.817374
25 7.24555  4
44    1.22022
46    1.21222
48    0.929786
66    0.767788
26 12.3446  3
27    1.09166
43    0.861632
65    1.23199
27 8.99548  5
36    0.700751
42    1.29002
46    1.22776
49    1.19803
101    0.811313
28 8.05887  1
94    0.974081
29 5.00031  1
48    0.851067
30 5.01251  3
42    0.827409
45    1.2169
46    1.17334
31 5.05249  3
45    1.04181
47    0.751161
66    0.720545
32 5.18311  8
77    1.12315
78    0.882488
79    1.29663
80    0.848979
81    1.1872
82    1.09166
83    0.779653
100    1.10321
33 5.60945  1
65    1.11709
34 7.00171  2
41    0.817374
46    1.22412
35 11.5484  2
44    1.22657
45    0.988198
36 6.39531  3
41    0.995706
48    1.13764
76    0.829368
37 9.56801  1
43    1.22851
38 9.92843  4
44    0.910486
45    1.1168
64    0.964943
65    1.01125
39 11.1055  3
41    1.06633
48    0.833799
101    0.878954
40 14.9493  3
41    1.29696
42    0.811313
101    1.28509
41 7.50099  3
45    1.09638
46    1.22888
47    0.867766
42 13.179  10
50    1.00021
51    1.08104
52    0.744972
53    0.847551
54    1.18253
55    1.07642
56    0.729902
57    0.798349
58    1.02187
59    1.15177
43 11.7202  2
44    1.19947
49    1.127
44 6.95624  1
49    1.09536
45 11.3997  1
49    0.823582
46 5.90976  2
48    1.29198
49    0.820853
47 7.98257  1
48    1.19402
48 14.7516  1
110    0
49 6.85522  1
110    0
50 11.0701  1
64    0.908307
51 14.8337  1
101    1.06421
52 7.12348  1
65    1.23793
53 11.946  1
64    0.763576
54 7.69387  1
65    0.978841
55 13.8086  1
110    0
56 13.7762  4
60    0.975948
61    1.0018
62    1.08624
63    0.761946
57 13.6703  1
76    1.17885
58 13.3245  1
110    0
59 12.1953  1
110    0
60 8.5081  10
67    1.17364
68    1.04736
69    1.23501
70    1.24779
71    1.28953
72    0.825779
73    1.11143
74    0.844218
75    1.17166
101    1.08398
61 6.46733  1
110    0
62 9.80331  3
65    0.968917
76    1.29062
94    1.0929
63 10.6969  3
65    0.862694
76    1.0409
101    0.754585
64 13.6151  1
110    0
65 13.1442  1
110    0
66 11.6063  1
110    0
67 6.58452  1
110    0
68 10.186  1
76    1.06439
69 11.9466  5
95    0.995706
96    1.06633
97    1.29696
98    0.85006
99    1.19074
70 7.6957  1
110    0
71 13.8147  1
94    0.736567
72 13.796  1
76    1.2139
73 13.7353  1
110    0
74 13.5369  1
110    0
75 12.889  1
110    0
76 10.7732  1
110    0
77 13.8641  1
110    0
78 13.9575  1
110    0
79 14.2624  1
110    0
80 5.25758  9
84    0.960805
85    0.952364
86    0.924787
87    0.834733
88    1.14068
89    0.939729
90    0.883532
91    0.700018
92    0.700751
81 5.85269  1
110    0
82 7.79611  1
110    0
83 14.1424  1
110    0
84 14.8663  1
110    0
85 7.22999  1
102    0.827409
86 12.2939  1
110    0
87 8.82977  1
94    0.710987
88 7.51778  1
110    0
89 13.2336  1
93    0.703149
90 11.8984  1
110    0
91 7.53822  1
110    0
92 13.3004  1
110    0
93 12.1166  1
110    0
94 8.25083  1
110    0
95 5.62716  7
103    1.11676
104    0.861632
105    1.22851
106    1.22657
107    1.22022
108    1.19947
109    1.13172
96 7.05969  1
110    0
97 11.7379  1
110    0
98 7.01422  1
110    0
99 11.5893  1
102    1.29002
100 6.52867  1
110    0
101 10.0035  1
110    0
102 11.3506  1
110    0
103 5.74953  1
110    0
104 7.45918  1
110    0
105 13.0422  1
110    0
106 11.2737  1
110    0
107 5.49837  1
110    0
108 6.63915  1
110    0
109 10.3645  1
110    0
110 0  0
