177
0 6.34861  6
1    9.24787
2    8.34733
4    7.00018
5    7.36567
7    9.74081
17    8.27409
1 9.41572  4
2    11.4068
5    7.00751
7    7.83718
104    12.4855
2 9.43129  10
3    9.39729
4    8.83532
5    7.0315
7    10.6633
18    9.10486
27    12.3745
48    7.63576
85    9.52364
90    12.9696
94    9.88198
3 9.48195  6
5    7.10987
7    12.9696
17    12.2657
48    10.018
90    8.5006
93    8.11313
4 9.64736  3
5    8.20103
17    12.2022
18    12.169
5 10.1875  5
6    10.929
7    9.95706
38    10.9536
104    11.3764
131    12.8953
6 11.9515  6
8    8.5006
17    10.6421
38    7.9172
47    11.5177
104    8.51067
114    9.08307
7 7.71157  10
9    11.9074
10    11.0321
11    8.17374
12    10.8398
13    7.54585
14    8.78954
15    12.8509
16    8.11313
17    11.1676
18    10.4181
8 13.8665  5
17    12.9002
18    11.3172
27    12.3185
38    7.37629
140    8.82488
9 13.9654  10
19    10.9638
20    7.95071
21    10.1116
22    11.168
23    8.61742
24    12.2888
25    12.2776
26    12.2412
48    10.8624
141    10.9166
10 14.2883  3
17    8.61632
47    9.75948
152    7.83718
11 5.34242  1
18    9.88198
12 6.1298  3
27    12.5574
92    8.78954
103    8.67766
13 8.70098  1
90    10.6633
14 7.09723  1
18    11.8865
15 11.8603  6
17    12.2851
27    11.7334
38    11.0427
48    9.08307
114    7.80917
155    8.5006
16 7.41371  3
18    11.9947
38    11.27
48    7.61946
17 12.8939  2
18    7.8804
87    7.36567
18 10.7894  5
79    12.9062
80    8.29368
81    11.2315
82    8.82488
83    12.9663
19 13.9169  2
27    7.51161
38    8.9505
20 14.1299  2
27    12.1222
103    12.5574
21 14.8254  3
27    10.4639
38    8.23582
86    11.4068
22 7.09632  4
28    12.4855
29    12.9198
30    8.33799
31    11.3764
23 11.8572  1
27    8.67766
24 7.40364  1
27    7.15455
25 12.861  2
85    9.60805
87    8.20103
26 10.6816  8
132    8.44218
133    11.7166
134    10.409
135    12.139
136    11.7885
137    10.6439
138    12.9062
139    8.29368
27 13.565  1
85    9.24787
28 12.9809  7
32    9.29786
33    8.51067
34    11.9402
35    11.139
36    8.52293
37    11.9803
106    8.20853
29 11.0732  1
38    8.20853
30 14.8437  1
155    11.9074
31 7.15613  10
49    7.80917
50    9.64943
51    9.65877
52    9.68917
53    9.78841
54    10.1125
55    11.1709
56    8.62694
57    12.3199
58    12.3793
32 12.0525  2
90    10.8398
93    8.27409
33 8.04147  2
48    9.02997
106    7.9172
34 14.9438  10
39    10.0021
40    10.8104
41    7.44972
42    8.47551
43    11.8253
44    10.7642
45    7.29902
46    7.98349
106    8.47551
114    7.61946
35 7.48299  1
104    9.29786
36 13.1201  1
176    0
37 11.5276  1
176    0
38 6.32756  6
47    10.2187
85    10.9166
86    8.34733
90    11.9074
94    10.4181
140    12.9663
39 9.34675  3
86    8.83532
103    12.3185
155    12.8509
40 9.20606  3
88    7.83718
89    9.74081
103    12.1222
41 8.74645  3
93    10.6421
103    11.7334
106    10.8104
42 7.24555  1
176    0
43 12.3446  1
176    0
44 8.99548  2
93    12.9002
106    7.44972
45 8.05887  2
85    7.79653
152    9.95706
46 5.00031  1
84    8.48979
47 5.01251  4
59    12.573
60    7.20545
61    7.67788
62    9.22059
48 5.05249  1
93    11.1676
49 5.18311  2
90    8.17374
94    11.3172
50 5.60945  1
90    9.95706
51 7.00171  1
106    8.23582
52 11.5484  3
86    9.39729
94    9.10486
114    10.8624
53 6.39531  2
102    12.2776
105    8.52293
54 9.56801  9
63    8.25834
64    11.1162
65    8.44823
66    11.7364
67    10.4736
68    12.3501
69    12.478
70    12.8953
87    10.929
55 9.92843  10
115    9.68917
116    9.78841
117    10.1125
118    11.1709
119    8.62694
120    12.3199
121    12.3793
122    12.573
123    7.20545
124    7.67788
56 11.1055  1
86    7.00018
57 14.9493  1
155    7.54585
58 7.50099  1
113    9.75948
59 13.179  2
93    12.2851
114    10.018
60 11.7202  2
94    12.2022
114    9.65877
61 6.95624  1
176    0
62 11.3997  1
176    0
63 5.90976  2
104    12.9198
106    11.0427
64 7.98257  10
71    8.25779
72    11.1143
73    8.44218
74    11.7166
75    10.409
76    12.139
77    11.7885
78    10.6439
94    11.9947
114    9.02997
65 14.7516  1
176    0
66 6.85522  1
155    11.0321
67 11.0701  1
106    10.0021
68 14.8337  3
87    7.0315
131    11.1143
155    8.17374
69 7.12348  1
84    11.872
70 11.946  2
87    7.00751
92    12.8509
71 7.69387  2
103    10.4639
106    10.9536
72 13.8086  1
94    12.2657
73 13.7762  2
95    11.8865
96    10.9638
74 13.6703  1
114    9.64943
75 13.3245  1
105    11.9803
76 12.1953  1
105    7.37629
77 8.5081  2
87    7.10987
102    12.2412
78 6.46733  1
94    12.169
79 9.80331  1
131    8.25779
80 10.6969  1
140    11.2315
81 13.6151  1
176    0
82 13.1442  6
125    9.22059
126    8.25834
127    11.1162
128    8.44823
129    11.7364
130    10.4736
83 11.6063  2
90    11.0321
105    11.27
84 6.58452  1
176    0
85 10.186  1
93    8.61632
86 11.9466  5
97    7.95071
98    10.1116
99    11.168
100    8.61742
101    12.2888
87 7.6957  1
176    0
88 13.8147  1
176    0
89 13.796  1
176    0
90 13.7353  2
91    7.54585
94    7.8804
91 13.5369  6
107    11.8253
108    10.7642
109    7.29902
110    7.98349
111    10.2187
112    11.5177
92 12.889  2
103    12.3745
104    11.139
93 10.7732  1
104    8.33799
94 13.8641  1
176    0
95 13.9575  1
105    8.9505
96 14.2624  1
176    0
97 5.25758  1
176    0
98 5.85269  2
131    12.478
141    9.60805
99 7.79611  1
176    0
100 14.1424  3
103    7.51161
104    11.9402
141    7.79653
101 14.8663  2
103    7.15455
114    7.63576
102 7.22999  1
176    0
103 12.2939  1
176    0
104 8.82977  1
176    0
105 7.51778  1
176    0
106 13.2336  1
176    0
107 11.8984  2
153    10.6633
154    12.9696
108 7.53822  1
152    9.74081
109 13.3004  1
155    10.8398
110 12.1166  1
176    0
111 8.25083  1
157    10.6421
112 5.62716  1
176    0
113 7.05969  8
158    12.9002
159    8.27409
160    11.1676
161    8.61632
162    12.2851
163    12.2657
164    12.2022
165    11.9947
114 11.7379  1
176    0
115 7.01422  1
176    0
116 11.5893  1
176    0
117 6.52867  1
141    8.48979
118 10.0035  1
176    0
119 11.3506  1
176    0
120 5.74953  1
176    0
121 7.45918  2
141    11.872
155    8.78954
122 13.0422  1
156    8.11313
123 11.2737  1
176    0
124 5.49837  1
176    0
125 6.63915  1
131    12.3501
126 10.3645  10
142    9.52364
143    9.24787
144    8.34733
145    11.4068
146    9.39729
147    8.83532
148    7.00018
149    7.00751
150    7.0315
151    7.10987
127 12.5295  1
176    0
128 9.59914  1
152    7.36567
129 10.0301  1
176    0
130 11.4373  1
176    0
131 6.03244  1
176    0
132 8.38328  1
176    0
133 6.0596  1
176    0
134 8.47179  1
176    0
135 6.34861  1
176    0
136 9.41572  1
152    10.929
137 9.43129  1
176    0
138 9.48195  1
176    0
139 9.64736  1
176    0
140 10.1875  1
176    0
141 11.9515  1
176    0
142 7.71157  1
176    0
143 13.8665  1
152    8.20103
144 13.9654  1
176    0
145 14.2883  1
176    0
146 5.34242  1
176    0
147 6.1298  1
176    0
148 8.70098  1
176    0
149 7.09723  1
176    0
150 11.8603  1
176    0
151 7.41371  1
176    0
152 12.8939  1
176    0
153 10.7894  1
176    0
154 13.9169  1
176    0
155 14.1299  1
176    0
156 14.8254  1
176    0
157 7.09632  1
176    0
158 11.8572  1
176    0
159 7.40364  1
176    0
160 12.861  10
166    11.3172
167    9.10486
168    7.8804
169    9.88198
170    10.4181
171    12.169
172    11.8865
173    10.9638
174    7.95071
175    10.1116
161 10.6816  1
176    0
162 13.565  1
176    0
163 12.9809  1
176    0
164 11.0732  1
176    0
165 14.8437  1
176    0
166 7.15613  1
176    0
167 12.0525  1
176    0
168 8.04147  1
176    0
169 14.9438  1
176    0
170 7.48299  1
176    0
171 13.1201  1
176    0
172 11.5276  1
176    0
173 6.32756  1
176    0
174 9.34675  1
176    0
175 9.20606  1
176    0
176 0  0
