235
0 13.796  5
1    7.83718
2    9.95706
13    8.11313
31    7.44972
106    11.1709
1 13.7353  6
2    9.74081
5    8.5006
29    8.52293
35    9.75948
71    11.3172
106    12.3793
2 13.5369  7
3    10.6633
4    12.9696
14    12.2851
17    11.8865
37    12.3793
56    8.48979
166    12.2412
3 12.889  10
6    11.9074
7    11.0321
8    8.17374
9    10.8398
10    7.54585
11    8.78954
13    8.27409
14    8.61632
29    8.33799
30    7.37629
4 10.7732  8
12    12.8509
14    12.2657
17    10.9638
30    11.0427
35    11.5177
37    8.62694
64    7.36567
70    8.11313
5 13.8641  4
17    9.10486
37    12.3199
70    12.9002
124    11.4068
6 13.9575  9
13    12.9002
17    11.168
18    12.2412
19    12.1222
30    7.9172
37    10.1125
41    11.7364
71    11.9947
221    10.8398
7 14.2624  5
13    11.1676
17    9.88198
35    7.63576
89    8.51067
178    10.9536
8 5.25758  2
17    10.1116
37    9.68917
9 5.85269  6
17    10.4181
18    12.2776
35    10.8624
71    11.1676
88    12.5574
211    11.872
10 7.79611  3
17    12.169
70    10.8398
211    7.79653
11 14.1424  2
13    10.6421
17    7.95071
12 14.8663  7
14    12.2022
19    11.7334
29    11.3764
35    9.02997
36    7.80917
167    12.3745
193    11.1709
13 7.22999  3
29    9.29786
35    10.018
56    12.9663
14 12.2939  6
15    11.9947
16    11.3172
37    9.65877
89    11.9402
124    9.39729
233    11.168
15 8.82977  5
17    7.8804
18    12.2888
64    10.929
104    11.5177
195    9.22059
16 7.51778  5
18    8.61742
29    8.51067
30    8.20853
41    8.44823
116    11.7885
17 13.2336  4
29    11.27
30    10.0021
106    10.1125
212    7.00751
18 11.8984  10
20    10.4639
21    12.3185
22    12.3745
23    12.5574
24    7.15455
25    7.51161
26    8.67766
27    12.4855
28    12.9198
30    8.23582
19 7.53822  7
32    7.29902
33    7.98349
34    10.2187
35    9.08307
41    11.1162
71    8.27409
89    11.3764
20 13.3004  5
29    11.9402
30    10.9536
31    10.7642
178    8.20853
221    7.54585
21 12.1166  4
36    9.64943
89    9.29786
104    9.02997
116    10.6439
22 8.25083  4
29    11.9803
35    7.61946
37    11.1709
231    10.4181
23 5.62716  3
31    8.47551
89    8.9505
233    7.95071
24 7.05969  2
29    8.9505
88    12.4855
25 11.7379  1
234    0
26 7.01422  1
88    8.67766
27 11.5893  4
41    10.4736
64    7.10987
180    7.98349
195    12.3199
28 6.52867  4
29    11.139
31    11.8253
70    10.6421
107    7.67788
29 10.0035  2
31    10.8104
211    12.9663
30 11.3506  10
80    10.1116
81    11.168
82    8.61742
83    12.2888
84    12.2776
85    12.2412
86    12.1222
87    11.7334
106    9.78841
213    7.36567
31 5.74953  2
88    12.9198
196    11.7364
32 7.45918  1
41    8.25834
33 13.0422  3
71    12.2851
88    12.3185
109    8.44823
34 11.2737  3
37    9.78841
70    8.17374
89    8.52293
35 5.49837  3
38    12.573
39    7.20545
40    7.67788
36 6.63915  7
42    12.3501
43    12.478
44    12.8953
45    8.25779
46    11.1143
47    8.44218
56    11.872
37 10.3645  1
234    0
38 12.5295  4
41    9.22059
56    8.82488
89    8.33799
212    9.39729
39 9.59914  3
64    9.74081
70    8.78954
166    12.2776
40 10.0301  1
56    7.79653
41 11.4373  3
191    9.78841
192    10.1125
233    8.61742
42 6.03244  1
233    10.1116
43 8.38328  2
64    7.00018
71    12.2657
44 6.0596  2
88    7.51161
211    9.60805
45 8.47179  1
109    11.7364
46 6.34861  10
48    11.7166
49    10.409
50    12.139
51    11.7885
52    10.6439
53    12.9062
54    8.29368
55    11.2315
64    8.20103
104    7.63576
47 9.41572  2
71    8.61632
104    10.018
48 9.43129  5
64    7.83718
70    7.54585
104    9.08307
109    10.4736
195    7.67788
49 9.48195  4
198    12.8953
199    8.25779
200    11.1143
201    8.44218
50 9.64736  1
124    8.34733
51 10.1875  9
57    9.60805
58    9.52364
59    9.24787
60    8.34733
61    11.4068
62    9.39729
63    8.83532
88    10.4639
166    12.1222
52 11.9515  1
234    0
53 7.71157  3
70    11.0321
178    10.0021
231    9.88198
54 13.8665  4
64    7.0315
104    9.75948
125    8.83532
197    12.478
55 13.9654  2
56    10.9166
89    11.139
56 14.2883  1
124    9.24787
57 5.34242  2
64    7.00751
89    11.9803
58 6.1298  1
71    12.2022
59 8.70098  7
90    7.37629
91    8.23582
92    11.0427
93    8.20853
94    10.9536
95    7.9172
96    10.0021
60 7.09723  1
125    7.00018
61 11.8603  5
182    10.8624
183    7.61946
184    9.02997
185    7.63576
186    9.08307
62 7.41371  5
65    9.95706
66    10.6633
67    12.9696
68    8.5006
69    11.9074
63 12.8939  2
88    12.3745
233    12.2776
64 10.7894  1
70    12.8509
65 13.9169  1
220    12.9696
66 14.1299  1
105    9.65877
67 14.8254  2
218    9.95706
219    10.6633
68 7.09632  8
72    9.10486
73    7.8804
74    9.88198
75    10.4181
76    12.169
77    11.8865
78    10.9638
79    7.95071
69 11.8572  4
88    7.15455
104    10.2187
107    12.573
194    8.62694
70 7.40364  1
105    9.64943
71 12.861  9
202    11.7166
203    10.409
204    12.139
205    11.7885
206    10.6439
207    12.9062
208    8.29368
209    11.2315
210    8.82488
72 10.6816  1
234    0
73 13.565  2
89    11.27
180    7.29902
74 12.9809  1
124    9.60805
75 11.0732  3
108    9.22059
116    12.139
211    9.52364
76 14.8437  3
104    10.8624
106    12.3199
124    10.9166
77 7.15613  1
234    0
78 12.0525  1
106    9.68917
79 8.04147  1
234    0
80 14.9438  1
234    0
81 7.48299  5
136    12.9696
137    8.5006
138    11.9074
139    11.0321
140    8.17374
82 13.1201  1
234    0
83 11.5276  1
107    7.20545
84 6.32756  2
105    7.80917
106    8.62694
85 9.34675  1
196    8.44823
86 9.20606  1
234    0
87 8.74645  2
177    11.0427
180    8.47551
88 7.24555  3
104    7.61946
195    11.1162
211    10.9166
89 12.3446  8
168    8.67766
169    12.4855
170    12.9198
171    8.33799
172    11.3764
173    9.29786
174    8.51067
175    11.9402
90 8.99548  1
109    12.3501
91 8.05887  8
153    12.2022
154    11.9947
155    11.3172
156    9.10486
157    7.8804
158    9.88198
167    7.51161
177    8.23582
92 5.00031  1
234    0
93 5.01251  2
109    12.478
181    11.5177
94 5.05249  1
167    7.15455
95 5.18311  7
97    10.8104
98    7.44972
99    8.47551
100    11.8253
101    10.7642
102    7.29902
103    7.98349
96 5.60945  2
108    8.25834
231    11.9947
97 7.00171  2
124    9.52364
166    10.4639
98 11.5484  1
234    0
99 6.39531  1
234    0
100 9.56801  1
234    0
101 9.92843  1
166    11.7334
102 11.1055  8
117    12.9062
118    8.29368
119    11.2315
120    8.82488
121    12.9663
122    8.48979
123    11.872
195    8.25834
103 14.9493  1
234    0
104 7.50099  1
234    0
105 13.179  1
234    0
106 11.7202  1
108    11.1162
107 6.95624  1
234    0
108 11.3997  1
124    7.79653
109 5.90976  6
110    12.8953
111    8.25779
112    11.1143
113    8.44218
114    11.7166
115    10.409
110 7.98257  1
177    7.37629
111 14.7516  6
160    11.8865
161    10.9638
162    7.95071
163    10.1116
164    11.168
165    8.61742
112 6.85522  2
179    7.44972
181    9.75948
113 11.0701  1
234    0
114 14.8337  1
231    9.10486
115 7.12348  1
233    10.9638
116 11.946  1
234    0
117 7.69387  1
176    11.27
118 13.8086  1
167    12.3185
119 13.7762  1
212    8.83532
120 13.6703  1
176    11.9803
121 13.3245  1
234    0
122 12.1953  7
146    10.6421
147    12.9002
148    8.27409
149    11.1676
150    8.61632
151    12.2851
152    12.2657
123 8.5081  1
212    7.00018
124 6.46733  10
126    7.00751
127    7.0315
128    7.10987
129    7.36567
130    8.20103
131    10.929
132    7.83718
133    9.74081
134    9.95706
135    10.6633
125 9.80331  3
159    12.169
167    12.5574
180    11.8253
126 10.6969  1
231    12.2022
127 13.6151  1
177    8.9505
128 13.1442  1
234    0
129 11.6063  1
234    0
130 6.58452  1
234    0
131 10.186  1
234    0
132 11.9466  1
234    0
133 7.6957  1
234    0
134 13.8147  1
234    0
135 13.796  1
234    0
136 13.7353  1
234    0
137 13.5369  5
141    10.8398
142    7.54585
143    8.78954
144    12.8509
145    8.11313
138 12.889  1
195    12.3793
139 10.7732  4
187    7.80917
188    9.64943
189    9.65877
190    9.68917
140 13.8641  1
234    0
141 13.9575  1
234    0
142 14.2624  3
222    8.78954
223    12.8509
224    8.11313
143 5.25758  1
234    0
144 5.85269  1
181    10.018
145 7.79611  1
234    0
146 14.1424  1
234    0
147 14.8663  1
180    10.7642
148 7.22999  1
234    0
149 12.2939  1
234    0
150 8.82977  2
166    12.2888
176    11.139
151 7.51778  1
234    0
152 13.2336  1
234    0
153 11.8984  1
213    7.0315
154 7.53822  1
231    12.2657
155 13.3004  1
197    10.4736
156 12.1166  1
212    8.34733
157 8.25083  1
234    0
158 5.62716  1
159    10.4181
159 7.05969  1
234    0
160 11.7379  1
180    10.2187
161 7.01422  1
234    0
162 11.5893  1
195    12.573
163 6.52867  1
234    0
164 10.0035  1
234    0
165 11.3506  1
234    0
166 5.74953  1
234    0
167 7.45918  1
234    0
168 13.0422  1
234    0
169 11.2737  2
178    7.9172
179    10.8104
170 5.49837  1
212    11.4068
171 6.63915  1
234    0
172 10.3645  2
176    8.52293
211    9.24787
173 12.5295  1
233    11.8865
174 9.59914  1
234    0
175 10.0301  1
234    0
176 11.4373  1
234    0
177 6.03244  1
234    0
178 8.38328  1
231    7.8804
179 6.0596  1
195    7.20545
180 8.47179  1
234    0
181 6.34861  1
234    0
182 9.41572  1
234    0
183 9.43129  1
234    0
184 9.48195  1
234    0
185 9.64736  1
197    12.3501
186 10.1875  1
234    0
187 11.9515  1
234    0
188 7.71157  1
213    7.10987
189 13.8665  1
220    8.5006
190 13.9654  1
221    11.0321
191 14.2883  1
231    11.3172
192 5.34242  1
234    0
193 6.1298  4
214    8.20103
215    10.929
216    7.83718
217    9.74081
194 8.70098  1
234    0
195 7.09723  1
234    0
196 11.8603  1
234    0
197 7.41371  1
234    0
198 12.8939  1
234    0
199 10.7894  1
234    0
200 13.9169  1
234    0
201 14.1299  1
221    8.17374
202 14.8254  1
211    8.48979
203 7.09632  1
234    0
204 11.8572  1
234    0
205 7.40364  1
234    0
206 12.861  6
225    10.6421
226    12.9002
227    8.27409
228    11.1676
229    8.61632
230    12.2851
207 10.6816  1
234    0
208 13.565  1
232    12.169
209 12.9809  1
233    12.2888
210 11.0732  1
234    0
211 14.8437  1
234    0
212 7.15613  1
234    0
213 12.0525  1
234    0
214 8.04147  1
234    0
215 14.9438  1
234    0
216 7.48299  1
234    0
217 13.1201  1
234    0
218 11.5276  1
234    0
219 6.32756  1
220    11.9074
220 9.34675  1
234    0
221 9.20606  1
234    0
222 8.74645  1
234    0
223 7.24555  1
234    0
224 12.3446  1
234    0
225 8.99548  1
234    0
226 8.05887  1
234    0
227 5.00031  1
234    0
228 5.01251  1
234    0
229 5.05249  1
234    0
230 5.18311  1
234    0
231 5.60945  1
234    0
232 7.00171  1
234    0
233 11.5484  1
234    0
234 0  0
