116
0 6.39531  5
1    0.882488
2    1.29663
3    0.848979
17    1.06633
81    0.908307
1 9.56801  4
9    0.834733
10    0.710987
81    0.965877
89    0.720545
2 9.92843  6
4    1.1872
5    1.09166
6    0.779653
7    0.960805
8    0.952364
17    0.85006
3 11.1055  1
115    0
4 14.9493  1
10    0.700751
5 7.50099  3
9    0.924787
10    0.703149
17    1.29696
6 13.179  2
9    1.14068
10    0.700018
7 11.7202  2
9    0.939729
80    0.847551
8 6.95624  1
9    0.883532
9 11.3997  7
11    0.736567
12    0.820103
13    1.0929
14    0.783718
15    0.974081
16    0.995706
80    0.798349
10 5.90976  7
18    1.19074
19    1.10321
20    0.817374
21    1.08398
22    0.754585
23    0.878954
24    1.28509
11 7.98257  1
115    0
12 14.7516  2
80    0.729902
81    0.780917
13 6.85522  1
115    0
14 11.0701  1
115    0
15 14.8337  1
115    0
16 7.12348  1
115    0
17 11.946  8
25    0.811313
26    1.06421
27    1.29002
28    0.827409
29    1.11676
30    0.861632
31    1.22851
32    1.22657
18 7.69387  1
115    0
19 13.8086  2
80    1.18253
81    1.08624
20 13.7762  9
43    0.795071
44    1.01116
45    1.1168
46    0.861742
47    1.22888
48    1.22776
49    1.22412
50    1.21222
51    1.17334
21 13.6703  4
102    0.829368
103    1.12315
104    0.882488
105    1.29663
22 13.3245  1
115    0
23 12.1953  10
70    0.89505
71    0.737629
72    0.823582
73    1.10427
74    0.820853
75    1.09536
76    0.79172
77    1.00021
78    1.08104
79    0.744972
24 8.5081  1
81    0.968917
25 6.46733  1
115    0
26 9.80331  1
115    0
27 10.6969  1
115    0
28 13.6151  1
115    0
29 13.1442  9
52    1.04639
53    1.23185
54    1.23745
55    1.25574
56    0.715455
57    0.751161
58    0.867766
59    1.24855
60    1.29198
30 11.6063  3
33    1.22022
34    1.19947
89    0.844823
31 6.58452  1
81    0.902997
32 10.186  2
90    1.23501
91    1.24779
33 11.9466  4
35    1.13172
36    0.910486
37    0.78804
38    0.988198
34 7.6957  10
92    1.28953
93    0.825779
94    1.11143
95    0.844218
96    1.17166
97    1.0409
98    1.2139
99    1.17885
100    1.06439
101    1.29062
35 13.8147  1
115    0
36 13.796  4
39    1.04181
40    1.2169
41    1.18865
42    1.09638
37 13.7353  1
115    0
38 13.5369  7
82    0.978841
83    1.01125
84    1.11709
85    0.862694
86    1.23199
87    1.23793
88    1.2573
39 12.889  1
115    0
40 10.7732  1
115    0
41 13.8641  1
115    0
42 13.9575  1
115    0
43 14.2624  1
80    1.15177
44 5.25758  1
115    0
45 5.85269  1
115    0
46 7.79611  1
115    0
47 14.1424  1
115    0
48 14.8663  1
115    0
49 7.22999  1
115    0
50 12.2939  1
80    1.02187
51 8.82977  1
89    0.825834
52 7.51778  1
115    0
53 13.2336  1
115    0
54 11.8984  1
115    0
55 7.53822  1
80    1.07642
56 13.3004  10
61    0.833799
62    1.13764
63    0.929786
64    0.851067
65    1.19402
66    1.1139
67    0.852293
68    1.19803
69    1.127
81    0.763576
57 12.1166  2
81    0.761946
89    0.922059
58 8.25083  1
115    0
59 5.62716  1
89    1.17364
60 7.05969  1
89    1.11162
61 11.7379  1
81    0.964943
62 7.01422  1
115    0
63 11.5893  1
115    0
64 6.52867  1
80    0.975948
65 10.0035  1
115    0
66 11.3506  1
115    0
67 5.74953  1
115    0
68 7.45918  1
115    0
69 13.0422  1
89    1.04736
70 11.2737  1
115    0
71 5.49837  1
115    0
72 6.63915  1
115    0
73 10.3645  1
115    0
74 12.5295  1
115    0
75 9.59914  1
115    0
76 10.0301  1
115    0
77 11.4373  9
106    0.848979
107    1.1872
108    1.09166
109    0.779653
110    0.960805
111    0.952364
112    0.924787
113    0.834733
114    1.14068
78 6.03244  1
81    1.0018
79 8.38328  1
115    0
80 6.0596  1
115    0
81 8.47179  1
115    0
82 6.34861  1
115    0
83 9.41572  1
115    0
84 9.43129  1
115    0
85 9.48195  1
115    0
86 9.64736  1
89    0.767788
87 10.1875  1
115    0
88 11.9515  1
115    0
89 7.71157  1
115    0
90 13.8665  1
115    0
91 13.9654  1
115    0
92 14.2883  1
115    0
93 5.34242  1
115    0
94 6.1298  1
115    0
95 8.70098  1
115    0
96 7.09723  1
115    0
97 11.8603  1
115    0
98 7.41371  1
115    0
99 12.8939  1
115    0
100 10.7894  1
115    0
101 13.9169  1
115    0
102 14.1299  1
115    0
103 14.8254  1
115    0
104 7.09632  1
115    0
105 11.8572  1
115    0
106 7.40364  1
115    0
107 12.861  1
115    0
108 10.6816  1
115    0
109 13.565  1
115    0
110 12.9809  1
115    0
111 11.0732  1
115    0
112 14.8437  1
115    0
113 7.15613  1
115    0
114 12.0525  1
115    0
115 0  0
