115
0 7.98257  5
1    5.70338
16    3.77293
27    4.33883
33    3.99174
75    4.41766
1 14.7516  10
2    4.69865
3    4.41766
4    3.50009
5    3.50375
6    3.51575
7    3.55493
8    3.68284
16    4.39477
22    6.13286
27    6.4599
2 6.85522  5
16    5.95369
22    6.10109
25    6.06108
26    3.57727
28    4.47525
3 11.0701  4
22    5.20907
25    6.12059
26    6.27871
28    4.10427
4 14.8337  9
9    4.10051
10    5.46451
11    3.91859
12    4.8704
13    4.97853
14    5.33166
15    6.4848
16    4.2503
28    5.52136
5 7.12348  2
16    4.08687
23    4.30871
6 11.946  3
16    5.41992
27    5.68818
28    3.68815
7 7.69387  2
22    5.99736
27    4.25533
8 13.8086  2
23    5.4819
33    5.91267
9 13.7762  3
23    5.0558
25    6.13881
27    4.169
10 13.6703  3
16    6.42547
28    4.26147
33    4.23775
11 13.3245  4
22    6.08452
25    5.86671
26    3.75581
33    5.38211
12 12.1953  3
22    4.55243
28    5.99013
44    4.89421
13 8.5081  4
17    4.05657
18    5.32104
19    6.4501
20    4.13704
14 6.46733  5
16    5.51605
21    4.30816
22    5.94325
27    6.24273
45    6.15996
15 9.80331  3
22    3.9402
23    5.58399
25    6.15923
16 10.6969  1
44    5.58545
17 13.6151  4
21    5.5838
44    5.05626
45    6.28649
89    4.05657
18 13.1442  3
21    6.14257
23    3.97536
28    5.63498
19 11.6063  3
25    5.23196
28    4.11791
45    6.18963
20 6.58452  4
22    5.6586
26    6.18725
27    5.97008
89    4.39477
21 10.186  2
22    4.94099
27    4.64893
22 11.9466  2
44    4.31347
75    3.51575
23 7.6957  2
24    6.1444
28    5.56952
24 13.8147  5
29    5.47678
30    3.9586
31    5.00105
32    5.40518
75    3.50375
25 13.796  1
114    0
26 13.7353  1
43    3.90458
27 13.5369  1
45    3.83894
28 12.889  2
44    4.82472
60    5.89427
29 10.7732  2
45    3.60273
103    3.97536
30 13.8641  1
33    3.72486
31 13.9575  2
33    3.64951
89    3.77293
32 14.2624  6
92    4.13704
93    5.5838
94    4.30816
95    6.14257
96    6.13286
97    6.10109
33 5.25758  10
34    5.10936
35    5.75886
36    4.87974
37    5.00902
38    5.43118
39    3.80973
40    4.51498
41    3.81788
42    4.54154
75    3.50009
34 5.85269  9
46    4.12917
47    5.55808
48    4.22411
49    5.86818
50    5.23681
51    6.17507
52    6.23898
53    6.44763
54    4.12889
35 7.79611  1
114    0
36 14.1424  1
44    4.84458
37 14.8663  1
114    0
38 7.22999  2
45    4.61029
103    5.94325
39 12.2939  1
114    0
40 8.82977  1
114    0
41 7.51778  1
114    0
42 13.2336  1
44    4.82939
43 11.8984  1
114    0
44 7.53822  1
114    0
45 13.3004  1
114    0
46 12.1166  1
114    0
47 8.25083  10
61    5.32196
62    6.45312
63    4.14684
64    5.61576
65    4.41244
66    6.48315
67    4.2449
68    5.93602
69    5.45828
70    3.89827
48 5.62716  5
55    5.55716
56    4.22109
57    5.85829
58    5.20449
59    6.06951
49 7.05969  4
71    4.80403
72    4.76182
73    4.62394
74    4.17367
50 11.7379  1
114    0
51 7.01422  1
114    0
52 11.5893  1
103    5.4819
53 6.52867  1
114    0
54 10.0035  1
114    0
55 11.3506  1
114    0
56 5.74953  7
83    5.33166
84    6.4848
85    4.2503
86    5.95369
87    5.51605
88    4.08687
89    6.42547
57 7.45918  1
114    0
58 13.0422  10
104    5.0558
105    5.58399
106    4.30871
107    6.1444
108    6.13881
109    6.12059
110    6.06108
111    5.86671
112    5.23196
113    6.15923
59 11.2737  1
114    0
60 5.49837  1
114    0
61 6.63915  5
98    5.99736
99    5.6586
100    4.55243
101    3.9402
102    4.94099
62 10.3645  1
114    0
63 12.5295  1
114    0
64 9.59914  1
114    0
65 10.0301  1
75    4.69865
66 11.4373  1
114    0
67 6.03244  1
75    5.70338
68 8.38328  2
89    5.41992
103    5.20907
69 6.0596  1
114    0
70 8.47179  1
114    0
71 6.34861  1
114    0
72 9.41572  1
114    0
73 9.43129  1
114    0
74 9.48195  7
76    3.55493
77    3.68284
78    4.10051
79    5.46451
80    3.91859
81    4.8704
82    4.97853
75 9.64736  1
114    0
76 10.1875  1
114    0
77 11.9515  1
114    0
78 7.71157  1
114    0
79 13.8665  1
114    0
80 13.9654  1
114    0
81 14.2883  1
114    0
82 5.34242  1
114    0
83 6.1298  2
90    5.32104
91    6.4501
84 8.70098  1
114    0
85 7.09723  1
114    0
86 11.8603  1
114    0
87 7.41371  1
114    0
88 12.8939  1
114    0
89 10.7894  1
114    0
90 13.9169  1
114    0
91 14.1299  1
114    0
92 14.8254  1
114    0
93 7.09632  1
114    0
94 11.8572  1
114    0
95 7.40364  1
114    0
96 12.861  1
114    0
97 10.6816  1
114    0
98 13.565  1
114    0
99 12.9809  1
114    0
100 11.0732  1
103    6.08452
101 14.8437  1
114    0
102 7.15613  1
114    0
103 12.0525  1
114    0
104 8.04147  1
114    0
105 14.9438  1
114    0
106 7.48299  1
114    0
107 13.1201  1
114    0
108 11.5276  1
114    0
109 6.32756  1
114    0
110 9.34675  1
114    0
111 9.20606  1
114    0
112 8.74645  1
114    0
113 7.24555  1
114    0
114 0  0
