50
0 10.186  4
1    4.54154
13    5.86818
15    5.32196
47    3.75581
1 11.9466  6
2    3.90458
3    4.82472
4    4.82939
15    4.14684
16    4.80403
31    4.2503
2 7.6957  5
11    6.28649
14    6.23898
15    5.89427
16    6.48315
36    4.94099
3 13.8147  3
13    4.61029
31    4.08687
48    4.169
4 13.796  10
5    4.84458
6    4.89421
7    5.05626
8    5.58545
9    4.31347
10    6.15996
11    6.18963
12    3.60273
13    4.12917
28    5.46451
5 13.7353  4
15    4.22109
16    5.61576
35    5.6586
47    6.27871
6 13.5369  2
14    5.23681
32    6.42547
7 12.889  2
15    6.45312
34    4.13704
8 10.7732  5
13    5.55808
14    6.17507
16    5.93602
36    3.9402
47    4.33883
9 13.8641  2
16    3.89827
35    6.13286
10 13.9575  3
13    4.22411
15    5.20449
16    4.76182
11 14.2624  4
12    3.83894
14    6.44763
15    6.06951
48    4.64893
12 5.25758  5
15    5.85829
16    5.45828
28    4.8704
31    5.95369
33    4.05657
13 5.85269  2
15    5.55716
16    4.41244
14 7.79611  2
15    4.12889
35    6.14257
15 14.1424  2
16    4.2449
31    6.4848
16 14.8663  10
17    4.62394
18    4.17367
19    5.70338
20    4.69865
21    4.41766
22    3.50009
23    3.50375
24    3.51575
25    3.55493
26    3.68284
17 7.22999  2
27    4.10051
42    6.13881
18 12.2939  2
31    5.41992
35    6.10109
19 8.82977  1
28    3.91859
20 7.51778  3
30    5.33166
34    6.4501
36    4.55243
21 13.2336  1
31    3.77293
22 11.8984  1
48    5.68818
23 7.53822  1
49    0
24 13.3004  1
31    5.51605
25 12.1166  1
29    4.97853
26 8.25083  3
31    4.39477
35    4.30816
36    6.08452
27 5.62716  1
36    5.94325
28 7.05969  1
49    0
29 11.7379  2
36    5.4819
47    6.15923
30 7.01422  1
34    5.32104
31 11.5893  2
35    5.99736
36    5.20907
32 6.52867  1
48    4.25533
33 10.0035  1
49    0
34 11.3506  1
35    5.5838
35 5.74953  1
49    0
36 7.45918  5
37    3.97536
38    5.0558
39    5.58399
40    4.30871
41    6.1444
37 13.0422  1
48    6.4599
38 11.2737  1
48    6.24273
39 5.49837  5
43    6.12059
44    6.06108
45    5.86671
46    5.23196
47    6.18725
40 6.63915  1
49    0
41 10.3645  1
49    0
42 12.5295  1
49    0
43 9.59914  1
49    0
44 10.0301  1
49    0
45 11.4373  1
47    3.57727
46 6.03244  1
49    0
47 8.38328  1
49    0
48 6.0596  1
49    0
49 0  0
