190
0 6.63915  3
1    9.39729
35    12.5574
38    10.0021
1 10.3645  10
2    8.83532
3    7.00018
4    7.00751
5    7.0315
6    7.10987
7    7.36567
8    8.20103
9    10.929
37    8.23582
45    9.64943
2 12.5295  5
10    7.83718
11    9.74081
12    9.95706
44    9.08307
111    8.47551
3 9.59914  7
13    12.9696
34    11.168
35    12.3745
50    8.62694
90    12.8509
94    12.2412
161    12.5574
4 10.0301  5
13    10.6633
37    11.0427
38    10.9536
39    11.8253
68    11.2315
5 11.4373  1
50    12.573
6 6.03244  5
64    10.409
65    12.139
66    11.7885
67    10.6439
161    11.7334
7 8.38328  10
14    11.0321
15    8.17374
16    10.8398
17    7.54585
18    8.78954
19    12.8509
33    9.88198
36    11.3764
38    7.9172
111    7.44972
8 6.0596  4
13    8.5006
34    10.1116
68    12.9663
93    11.168
9 8.47179  2
37    7.37629
92    9.10486
10 6.34861  3
13    11.9074
34    7.95071
35    12.2412
11 9.41572  9
150    11.1676
151    8.61632
152    12.2851
153    12.2657
154    12.2022
155    11.9947
156    11.3172
157    9.10486
158    7.8804
12 9.43129  10
22    12.9002
23    8.27409
24    11.1676
25    8.61632
26    12.2851
27    12.2657
28    12.2022
29    11.9947
36    8.67766
90    12.9002
13 9.48195  3
30    11.3172
31    9.10486
32    7.8804
14 9.64736  2
92    9.88198
112    10.7642
15 10.1875  6
20    8.11313
21    10.6421
35    7.15455
36    8.33799
112    9.75948
129    12.139
16 11.9515  3
34    10.9638
44    9.02997
50    12.3793
17 7.71157  3
36    9.29786
38    8.20853
68    12.9062
18 13.8665  3
33    12.169
68    8.48979
109    11.9803
19 13.9654  2
34    12.2776
68    11.872
20 14.2883  1
91    11.1676
21 5.34242  2
34    12.2888
140    12.9696
22 6.1298  1
35    10.4639
23 8.70098  3
35    12.1222
36    12.9198
129    12.9062
24 7.09723  1
92    11.3172
25 11.8603  2
38    7.44972
94    12.2776
26 7.41371  2
36    11.9402
45    9.65877
27 12.8939  1
139    7.36567
28 10.7894  4
35    11.7334
36    8.51067
37    11.27
38    10.8104
29 13.9169  5
36    11.139
37    8.52293
38    8.47551
50    7.20545
162    9.29786
30 14.1299  4
33    10.4181
34    8.61742
149    8.27409
159    12.169
31 14.8254  3
34    11.8865
44    10.018
80    10.929
32 7.09632  3
36    7.51161
37    8.9505
44    10.8624
33 11.8572  4
35    12.3185
36    12.4855
37    11.9803
139    7.00751
34 7.40364  7
44    7.63576
50    7.67788
101    12.9198
111    7.9172
112    10.8624
118    8.62694
138    9.24787
35 12.861  6
40    10.7642
41    7.29902
42    7.98349
43    10.2187
68    8.82488
111    10.9536
36 10.6816  2
100    12.5574
117    10.1125
37 13.565  4
46    9.68917
47    9.78841
48    10.1125
49    11.1709
38 12.9809  3
50    12.3199
93    7.95071
159    7.95071
39 11.0732  6
44    7.61946
81    9.95706
93    11.8865
100    7.51161
112    11.8253
159    11.168
40 14.8437  2
44    11.5177
93    10.9638
41 7.15613  1
140    9.95706
42 12.0525  4
44    9.75948
111    10.0021
112    10.018
159    10.9638
43 8.04147  2
44    7.80917
80    7.10987
44 14.9438  8
51    9.22059
52    8.25834
53    11.1162
54    8.44823
55    11.7364
56    10.4736
57    12.3501
92    12.2657
45 7.48299  8
82    10.6633
83    12.9696
84    8.5006
85    11.9074
86    11.0321
87    8.17374
88    10.8398
89    7.54585
46 13.1201  1
140    7.83718
47 11.5276  7
58    12.478
59    12.8953
60    8.25779
61    11.1143
62    8.44218
63    11.7166
81    9.74081
48 6.32756  3
80    7.83718
90    8.27409
139    9.39729
49 9.34675  1
118    11.1709
50 9.20606  1
189    0
51 8.74645  1
159    10.4181
52 7.24555  1
93    10.4181
53 12.3446  1
189    0
54 8.99548  1
129    11.7885
55 8.05887  3
69    7.79653
80    7.36567
92    7.8804
56 5.00031  1
92    12.2022
57 5.01251  3
68    10.9166
162    12.9198
176    10.8104
58 5.05249  1
68    8.29368
59 5.18311  1
189    0
60 5.60945  2
100    7.15455
116    7.80917
61 7.00171  7
102    8.33799
103    11.3764
104    9.29786
105    8.51067
106    11.9402
107    11.139
108    8.52293
62 11.5484  1
189    0
63 6.39531  2
90    8.11313
129    10.6439
64 9.56801  2
109    8.23582
161    12.2412
65 9.92843  1
111    10.8104
66 11.1055  8
130    11.2315
131    8.82488
132    12.9663
133    8.48979
134    11.872
135    10.9166
136    7.79653
137    9.60805
67 14.9493  2
93    12.169
129    11.1143
68 7.50099  10
70    9.60805
71    9.52364
72    9.24787
73    8.34733
74    11.4068
75    9.39729
76    8.83532
77    7.00018
78    7.00751
79    7.0315
69 13.179  1
112    7.98349
70 11.7202  2
92    12.2851
117    9.78841
71 6.95624  3
93    8.61742
118    7.20545
159    8.61742
72 11.3997  1
189    0
73 5.90976  1
140    11.9074
74 7.98257  3
92    8.61632
93    10.1116
139    8.83532
75 14.7516  1
138    8.34733
76 6.85522  3
80    8.20103
159    11.8865
162    7.51161
77 11.0701  2
139    7.0315
140    8.5006
78 14.8337  4
92    11.9947
100    12.4855
138    11.4068
162    8.33799
79 7.12348  1
140    10.929
80 11.946  1
112    7.29902
81 7.69387  1
176    7.44972
82 13.8086  3
110    11.0427
111    8.20853
160    12.2776
83 13.7762  1
90    10.6421
84 13.6703  1
161    10.4639
85 13.3245  3
90    8.78954
116    9.64943
138    9.52364
86 12.1953  1
189    0
87 8.5081  1
141    8.17374
88 6.46733  1
189    0
89 9.80331  1
189    0
90 10.6969  1
93    12.2888
91 13.6151  1
100    8.67766
92 13.1442  1
189    0
93 11.6063  7
95    12.1222
96    11.7334
97    10.4639
98    12.3185
99    12.3745
116    9.08307
129    11.7166
94 6.58452  2
109    7.37629
176    8.47551
95 10.186  1
189    0
96 11.9466  2
116    9.65877
176    7.29902
97 7.6957  1
189    0
98 13.8147  1
116    9.68917
99 13.796  1
118    12.573
100 13.7353  2
187    9.65877
188    9.68917
101 13.5369  2
113    7.61946
114    9.02997
102 12.889  2
115    7.63576
140    10.6633
103 10.7732  2
118    12.3199
129    8.29368
104 13.8641  2
109    11.27
118    12.3793
105 13.9575  1
112    10.2187
106 14.2624  1
109    8.9505
107 5.25758  1
140    11.0321
108 5.85269  1
189    0
109 7.79611  10
163    8.51067
164    11.9402
165    11.139
166    8.52293
167    11.9803
168    11.27
169    8.9505
170    7.37629
171    8.23582
172    11.0427
110 14.1424  8
142    10.8398
143    7.54585
144    8.78954
145    12.8509
146    8.11313
147    10.6421
148    12.9002
186    9.64943
111 14.8663  1
112    11.5177
112 7.22999  2
118    7.67788
129    8.44218
113 12.2939  1
176    10.0021
114 8.82977  1
189    0
115 7.51778  1
189    0
116 13.2336  1
139    7.10987
117 11.8984  10
119    9.22059
120    8.25834
121    11.1162
122    8.44823
123    11.7364
124    10.4736
125    12.3501
126    12.478
127    12.8953
128    8.25779
118 7.53822  1
189    0
119 13.3004  1
189    0
120 12.1166  1
189    0
121 8.25083  1
189    0
122 5.62716  1
189    0
123 7.05969  1
176    10.7642
124 11.7379  1
129    10.409
125 7.01422  1
139    7.00018
126 11.5893  1
159    12.2888
127 6.52867  1
162    12.4855
128 10.0035  1
189    0
129 11.3506  1
189    0
130 5.74953  1
162    8.67766
131 7.45918  1
189    0
132 13.0422  1
161    12.3745
133 11.2737  1
189    0
134 5.49837  1
162    7.15455
135 6.63915  1
159    10.1116
136 10.3645  2
159    9.88198
176    11.8253
137 12.5295  1
139    8.20103
138 9.59914  3
173    8.20853
174    10.9536
175    7.9172
139 10.0301  1
140    9.74081
140 11.4373  1
189    0
141 6.03244  1
189    0
142 8.38328  1
189    0
143 6.0596  1
189    0
144 8.47179  1
189    0
145 6.34861  1
189    0
146 9.41572  1
189    0
147 9.43129  1
189    0
148 9.48195  1
189    0
149 9.64736  1
189    0
150 10.1875  1
189    0
151 11.9515  1
189    0
152 7.71157  1
189    0
153 13.8665  1
161    12.1222
154 13.9654  1
161    12.3185
155 14.2883  1
189    0
156 5.34242  1
189    0
157 6.1298  1
189    0
158 8.70098  1
189    0
159 7.09723  1
162    11.3764
160 11.8603  1
189    0
161 7.41371  1
189    0
162 12.8939  1
189    0
163 10.7894  1
189    0
164 13.9169  1
189    0
165 14.1299  1
189    0
166 14.8254  1
189    0
167 7.09632  1
189    0
168 11.8572  1
189    0
169 7.40364  1
189    0
170 12.861  1
189    0
171 10.6816  1
189    0
172 13.565  1
189    0
173 12.9809  1
186    9.08307
174 11.0732  1
186    7.80917
175 14.8437  9
177    7.98349
178    10.2187
179    11.5177
180    9.75948
181    10.018
182    10.8624
183    7.61946
184    9.02997
185    7.63576
176 7.15613  1
189    0
177 12.0525  1
189    0
178 8.04147  1
189    0
179 14.9438  1
189    0
180 7.48299  1
189    0
181 13.1201  1
189    0
182 11.5276  1
189    0
183 6.32756  1
189    0
184 9.34675  1
189    0
185 9.20606  1
189    0
186 8.74645  1
189    0
187 7.24555  1
189    0
188 12.3446  1
189    0
189 0  0
