228
0 7.00171  8
1    12.3199
2    12.3793
3    12.573
4    7.20545
5    7.67788
6    11.1162
8    12.3501
22    7.36567
1 11.5484  3
8    8.44218
17    7.79653
83    11.7166
2 6.39531  9
7    8.44823
8    11.1143
17    9.60805
21    7.00751
47    7.51161
75    10.018
80    9.22059
169    9.02997
178    12.8953
3 9.56801  4
6    9.22059
8    8.25779
17    12.9663
20    8.83532
4 9.92843  4
8    12.8953
17    11.872
31    8.27409
77    7.80917
5 11.1055  4
6    8.25834
8    10.4736
22    7.10987
211    7.51161
6 14.9493  4
8    11.7364
46    8.61742
77    9.65877
200    9.88198
7 7.50099  3
8    12.478
17    10.9166
31    12.8509
8 13.179  6
9    11.7166
10    10.409
11    12.139
17    9.24787
47    10.4639
158    10.8104
9 11.7202  9
125    10.6421
126    12.9002
127    8.27409
128    11.1676
129    8.61632
130    12.2851
131    12.2657
132    12.2022
200    11.3172
10 6.95624  7
12    11.7885
13    10.6439
14    12.9062
15    8.29368
16    11.2315
17    8.34733
75    7.61946
11 11.3997  1
17    8.48979
12 5.90976  3
17    9.52364
31    10.8398
211    11.3764
13 7.98257  10
32    8.61632
33    12.2851
34    12.2657
35    12.2022
36    11.9947
37    11.3172
47    11.7334
170    9.68917
177    10.4736
188    8.34733
14 14.7516  3
18    11.4068
19    9.39729
22    7.83718
15 6.85522  4
21    7.00018
38    9.10486
133    11.3172
200    11.9947
16 11.0701  3
17    8.82488
169    7.63576
188    11.4068
17 14.8337  1
22    8.20103
18 7.12348  3
21    7.0315
22    10.929
200    10.4181
19 11.946  3
31    10.6421
47    12.3745
78    10.1125
20 7.69387  2
31    8.11313
170    12.3793
21 13.8086  9
23    9.74081
24    9.95706
25    10.6633
26    12.9696
27    8.5006
28    11.9074
29    11.0321
31    8.78954
46    10.1116
22 13.7762  4
31    12.9002
82    8.25779
158    10.9536
193    7.10987
23 13.6703  1
47    7.15455
24 13.3245  10
56    8.52293
57    11.9803
58    11.27
59    8.9505
60    7.37629
61    8.23582
62    11.0427
63    8.20853
64    10.9536
77    9.78841
25 12.1953  1
30    8.17374
26 8.5081  2
31    11.1676
46    12.2888
27 6.46733  7
39    7.8804
40    9.88198
41    10.4181
42    12.169
43    11.8865
44    10.9638
45    7.95071
28 9.80331  1
227    0
29 10.6969  2
31    7.54585
193    7.83718
30 13.6151  3
47    8.67766
178    11.1143
198    10.8398
31 13.1442  1
227    0
32 11.6063  1
46    12.2412
33 6.58452  4
46    12.2776
135    12.1222
170    10.1125
198    12.8509
34 10.186  1
46    12.1222
35 11.9466  1
227    0
36 7.6957  1
169    9.08307
37 13.8147  1
79    7.67788
38 13.796  10
148    8.51067
149    11.9402
150    11.139
151    8.52293
152    11.9803
153    11.27
154    8.9505
155    7.37629
156    8.23582
157    11.0427
39 13.7353  2
46    11.168
47    12.3185
40 13.5369  1
47    12.5574
41 12.889  10
48    12.4855
49    12.9198
50    8.33799
51    11.3764
52    9.29786
53    8.51067
54    11.9402
55    11.139
80    11.7364
211    7.15455
42 10.7732  1
75    9.75948
43 13.8641  3
80    8.44823
158    8.20853
193    8.20103
44 13.9575  1
211    12.9198
45 14.2624  3
78    11.1709
79    7.20545
135    12.2412
46 5.25758  1
79    12.3793
47 5.85269  2
82    12.8953
211    8.67766
48 7.79611  1
227    0
49 14.1424  1
82    12.478
50 14.8663  10
159    8.47551
160    11.8253
161    10.7642
162    7.29902
163    7.98349
164    10.2187
165    11.5177
166    9.75948
167    10.018
168    10.8624
51 7.22999  1
171    7.67788
52 12.2939  3
65    7.9172
66    10.0021
67    10.8104
53 8.82977  8
68    7.44972
69    8.47551
70    11.8253
71    10.7642
72    7.29902
73    7.98349
74    10.2187
77    7.63576
54 7.51778  3
76    9.02997
80    8.25834
135    8.61742
55 13.2336  1
77    9.64943
56 11.8984  7
84    10.409
85    12.139
86    11.7885
87    10.6439
88    12.9062
170    8.62694
188    8.48979
57 7.53822  3
75    11.5177
79    12.573
82    11.1143
58 13.3004  3
136    10.4639
137    12.3185
138    12.3745
59 12.1166  1
211    8.33799
60 8.25083  1
82    12.3501
61 5.62716  10
104    7.00018
105    7.00751
106    7.0315
107    7.10987
108    7.36567
109    8.20103
110    10.929
111    7.83718
112    9.74081
113    9.95706
62 7.05969  1
201    10.1116
63 11.7379  1
81    10.4736
64 7.01422  4
79    12.3199
134    9.88198
158    7.9172
193    10.929
65 11.5893  1
198    12.9002
66 6.52867  1
227    0
67 10.0035  2
77    9.08307
78    8.62694
68 11.3506  2
80    11.1162
198    7.54585
69 5.74953  1
227    0
70 7.45918  1
170    11.1709
71 13.0422  2
135    12.2776
188    9.60805
72 11.2737  2
75    10.8624
201    10.9638
73 5.49837  1
77    9.68917
74 6.63915  7
89    8.29368
90    11.2315
91    8.82488
92    12.9663
93    8.48979
94    11.872
95    10.9166
75 10.3645  1
177    12.478
76 12.5295  1
82    8.44218
77 9.59914  1
169    7.61946
78 10.0301  1
227    0
79 11.4373  2
188    9.24787
198    8.27409
80 6.03244  1
133    11.9947
81 8.38328  1
227    0
82 6.0596  1
227    0
83 8.47179  8
96    7.79653
97    9.60805
98    9.52364
99    9.24787
100    8.34733
101    11.4068
102    9.39729
103    8.83532
84 6.34861  1
199    12.2022
85 9.41572  1
134    10.4181
86 9.43129  1
227    0
87 9.48195  9
180    12.139
181    11.7885
182    10.6439
183    12.9062
184    8.29368
185    11.2315
186    8.82488
187    12.9663
188    10.9166
88 9.64736  1
227    0
89 10.1875  1
227    0
90 11.9515  1
135    12.2888
91 7.71157  1
227    0
92 13.8665  1
227    0
93 13.9654  1
227    0
94 14.2883  1
198    10.6421
95 5.34242  2
158    7.44972
199    8.61632
96 6.1298  4
121    7.54585
122    8.78954
123    12.8509
124    8.11313
97 8.70098  1
227    0
98 7.09723  1
134    12.169
99 11.8603  1
158    10.0021
100 7.41371  1
135    7.95071
101 12.8939  1
135    11.168
102 10.7894  1
227    0
103 13.9169  1
227    0
104 14.1299  1
135    11.7334
105 14.8254  1
227    0
106 7.09632  7
114    10.6633
115    12.9696
116    8.5006
117    11.9074
118    11.0321
119    8.17374
120    10.8398
107 11.8572  1
135    10.1116
108 7.40364  1
227    0
109 12.861  2
134    9.10486
188    9.52364
110 10.6816  1
227    0
111 13.565  1
198    8.78954
112 12.9809  1
227    0
113 11.0732  1
227    0
114 14.8437  2
134    7.8804
193    10.6633
115 7.15613  1
170    12.3199
116 12.0525  1
227    0
117 8.04147  10
212    9.29786
213    8.51067
214    11.9402
215    11.139
216    8.52293
217    11.9803
218    11.27
219    8.9505
220    7.37629
221    8.23582
118 14.9438  1
170    9.65877
119 7.48299  1
227    0
120 13.1201  1
227    0
121 11.5276  1
134    11.8865
122 6.32756  1
227    0
123 9.34675  1
227    0
124 9.20606  1
178    8.25779
125 8.74645  1
227    0
126 7.24555  4
189    9.39729
190    8.83532
191    7.00018
192    7.00751
127 12.3446  1
227    0
128 8.99548  1
227    0
129 8.05887  1
200    9.10486
130 5.00031  1
227    0
131 5.01251  1
227    0
132 5.05249  7
139    12.5574
140    7.15455
141    7.51161
142    8.67766
143    12.4855
144    12.9198
145    8.33799
133 5.18311  2
134    10.9638
198    8.11313
134 5.60945  1
227    0
135 7.00171  1
201    7.95071
136 11.5484  1
169    9.64943
137 6.39531  1
227    0
138 9.56801  1
188    7.79653
139 9.92843  4
174    11.1162
175    8.44823
176    11.7364
193    12.9696
140 11.1055  1
227    0
141 14.9493  1
170    9.78841
142 7.50099  1
227    0
143 13.179  2
146    11.3764
147    9.29786
144 11.7202  4
194    8.5006
195    11.9074
196    11.0321
197    8.17374
145 6.95624  1
171    12.573
146 11.3997  1
211    12.4855
147 5.90976  2
172    9.22059
173    8.25834
148 7.98257  1
179    10.409
149 14.7516  1
227    0
150 6.85522  1
227    0
151 11.0701  1
193    9.95706
152 14.8337  1
227    0
153 7.12348  1
178    11.7166
154 11.946  2
177    12.3501
199    12.2657
155 7.69387  1
200    7.8804
156 13.8086  1
193    9.74081
157 13.7762  1
227    0
158 13.6703  1
227    0
159 13.3245  1
227    0
160 12.1953  1
227    0
161 8.5081  1
193    7.36567
162 6.46733  2
169    7.80917
200    11.8865
163 9.80331  1
227    0
164 10.6969  9
202    11.168
203    8.61742
204    12.2888
205    12.2776
206    12.2412
207    12.1222
208    11.7334
209    10.4639
210    12.3185
165 13.6151  1
227    0
166 13.1442  1
171    7.20545
167 11.6063  1
227    0
168 6.58452  1
227    0
169 10.186  1
211    12.5574
170 11.9466  1
227    0
171 7.6957  1
198    11.1676
172 13.8147  1
227    0
173 13.796  1
199    12.2851
174 13.7353  1
227    0
175 13.5369  1
178    8.44218
176 12.889  1
227    0
177 10.7732  1
227    0
178 13.8641  1
227    0
179 13.9575  1
227    0
180 14.2624  1
193    7.0315
181 5.25758  1
227    0
182 5.85269  1
188    11.872
183 7.79611  1
227    0
184 14.1424  1
227    0
185 14.8663  1
227    0
186 7.22999  1
227    0
187 12.2939  1
227    0
188 8.82977  1
227    0
189 7.51778  1
227    0
190 13.2336  1
227    0
191 11.8984  1
227    0
192 7.53822  1
227    0
193 13.3004  1
227    0
194 12.1166  1
227    0
195 8.25083  1
227    0
196 5.62716  1
227    0
197 7.05969  1
227    0
198 11.7379  1
200    12.169
199 7.01422  1
227    0
200 11.5893  1
227    0
201 6.52867  1
227    0
202 10.0035  1
227    0
203 11.3506  1
227    0
204 5.74953  1
227    0
205 7.45918  1
211    12.3745
206 13.0422  1
227    0
207 11.2737  1
227    0
208 5.49837  1
227    0
209 6.63915  1
227    0
210 10.3645  1
227    0
211 12.5295  1
227    0
212 9.59914  1
227    0
213 10.0301  1
227    0
214 11.4373  1
227    0
215 6.03244  1
227    0
216 8.38328  1
227    0
217 6.0596  1
227    0
218 8.47179  1
227    0
219 6.34861  5
222    11.0427
223    8.20853
224    10.9536
225    7.9172
226    10.0021
220 9.41572  1
227    0
221 9.43129  1
227    0
222 9.48195  1
227    0
223 9.64736  1
227    0
224 10.1875  1
227    0
225 11.9515  1
227    0
226 7.71157  1
227    0
227 0  0
