163
0 8.5081  2
1    4.64893
2    5.97008
1 6.46733  4
2    4.25533
34    5.32196
66    3.97536
79    4.64893
2 9.80331  10
3    5.56952
4    4.26147
5    5.99013
6    5.63498
7    4.47525
8    3.68815
9    4.11791
10    5.52136
11    4.10427
15    3.64951
3 10.6969  4
15    5.91267
32    5.86818
53    4.10051
80    4.11791
4 13.6151  3
14    5.40518
32    5.23681
79    4.169
5 13.1442  6
31    6.15996
32    4.12917
46    4.69865
66    5.94325
79    5.56952
96    3.60273
6 11.6063  6
11    5.47678
15    5.38211
54    4.2503
65    3.9402
80    4.26147
104    4.14684
7 6.58452  3
16    5.10936
64    6.14257
66    6.08452
8 10.186  10
17    5.75886
18    4.87974
19    5.00902
20    5.43118
21    3.80973
22    4.51498
23    3.81788
32    6.17507
33    5.55716
53    5.46451
9 11.9466  3
14    3.72486
66    5.58399
80    5.63498
10 7.6957  4
12    3.9586
13    5.00105
15    3.99174
157    4.169
11 13.8147  5
24    3.90458
31    3.83894
33    4.22109
34    5.61576
96    4.89421
12 13.796  4
14    4.23775
64    6.10109
65    4.94099
157    5.68818
13 13.7353  5
24    4.54154
34    5.20449
84    5.38211
89    3.80973
112    3.50375
14 13.5369  1
135    5.99736
15 12.889  1
33    4.12889
16 10.7732  2
63    5.5838
65    5.20907
17 13.8641  1
31    6.28649
18 13.9575  1
162    0
19 14.2624  3
31    3.60273
32    5.55808
33    6.44763
20 5.25758  6
32    4.22411
33    5.85829
89    5.43118
96    3.83894
103    5.85829
112    4.41766
21 5.85269  4
25    4.82472
26    4.82939
27    4.84458
34    4.14684
22 7.79611  2
113    3.55493
114    3.68284
23 14.1424  2
34    6.06951
63    4.13704
24 14.8663  1
64    5.99736
25 7.22999  5
31    4.31347
32    4.61029
33    6.23898
54    5.95369
103    4.22109
26 12.2939  4
28    4.89421
29    5.05626
30    5.58545
112    4.62394
27 8.82977  1
104    6.45312
28 7.51778  2
31    6.18963
34    5.89427
29 13.2336  7
47    4.41766
48    3.50009
49    3.50375
50    3.51575
51    3.55493
52    3.68284
96    5.58545
30 11.8984  1
63    6.4501
31 7.53822  2
34    6.45312
54    3.91859
32 13.3004  9
35    4.41244
36    6.48315
37    4.2449
38    5.93602
39    5.45828
40    3.89827
41    4.80403
42    4.76182
43    4.62394
33 12.1166  3
81    4.10427
82    5.47678
83    3.9586
34 8.25083  1
84    5.00105
35 5.62716  2
66    6.13881
96    6.18963
36 7.05969  3
66    5.0558
103    4.12889
104    5.32196
37 11.7379  2
54    4.97853
124    5.41992
38 7.01422  2
80    3.68815
96    6.15996
39 11.5893  6
44    4.17367
45    5.70338
54    4.8704
79    5.97008
103    5.55716
157    4.25533
40 6.52867  1
84    5.40518
41 10.0035  1
54    6.4848
42 11.3506  1
79    5.68818
43 5.74953  1
162    0
44 7.45918  2
66    5.4819
156    6.4599
45 13.0422  2
84    5.91267
112    4.17367
46 11.2737  8
55    5.51605
56    4.08687
57    5.41992
58    3.77293
59    4.39477
60    6.42547
61    4.05657
62    5.32104
47 5.49837  1
64    6.13286
48 6.63915  1
162    0
49 10.3645  2
63    4.30816
124    3.77293
50 12.5295  2
64    4.55243
84    3.64951
51 9.59914  10
142    5.94325
143    5.4819
144    3.97536
145    5.0558
146    5.58399
147    4.30871
148    6.1444
149    6.13881
150    6.12059
151    6.06108
52 10.0301  1
89    5.00902
53 11.4373  1
54    5.33166
54 6.03244  4
66    6.1444
80    5.52136
97    4.12917
104    4.41244
55 8.38328  1
80    4.47525
56 6.0596  3
76    4.33883
77    6.24273
78    6.4599
57 8.47179  1
97    4.22411
58 6.34861  2
64    5.6586
66    4.30871
59 9.41572  1
104    5.89427
60 9.43129  1
84    4.23775
61 9.48195  1
162    0
62 9.64736  1
84    3.72486
63 10.1875  1
162    0
64 11.9515  2
96    4.31347
124    4.08687
65 7.71157  1
96    6.28649
66 13.8665  6
67    6.12059
68    6.06108
69    5.86671
70    5.23196
71    6.15923
104    5.61576
67 13.9654  3
79    4.25533
97    5.55808
103    5.20449
68 14.2883  4
72    6.18725
73    6.27871
74    3.57727
75    3.75581
69 5.34242  5
90    4.51498
91    3.81788
92    4.54154
93    3.90458
94    4.82472
70 6.1298  1
162    0
71 8.70098  6
85    3.99174
86    5.10936
87    5.75886
88    4.87974
112    3.50009
156    3.75581
72 7.09723  1
80    5.99013
73 11.8603  1
162    0
74 7.41371  1
162    0
75 12.8939  1
162    0
76 10.7894  1
104    6.06951
77 13.9169  5
98    5.86818
99    5.23681
100    6.17507
101    6.23898
102    6.44763
78 14.1299  1
162    0
79 14.8254  1
112    5.70338
80 7.09632  1
162    0
81 11.8572  1
156    3.57727
82 7.40364  1
162    0
83 12.861  1
162    0
84 10.6816  8
105    6.48315
106    4.2449
107    5.93602
108    5.45828
109    3.89827
110    4.80403
111    4.76182
112    4.69865
85 13.565  1
162    0
86 12.9809  1
97    4.61029
87 11.0732  1
156    6.24273
88 14.8437  1
96    4.84458
89 7.15613  1
162    0
90 12.0525  1
95    4.82939
91 8.04147  1
162    0
92 14.9438  1
162    0
93 7.48299  1
96    5.05626
94 13.1201  1
156    4.33883
95 11.5276  1
162    0
96 6.32756  1
162    0
97 9.34675  1
162    0
98 9.20606  1
162    0
99 8.74645  7
136    5.6586
137    4.55243
138    3.9402
139    4.94099
140    5.20907
141    6.08452
157    4.64893
100 7.24555  1
162    0
101 12.3446  1
162    0
102 8.99548  10
115    4.10051
116    5.46451
117    3.91859
118    4.8704
119    4.97853
120    5.33166
121    6.4848
122    4.2503
123    5.95369
157    5.97008
103 8.05887  1
112    3.51575
104 5.00031  1
162    0
105 5.01251  1
162    0
106 5.05249  1
162    0
107 5.18311  1
162    0
108 5.60945  1
162    0
109 7.00171  1
162    0
110 11.5484  1
162    0
111 6.39531  10
125    4.39477
126    6.42547
127    4.05657
128    5.32104
129    6.4501
130    4.13704
131    5.5838
132    4.30816
133    6.14257
134    6.13286
112 9.56801  1
162    0
113 9.92843  1
162    0
114 11.1055  4
152    5.86671
153    5.23196
154    6.15923
155    6.18725
115 14.9493  1
162    0
116 7.50099  4
158    5.56952
159    4.26147
160    5.99013
161    5.63498
117 13.179  1
124    5.51605
118 11.7202  1
162    0
119 6.95624  1
162    0
120 11.3997  1
162    0
121 5.90976  1
162    0
122 7.98257  1
162    0
123 14.7516  1
162    0
124 6.85522  1
162    0
125 11.0701  1
162    0
126 14.8337  1
162    0
127 7.12348  1
162    0
128 11.946  1
162    0
129 7.69387  1
162    0
130 13.8086  1
162    0
131 13.7762  1
162    0
132 13.6703  1
135    6.10109
133 13.3245  1
162    0
134 12.1953  1
162    0
135 8.5081  1
162    0
136 6.46733  1
162    0
137 9.80331  1
162    0
138 10.6969  1
162    0
139 13.6151  1
162    0
140 13.1442  1
162    0
141 11.6063  1
156    6.27871
142 6.58452  1
162    0
143 10.186  1
162    0
144 11.9466  1
162    0
145 7.6957  1
162    0
146 13.8147  1
162    0
147 13.796  1
162    0
148 13.7353  1
162    0
149 13.5369  1
162    0
150 12.889  1
162    0
151 10.7732  1
162    0
152 13.8641  1
162    0
153 13.9575  1
162    0
154 14.2624  1
162    0
155 5.25758  1
162    0
156 5.85269  1
162    0
157 7.79611  1
162    0
158 14.1424  1
162    0
159 14.8663  1
162    0
160 7.22999  1
162    0
161 12.2939  1
162    0
162 0  0
