44
0 13.8086  7
1    8.20853
2    10.9536
3    7.9172
4    10.0021
5    10.8104
6    7.44972
7    7.29902
1 13.7762  2
8    11.5177
18    9.65877
2 13.6703  2
7    8.47551
18    9.68917
3 13.3245  2
7    7.98349
18    9.78841
4 12.1953  2
7    10.7642
8    10.2187
5 8.5081  1
7    11.8253
6 6.46733  1
43    0
7 9.80331  2
9    9.75948
10    10.018
8 10.6969  6
11    10.8624
12    7.61946
13    9.02997
14    7.63576
15    9.08307
16    7.80917
9 13.6151  1
43    0
10 13.1442  1
18    12.3199
11 11.6063  2
17    9.64943
18    10.1125
12 6.58452  1
43    0
13 10.186  7
19    12.3793
20    12.573
21    7.20545
22    7.67788
23    9.22059
24    8.25834
25    11.1162
14 11.9466  1
18    8.62694
15 7.6957  1
43    0
16 13.8147  1
43    0
17 13.796  1
18    11.1709
18 13.7353  1
43    0
19 13.5369  1
43    0
20 12.889  1
43    0
21 10.7732  10
26    8.44823
27    11.7364
28    10.4736
29    12.3501
30    12.478
31    12.8953
32    8.25779
33    11.1143
34    8.44218
35    11.7166
22 13.8641  7
36    10.409
37    12.139
38    11.7885
39    10.6439
40    12.9062
41    8.29368
42    11.2315
23 13.9575  1
43    0
24 14.2624  1
43    0
25 5.25758  1
43    0
26 5.85269  1
43    0
27 7.79611  1
43    0
28 14.1424  1
43    0
29 14.8663  1
43    0
30 7.22999  1
43    0
31 12.2939  1
43    0
32 8.82977  1
43    0
33 7.51778  1
43    0
34 13.2336  1
43    0
35 11.8984  1
43    0
36 7.53822  1
43    0
37 13.3004  1
43    0
38 12.1166  1
43    0
39 8.25083  1
43    0
40 5.62716  1
43    0
41 7.05969  1
43    0
42 11.7379  1
43    0
43 0  0
