123
0 7.51778  1
1    1.17334
1 13.2336  10
2    1.04639
3    1.23185
4    1.23745
5    1.25574
6    0.715455
7    0.751161
8    0.867766
9    1.24855
10    1.29198
11    0.833799
2 11.8984  1
23    0.79172
3 7.53822  1
112    0.761946
4 13.3004  1
122    0
5 12.1166  3
42    0.862694
54    1.17885
113    0.780917
6 8.25083  7
77    0.754585
78    0.878954
79    1.28509
80    0.811313
81    1.06421
82    1.29002
83    0.827409
7 5.62716  2
12    1.13764
54    1.2139
8 7.05969  10
13    0.929786
14    0.851067
15    1.19402
16    1.1139
17    0.852293
18    1.19803
19    1.127
20    0.89505
21    0.737629
22    0.823582
9 11.7379  1
23    1.09536
10 7.01422  2
42    1.11709
54    0.844218
11 11.5893  2
23    0.820853
53    1.28953
12 6.52867  4
23    1.00021
76    1.10321
113    0.968917
114    1.2573
13 10.0035  2
42    0.965877
55    1.29663
14 11.3506  4
54    0.825779
55    0.829368
76    1.29696
95    1.18865
15 5.74953  3
24    1.08104
25    0.744972
99    0.751161
16 7.45918  2
55    1.12315
97    1.04639
17 13.0422  1
23    1.10427
18 11.2737  1
53    1.23501
19 5.49837  4
101    1.127
102    0.89505
103    0.737629
104    0.823582
20 6.63915  10
32    1.15177
33    0.975948
34    1.0018
35    1.08624
36    0.761946
37    0.902997
38    0.763576
39    0.908307
40    0.780917
41    0.964943
21 10.3645  7
26    0.847551
27    1.18253
28    1.07642
29    0.729902
30    0.798349
31    1.02187
114    1.23199
22 12.5295  1
76    0.817374
23 9.59914  1
122    0
24 10.0301  1
122    0
25 11.4373  1
96    1.17334
26 6.03244  1
111    1.0018
27 8.38328  2
42    0.968917
55    0.882488
28 6.0596  3
54    1.0409
76    0.85006
111    1.15177
29 8.47179  10
43    1.23199
44    1.23793
45    1.2573
46    0.720545
47    0.767788
48    0.922059
49    0.825834
50    1.11162
51    0.844823
52    1.17364
30 6.34861  6
70    0.736567
71    0.820103
72    1.0929
73    0.783718
74    0.974081
75    0.995706
31 9.41572  5
56    1.1872
57    1.09166
58    0.779653
59    0.960805
60    0.952364
32 9.43129  1
100    1.1139
33 9.48195  2
95    1.2169
100    0.833799
34 9.64736  1
122    0
35 10.1875  1
100    0.852293
36 11.9515  1
42    0.978841
37 7.71157  1
53    1.24779
38 13.8665  2
42    1.01125
55    1.06439
39 13.9654  1
122    0
40 14.2883  1
54    1.17166
41 5.34242  2
54    1.11143
96    1.22888
42 6.1298  1
76    1.08398
43 8.70098  1
55    1.29062
44 7.09723  1
111    0.744972
45 11.8603  2
96    1.22776
99    1.25574
46 7.41371  1
95    1.09638
47 12.8939  1
122    0
48 10.7894  1
55    0.848979
49 13.9169  1
122    0
50 14.1299  1
96    1.1168
51 14.8254  1
53    1.04736
52 7.09632  2
96    0.861742
112    0.902997
53 11.8572  1
111    1.07642
54 7.40364  1
122    0
55 12.861  1
122    0
56 10.6816  1
111    0.798349
57 13.565  1
122    0
58 12.9809  10
61    0.924787
62    0.834733
63    1.14068
64    0.939729
65    0.883532
66    0.700018
67    0.700751
68    0.703149
69    0.710987
114    1.23793
59 11.0732  1
122    0
60 14.8437  1
122    0
61 7.15613  1
112    1.08624
62 12.0525  9
84    1.11676
85    0.861632
86    1.22851
87    1.22657
88    1.22022
89    1.19947
90    1.13172
91    0.910486
92    0.78804
63 8.04147  1
122    0
64 14.9438  2
76    1.06633
100    1.19402
65 7.48299  1
76    1.19074
66 13.1201  1
114    0.862694
67 11.5276  2
99    0.867766
113    0.965877
68 6.32756  3
93    0.988198
94    1.04181
95    0.795071
69 9.34675  2
99    1.24855
113    0.978841
70 9.20606  1
122    0
71 8.74645  1
114    0.767788
72 7.24555  1
111    1.02187
73 12.3446  3
96    1.22412
100    1.19803
113    1.01125
74 8.99548  1
122    0
75 8.05887  1
122    0
76 5.00031  1
122    0
77 5.01251  1
122    0
78 5.05249  2
100    0.851067
111    1.18253
79 5.18311  1
122    0
80 5.60945  1
96    1.21222
81 7.00171  1
111    0.847551
82 11.5484  1
122    0
83 6.39531  1
122    0
84 9.56801  1
112    0.763576
85 9.92843  1
100    0.929786
86 11.1055  1
122    0
87 14.9493  6
105    1.10427
106    0.820853
107    1.09536
108    0.79172
109    1.00021
110    1.08104
88 7.50099  1
95    1.01116
89 13.179  1
114    0.922059
90 11.7202  1
122    0
91 6.95624  2
99    0.715455
113    0.964943
92 11.3997  2
100    1.13764
114    0.720545
93 5.90976  1
112    0.908307
94 7.98257  1
122    0
95 14.7516  2
98    1.23745
100    1.29198
96 6.85522  1
97    1.23185
97 11.0701  1
122    0
98 14.8337  1
122    0
99 7.12348  1
122    0
100 11.946  1
122    0
101 7.69387  1
122    0
102 13.8086  1
122    0
103 13.7762  1
111    0.975948
104 13.6703  1
122    0
105 13.3245  1
122    0
106 12.1953  1
122    0
107 8.5081  1
111    0.729902
108 6.46733  1
122    0
109 9.80331  1
122    0
110 10.6969  1
122    0
111 13.6151  1
122    0
112 13.1442  1
114    1.11709
113 11.6063  7
115    0.825834
116    1.11162
117    0.844823
118    1.17364
119    1.04736
120    1.23501
121    1.24779
114 6.58452  1
122    0
115 10.186  1
122    0
116 11.9466  1
122    0
117 7.6957  1
122    0
118 13.8147  1
122    0
119 13.796  1
122    0
120 13.7353  1
122    0
121 13.5369  1
122    0
122 0  0
