62
0 13.9169  2
1    5.20907
23    3.9586
1 14.1299  10
2    6.08452
3    5.94325
4    5.4819
5    3.97536
6    5.0558
7    5.58399
8    4.30871
9    6.1444
10    6.13881
11    6.12059
2 14.8254  3
12    5.23196
22    5.99013
23    5.00105
3 7.09632  2
12    6.06108
23    4.23775
4 11.8572  2
12    5.86671
22    4.11791
5 7.40364  2
12    6.27871
22    4.47525
6 12.861  1
22    5.97008
7 10.6816  1
12    6.18725
8 13.565  2
22    5.63498
23    3.72486
9 12.9809  1
12    6.15923
10 11.0732  9
24    3.64951
25    3.99174
26    5.10936
27    5.75886
28    4.87974
29    5.00902
30    5.43118
31    3.80973
32    4.51498
11 14.8437  1
61    0
12 7.15613  10
13    3.57727
14    3.75581
15    4.33883
16    6.24273
17    6.4599
18    4.169
19    5.68818
20    4.64893
21    4.25533
23    4.10427
13 12.0525  5
33    3.81788
34    4.54154
35    3.90458
36    4.82472
37    4.82939
14 8.04147  2
22    3.68815
23    5.38211
15 14.9438  1
23    5.40518
16 7.48299  1
61    0
17 13.1201  1
38    4.84458
18 11.5276  1
22    5.56952
19 6.32756  1
23    5.47678
20 9.34675  1
22    4.26147
21 9.20606  1
23    5.91267
22 8.74645  1
23    5.52136
23 7.24555  1
61    0
24 12.3446  1
61    0
25 8.99548  1
61    0
26 8.05887  1
61    0
27 5.00031  1
61    0
28 5.01251  1
61    0
29 5.05249  1
61    0
30 5.18311  1
61    0
31 5.60945  5
42    4.31347
43    6.15996
44    6.18963
45    6.28649
46    3.60273
32 7.00171  1
61    0
33 11.5484  1
61    0
34 6.39531  1
61    0
35 9.56801  1
61    0
36 9.92843  3
39    4.89421
40    5.05626
41    5.58545
37 11.1055  1
61    0
38 14.9493  1
61    0
39 7.50099  1
61    0
40 13.179  1
61    0
41 11.7202  1
61    0
42 6.95624  10
51    4.22411
52    5.86818
53    5.23681
54    6.17507
55    6.23898
56    6.44763
57    4.12889
58    5.55716
59    4.22109
60    5.85829
43 11.3997  1
61    0
44 5.90976  1
61    0
45 7.98257  4
47    3.83894
48    4.61029
49    4.12917
50    5.55808
46 14.7516  1
61    0
47 6.85522  1
61    0
48 11.0701  1
61    0
49 14.8337  1
61    0
50 7.12348  1
61    0
51 11.946  1
61    0
52 7.69387  1
61    0
53 13.8086  1
61    0
54 13.7762  1
61    0
55 13.6703  1
61    0
56 13.3245  1
61    0
57 12.1953  1
61    0
58 8.5081  1
61    0
59 6.46733  1
61    0
60 9.80331  1
61    0
61 0  0
