193
0 7.00171  9
1    0.852293
2    1.19803
3    1.127
4    0.89505
5    0.737629
6    0.823582
7    1.10427
17    1.02187
18    0.964943
1 11.5484  5
20    1.23793
21    1.2573
22    0.720545
23    0.767788
24    0.922059
2 6.39531  4
18    0.780917
19    1.23199
83    0.737629
118    0.922059
3 9.56801  1
18    0.965877
4 9.92843  1
45    0.700018
5 11.1055  10
8    0.820853
9    1.09536
10    0.79172
11    1.00021
12    1.08104
13    0.744972
14    0.847551
15    1.18253
16    1.07642
35    0.844218
6 14.9493  2
17    0.798349
70    1.09638
7 7.50099  6
17    1.08624
18    0.968917
83    0.852293
141    0.736567
143    1.28509
184    0.798349
8 13.179  5
17    0.761946
19    0.978841
50    0.995706
70    1.18865
143    0.878954
9 11.7202  3
17    0.975948
50    0.783718
83    1.127
10 6.95624  2
17    1.0018
19    0.862694
11 11.3997  3
17    0.902997
35    1.2139
162    1.23745
12 5.90976  2
18    0.908307
70    1.2169
13 7.98257  5
17    1.15177
19    1.01125
35    1.17885
45    1.14068
119    1.04736
14 14.7516  1
119    1.28953
15 6.85522  4
17    0.729902
18    0.763576
45    0.924787
119    1.23501
16 11.0701  1
82    0.715455
17 14.8337  4
19    1.11709
45    0.952364
50    1.0929
83    1.19803
18 7.12348  2
45    0.779653
142    1.08398
19 11.946  10
25    0.825834
26    1.11162
27    0.844823
28    1.17364
29    1.04736
30    1.23501
31    1.24779
32    1.28953
33    0.825779
34    1.11143
20 7.69387  1
192    0
21 13.8086  2
35    1.17166
133    0.779653
22 13.7762  1
50    1.19074
23 13.6703  1
192    0
24 13.3245  3
50    0.85006
82    0.833799
177    0.737629
25 12.1953  5
46    0.700751
47    0.703149
48    0.710987
49    0.736567
143    0.827409
26 8.5081  1
45    0.883532
27 6.46733  6
61    1.11676
62    0.861632
63    1.22851
64    1.22657
65    1.22022
66    1.19947
28 9.80331  1
45    0.960805
29 10.6969  1
67    1.13172
30 13.6151  1
166    1.29198
31 13.1442  2
35    1.0409
69    1.04181
32 11.6063  2
50    0.974081
141    0.820103
33 6.58452  2
167    0.833799
168    1.13764
34 10.186  2
36    1.06439
70    0.795071
35 11.9466  1
143    1.29002
36 7.6957  8
37    1.29062
38    0.829368
39    1.12315
40    0.882488
41    1.29663
42    0.848979
43    1.1872
44    1.09166
37 13.8147  2
59    1.29002
60    0.827409
38 13.796  1
192    0
39 13.7353  4
45    0.939729
69    0.78804
82    1.25574
144    0.910486
40 13.5369  3
50    0.820103
83    0.851067
142    0.754585
41 12.889  3
45    0.834733
82    1.29198
144    1.11676
42 10.7732  1
83    1.1139
43 13.8641  2
50    1.06633
83    0.823582
44 13.9575  2
82    1.13764
144    1.13172
45 14.2624  2
101    0.761946
142    1.10321
46 5.25758  10
51    1.10321
52    0.817374
53    1.08398
54    0.754585
55    0.878954
56    1.28509
57    0.811313
58    1.06421
142    0.85006
144    1.22657
47 5.85269  1
144    1.19947
48 7.79611  2
50    1.29696
82    0.929786
49 14.1424  1
82    0.751161
50 14.8663  4
129    1.12315
130    0.882488
131    1.29663
132    0.848979
51 7.22999  1
192    0
52 12.2939  9
120    1.11143
121    0.844218
122    1.17166
123    1.0409
124    1.2139
125    1.17885
126    1.06439
127    1.29062
128    0.829368
53 8.82977  1
69    0.988198
54 7.51778  1
141    0.703149
55 13.2336  2
68    0.910486
83    1.19402
56 11.8984  5
77    1.21222
78    1.17334
79    1.04639
80    1.23185
81    1.23745
57 7.53822  2
142    0.817374
162    1.25574
58 13.3004  4
84    1.10427
85    0.820853
86    1.09536
87    0.79172
59 12.1166  1
118    0.825834
60 8.25083  1
141    0.974081
61 5.62716  1
192    0
62 7.05969  1
133    0.952364
63 11.7379  3
74    1.22888
75    1.22776
76    1.22412
64 7.01422  1
82    0.867766
65 11.5893  1
192    0
66 6.52867  2
82    1.24855
144    1.22851
67 10.0035  1
192    0
68 11.3506  1
141    0.710987
69 5.74953  1
192    0
70 7.45918  3
71    1.01116
72    1.1168
73    0.861742
71 13.0422  7
102    0.902997
103    0.763576
104    0.908307
105    0.780917
106    0.964943
107    0.965877
108    0.968917
72 11.2737  1
192    0
73 5.49837  2
178    0.823582
184    0.729902
74 6.63915  1
192    0
75 10.3645  3
163    0.751161
164    0.867766
165    1.24855
76 12.5295  1
83    0.89505
77 9.59914  6
171    1.19402
172    1.1139
173    0.852293
174    1.19803
175    1.127
176    0.89505
78 10.0301  1
192    0
79 11.4373  1
192    0
80 6.03244  2
119    1.17364
184    1.08104
81 8.38328  1
192    0
82 6.0596  8
92    1.18253
93    1.07642
94    0.729902
95    0.798349
96    1.02187
97    1.15177
98    0.975948
99    1.0018
83 8.47179  1
192    0
84 6.34861  1
192    0
85 9.41572  1
192    0
86 9.43129  5
88    1.00021
89    1.08104
90    0.744972
91    0.847551
143    1.06421
87 9.48195  1
119    1.24779
88 9.64736  1
192    0
89 10.1875  6
145    0.78804
146    0.988198
147    1.04181
148    1.2169
149    1.18865
150    1.09638
90 11.9515  1
192    0
91 7.71157  1
119    1.11162
92 13.8665  1
192    0
93 13.9654  1
192    0
94 14.2883  1
119    0.844823
95 5.34242  1
192    0
96 6.1298  1
192    0
97 8.70098  1
192    0
98 7.09723  2
100    1.08624
162    0.715455
99 11.8603  1
192    0
100 7.41371  1
192    0
101 12.8939  1
192    0
102 10.7894  1
184    0.847551
103 13.9169  9
109    0.978841
110    1.01125
111    1.11709
112    0.862694
113    1.23199
114    1.23793
115    1.2573
116    0.720545
117    0.767788
104 14.1299  1
192    0
105 14.8254  1
192    0
106 7.09632  2
141    0.995706
185    1.15177
107 11.8572  1
192    0
108 7.40364  7
134    0.924787
135    0.834733
136    1.14068
137    0.939729
138    0.883532
139    0.700018
140    0.700751
109 12.861  2
151    0.795071
152    1.01116
110 10.6816  1
192    0
111 13.565  1
142    1.29696
112 12.9809  1
192    0
113 11.0732  1
192    0
114 14.8437  1
192    0
115 7.15613  1
192    0
116 12.0525  1
192    0
117 8.04147  2
169    0.929786
170    0.851067
118 14.9438  1
119    0.825779
119 7.48299  1
144    1.22022
120 13.1201  1
133    0.960805
121 11.5276  1
192    0
122 6.32756  1
192    0
123 9.34675  1
192    0
124 9.20606  1
133    1.09166
125 8.74645  1
192    0
126 7.24555  1
141    1.0929
127 12.3446  9
153    1.1168
154    0.861742
155    1.22888
156    1.22776
157    1.22412
158    1.21222
159    1.17334
160    1.04639
161    1.23185
128 8.99548  1
192    0
129 8.05887  1
192    0
130 5.00031  2
141    1.06633
184    0.744972
131 5.01251  1
192    0
132 5.05249  1
133    1.1872
133 5.18311  1
144    0.861632
134 5.60945  1
192    0
135 7.00171  1
142    1.19074
136 11.5484  1
141    0.783718
137 6.39531  1
192    0
138 9.56801  1
192    0
139 9.92843  1
192    0
140 11.1055  1
143    0.811313
141 14.9493  1
192    0
142 7.50099  1
192    0
143 13.179  1
184    1.07642
144 11.7202  1
192    0
145 6.95624  1
192    0
146 11.3997  1
192    0
147 5.90976  1
192    0
148 7.98257  1
192    0
149 14.7516  1
192    0
150 6.85522  1
192    0
151 11.0701  1
192    0
152 14.8337  1
192    0
153 7.12348  1
192    0
154 11.946  1
192    0
155 7.69387  1
192    0
156 13.8086  1
192    0
157 13.7762  1
192    0
158 13.6703  1
192    0
159 13.3245  1
192    0
160 12.1953  1
192    0
161 8.5081  1
184    1.02187
162 6.46733  1
192    0
163 9.80331  1
192    0
164 10.6969  1
192    0
165 13.6151  1
192    0
166 13.1442  5
179    1.10427
180    0.820853
181    1.09536
182    0.79172
183    1.00021
167 11.6063  1
192    0
168 6.58452  1
192    0
169 10.186  1
192    0
170 11.9466  1
192    0
171 7.6957  1
192    0
172 13.8147  1
192    0
173 13.796  1
192    0
174 13.7353  1
192    0
175 13.5369  1
192    0
176 12.889  1
192    0
177 10.7732  1
192    0
178 13.8641  1
192    0
179 13.9575  1
192    0
180 14.2624  1
192    0
181 5.25758  1
192    0
182 5.85269  1
192    0
183 7.79611  1
184    1.18253
184 14.1424  1
192    0
185 14.8663  6
186    0.975948
187    1.0018
188    1.08624
189    0.761946
190    0.902997
191    0.763576
186 7.22999  1
192    0
187 12.2939  1
192    0
188 8.82977  1
192    0
189 7.51778  1
192    0
190 13.2336  1
192    0
191 11.8984  1
192    0
192 0  0
