192
0 8.04147  3
1    61.3881
6    35.7727
17    56.3498
1 14.9438  7
2    61.2059
3    60.6108
4    58.6671
6    61.5923
21    50.0902
22    48.2472
26    58.5829
2 7.48299  7
7    37.5581
8    43.3883
9    62.4273
10    64.599
11    41.69
12    56.8818
17    36.8815
3 13.1201  6
5    52.3196
6    62.7871
17    55.2136
20    42.3775
22    55.8545
26    62.3898
4 11.5276  7
19    37.2486
20    57.5886
21    38.1788
26    64.4763
28    38.9827
80    46.4893
164    52.0907
5 6.32756  3
6    61.8725
25    46.1029
49    37.7293
6 9.34675  5
17    44.7525
20    59.1267
26    42.2109
27    60.6951
67    60.8452
7 9.20606  4
17    54.7678
20    36.4951
26    41.2889
106    50.5626
8 8.74645  3
17    39.586
22    45.4154
26    55.5716
9 7.24555  7
13    46.4893
14    42.5533
15    59.7008
16    55.6952
22    39.0458
25    42.2411
27    58.9427
10 12.3446  5
17    41.1791
20    51.0936
21    38.0973
23    61.8963
25    41.2917
11 8.99548  5
18    50.0105
20    48.7974
28    54.5828
56    55.838
164    45.5243
12 8.05887  2
20    53.8211
22    48.9421
13 5.00031  3
17    42.6147
20    39.9174
25    55.5808
14 5.01251  7
17    59.9013
18    54.0518
23    62.8649
25    58.6818
27    64.5312
28    56.1576
67    59.4325
15 5.05249  2
24    36.0273
28    41.4684
16 5.18311  3
17    41.0427
22    43.1347
25    61.7507
17 5.60945  4
21    45.1498
26    52.0449
28    42.449
67    54.819
18 7.00171  1
21    54.3118
19 11.5484  3
22    48.4458
67    61.3881
150    37.7293
20 6.39531  4
22    50.5626
25    52.3681
28    48.0403
105    38.1788
21 9.56801  2
22    48.2939
28    64.8315
22 9.92843  3
23    61.5996
25    38.3894
27    53.2196
23 11.1055  1
191    0
24 14.9493  1
28    44.1244
25 7.50099  7
30    46.2394
31    41.7367
32    57.0338
33    46.9865
34    44.1766
35    35.0009
36    35.0375
26 13.179  3
28    59.3602
49    55.1605
106    48.9421
27 11.7202  6
37    35.1575
38    35.5493
39    36.8284
40    41.0051
41    54.6451
42    39.1859
28 6.95624  2
29    47.6182
106    43.1347
29 11.3997  1
191    0
30 5.90976  6
144    49.7853
145    53.3166
146    64.848
147    42.503
148    59.5369
149    55.1605
31 7.98257  1
191    0
32 14.7516  1
191    0
33 6.85522  10
57    43.0816
58    61.4257
59    61.3286
60    61.0109
61    59.9736
62    56.586
63    45.5243
64    39.402
65    49.4099
66    52.0907
34 11.0701  1
80    42.5533
35 14.8337  1
49    40.8687
36 7.12348  1
191    0
37 11.946  3
67    50.558
69    58.6671
105    38.0973
38 7.69387  2
105    39.0458
133    38.9827
39 13.8086  1
191    0
40 13.7762  1
191    0
41 13.6703  1
191    0
42 13.3245  6
43    48.704
44    49.7853
45    53.3166
46    64.848
47    42.503
48    59.5369
43 12.1953  1
49    54.1992
44 8.5081  9
107    61.8963
108    62.8649
109    36.0273
110    38.3894
111    46.1029
112    41.2917
113    55.5808
114    42.2411
115    58.6818
45 6.46733  4
50    43.9477
51    64.2547
52    40.5657
67    55.8399
46 9.80331  3
53    53.2104
54    64.501
55    41.3704
47 10.6969  1
191    0
48 13.6151  2
68    61.2059
105    45.1498
49 13.1442  1
160    61.3286
50 11.6063  1
191    0
51 6.58452  10
81    55.6952
82    42.6147
83    59.9013
84    56.3498
85    44.7525
86    36.8815
87    41.1791
88    55.2136
89    41.0427
90    54.7678
52 10.186  2
69    52.3196
106    48.2939
53 11.9466  1
191    0
54 7.6957  3
67    43.0871
69    60.6108
133    59.3602
55 13.8147  1
191    0
56 13.796  1
67    39.7536
57 13.7353  10
70    61.5923
71    61.8725
72    62.7871
73    35.7727
74    37.5581
75    43.3883
76    62.4273
77    64.599
78    41.69
79    56.8818
58 13.5369  1
191    0
59 12.889  1
191    0
60 10.7732  1
191    0
61 13.8641  1
134    41.7367
62 13.9575  1
67    61.444
63 14.2624  1
191    0
64 5.25758  1
191    0
65 5.85269  1
191    0
66 7.79611  1
134    46.2394
67 14.1424  1
106    48.2472
68 14.8663  1
134    57.0338
69 7.22999  1
191    0
70 12.2939  1
191    0
71 8.82977  1
191    0
72 7.51778  1
191    0
73 13.2336  1
80    59.7008
74 11.8984  1
191    0
75 7.53822  1
164    39.402
76 13.3004  1
191    0
77 12.1166  1
191    0
78 8.25083  1
106    55.8545
79 5.62716  1
191    0
80 7.05969  6
91    39.586
92    50.0105
93    54.0518
94    37.2486
95    42.3775
96    59.1267
81 11.7379  1
191    0
82 7.01422  1
105    45.4154
83 11.5893  1
191    0
84 6.52867  1
191    0
85 10.0035  1
191    0
86 11.3506  1
191    0
87 5.74953  8
136    35.0375
137    35.1575
138    35.5493
139    36.8284
140    41.0051
141    54.6451
142    39.1859
143    48.704
88 7.45918  1
106    61.5996
89 13.0422  1
135    35.0009
90 11.2737  1
191    0
91 5.49837  1
191    0
92 6.63915  1
191    0
93 10.3645  1
191    0
94 12.5295  1
191    0
95 9.59914  1
191    0
96 10.0301  8
97    53.8211
98    36.4951
99    39.9174
100    51.0936
101    57.5886
102    48.7974
103    50.0902
104    54.3118
97 11.4373  1
191    0
98 6.03244  1
191    0
99 8.38328  7
165    54.819
166    39.7536
167    50.558
168    55.8399
169    43.0871
170    61.444
171    61.3881
100 6.0596  1
106    48.4458
101 8.47179  1
191    0
102 6.34861  1
191    0
103 9.41572  7
126    58.9427
127    53.2196
128    64.5312
129    41.4684
130    56.1576
131    44.1244
132    64.8315
104 9.43129  1
191    0
105 9.48195  1
191    0
106 9.64736  1
191    0
107 10.1875  1
191    0
108 11.9515  1
191    0
109 7.71157  1
191    0
110 13.8665  1
191    0
111 13.9654  1
191    0
112 14.2883  10
116    52.3681
117    61.7507
118    62.3898
119    64.4763
120    41.2889
121    55.5716
122    42.2109
123    58.5829
124    52.0449
125    60.6951
113 5.34242  2
133    47.6182
134    46.9865
114 6.1298  1
191    0
115 8.70098  1
191    0
116 7.09723  1
191    0
117 11.8603  1
191    0
118 7.41371  9
151    43.9477
152    64.2547
153    40.5657
154    53.2104
155    64.501
156    41.3704
157    55.838
158    43.0816
159    61.4257
119 12.8939  1
133    42.449
120 10.7894  1
164    59.4325
121 13.9169  1
191    0
122 14.1299  3
161    61.0109
162    59.9736
163    56.586
123 14.8254  1
191    0
124 7.09632  1
191    0
125 11.8572  1
191    0
126 7.40364  1
191    0
127 12.861  1
191    0
128 10.6816  1
191    0
129 13.565  1
191    0
130 12.9809  1
133    54.5828
131 11.0732  1
191    0
132 14.8437  2
133    48.0403
134    44.1766
133 7.15613  1
191    0
134 12.0525  1
191    0
135 8.04147  1
191    0
136 14.9438  1
191    0
137 7.48299  1
191    0
138 13.1201  1
191    0
139 11.5276  1
191    0
140 6.32756  1
191    0
141 9.34675  1
191    0
142 9.20606  1
191    0
143 8.74645  1
150    40.8687
144 7.24555  1
164    60.8452
145 12.3446  1
150    54.1992
146 8.99548  1
191    0
147 8.05887  1
191    0
148 5.00031  1
191    0
149 5.01251  1
191    0
150 5.05249  1
191    0
151 5.18311  1
191    0
152 5.60945  1
191    0
153 7.00171  1
191    0
154 11.5484  1
191    0
155 6.39531  1
191    0
156 9.56801  1
191    0
157 9.92843  1
191    0
158 11.1055  1
191    0
159 14.9493  1
191    0
160 7.50099  1
191    0
161 13.179  1
191    0
162 11.7202  1
164    49.4099
163 6.95624  1
191    0
164 11.3997  1
191    0
165 5.90976  1
191    0
166 7.98257  9
172    61.2059
173    60.6108
174    58.6671
175    52.3196
176    61.5923
177    61.8725
178    62.7871
179    35.7727
180    37.5581
167 14.7516  10
181    43.3883
182    62.4273
183    64.599
184    41.69
185    56.8818
186    46.4893
187    42.5533
188    59.7008
189    55.6952
190    42.6147
168 6.85522  1
191    0
169 11.0701  1
191    0
170 14.8337  1
191    0
171 7.12348  1
191    0
172 11.946  1
191    0
173 7.69387  1
191    0
174 13.8086  1
191    0
175 13.7762  1
191    0
176 13.6703  1
191    0
177 13.3245  1
191    0
178 12.1953  1
191    0
179 8.5081  1
191    0
180 6.46733  1
191    0
181 9.80331  1
191    0
182 10.6969  1
191    0
183 13.6151  1
191    0
184 13.1442  1
191    0
185 11.6063  1
191    0
186 6.58452  1
191    0
187 10.186  1
191    0
188 11.9466  1
191    0
189 7.6957  1
191    0
190 13.8147  1
191    0
191 0  0
