44
0 13.3004  3
1    5.86818
2    5.23681
10    4.14684
1 12.1166  2
10    5.89427
36    5.41992
2 8.25083  8
3    6.17507
4    6.23898
5    6.44763
6    4.12889
7    5.55716
8    4.22109
9    5.85829
10    4.41244
3 5.62716  1
10    5.20449
4 7.05969  1
10    5.61576
5 11.7379  1
10    6.06951
6 7.01422  9
12    5.93602
13    5.45828
14    3.89827
15    4.80403
16    4.76182
17    4.62394
18    4.17367
19    5.70338
20    4.69865
7 11.5893  2
10    6.48315
11    4.2449
8 6.52867  2
10    5.32196
37    4.13704
9 10.0035  1
10    6.45312
10 11.3506  1
43    0
11 5.74953  3
36    5.51605
37    6.4501
42    5.99736
12 7.45918  3
38    5.5838
39    4.30816
40    6.14257
13 13.0422  1
43    0
14 11.2737  1
43    0
15 5.49837  1
43    0
16 6.63915  1
43    0
17 10.3645  1
43    0
18 12.5295  7
21    4.41766
22    3.50009
23    3.50375
24    3.51575
25    3.55493
26    3.68284
27    4.10051
19 9.59914  1
43    0
20 10.0301  1
43    0
21 11.4373  9
28    5.46451
29    3.91859
30    4.8704
31    4.97853
32    5.33166
33    6.4848
34    4.2503
35    5.95369
36    4.08687
22 6.03244  1
37    5.32104
23 8.38328  1
43    0
24 6.0596  1
37    4.39477
25 8.47179  1
37    6.42547
26 6.34861  1
41    6.13286
27 9.41572  1
43    0
28 9.43129  1
43    0
29 9.48195  1
43    0
30 9.64736  1
43    0
31 10.1875  1
43    0
32 11.9515  1
42    6.10109
33 7.71157  1
43    0
34 13.8665  2
37    3.77293
42    5.6586
35 13.9654  1
37    4.05657
36 14.2883  1
43    0
37 5.34242  1
43    0
38 6.1298  1
43    0
39 8.70098  1
43    0
40 7.09723  1
43    0
41 11.8603  1
43    0
42 7.41371  1
43    0
43 0  0
