180
0 5.85269  10
1    8.62694
2    12.3199
3    12.3793
4    12.573
5    7.20545
6    7.67788
7    9.22059
25    7.83718
26    11.0321
29    11.1676
1 7.79611  3
14    8.25779
23    9.24787
24    11.4068
2 14.1424  4
8    8.25834
25    8.20103
29    12.2851
38    11.168
3 14.8663  5
8    11.1162
24    8.34733
26    10.8398
50    10.8104
91    7.10987
4 7.22999  9
15    8.44218
16    11.7166
17    10.409
18    12.139
19    11.7885
20    10.6439
21    12.9062
22    8.29368
25    9.95706
5 12.2939  10
9    11.7364
10    10.4736
11    12.3501
12    12.478
13    12.8953
23    10.9166
26    8.17374
29    12.9002
40    8.67766
49    8.23582
6 8.82977  4
8    8.44823
24    9.39729
29    8.27409
48    8.52293
7 7.51778  3
23    9.60805
48    11.139
68    8.44823
8 13.2336  2
23    12.9663
25    10.929
9 11.8984  3
23    9.52364
24    7.00018
29    8.61632
10 7.53822  3
23    11.872
40    12.1222
49    7.37629
11 13.3004  3
14    11.1143
23    11.2315
38    7.95071
12 12.1166  3
26    11.9074
40    10.4639
61    11.1709
13 8.25083  3
23    7.79653
29    12.8509
110    12.2851
14 5.62716  3
23    8.82488
68    10.4736
134    7.51161
15 7.05969  2
24    8.83532
38    10.9638
16 11.7379  3
23    8.48979
38    11.8865
134    11.9402
17 7.01422  2
24    7.00751
25    7.36567
18 11.5893  9
30    12.2657
31    12.2022
32    11.9947
33    11.3172
34    9.10486
35    7.8804
36    9.88198
37    10.4181
61    9.78841
19 6.52867  4
26    12.9696
29    8.11313
40    7.51161
50    7.9172
20 10.0035  4
24    7.10987
26    8.5006
48    11.9803
50    10.9536
21 11.3506  3
24    7.0315
29    10.6421
152    10.8624
22 5.74953  1
39    12.2776
23 7.45918  2
38    12.169
50    11.0427
24 13.0422  2
25    9.74081
40    12.5574
25 11.2737  2
26    10.6633
68    11.7364
26 5.49837  4
27    7.54585
28    8.78954
49    8.9505
50    8.20853
27 6.63915  3
39    12.2888
40    12.3185
91    8.20103
28 10.3645  1
40    12.2412
29 12.5295  3
86    9.60805
87    9.52364
88    9.24787
30 9.59914  3
62    8.62694
63    12.3199
77    10.6439
31 10.0301  1
40    11.7334
32 11.4373  1
179    0
33 6.03244  1
179    0
34 8.38328  2
38    10.1116
57    10.2187
35 6.0596  2
39    8.61742
40    7.15455
36 8.47179  7
103    7.54585
104    8.78954
105    12.8509
106    8.11313
107    10.6421
108    12.9002
109    8.27409
37 6.34861  7
41    12.4855
42    12.9198
43    8.33799
44    11.3764
45    9.29786
46    8.51067
47    11.9402
38 9.41572  3
40    12.3745
60    9.02997
61    9.64943
39 9.43129  8
51    7.44972
52    8.47551
53    11.8253
54    10.7642
55    7.29902
56    7.98349
60    7.63576
110    8.61632
40 9.48195  1
179    0
41 9.64736  2
68    9.22059
91    7.00018
42 10.1875  1
134    9.29786
43 11.9515  1
60    9.08307
44 7.71157  6
111    11.9947
112    11.3172
113    9.10486
114    7.8804
115    9.88198
134    8.33799
45 13.8665  1
179    0
46 13.9654  2
49    11.27
57    10.018
47 14.2883  1
50    10.0021
48 5.34242  1
179    0
49 6.1298  2
57    11.5177
61    9.65877
50 8.70098  1
60    7.80917
51 7.09723  4
58    10.8624
59    7.61946
61    9.68917
77    11.7885
52 11.8603  1
57    9.75948
53 7.41371  2
89    8.34733
90    11.4068
54 12.8939  1
179    0
55 10.7894  1
179    0
56 13.9169  2
77    12.9062
152    7.29902
57 14.1299  1
61    10.1125
58 14.8254  2
91    7.00751
134    8.67766
59 7.09632  4
64    12.3793
65    12.573
66    7.20545
67    7.67788
60 11.8572  6
78    8.29368
79    11.2315
80    8.82488
81    12.9663
82    8.48979
83    11.872
61 7.40364  1
179    0
62 12.861  1
148    7.44972
63 10.6816  1
179    0
64 13.565  1
110    12.2022
65 12.9809  2
68    11.1162
110    12.2657
66 11.0732  2
68    8.25834
91    9.39729
67 14.8437  1
179    0
68 7.15613  8
69    12.3501
70    12.478
71    12.8953
72    8.25779
73    11.1143
74    8.44218
75    11.7166
76    10.409
69 12.0525  1
179    0
70 8.04147  1
179    0
71 14.9438  1
179    0
72 7.48299  2
77    12.139
91    7.36567
73 13.1201  1
91    8.83532
74 11.5276  1
179    0
75 6.32756  1
179    0
76 9.34675  1
179    0
77 9.20606  1
179    0
78 8.74645  1
133    7.15455
79 7.24555  1
91    7.0315
80 12.3446  1
179    0
81 8.99548  1
134    8.51067
82 8.05887  2
84    10.9166
85    7.79653
83 5.00031  1
179    0
84 5.01251  1
179    0
85 5.05249  1
179    0
86 5.18311  1
179    0
87 5.60945  4
92    10.929
93    7.83718
94    9.74081
152    7.61946
88 7.00171  1
179    0
89 11.5484  1
179    0
90 6.39531  8
95    9.95706
96    10.6633
97    12.9696
98    8.5006
99    11.9074
100    11.0321
101    8.17374
102    10.8398
91 9.56801  1
179    0
92 9.92843  1
179    0
93 11.1055  1
152    10.018
94 14.9493  1
179    0
95 7.50099  1
179    0
96 13.179  9
124    12.2888
125    12.2776
126    12.2412
127    12.1222
128    11.7334
129    10.4639
130    12.3185
131    12.3745
132    12.5574
97 11.7202  1
179    0
98 6.95624  1
179    0
99 11.3997  1
179    0
100 5.90976  7
153    9.02997
154    7.63576
155    9.08307
156    7.80917
157    9.64943
158    9.65877
159    9.68917
101 7.98257  1
179    0
102 14.7516  1
179    0
103 6.85522  1
179    0
104 11.0701  1
134    12.9198
105 14.8337  2
110    11.1676
134    11.3764
106 7.12348  1
179    0
107 11.946  1
179    0
108 7.69387  1
179    0
109 13.8086  1
179    0
110 13.7762  8
116    10.4181
117    12.169
118    11.8865
119    10.9638
120    7.95071
121    10.1116
122    11.168
123    8.61742
111 13.6703  9
170    8.25834
171    11.1162
172    8.44823
173    11.7364
174    10.4736
175    12.3501
176    12.478
177    12.8953
178    8.25779
112 13.3245  2
149    8.47551
150    11.8253
113 12.1953  1
179    0
114 8.5081  1
179    0
115 6.46733  1
179    0
116 9.80331  1
179    0
117 10.6969  1
179    0
118 13.6151  1
179    0
119 13.1442  1
179    0
120 11.6063  1
179    0
121 6.58452  1
179    0
122 10.186  10
138    11.27
139    8.9505
140    7.37629
141    8.23582
142    11.0427
143    8.20853
144    10.9536
145    7.9172
146    10.0021
147    10.8104
123 11.9466  1
179    0
124 7.6957  1
179    0
125 13.8147  3
135    11.139
136    8.52293
137    11.9803
126 13.796  1
179    0
127 13.7353  1
151    10.7642
128 13.5369  1
179    0
129 12.889  1
179    0
130 10.7732  10
160    9.78841
161    10.1125
162    11.1709
163    8.62694
164    12.3199
165    12.3793
166    12.573
167    7.20545
168    7.67788
169    9.22059
131 13.8641  1
134    12.4855
132 13.9575  1
179    0
133 14.2624  1
179    0
134 5.25758  1
152    9.75948
135 5.85269  1
152    7.98349
136 7.79611  1
152    11.5177
137 14.1424  1
179    0
138 14.8663  1
179    0
139 7.22999  1
179    0
140 12.2939  1
179    0
141 8.82977  1
179    0
142 7.51778  1
179    0
143 13.2336  1
179    0
144 11.8984  1
179    0
145 7.53822  1
179    0
146 13.3004  1
152    10.2187
147 12.1166  1
179    0
148 8.25083  1
179    0
149 5.62716  1
179    0
150 7.05969  1
179    0
151 11.7379  1
179    0
152 7.01422  1
179    0
153 11.5893  1
179    0
154 6.52867  1
179    0
155 10.0035  1
179    0
156 11.3506  1
179    0
157 5.74953  1
179    0
158 7.45918  1
179    0
159 13.0422  1
179    0
160 11.2737  1
179    0
161 5.49837  1
179    0
162 6.63915  1
179    0
163 10.3645  1
179    0
164 12.5295  1
179    0
165 9.59914  1
179    0
166 10.0301  1
179    0
167 11.4373  1
179    0
168 6.03244  1
179    0
169 8.38328  1
179    0
170 6.0596  1
179    0
171 8.47179  1
179    0
172 6.34861  1
179    0
173 9.41572  1
179    0
174 9.43129  1
179    0
175 9.48195  1
179    0
176 9.64736  1
179    0
177 10.1875  1
179    0
178 11.9515  1
179    0
179 0  0
