208
0 5.18311  5
1    8.47551
2    11.8253
93    7.37629
125    9.52364
127    10.929
1 5.60945  2
2    10.7642
80    12.2412
2 7.00171  6
3    7.29902
4    7.98349
5    10.2187
6    11.5177
7    9.75948
56    8.78954
3 11.5484  10
8    10.018
9    10.8624
10    7.61946
11    9.02997
12    7.63576
13    9.08307
14    7.80917
15    9.64943
16    9.65877
19    8.62694
4 6.39531  2
80    11.7334
122    11.1143
5 9.56801  1
122    10.409
6 9.92843  2
30    12.3501
122    11.7166
7 11.1055  1
207    0
8 14.9493  10
38    12.139
39    11.7885
40    10.6439
41    12.9062
42    8.29368
43    11.2315
44    8.82488
127    7.0315
137    12.8509
190    11.7364
9 7.50099  1
72    12.169
10 13.179  3
45    10.9166
46    9.60805
188    12.3793
11 11.7202  2
45    11.872
47    8.20103
12 6.95624  2
91    11.9402
92    11.139
13 11.3997  5
17    9.68917
18    9.78841
19    10.1125
45    7.79653
93    11.27
14 5.90976  1
115    11.1709
15 7.98257  1
19    12.3199
16 14.7516  8
48    7.83718
49    9.74081
50    9.95706
51    10.6633
52    12.9696
53    8.5006
54    11.9074
55    11.0321
17 6.85522  1
46    9.39729
18 11.0701  3
19    11.1709
133    11.0321
191    8.44218
19 14.8337  10
20    12.3793
21    12.573
22    7.20545
23    7.67788
24    9.22059
25    8.25834
26    11.1162
27    8.44823
28    11.7364
29    10.4736
20 7.12348  2
126    8.83532
160    8.51067
21 11.946  2
46    9.24787
115    10.1125
22 7.69387  1
207    0
23 13.8086  2
46    8.83532
187    9.78841
24 13.7762  4
117    11.7364
118    10.4736
119    12.3501
120    12.478
25 13.6703  6
57    8.11313
58    10.6421
59    12.9002
60    8.27409
61    11.1676
191    12.9062
26 13.3245  10
31    12.478
32    12.8953
33    8.25779
34    11.1143
35    8.44218
36    11.7166
37    10.409
45    8.48979
46    8.34733
89    8.33799
27 12.1953  1
46    11.4068
28 8.5081  1
46    9.52364
29 6.46733  1
189    9.22059
30 9.80331  1
47    7.0315
31 10.6969  3
56    8.17374
115    9.78841
190    12.478
32 13.6151  2
46    7.00018
123    8.82488
33 13.1442  8
144    12.169
145    11.8865
146    10.9638
147    7.95071
148    10.1116
149    11.168
150    8.61742
151    12.2888
34 11.6063  10
105    11.5177
106    9.75948
107    10.018
108    10.8624
109    7.61946
110    9.02997
111    7.63576
112    9.08307
113    7.80917
114    9.64943
35 6.58452  1
56    7.54585
36 10.186  8
81    10.4639
82    12.3185
83    12.3745
84    12.5574
85    7.15455
86    7.51161
87    8.67766
88    12.4855
37 11.9466  7
66    11.9947
67    11.3172
68    9.10486
69    7.8804
70    9.88198
71    10.4181
188    12.573
38 7.6957  1
47    7.00751
39 13.8147  1
123    11.2315
40 13.796  2
47    10.929
93    8.20853
41 13.7353  1
207    0
42 13.5369  4
80    12.2776
116    8.25834
126    9.24787
186    9.64943
43 12.889  3
47    7.36567
115    9.65877
125    9.60805
44 10.7732  6
45    12.9663
47    7.10987
127    7.10987
137    8.61632
160    9.29786
190    8.44823
45 13.8641  4
56    10.8398
93    11.0427
116    12.3199
122    11.7885
46 13.9575  1
116    11.1162
47 14.2624  1
207    0
48 5.25758  1
56    12.8509
49 5.85269  1
186    9.02997
50 7.79611  1
207    0
51 14.1424  1
207    0
52 14.8663  1
89    11.3764
53 7.22999  3
134    10.8398
135    7.54585
136    8.78954
54 12.2939  1
116    9.22059
55 8.82977  1
207    0
56 7.51778  9
94    10.9536
95    7.9172
96    10.0021
97    10.8104
98    7.44972
99    8.47551
100    11.8253
124    7.79653
186    7.80917
57 13.2336  2
93    8.23582
190    12.3501
58 11.8984  1
137    8.27409
59 7.53822  4
62    8.61632
63    12.2851
64    12.2657
65    12.2022
60 13.3004  1
207    0
61 12.1166  1
122    8.25779
62 8.25083  1
207    0
63 5.62716  2
89    9.29786
152    12.3745
64 7.05969  1
207    0
65 11.7379  2
123    12.9663
191    11.7166
66 7.01422  4
101    10.7642
102    7.29902
103    7.98349
126    7.00018
67 11.5893  1
90    8.51067
68 6.52867  1
207    0
69 10.0035  2
93    8.9505
187    11.1709
70 11.3506  2
93    11.9803
190    10.4736
71 5.74953  5
80    12.1222
126    7.00751
137    12.2851
185    7.61946
186    9.08307
72 7.45918  8
73    11.8865
74    10.9638
75    7.95071
76    10.1116
77    11.168
78    8.61742
79    12.2888
187    10.1125
73 13.0422  1
126    11.4068
74 11.2737  1
207    0
75 5.49837  1
207    0
76 6.63915  1
116    12.3793
77 10.3645  1
207    0
78 12.5295  1
123    8.48979
79 9.59914  2
126    9.39729
152    12.2776
80 10.0301  1
123    11.872
81 11.4373  1
89    12.9198
82 6.03244  2
115    9.68917
152    12.2412
83 8.38328  1
207    0
84 6.0596  1
127    8.20103
85 8.47179  1
207    0
86 6.34861  1
93    8.52293
87 9.41572  1
133    8.17374
88 9.43129  2
104    10.2187
191    8.29368
89 9.48195  3
152    10.4639
186    9.65877
189    11.1162
90 9.64736  3
116    7.67788
122    8.44218
186    7.63576
91 10.1875  1
207    0
92 11.9515  1
207    0
93 7.71157  2
123    8.29368
187    9.68917
94 13.8665  1
207    0
95 13.9654  4
138    11.9947
139    11.3172
140    9.10486
141    7.8804
96 14.2883  4
122    12.139
152    12.1222
185    10.8624
190    11.1143
97 5.34242  1
207    0
98 6.1298  2
133    11.9074
191    10.6439
99 8.70098  1
116    8.44823
100 7.09723  1
207    0
101 11.8603  2
116    12.573
188    7.20545
102 7.41371  2
133    8.5006
152    12.3185
103 12.8939  1
137    12.9002
104 10.7894  1
207    0
105 13.9169  1
207    0
106 14.1299  2
115    8.62694
122    12.9062
107 14.8254  1
116    7.20545
108 7.09632  1
122    10.6439
109 11.8572  1
207    0
110 7.40364  5
193    12.9663
194    8.48979
195    11.872
196    10.9166
197    7.79653
111 12.861  1
137    11.1676
112 10.6816  1
121    12.8953
113 13.565  1
207    0
114 12.9809  1
207    0
115 11.0732  1
124    10.9166
116 14.8437  1
191    10.409
117 7.15613  1
191    12.139
118 12.0525  5
128    7.83718
129    9.74081
130    9.95706
131    10.6633
132    12.9696
119 8.04147  1
188    7.67788
120 14.9438  8
161    11.9402
162    11.139
163    8.52293
164    11.9803
165    11.27
166    8.9505
167    7.37629
168    8.23582
121 7.48299  2
142    9.88198
143    10.4181
122 13.1201  2
126    8.34733
190    8.25779
123 11.5276  2
127    7.36567
137    8.11313
124 6.32756  1
207    0
125 9.34675  1
207    0
126 9.20606  1
152    11.7334
127 8.74645  1
207    0
128 7.24555  1
207    0
129 12.3446  1
207    0
130 8.99548  1
187    12.3199
131 8.05887  1
207    0
132 5.00031  1
207    0
133 5.01251  1
207    0
134 5.05249  1
137    12.2657
135 5.18311  1
137    10.6421
136 5.60945  1
137    12.2022
137 7.00171  6
153    12.5574
154    7.15455
155    7.51161
156    8.67766
157    12.4855
191    11.7885
138 11.5484  1
207    0
139 6.39531  1
207    0
140 9.56801  1
207    0
141 9.92843  1
207    0
142 11.1055  1
207    0
143 14.9493  1
191    11.2315
144 7.50099  1
207    0
145 13.179  1
207    0
146 11.7202  1
187    8.62694
147 6.95624  1
207    0
148 11.3997  1
207    0
149 5.90976  1
207    0
150 7.98257  1
160    11.3764
151 14.7516  10
169    11.0427
170    8.20853
171    10.9536
172    7.9172
173    10.0021
174    10.8104
175    7.44972
176    8.47551
177    11.8253
178    10.7642
152 6.85522  1
189    8.25834
153 11.0701  2
158    12.9198
159    8.33799
154 14.8337  1
207    0
155 7.12348  1
207    0
156 11.946  1
207    0
157 7.69387  6
179    7.29902
180    7.98349
181    10.2187
182    11.5177
183    9.75948
184    10.018
158 13.8086  1
207    0
159 13.7762  1
190    12.8953
160 13.6703  1
207    0
161 13.3245  1
207    0
162 12.1953  1
207    0
163 8.5081  1
207    0
164 6.46733  1
207    0
165 9.80331  1
207    0
166 10.6969  1
207    0
167 13.6151  1
207    0
168 13.1442  1
207    0
169 11.6063  1
207    0
170 6.58452  1
207    0
171 10.186  1
207    0
172 11.9466  1
207    0
173 7.6957  1
207    0
174 13.8147  1
207    0
175 13.796  1
207    0
176 13.7353  1
207    0
177 13.5369  1
207    0
178 12.889  1
207    0
179 10.7732  1
207    0
180 13.8641  1
207    0
181 13.9575  1
207    0
182 14.2624  1
207    0
183 5.25758  1
192    8.82488
184 5.85269  9
198    9.60805
199    9.52364
200    9.24787
201    8.34733
202    11.4068
203    9.39729
204    8.83532
205    7.00018
206    7.00751
185 7.79611  1
207    0
186 14.1424  1
207    0
187 14.8663  1
207    0
188 7.22999  1
207    0
189 12.2939  1
207    0
190 8.82977  1
207    0
191 7.51778  1
207    0
192 13.2336  1
207    0
193 11.8984  1
207    0
194 7.53822  1
207    0
195 13.3004  1
207    0
196 12.1166  1
207    0
197 8.25083  1
207    0
198 5.62716  1
207    0
199 7.05969  1
207    0
200 11.7379  1
207    0
201 7.01422  1
207    0
202 11.5893  1
207    0
203 6.52867  1
207    0
204 10.0035  1
207    0
205 11.3506  1
207    0
206 5.74953  1
207    0
207 0  0
