60
0 9.41572  10
1    5.51605
2    4.08687
3    5.41992
4    3.77293
5    4.39477
6    6.42547
7    4.05657
8    5.32104
9    6.4501
10    4.30816
1 9.43129  3
10    6.13286
12    5.86671
21    5.68818
2 9.48195  3
10    4.55243
11    4.94099
12    5.23196
3 9.64736  2
10    6.10109
11    5.20907
4 10.1875  3
10    3.9402
11    3.97536
21    4.169
5 11.9515  2
10    6.14257
11    5.0558
6 7.71157  2
10    5.6586
12    4.30871
7 13.8665  2
10    5.99736
12    6.06108
8 13.9654  3
10    5.5838
11    5.94325
12    6.13881
9 14.2883  3
10    4.13704
11    6.08452
12    5.58399
10 5.34242  3
11    5.4819
12    6.12059
21    4.64893
11 6.1298  1
12    6.1444
12 8.70098  8
13    6.15923
14    6.18725
15    6.27871
16    3.57727
17    3.75581
18    4.33883
19    6.24273
20    6.4599
13 7.09723  9
22    5.97008
23    5.56952
24    4.26147
25    5.99013
26    5.63498
27    4.47525
28    3.68815
29    4.11791
30    5.52136
14 11.8603  1
59    0
15 7.41371  1
59    0
16 12.8939  1
59    0
17 10.7894  1
59    0
18 13.9169  1
59    0
19 14.1299  1
59    0
20 14.8254  1
21    4.25533
21 7.09632  1
59    0
22 11.8572  1
59    0
23 7.40364  1
59    0
24 12.861  1
59    0
25 10.6816  1
59    0
26 13.565  1
59    0
27 12.9809  1
59    0
28 11.0732  1
59    0
29 14.8437  1
59    0
30 7.15613  8
31    4.10427
32    5.47678
33    3.9586
34    5.00105
35    5.40518
36    3.72486
37    4.23775
38    5.91267
31 12.0525  1
59    0
32 8.04147  1
59    0
33 14.9438  1
59    0
34 7.48299  1
59    0
35 13.1201  1
59    0
36 11.5276  1
59    0
37 6.32756  4
39    5.38211
40    3.64951
41    3.99174
42    5.10936
38 9.34675  6
53    4.82939
54    4.84458
55    4.89421
56    5.05626
57    5.58545
58    4.31347
39 9.20606  1
59    0
40 8.74645  10
43    5.75886
44    4.87974
45    5.00902
46    5.43118
47    3.80973
48    4.51498
49    3.81788
50    4.54154
51    3.90458
52    4.82472
41 7.24555  1
59    0
42 12.3446  1
59    0
43 8.99548  1
59    0
44 8.05887  1
59    0
45 5.00031  1
59    0
46 5.01251  1
59    0
47 5.05249  1
59    0
48 5.18311  1
59    0
49 5.60945  1
59    0
50 7.00171  1
59    0
51 11.5484  1
59    0
52 6.39531  1
59    0
53 9.56801  1
59    0
54 9.92843  1
59    0
55 11.1055  1
59    0
56 14.9493  1
59    0
57 7.50099  1
59    0
58 13.179  1
59    0
59 0  0
