49
0 5.01251  4
1    6.18725
4    6.24273
5    4.25533
29    3.83894
1 5.05249  6
2    6.27871
3    3.57727
4    6.4599
5    5.68818
27    4.84458
37    4.62394
2 5.18311  3
4    3.75581
5    5.97008
27    4.31347
3 5.60945  4
4    4.33883
5    4.64893
16    4.23775
27    5.05626
4 7.00171  4
5    4.169
16    5.91267
17    3.64951
27    5.58545
5 11.5484  10
6    5.56952
7    4.26147
8    5.99013
9    5.63498
10    4.47525
11    3.68815
12    4.11791
13    5.52136
14    4.10427
17    5.38211
6 6.39531  2
15    5.47678
17    5.75886
7 9.56801  4
15    5.40518
27    4.82939
29    6.18963
37    3.89827
8 9.92843  1
38    4.69865
9 11.1055  4
17    5.10936
29    6.28649
35    5.89427
36    4.41244
10 14.9493  2
15    3.9586
35    4.22109
11 7.50099  2
35    5.85829
38    4.41766
12 13.179  2
29    4.61029
37    4.2449
13 11.7202  2
15    5.00105
36    4.14684
14 6.95624  9
19    5.00902
20    5.43118
21    3.80973
22    4.51498
23    3.81788
24    4.54154
25    3.90458
26    4.82472
36    5.61576
15 11.3997  6
16    3.72486
17    3.99174
27    4.89421
29    3.60273
35    6.23898
38    5.70338
16 5.90976  1
48    0
17 7.98257  1
18    4.87974
18 14.7516  2
28    6.15996
35    5.55716
19 6.85522  1
48    0
20 11.0701  2
35    4.12889
36    5.32196
21 14.8337  5
30    4.12917
31    5.55808
32    4.22411
33    5.86818
34    5.23681
22 7.12348  1
35    6.44763
23 11.946  2
35    6.06951
38    4.17367
24 7.69387  1
35    5.20449
25 13.8086  1
37    5.93602
26 13.7762  1
48    0
27 13.6703  2
35    6.17507
37    4.80403
28 13.3245  1
48    0
29 12.1953  1
48    0
30 8.5081  1
37    5.45828
31 6.46733  1
48    0
32 9.80331  1
48    0
33 10.6969  1
36    6.45312
34 13.6151  1
48    0
35 13.1442  1
36    6.48315
36 11.6063  1
37    4.76182
37 6.58452  9
39    3.50009
40    3.50375
41    3.51575
42    3.55493
43    3.68284
44    4.10051
45    5.46451
46    3.91859
47    4.8704
38 10.186  1
48    0
39 11.9466  1
48    0
40 7.6957  1
48    0
41 13.8147  1
48    0
42 13.796  1
48    0
43 13.7353  1
48    0
44 13.5369  1
48    0
45 12.889  1
48    0
46 10.7732  1
48    0
47 13.8641  1
48    0
48 0  0
