83
0 9.34675  3
1    4.23775
33    5.32196
58    6.08452
1 9.20606  10
2    5.91267
3    5.38211
4    3.64951
5    3.99174
6    5.10936
7    5.75886
8    4.87974
9    5.00902
10    5.43118
11    3.80973
2 8.74645  3
12    3.90458
34    6.48315
65    4.64893
3 7.24555  2
23    3.83894
55    6.4848
4 12.3446  5
13    4.82472
64    4.33883
65    4.25533
66    3.68815
80    6.18963
5 8.99548  3
34    4.41244
58    5.99736
64    5.68818
6 8.05887  3
12    4.51498
22    6.28649
57    4.13704
7 5.00031  10
14    4.82939
15    4.84458
16    4.89421
17    5.05626
18    5.58545
19    4.31347
20    6.15996
21    6.18963
33    4.22109
68    5.52136
8 5.01251  1
82    0
9 5.05249  1
23    4.61029
10 5.18311  1
12    3.81788
11 5.60945  6
12    4.54154
33    6.45312
55    4.05657
58    4.94099
64    3.75581
80    4.84458
12 7.00171  1
55    5.95369
13 11.5484  2
55    4.08687
60    6.12059
14 6.39531  7
24    5.55808
25    4.22411
26    5.86818
27    5.23681
58    5.94325
64    6.18725
80    5.05626
15 9.56801  4
54    5.33166
55    3.77293
57    5.5838
60    6.13881
16 9.92843  5
29    6.23898
30    6.44763
31    4.12889
32    5.55716
33    5.89427
17 11.1055  2
57    6.4501
59    5.58399
18 14.9493  3
33    6.06951
34    5.61576
79    4.82472
19 7.50099  2
23    4.12917
66    4.47525
20 13.179  2
22    3.60273
33    5.85829
21 11.7202  1
82    0
22 6.95624  5
28    6.17507
34    5.93602
57    6.14257
60    6.1444
65    5.56952
23 11.3997  1
82    0
24 5.90976  1
55    4.2503
25 7.98257  3
34    4.2449
57    6.10109
64    3.57727
26 14.7516  1
82    0
27 6.85522  2
33    5.20449
79    3.90458
28 11.0701  3
58    5.6586
64    6.4599
80    4.89421
29 14.8337  2
56    5.32104
65    5.97008
30 7.12348  2
34    4.14684
59    5.0558
31 11.946  3
61    6.06108
62    5.86671
63    5.23196
32 7.69387  7
35    5.45828
36    3.89827
37    4.80403
38    4.76182
39    4.62394
55    6.42547
64    6.27871
33 13.8086  1
55    5.41992
34 13.7762  9
40    4.17367
41    5.70338
42    4.69865
43    4.41766
44    3.50009
45    3.50375
46    3.51575
47    3.55493
48    3.68284
35 13.6703  2
58    3.97536
81    4.12917
36 13.3245  3
64    6.15923
66    5.63498
79    4.82939
37 12.1953  1
58    5.20907
38 8.5081  2
66    4.26147
81    4.61029
39 6.46733  2
68    4.10427
80    6.15996
40 9.80331  1
82    0
41 10.6969  1
68    5.47678
42 13.6151  1
57    4.30816
43 13.1442  2
64    4.169
79    3.81788
44 11.6063  7
49    4.10051
50    5.46451
51    3.91859
52    4.8704
53    4.97853
64    6.24273
68    5.00105
45 6.58452  1
82    0
46 10.186  1
58    4.55243
47 11.9466  1
82    0
48 7.6957  2
67    4.11791
79    4.54154
49 13.8147  1
55    4.39477
50 13.796  1
82    0
51 13.7353  2
55    5.51605
58    3.9402
52 13.5369  1
68    3.9586
53 12.889  2
58    5.4819
66    5.99013
54 10.7732  1
82    0
55 13.8641  10
69    5.40518
70    3.72486
71    4.23775
72    5.91267
73    5.38211
74    3.64951
75    3.99174
76    5.10936
77    5.75886
78    4.87974
56 13.9575  2
57    6.13286
59    4.30871
57 14.2624  2
80    6.28649
81    5.55808
58 5.25758  1
79    3.80973
59 5.85269  1
82    0
60 7.79611  1
82    0
61 14.1424  1
82    0
62 14.8663  1
82    0
63 7.22999  2
79    5.00902
80    3.60273
64 12.2939  1
82    0
65 8.82977  1
82    0
66 7.51778  1
82    0
67 13.2336  1
82    0
68 11.8984  1
82    0
69 7.53822  1
82    0
70 13.3004  1
82    0
71 12.1166  1
79    5.43118
72 8.25083  1
82    0
73 5.62716  1
82    0
74 7.05969  1
82    0
75 11.7379  1
80    5.58545
76 7.01422  1
80    3.83894
77 11.5893  1
79    4.51498
78 6.52867  1
80    4.31347
79 10.0035  1
82    0
80 11.3506  1
82    0
81 5.74953  1
82    0
82 0  0
