98
0 11.9466  3
1    0.703149
2    0.736567
34    0.851067
1 7.6957  4
2    0.710987
15    0.827409
25    0.795071
54    0.978841
2 13.8147  4
3    0.820103
4    1.0929
5    0.783718
25    0.861742
3 13.796  10
6    0.974081
7    0.995706
8    1.06633
9    1.29696
10    0.85006
11    1.19074
12    1.10321
13    0.817374
14    1.08398
15    1.11676
4 13.7353  4
15    1.06421
26    1.22412
34    0.929786
54    0.965877
5 13.5369  3
16    1.22851
25    1.2169
46    1.02187
6 12.889  2
15    1.28509
16    0.861632
7 10.7732  5
15    0.878954
25    1.18865
46    0.729902
54    0.780917
91    0.878954
8 13.8641  9
17    1.22657
18    1.22022
19    1.19947
20    1.13172
21    0.910486
22    0.78804
23    0.988198
24    1.04181
54    1.11709
9 13.9575  5
15    0.811313
25    1.1168
26    1.04639
54    0.968917
63    1.17166
10 14.2624  2
15    0.754585
46    1.18253
11 5.25758  1
25    1.01116
12 5.85269  2
15    1.29002
26    1.23745
13 7.79611  1
97    0
14 14.1424  9
27    1.25574
28    0.715455
29    0.751161
30    0.867766
31    1.24855
32    1.29198
33    0.833799
62    1.04736
63    1.17885
15 14.8663  1
97    0
16 7.22999  2
25    1.22888
54    1.01125
17 12.2939  1
26    1.23185
18 8.82977  3
25    1.22776
46    1.07642
54    1.23199
19 7.51778  1
34    0.852293
20 13.2336  1
34    1.13764
21 11.8984  3
25    1.09638
26    1.21222
34    1.19803
22 7.53822  10
64    1.29062
65    0.829368
66    1.12315
67    0.882488
68    1.29663
69    0.848979
70    1.1872
71    1.09166
72    0.779653
73    0.960805
23 13.3004  2
34    1.127
46    0.798349
24 12.1166  1
26    1.17334
25 8.25083  10
36    0.737629
37    0.823582
38    1.10427
39    0.820853
40    1.09536
41    0.79172
42    1.00021
43    1.08104
44    0.744972
45    0.847551
26 5.62716  1
34    1.1139
27 7.05969  1
35    0.89505
28 11.7379  1
97    0
29 7.01422  8
47    0.975948
48    1.0018
49    1.08624
50    0.761946
51    0.902997
52    0.763576
53    0.908307
62    0.844823
30 11.5893  1
62    0.844218
31 6.52867  1
91    1.19074
32 10.0035  1
91    0.754585
33 11.3506  1
34    1.19402
34 5.74953  1
97    0
35 7.45918  1
97    0
36 13.0422  2
62    0.825779
90    1.06633
37 11.2737  1
97    0
38 5.49837  1
62    1.17364
39 6.63915  1
97    0
40 10.3645  1
54    0.964943
41 12.5295  1
46    1.15177
42 9.59914  1
97    0
43 10.0301  1
97    0
44 11.4373  2
54    0.862694
62    1.11143
45 6.03244  1
91    0.817374
46 8.38328  1
97    0
47 6.0596  1
63    1.2139
48 8.47179  2
62    1.28953
63    1.06439
49 6.34861  1
97    0
50 9.41572  1
97    0
51 9.43129  1
97    0
52 9.48195  1
62    1.23501
53 9.64736  1
91    1.10321
54 10.1875  7
55    1.23793
56    1.2573
57    0.720545
58    0.767788
59    0.922059
60    0.825834
61    1.11162
55 11.9515  1
97    0
56 7.71157  1
97    0
57 13.8665  1
97    0
58 13.9654  1
97    0
59 14.2883  6
74    0.952364
75    0.924787
76    0.834733
77    1.14068
78    0.939729
79    0.883532
60 5.34242  1
63    1.0409
61 6.1298  1
62    1.24779
62 8.70098  1
97    0
63 7.09723  1
97    0
64 11.8603  1
97    0
65 7.41371  1
97    0
66 12.8939  1
97    0
67 10.7894  1
97    0
68 13.9169  1
90    1.29696
69 14.1299  2
90    0.85006
91    1.08398
70 14.8254  1
97    0
71 7.09632  1
97    0
72 11.8572  1
97    0
73 7.40364  1
97    0
74 12.861  1
97    0
75 10.6816  1
97    0
76 13.565  1
97    0
77 12.9809  1
97    0
78 11.0732  1
97    0
79 14.8437  10
80    0.700018
81    0.700751
82    0.703149
83    0.710987
84    0.736567
85    0.820103
86    1.0929
87    0.783718
88    0.974081
89    0.995706
80 7.15613  5
92    1.28509
93    0.811313
94    1.06421
95    1.29002
96    0.827409
81 12.0525  1
97    0
82 8.04147  1
97    0
83 14.9438  1
97    0
84 7.48299  1
97    0
85 13.1201  1
97    0
86 11.5276  1
97    0
87 6.32756  1
97    0
88 9.34675  1
97    0
89 9.20606  1
97    0
90 8.74645  1
97    0
91 7.24555  1
97    0
92 12.3446  1
97    0
93 8.99548  1
97    0
94 8.05887  1
97    0
95 5.00031  1
97    0
96 5.01251  1
97    0
97 0  0
