87
0 6.58452  5
1    4.2449
7    4.17367
26    5.58399
27    6.18725
40    5.38211
1 10.186  5
2    5.93602
6    4.76182
8    3.50375
9    3.91859
79    4.97853
2 11.9466  7
3    5.45828
8    3.55493
10    4.8704
12    5.41992
20    6.13286
70    4.22109
81    4.05657
3 7.6957  5
4    3.89827
8    4.41766
9    5.46451
26    4.30871
29    5.56952
4 13.8147  8
5    4.80403
8    5.70338
12    5.51605
20    5.99736
26    5.86671
27    5.23196
28    6.27871
81    3.77293
5 13.796  6
6    4.62394
8    3.51575
9    3.68284
11    6.4848
29    5.97008
40    5.40518
6 13.7353  6
8    3.50009
10    4.97853
11    4.2503
20    6.10109
28    3.57727
40    3.64951
7 13.5369  5
8    4.69865
9    4.10051
12    4.08687
40    5.91267
79    5.33166
8 12.889  4
12    5.95369
20    6.14257
29    4.33883
81    6.42547
9 10.7732  3
10    5.33166
26    5.4819
85    6.27871
10 13.8641  3
20    5.6586
26    5.0558
80    6.4848
11 13.9575  8
13    3.77293
14    4.39477
15    6.42547
16    4.05657
17    5.32104
18    6.4501
19    4.13704
70    5.32196
12 14.2624  2
82    6.13286
83    6.08452
13 5.25758  3
40    5.75886
70    4.14684
82    6.10109
14 5.85269  1
29    4.169
15 7.79611  2
20    5.5838
29    4.25533
16 14.1424  5
21    3.9402
22    4.94099
23    5.20907
24    6.08452
25    5.94325
17 14.8663  2
28    3.75581
78    4.76182
18 7.22999  4
20    4.55243
26    6.06108
29    6.24273
83    5.4819
19 12.2939  4
20    4.30816
26    6.13881
79    3.55493
82    5.99736
20 8.82977  1
78    4.62394
21 7.51778  4
26    6.1444
29    4.64893
80    5.95369
82    5.6586
22 13.2336  2
26    3.97536
29    5.68818
23 11.8984  6
41    4.87974
42    5.00902
43    5.43118
44    3.80973
45    4.51498
46    3.81788
24 7.53822  10
31    5.99013
32    5.63498
33    4.47525
34    3.68815
35    4.11791
36    5.52136
37    4.10427
38    5.47678
39    3.9586
40    5.00105
25 13.3004  2
26    6.12059
82    3.9402
26 12.1166  3
27    6.15923
78    4.17367
83    5.94325
27 8.25083  2
29    6.4599
70    4.12889
28 5.62716  10
47    4.54154
48    3.90458
49    4.82472
50    4.82939
51    4.84458
52    4.89421
53    5.05626
54    5.58545
55    4.31347
56    6.15996
29 7.05969  1
30    4.26147
30 11.7379  2
70    6.06951
80    4.2503
31 7.01422  1
83    4.30871
32 11.5893  2
40    4.23775
81    4.13704
33 6.52867  1
86    0
34 10.0035  1
86    0
35 11.3506  2
70    6.45312
80    5.41992
36 5.74953  4
40    5.10936
70    5.85829
83    5.0558
84    6.06108
37 7.45918  1
40    3.72486
38 13.0422  2
40    3.99174
70    5.89427
39 11.2737  1
82    4.55243
40 5.49837  1
79    4.10051
41 6.63915  2
81    6.4501
82    5.20907
42 10.3645  2
78    5.70338
81    6.14257
43 12.5295  1
86    0
44 9.59914  2
79    3.91859
81    4.39477
45 10.0301  6
57    6.18963
58    6.28649
59    3.60273
60    3.83894
61    4.61029
78    4.69865
46 11.4373  1
86    0
47 6.03244  2
78    3.50375
81    4.30816
48 8.38328  1
86    0
49 6.0596  1
86    0
50 8.47179  1
86    0
51 6.34861  9
62    4.12917
63    5.55808
64    4.22411
65    5.86818
66    5.23681
67    6.17507
68    6.23898
69    6.44763
83    6.1444
52 9.41572  2
79    5.46451
83    6.12059
53 9.43129  2
70    5.20449
84    6.18725
54 9.48195  1
86    0
55 9.64736  1
86    0
56 10.1875  1
86    0
57 11.9515  1
86    0
58 7.71157  1
78    3.51575
59 13.8665  1
81    5.5838
60 13.9654  1
79    3.68284
61 14.2883  1
70    5.55716
62 5.34242  7
71    5.61576
72    4.41244
73    6.48315
74    4.2449
75    5.93602
76    5.45828
77    3.89827
63 6.1298  1
78    3.50009
64 8.70098  1
80    4.08687
65 7.09723  1
86    0
66 11.8603  1
84    6.15923
67 7.41371  1
86    0
68 12.8939  1
86    0
69 10.7894  1
80    5.51605
70 13.9169  1
86    0
71 14.1299  1
86    0
72 14.8254  1
78    4.80403
73 7.09632  3
78    4.41766
79    4.8704
84    5.86671
74 11.8572  2
83    6.13881
84    5.23196
75 7.40364  1
86    0
76 12.861  1
86    0
77 10.6816  2
82    4.94099
83    3.97536
78 13.565  2
83    5.58399
85    3.57727
79 12.9809  1
81    5.32104
80 11.0732  1
86    0
81 14.8437  1
86    0
82 7.15613  1
86    0
83 12.0525  1
86    0
84 8.04147  1
86    0
85 14.9438  1
86    0
86 0  0
