50
0 11.4373  5
1    9.39729
2    8.83532
4    7.0315
10    10.8398
21    12.1222
1 6.03244  3
4    7.36567
10    8.78954
19    7.95071
2 8.38328  6
3    7.00018
4    7.10987
10    8.5006
18    7.8804
19    11.8865
42    10.7642
3 6.0596  3
4    7.00751
10    11.0321
19    10.1116
4 8.47179  6
5    8.20103
6    10.929
7    7.83718
8    9.74081
10    12.8509
18    12.2022
5 6.34861  4
10    10.6633
19    12.169
20    12.2888
21    12.2412
6 9.41572  3
10    11.9074
20    8.61742
42    7.9172
7 9.43129  3
10    8.17374
19    10.4181
42    10.0021
8 9.48195  4
9    9.95706
10    7.54585
18    9.88198
19    10.9638
9 9.64736  1
10    12.9696
10 10.1875  6
11    8.11313
12    10.6421
13    12.9002
14    8.27409
15    11.1676
16    8.61632
11 11.9515  2
27    7.51161
28    8.67766
12 7.71157  2
20    11.168
41    7.37629
13 13.8665  1
18    11.3172
14 13.9654  1
49    0
15 14.2883  3
17    12.2851
18    12.2657
21    11.7334
16 5.34242  2
18    11.9947
42    7.44972
17 6.1298  1
18    9.10486
18 8.70098  6
43    7.29902
44    7.98349
45    10.2187
46    11.5177
47    9.75948
48    10.018
19 7.09723  1
21    12.2776
20 11.8603  2
22    10.4639
23    12.3185
21 7.41371  4
24    12.3745
25    12.5574
26    7.15455
41    11.0427
22 12.8939  1
49    0
23 10.7894  7
34    8.51067
35    11.9402
36    11.139
37    8.52293
38    11.9803
39    11.27
40    8.9505
24 13.9169  1
49    0
25 14.1299  1
49    0
26 14.8254  5
29    12.4855
30    12.9198
31    8.33799
32    11.3764
33    9.29786
27 7.09632  1
49    0
28 11.8572  1
49    0
29 7.40364  1
42    8.47551
30 12.861  2
41    8.20853
42    10.8104
31 10.6816  1
49    0
32 13.565  1
41    8.23582
33 12.9809  1
49    0
34 11.0732  1
49    0
35 14.8437  1
42    10.9536
36 7.15613  1
42    11.8253
37 12.0525  1
49    0
38 8.04147  1
49    0
39 14.9438  1
49    0
40 7.48299  1
49    0
41 13.1201  1
49    0
42 11.5276  1
49    0
43 6.32756  1
49    0
44 9.34675  1
49    0
45 9.20606  1
49    0
46 8.74645  1
49    0
47 7.24555  1
49    0
48 12.3446  1
49    0
49 0  0
