53
0 11.9515  6
1    42.503
2    55.1605
5    64.2547
21    61.444
22    64.599
30    48.4458
1 7.71157  3
2    59.5369
20    59.4325
30    55.8545
2 13.8665  5
3    40.8687
5    37.7293
20    50.558
21    52.3196
23    41.1791
3 13.9654  4
4    54.1992
5    43.9477
22    37.5581
25    51.0936
4 14.2883  5
6    40.5657
7    53.2104
21    61.3881
23    59.7008
24    50.0105
5 5.34242  7
8    64.501
9    41.3704
10    55.838
11    43.0816
24    37.2486
31    61.5996
32    38.3894
6 6.1298  1
22    35.7727
7 8.70098  2
22    56.8818
25    36.4951
8 7.09723  10
12    61.4257
13    61.3286
14    61.0109
15    59.9736
16    56.586
17    45.5243
18    39.402
19    49.4099
21    60.6108
22    43.3883
9 11.8603  5
21    61.8725
22    62.4273
23    42.5533
24    39.586
31    43.1347
10 7.41371  2
23    56.3498
29    38.0973
11 12.8939  3
20    39.7536
23    42.6147
24    53.8211
12 10.7894  4
20    55.8399
22    41.69
24    54.7678
32    58.6818
13 13.9169  5
20    52.0907
23    55.6952
30    50.5626
31    61.8963
32    62.3898
14 14.1299  5
20    43.0871
21    58.6671
23    59.9013
30    39.0458
32    42.2411
15 14.8254  4
20    54.819
24    41.0427
30    48.9421
32    41.2917
16 7.09632  1
52    0
17 11.8572  4
21    61.5923
22    46.4893
23    44.7525
24    42.3775
18 7.40364  2
24    59.1267
30    38.1788
19 12.861  5
20    60.8452
21    61.2059
22    62.7871
23    36.8815
31    62.8649
20 10.6816  2
24    54.0518
32    46.1029
21 13.565  1
52    0
22 12.9809  1
25    39.9174
23 11.0732  1
24    55.2136
24 14.8437  1
30    48.2939
25 7.15613  4
26    57.5886
27    48.7974
28    50.0902
32    52.3681
26 12.0525  1
29    45.1498
27 8.04147  3
29    54.3118
30    48.2472
32    61.7507
28 14.9438  2
30    45.4154
32    55.5808
29 7.48299  1
32    36.0273
30 13.1201  1
41    53.2196
31 11.5276  1
52    0
32 6.32756  3
33    64.4763
34    41.2889
41    64.5312
33 9.34675  1
52    0
34 9.20606  6
35    55.5716
36    42.2109
37    58.5829
38    52.0449
39    60.6951
40    58.9427
35 8.74645  1
52    0
36 7.24555  1
52    0
37 12.3446  1
52    0
38 8.99548  1
52    0
39 8.05887  1
52    0
40 5.00031  10
42    41.4684
43    56.1576
44    44.1244
45    64.8315
46    42.449
47    59.3602
48    54.5828
49    38.9827
50    48.0403
51    47.6182
41 5.01251  1
52    0
42 5.05249  1
52    0
43 5.18311  1
52    0
44 5.60945  1
52    0
45 7.00171  1
52    0
46 11.5484  1
52    0
47 6.39531  1
52    0
48 9.56801  1
52    0
49 9.92843  1
52    0
50 11.1055  1
52    0
51 14.9493  1
52    0
52 0  0
