216
0 7.48299  8
1    0.820853
2    1.09536
17    0.780917
33    1.09166
55    1.22851
70    1.21222
114    0.779653
182    0.964943
1 13.1201  5
3    0.79172
4    1.00021
5    1.08104
6    0.744972
32    1.17885
2 11.5276  1
18    1.23793
3 6.32756  3
17    0.978841
18    0.862694
70    1.17334
4 9.34675  10
7    0.847551
8    1.18253
9    1.07642
10    0.729902
11    0.798349
12    1.02187
13    1.15177
14    0.975948
15    1.0018
16    1.08624
5 9.20606  2
18    1.2573
48    1.08398
6 8.74645  2
18    1.23199
73    1.10427
7 7.24555  3
17    0.964943
18    1.11709
32    0.829368
8 12.3446  7
25    1.23501
26    1.24779
27    1.28953
28    0.825779
29    1.11143
30    0.844218
33    0.779653
9 8.99548  3
33    1.29663
48    0.754585
72    1.24855
10 8.05887  4
17    0.763576
18    1.01125
70    1.22412
204    0.844218
11 5.00031  5
17    0.902997
18    0.720545
32    1.2139
33    1.12315
47    1.29696
12 5.01251  1
17    0.908307
13 5.05249  2
17    0.965877
32    1.0409
14 5.18311  7
19    0.922059
20    0.825834
21    1.11162
22    0.844823
23    1.17364
24    1.04736
33    0.960805
15 5.60945  3
17    0.968917
72    0.867766
165    0.823582
16 7.00171  3
17    0.761946
44    0.820103
48    0.817374
17 11.5484  4
18    0.767788
45    0.783718
47    1.19074
73    0.89505
18 6.39531  2
33    0.882488
55    0.861632
19 9.56801  1
215    0
20 9.92843  1
73    1.19803
21 11.1055  2
32    1.06439
112    1.06439
22 14.9493  1
47    0.85006
23 7.50099  2
72    1.1139
112    0.829368
24 13.179  2
40    0.700751
41    0.703149
25 11.7202  1
33    0.848979
26 6.95624  1
215    0
27 11.3997  3
31    1.17166
32    1.29062
205    1.17885
28 5.90976  3
46    0.995706
72    0.851067
115    0.939729
29 7.98257  8
34    0.924787
35    0.834733
36    1.14068
37    0.939729
38    0.883532
39    0.700018
72    0.929786
95    0.968917
30 14.7516  3
33    1.1872
73    1.127
95    1.23199
31 6.85522  2
47    1.10321
48    0.878954
32 11.0701  1
33    0.952364
33 14.8337  2
73    0.820853
112    1.29663
34 7.12348  6
49    1.28509
50    0.811313
51    1.06421
52    1.29002
53    0.827409
54    1.11676
35 11.946  4
55    1.22657
72    1.19402
95    0.767788
158    1.25574
36 7.69387  2
45    0.974081
47    1.06633
37 13.8086  2
55    1.22022
73    0.823582
38 13.7762  2
42    0.710987
43    0.736567
39 13.6703  1
135    0.811313
40 13.3245  2
44    1.0929
165    1.19402
41 12.1953  1
215    0
42 8.5081  1
215    0
43 6.46733  2
70    1.25574
112    0.882488
44 9.80331  7
56    1.19947
57    1.13172
58    0.910486
59    0.78804
60    0.988198
61    1.04181
62    1.2169
45 10.6969  6
74    0.79172
75    1.00021
76    1.08104
77    0.744972
78    0.847551
79    1.18253
46 13.6151  1
215    0
47 13.1442  2
71    0.751161
95    0.720545
48 11.6063  1
72    0.852293
49 6.58452  2
70    1.22776
158    1.23745
50 10.186  1
72    0.833799
51 11.9466  3
95    1.23793
113    0.848979
165    1.127
52 7.6957  1
70    1.23745
53 13.8147  2
70    1.23185
135    0.861632
54 13.796  1
114    0.960805
55 13.7353  1
215    0
56 13.5369  1
215    0
57 12.889  2
165    0.737629
166    1.10427
58 10.7732  10
116    0.700751
117    0.703149
118    0.710987
119    0.736567
120    0.820103
121    1.0929
122    0.783718
123    0.974081
124    0.995706
125    1.06633
59 13.8641  10
63    1.18865
64    1.09638
65    0.795071
66    1.01116
67    1.1168
68    0.861742
69    1.22888
70    0.715455
72    1.13764
135    0.827409
60 13.9575  1
215    0
61 14.2624  1
215    0
62 5.25758  1
70    1.04639
63 5.85269  1
215    0
64 7.79611  2
73    1.09536
95    1.2573
65 14.1424  1
215    0
66 14.8663  1
215    0
67 7.22999  10
167    1.00021
168    1.08104
169    0.744972
170    0.847551
171    1.18253
172    1.07642
173    0.729902
174    0.798349
175    1.02187
176    1.15177
68 12.2939  1
215    0
69 8.82977  1
72    1.29198
70 7.51778  2
73    0.737629
95    1.01125
71 13.2336  1
95    0.862694
72 11.8984  6
152    1.22776
153    1.22412
154    1.21222
155    1.17334
156    1.04639
157    1.23185
73 7.53822  1
215    0
74 13.3004  1
112    1.12315
75 12.1166  8
80    1.07642
81    0.729902
82    0.798349
83    1.02187
84    1.15177
85    0.975948
86    1.0018
87    1.08624
76 8.25083  1
215    0
77 5.62716  2
114    1.09166
205    0.829368
78 7.05969  1
215    0
79 11.7379  1
215    0
80 7.01422  1
215    0
81 11.5893  1
112    1.29062
82 6.52867  4
91    0.908307
92    0.780917
93    0.964943
94    0.965877
83 10.0035  1
215    0
84 11.3506  3
88    0.761946
89    0.902997
90    0.763576
85 5.74953  1
114    0.924787
86 7.45918  1
215    0
87 13.0422  10
96    0.922059
97    0.825834
98    1.11162
99    0.844823
100    1.17364
101    1.04736
102    1.23501
103    1.24779
104    1.28953
105    0.825779
88 11.2737  6
106    1.11143
107    0.844218
108    1.17166
109    1.0409
110    1.2139
111    1.17885
89 5.49837  1
95    1.11709
90 6.63915  3
95    0.978841
113    1.1872
135    1.11676
91 10.3645  10
142    0.988198
143    1.04181
144    1.2169
145    1.18865
146    1.09638
147    0.795071
148    1.01116
149    1.1168
150    0.861742
151    1.22888
92 12.5295  1
164    1.13764
93 9.59914  1
204    1.11143
94 10.0301  2
158    0.715455
165    0.851067
95 11.4373  1
215    0
96 6.03244  1
205    0.882488
97 8.38328  1
215    0
98 6.0596  1
215    0
99 8.47179  1
115    0.834733
100 6.34861  1
115    1.14068
101 9.41572  1
215    0
102 9.43129  1
215    0
103 9.48195  1
215    0
104 9.64736  1
215    0
105 10.1875  3
114    0.952364
115    0.883532
205    1.2139
106 11.9515  10
194    0.922059
195    0.825834
196    1.11162
197    0.844823
198    1.17364
199    1.04736
200    1.23501
201    1.24779
202    1.28953
203    0.825779
107 7.71157  1
215    0
108 13.8665  1
166    0.79172
109 13.9654  1
135    1.22851
110 14.2883  1
215    0
111 5.34242  9
206    1.29663
207    0.848979
208    1.1872
209    1.09166
210    0.779653
211    0.960805
212    0.952364
213    0.924787
214    0.834733
112 6.1298  1
115    0.700018
113 8.70098  8
136    1.22657
137    1.22022
138    1.19947
139    1.13172
140    0.910486
141    0.78804
165    0.89505
205    1.0409
114 7.09723  1
215    0
115 11.8603  1
215    0
116 7.41371  1
215    0
117 12.8939  1
215    0
118 10.7894  1
166    0.820853
119 13.9169  1
215    0
120 14.1299  1
215    0
121 14.8254  1
166    1.09536
122 7.09632  1
215    0
123 11.8572  1
215    0
124 7.40364  9
126    1.29696
127    0.85006
128    1.19074
129    1.10321
130    0.817374
131    1.08398
132    0.754585
133    0.878954
134    1.28509
125 12.861  1
205    1.12315
126 10.6816  2
135    1.29002
183    0.965877
127 13.565  1
135    1.06421
128 12.9809  1
215    0
129 11.0732  2
165    1.19803
182    0.763576
130 14.8437  1
215    0
131 7.15613  1
215    0
132 12.0525  1
215    0
133 8.04147  1
215    0
134 14.9438  1
215    0
135 7.48299  1
215    0
136 13.1201  1
215    0
137 11.5276  1
215    0
138 6.32756  1
215    0
139 9.34675  1
215    0
140 9.20606  1
205    1.06439
141 8.74645  1
215    0
142 7.24555  1
215    0
143 12.3446  1
205    1.29062
144 8.99548  1
215    0
145 8.05887  1
215    0
146 5.00031  10
184    0.968917
185    0.978841
186    1.01125
187    1.11709
188    0.862694
189    1.23199
190    1.23793
191    1.2573
192    0.720545
193    0.767788
147 5.01251  1
215    0
148 5.05249  1
215    0
149 5.18311  5
177    0.975948
178    1.0018
179    1.08624
180    0.761946
181    0.902997
150 5.60945  1
215    0
151 7.00171  1
165    0.852293
152 11.5484  1
182    0.780917
153 6.39531  1
215    0
154 9.56801  5
159    0.751161
160    0.867766
161    1.24855
162    1.29198
163    0.833799
155 9.92843  1
215    0
156 11.1055  1
215    0
157 14.9493  1
215    0
158 7.50099  1
215    0
159 13.179  1
215    0
160 11.7202  1
215    0
161 6.95624  1
165    0.929786
162 11.3997  1
165    1.1139
163 5.90976  1
215    0
164 7.98257  1
215    0
165 14.7516  1
215    0
166 6.85522  1
215    0
167 11.0701  1
215    0
168 14.8337  1
215    0
169 7.12348  1
182    0.908307
170 11.946  1
215    0
171 7.69387  1
215    0
172 13.8086  1
215    0
173 13.7762  1
215    0
174 13.6703  1
215    0
175 13.3245  1
215    0
176 12.1953  1
215    0
177 8.5081  1
215    0
178 6.46733  1
215    0
179 9.80331  1
215    0
180 10.6969  1
215    0
181 13.6151  1
215    0
182 13.1442  1
215    0
183 11.6063  1
215    0
184 6.58452  1
215    0
185 10.186  1
215    0
186 11.9466  1
215    0
187 7.6957  1
215    0
188 13.8147  1
215    0
189 13.796  1
215    0
190 13.7353  1
215    0
191 13.5369  1
215    0
192 12.889  1
215    0
193 10.7732  1
215    0
194 13.8641  1
215    0
195 13.9575  1
215    0
196 14.2624  1
215    0
197 5.25758  1
204    1.17166
198 5.85269  1
215    0
199 7.79611  1
215    0
200 14.1424  1
215    0
201 14.8663  1
215    0
202 7.22999  1
215    0
203 12.2939  1
215    0
204 8.82977  1
215    0
205 7.51778  1
215    0
206 13.2336  1
215    0
207 11.8984  1
215    0
208 7.53822  1
215    0
209 13.3004  1
215    0
210 12.1166  1
215    0
211 8.25083  1
215    0
212 5.62716  1
215    0
213 7.05969  1
215    0
214 11.7379  1
215    0
215 0  0
