197
0 14.2883  1
1    0.861632
1 5.34242  7
2    1.22851
7    0.910486
14    1.22776
17    1.19402
54    1.2139
55    0.882488
100    0.751161
2 6.1298  10
3    1.22657
4    1.22022
5    1.19947
6    1.13172
7    1.04181
14    1.21222
16    1.25574
47    1.23793
91    1.19947
97    1.22412
3 8.70098  3
7    0.988198
14    1.17334
40    1.0018
4 7.09723  1
17    0.867766
5 11.8603  4
7    0.78804
14    1.22412
17    1.29198
91    0.910486
6 7.41371  3
7    1.2169
16    1.23185
17    1.13764
7 12.8939  6
8    1.18865
9    1.09638
10    0.795071
11    1.01116
12    1.1168
13    0.861742
8 10.7894  5
15    1.04639
16    0.715455
17    0.751161
56    0.952364
92    0.795071
9 13.9169  3
17    0.929786
56    1.09166
137    0.710987
10 14.1299  2
17    1.24855
40    0.965877
11 14.8254  10
18    1.1139
19    0.852293
20    1.19803
21    1.127
22    0.89505
23    0.737629
24    0.823582
25    1.10427
26    0.820853
27    1.09536
12 7.09632  4
14    1.22888
40    0.908307
92    1.01116
136    0.952364
13 11.8572  5
16    1.23745
40    0.761946
47    0.825834
54    1.06439
91    0.78804
14 7.40364  4
17    0.833799
54    0.825779
92    0.988198
100    1.23745
15 12.861  2
103    0.847551
136    1.1872
16 10.6816  3
17    0.851067
101    0.851067
103    1.09536
17 13.565  2
40    0.902997
156    0.910486
18 12.9809  3
111    0.862694
136    1.14068
156    1.11676
19 11.0732  7
120    0.844823
121    1.17364
122    1.04736
123    1.23501
124    1.24779
125    1.28953
126    0.825779
20 14.8437  1
54    1.0409
21 7.15613  1
47    0.922059
22 12.0525  7
63    0.700751
64    0.703149
65    0.710987
66    0.736567
67    0.820103
107    0.975948
137    0.700751
23 8.04147  1
103    1.18253
24 14.9438  3
56    0.960805
100    1.25574
107    1.0018
25 7.48299  8
28    0.79172
29    1.00021
30    1.08104
31    0.744972
32    0.847551
55    1.29663
91    1.13172
111    0.968917
26 13.1201  3
54    1.29062
92    1.04181
156    1.22022
27 11.5276  4
40    1.08624
47    1.2573
54    0.844218
92    1.2169
28 6.32756  3
52    1.23501
53    1.24779
54    1.17166
29 9.34675  9
41    0.968917
42    0.978841
43    1.01125
44    1.11709
45    0.862694
46    1.23199
47    0.767788
92    1.18865
103    0.820853
30 9.20606  7
33    1.18253
34    1.07642
35    0.729902
36    0.798349
37    1.02187
38    1.15177
39    0.975948
31 8.74645  1
127    1.17166
32 7.24555  2
40    0.780917
103    1.00021
33 12.3446  4
40    0.964943
53    1.28953
56    0.779653
136    0.834733
34 8.99548  2
98    1.21222
99    1.17334
35 8.05887  1
102    1.19402
36 5.00031  4
40    0.763576
103    1.10427
127    1.0409
137    0.703149
37 5.01251  3
56    1.1872
68    1.0929
100    1.04639
38 5.05249  1
156    1.22657
39 5.18311  1
47    0.720545
40 5.60945  1
196    0
41 7.00171  1
51    1.04736
42 11.5484  1
111    0.780917
43 6.39531  3
48    1.11162
49    0.844823
50    1.17364
44 9.56801  2
56    0.848979
101    0.833799
45 9.92843  1
100    0.715455
46 11.1055  1
55    1.12315
47 14.9493  1
54    1.17885
48 7.50099  1
196    0
49 13.179  2
55    0.829368
111    1.11709
50 11.7202  6
57    0.924787
58    0.834733
59    1.14068
60    0.939729
61    0.883532
62    0.700018
51 6.95624  1
102    1.127
52 11.3997  3
101    1.13764
127    1.11143
136    0.960805
53 5.90976  2
54    1.11143
102    1.1139
54 7.98257  3
92    1.09638
127    0.844218
136    0.779653
55 14.7516  1
103    0.744972
56 6.85522  1
102    1.19803
57 11.0701  1
196    0
58 14.8337  6
75    1.19074
76    1.10321
77    0.817374
78    1.08398
79    0.754585
80    0.878954
59 7.12348  1
196    0
60 11.946  1
196    0
61 7.69387  1
107    1.15177
62 13.8086  2
107    1.08624
111    0.908307
63 13.7762  1
111    0.964943
64 13.6703  1
196    0
65 13.3245  7
69    0.783718
70    0.974081
71    0.995706
72    1.06633
73    1.29696
74    0.85006
102    0.89505
66 12.1953  1
156    1.13172
67 8.5081  1
103    1.08104
68 6.46733  1
100    1.23185
69 9.80331  2
101    1.29198
103    0.79172
70 10.6969  6
81    1.28509
82    0.811313
83    1.06421
84    1.29002
85    0.827409
102    0.852293
71 13.6151  1
196    0
72 13.1442  1
102    0.823582
73 11.6063  1
101    1.24855
74 6.58452  1
196    0
75 10.186  5
93    1.1168
94    0.861742
95    1.22888
96    1.22776
111    0.978841
76 11.9466  6
86    1.11676
87    0.861632
88    1.22851
89    1.22657
90    1.22022
156    0.78804
77 7.6957  1
196    0
78 13.8147  1
136    0.924787
79 13.796  2
101    0.929786
174    1.29198
80 13.7353  3
108    0.761946
109    0.902997
110    0.763576
81 13.5369  1
196    0
82 12.889  1
106    0.798349
83 10.7732  1
111    0.965877
84 13.8641  1
156    1.22851
85 13.9575  1
174    1.24855
86 14.2624  1
196    0
87 5.25758  3
101    0.867766
111    1.01125
156    1.19947
88 5.85269  1
136    1.09166
89 7.79611  1
196    0
90 14.1424  1
196    0
91 14.8663  1
196    0
92 7.22999  8
157    0.988198
158    1.04181
159    1.2169
160    1.18865
161    1.09638
162    0.795071
163    1.01116
164    1.1168
93 12.2939  1
196    0
94 8.82977  1
196    0
95 7.51778  3
104    1.07642
105    0.729902
174    0.715455
96 13.2336  1
107    1.02187
97 11.8984  1
196    0
98 7.53822  1
196    0
99 13.3004  1
102    0.737629
100 12.1166  9
112    1.23199
113    1.23793
114    1.2573
115    0.720545
116    0.767788
117    0.922059
118    0.825834
119    1.11162
165    0.861742
101 8.25083  1
174    0.867766
102 5.62716  8
166    1.22888
167    1.22776
168    1.22412
169    1.21222
170    1.17334
171    1.04639
172    1.23185
173    1.23745
103 7.05969  1
196    0
104 11.7379  1
196    0
105 7.01422  1
196    0
106 11.5893  1
137    0.736567
107 6.52867  1
196    0
108 10.0035  1
196    0
109 11.3506  1
196    0
110 5.74953  9
138    1.0929
139    0.783718
140    0.974081
141    0.995706
142    1.06633
143    1.29696
144    0.85006
145    1.19074
146    1.10321
111 7.45918  1
196    0
112 13.0422  9
128    1.17885
129    1.06439
130    1.29062
131    0.829368
132    1.12315
133    0.882488
134    1.29663
135    0.848979
156    0.861632
113 11.2737  9
147    0.817374
148    1.08398
149    0.754585
150    0.878954
151    1.28509
152    0.811313
153    1.06421
154    1.29002
155    0.827409
114 5.49837  1
136    0.939729
115 6.63915  1
137    0.883532
116 10.3645  1
196    0
117 12.5295  1
137    0.700018
118 9.59914  1
196    0
119 10.0301  1
183    1.127
120 11.4373  1
196    0
121 6.03244  1
196    0
122 8.38328  1
127    1.2139
123 6.0596  1
196    0
124 8.47179  1
196    0
125 6.34861  8
175    0.833799
176    1.13764
177    0.929786
178    0.851067
179    1.19402
180    1.1139
181    0.852293
182    1.19803
126 9.41572  1
196    0
127 9.43129  1
196    0
128 9.48195  1
196    0
129 9.64736  1
196    0
130 10.1875  1
196    0
131 11.9515  1
196    0
132 7.71157  1
196    0
133 13.8665  1
196    0
134 13.9654  1
196    0
135 14.2883  1
137    0.820103
136 5.34242  1
196    0
137 6.1298  1
196    0
138 8.70098  1
196    0
139 7.09723  1
196    0
140 11.8603  1
196    0
141 7.41371  1
196    0
142 12.8939  1
196    0
143 10.7894  3
184    0.89505
185    0.737629
186    0.823582
144 13.9169  1
196    0
145 14.1299  1
196    0
146 14.8254  1
196    0
147 7.09632  1
196    0
148 11.8572  1
196    0
149 7.40364  1
196    0
150 12.861  1
196    0
151 10.6816  1
196    0
152 13.565  1
196    0
153 12.9809  1
196    0
154 11.0732  1
196    0
155 14.8437  1
196    0
156 7.15613  1
196    0
157 12.0525  1
174    1.25574
158 8.04147  1
196    0
159 14.9438  1
196    0
160 7.48299  1
196    0
161 13.1201  9
187    1.10427
188    0.820853
189    1.09536
190    0.79172
191    1.00021
192    1.08104
193    0.744972
194    0.847551
195    1.18253
162 11.5276  1
196    0
163 6.32756  1
196    0
164 9.34675  1
196    0
165 9.20606  1
174    0.751161
166 8.74645  1
196    0
167 7.24555  1
196    0
168 12.3446  1
196    0
169 8.99548  1
196    0
170 8.05887  1
196    0
171 5.00031  1
196    0
172 5.01251  1
196    0
173 5.05249  1
196    0
174 5.18311  1
196    0
175 5.60945  1
196    0
176 7.00171  1
196    0
177 11.5484  1
196    0
178 6.39531  1
196    0
179 9.56801  1
196    0
180 9.92843  1
196    0
181 11.1055  1
196    0
182 14.9493  1
196    0
183 7.50099  1
196    0
184 13.179  1
196    0
185 11.7202  1
196    0
186 6.95624  1
196    0
187 11.3997  1
196    0
188 5.90976  1
196    0
189 7.98257  1
196    0
190 14.7516  1
196    0
191 6.85522  1
196    0
192 11.0701  1
196    0
193 14.8337  1
196    0
194 7.12348  1
196    0
195 11.946  1
196    0
196 0  0
