203
0 11.3997  5
1    10.018
2    7.61946
3    9.02997
29    10.9166
54    12.2851
1 5.90976  6
2    10.8624
3    9.08307
20    11.7364
29    9.60805
77    8.9505
143    10.6421
2 7.98257  1
3    7.63576
3 14.7516  8
4    7.80917
5    9.64943
6    9.65877
7    9.68917
8    9.78841
9    10.1125
54    8.61632
98    9.78841
4 6.85522  2
28    10.6439
156    10.9638
5 11.0701  4
20    10.4736
29    9.52364
51    7.54585
76    11.139
6 14.8337  3
10    11.1709
11    8.62694
12    12.3199
7 7.12348  8
13    12.3793
14    12.573
15    7.20545
16    7.67788
17    9.22059
18    8.25834
19    11.1162
76    12.9198
8 11.946  8
68    12.2776
69    12.2412
70    12.1222
71    11.7334
72    10.4639
73    12.3185
74    12.3745
76    11.9402
9 7.69387  1
29    11.872
10 13.8086  2
28    11.7885
76    12.4855
11 13.7762  5
21    12.3501
22    12.478
23    12.8953
24    8.25779
173    8.33799
12 13.6703  1
28    12.139
13 13.3245  7
125    7.0315
126    7.10987
127    7.36567
128    8.20103
129    10.929
130    7.83718
131    9.74081
14 12.1953  2
29    7.79653
76    9.29786
15 8.5081  3
25    11.1143
26    8.44218
27    11.7166
16 6.46733  1
28    10.409
17 9.80331  2
29    9.24787
123    8.34733
18 10.6969  3
20    8.44823
28    8.29368
98    10.1125
19 13.6151  2
28    11.2315
29    8.82488
20 13.1442  3
30    8.34733
31    11.4068
75    7.15455
21 11.6063  9
32    9.39729
33    8.83532
34    7.00018
35    7.00751
36    7.0315
37    7.10987
38    7.36567
39    8.20103
40    10.929
22 6.58452  10
163    12.1222
164    11.7334
165    10.4639
166    12.3185
167    12.3745
168    12.5574
169    7.15455
170    7.51161
171    8.67766
172    12.4855
23 10.186  1
53    8.27409
24 11.9466  3
29    12.9663
51    12.8509
77    7.9172
25 7.6957  2
28    12.9062
108    8.44218
26 13.8147  1
107    11.7364
27 13.796  2
29    8.48979
77    8.23582
28 13.7353  1
77    11.27
29 13.5369  3
67    11.168
183    10.8104
201    11.1143
30 12.889  1
51    8.78954
31 10.7732  3
76    8.51067
107    11.1143
138    8.17374
32 13.8641  10
82    11.8253
83    10.7642
84    7.29902
85    7.98349
86    10.2187
87    11.5177
88    9.75948
89    10.018
90    10.8624
91    7.61946
33 13.9575  1
202    0
34 14.2624  1
98    8.62694
35 5.25758  1
53    12.9002
36 5.85269  1
107    12.8953
37 7.79611  1
76    8.33799
38 14.1424  1
202    0
39 14.8663  1
202    0
40 7.22999  10
41    7.83718
42    9.74081
43    9.95706
44    10.6633
45    12.9696
46    8.5006
47    11.9074
48    11.0321
49    8.17374
50    10.8398
41 12.2939  1
202    0
42 8.82977  1
77    11.0427
43 7.51778  3
55    12.2657
56    12.2022
77    11.9803
44 13.2336  4
57    11.9947
58    11.3172
59    9.10486
60    7.8804
45 11.8984  2
75    12.5574
77    8.20853
46 7.53822  5
109    11.7166
110    10.409
111    12.139
112    11.7885
113    10.6439
47 13.3004  9
61    9.88198
62    10.4181
63    12.169
64    11.8865
65    10.9638
66    7.95071
67    12.2888
75    8.67766
145    12.2851
48 12.1166  2
52    8.11313
67    10.1116
49 8.25083  1
173    11.9402
50 5.62716  5
133    10.6633
134    12.9696
135    8.5006
136    11.9074
137    11.0321
51 7.05969  1
53    10.6421
52 11.7379  2
54    11.1676
76    11.3764
53 7.01422  1
202    0
54 11.5893  1
202    0
55 6.52867  1
107    8.25779
56 10.0035  1
202    0
57 11.3506  2
67    8.61742
185    7.63576
58 5.74953  2
107    10.4736
201    11.7166
59 7.45918  1
202    0
60 13.0422  1
184    7.61946
61 11.2737  1
195    12.3793
62 5.49837  4
78    10.0021
79    10.8104
80    7.44972
81    8.47551
63 6.63915  1
173    11.3764
64 10.3645  1
75    7.51161
65 12.5295  1
202    0
66 9.59914  1
145    8.27409
67 10.0301  1
202    0
68 11.4373  1
145    8.61632
69 6.03244  1
173    11.139
70 8.38328  1
202    0
71 6.0596  1
202    0
72 8.47179  1
77    10.9536
73 6.34861  1
202    0
74 9.41572  3
76    8.52293
77    7.37629
107    12.3501
75 9.43129  10
99    12.3793
100    12.573
101    7.20545
102    7.67788
103    9.22059
104    8.25834
105    11.1162
106    8.44823
107    12.478
184    11.5177
76 9.48195  1
202    0
77 9.64736  5
196    8.25834
197    11.1162
198    8.44823
199    11.7364
200    10.4736
78 10.1875  1
202    0
79 11.9515  1
202    0
80 7.71157  2
114    12.9062
173    12.9198
81 13.8665  1
202    0
82 13.9654  1
202    0
83 14.2883  1
98    9.68917
84 5.34242  1
202    0
85 6.1298  2
123    9.24787
124    7.00018
86 8.70098  3
98    11.1709
173    8.51067
183    10.7642
87 7.09723  1
202    0
88 11.8603  1
138    10.8398
89 7.41371  1
98    12.3199
90 12.8939  1
156    7.95071
91 10.7894  6
92    9.02997
93    7.63576
94    9.08307
95    7.80917
96    9.64943
97    9.65877
92 13.9169  1
123    8.83532
93 14.1299  1
144    12.9002
94 14.8254  1
202    0
95 7.09632  1
202    0
96 11.8572  10
146    12.2657
147    12.2022
148    11.9947
149    11.3172
150    9.10486
151    7.8804
152    9.88198
153    10.4181
154    12.169
155    11.8865
97 7.40364  1
202    0
98 12.861  1
202    0
99 10.6816  1
123    11.4068
100 13.565  1
202    0
101 12.9809  1
202    0
102 11.0732  1
202    0
103 14.8437  8
115    8.29368
116    11.2315
117    8.82488
118    12.9663
119    8.48979
120    11.872
121    10.9166
201    12.3501
104 7.15613  6
157    10.1116
158    11.168
159    8.61742
160    12.2888
161    12.2776
162    12.2412
105 12.0525  1
202    0
106 8.04147  1
132    9.95706
107 14.9438  1
195    12.573
108 7.48299  1
201    8.44218
109 13.1201  4
139    7.54585
140    8.78954
141    12.8509
142    8.11313
110 11.5276  1
202    0
111 6.32756  2
123    9.52364
183    7.44972
112 9.34675  3
122    7.79653
123    9.39729
184    9.75948
113 9.20606  2
184    10.2187
201    8.25779
114 8.74645  1
122    9.60805
115 7.24555  2
124    7.00751
183    7.29902
116 12.3446  1
202    0
117 8.99548  1
202    0
118 8.05887  1
202    0
119 5.00031  1
195    9.22059
120 5.01251  1
202    0
121 5.05249  1
202    0
122 5.18311  1
202    0
123 5.60945  1
202    0
124 7.00171  1
202    0
125 11.5484  1
202    0
126 6.39531  1
202    0
127 9.56801  3
174    11.9803
175    11.27
176    8.9505
128 9.92843  1
202    0
129 11.1055  1
202    0
130 14.9493  1
184    10.018
131 7.50099  1
202    0
132 13.179  9
186    7.80917
187    9.64943
188    9.65877
189    9.68917
190    9.78841
191    10.1125
192    11.1709
193    8.62694
194    12.3199
133 11.7202  2
173    8.52293
185    9.08307
134 6.95624  2
173    9.29786
183    11.8253
135 11.3997  1
145    11.1676
136 5.90976  1
202    0
137 7.98257  1
202    0
138 14.7516  1
202    0
139 6.85522  1
195    7.20545
140 11.0701  1
202    0
141 14.8337  1
202    0
142 7.12348  7
177    7.37629
178    8.23582
179    11.0427
180    8.20853
181    10.9536
182    7.9172
195    7.67788
143 11.946  1
202    0
144 7.69387  1
202    0
145 13.8086  1
202    0
146 13.7762  1
202    0
147 13.6703  1
202    0
148 13.3245  1
202    0
149 12.1953  1
202    0
150 8.5081  1
183    10.0021
151 6.46733  1
202    0
152 9.80331  1
202    0
153 10.6969  1
201    12.8953
154 13.6151  1
201    12.478
155 13.1442  1
202    0
156 11.6063  1
202    0
157 6.58452  1
202    0
158 10.186  1
202    0
159 11.9466  1
202    0
160 7.6957  1
202    0
161 13.8147  1
202    0
162 13.796  1
202    0
163 13.7353  1
202    0
164 13.5369  1
202    0
165 12.889  1
202    0
166 10.7732  1
202    0
167 13.8641  1
185    9.02997
168 13.9575  1
202    0
169 14.2624  1
202    0
170 5.25758  1
202    0
171 5.85269  2
183    8.47551
184    7.98349
172 7.79611  1
202    0
173 14.1424  1
202    0
174 14.8663  1
202    0
175 7.22999  1
184    10.8624
176 12.2939  1
202    0
177 8.82977  1
202    0
178 7.51778  1
202    0
179 13.2336  1
202    0
180 11.8984  1
202    0
181 7.53822  1
202    0
182 13.3004  1
202    0
183 12.1166  1
202    0
184 8.25083  1
202    0
185 5.62716  1
202    0
186 7.05969  1
202    0
187 11.7379  1
202    0
188 7.01422  1
202    0
189 11.5893  1
202    0
190 6.52867  1
202    0
191 10.0035  1
202    0
192 11.3506  1
202    0
193 5.74953  1
202    0
194 7.45918  1
202    0
195 13.0422  1
202    0
196 11.2737  1
202    0
197 5.49837  1
202    0
198 6.63915  1
202    0
199 10.3645  1
202    0
200 12.5295  1
202    0
201 9.59914  1
202    0
202 0  0
