227
0 13.7353  7
1    3.50009
2    3.50375
3    3.51575
4    3.55493
43    5.68818
54    5.00902
171    3.50375
1 13.5369  9
5    3.68284
6    4.10051
7    5.46451
8    3.91859
9    4.8704
10    4.97853
43    4.26147
54    3.99174
72    4.12889
2 12.889  2
19    4.39477
54    5.10936
3 10.7732  1
31    5.20907
4 13.8641  2
42    6.24273
53    5.91267
5 13.9575  4
11    5.33166
12    6.4848
13    4.2503
43    4.25533
6 14.2624  7
24    5.5838
25    4.30816
26    6.14257
27    6.13286
28    6.10109
29    5.99736
30    5.6586
7 5.25758  2
19    6.42547
31    4.55243
8 5.85269  6
15    5.51605
16    4.08687
17    5.41992
18    3.77293
106    6.4848
112    5.94325
9 7.79611  3
42    6.18725
111    5.99736
172    4.97853
10 14.1424  2
42    6.15923
50    5.47678
11 14.8663  3
42    5.23196
115    6.06108
116    4.33883
12 7.22999  3
14    5.95369
42    4.33883
55    4.89421
13 12.2939  1
31    3.9402
14 8.82977  3
55    4.84458
115    6.15923
127    5.52136
15 7.51778  2
53    5.40518
173    5.51605
16 13.2336  8
20    4.05657
21    5.32104
22    6.4501
23    4.13704
31    4.94099
53    3.64951
54    5.43118
106    4.2503
17 11.8984  1
43    4.169
18 7.53822  3
43    5.56952
55    3.90458
116    6.18725
19 13.3004  5
31    5.94325
42    3.75581
54    4.54154
111    4.94099
116    3.75581
20 12.1166  4
44    5.99013
45    5.63498
46    4.47525
127    3.68815
21 8.25083  10
32    5.4819
33    3.97536
34    5.0558
35    5.58399
36    4.30871
37    6.1444
38    6.13881
39    6.12059
40    6.06108
41    5.86671
22 5.62716  2
50    4.10427
54    4.87974
23 7.05969  3
54    3.80973
55    4.82472
148    3.60273
24 11.7379  7
98    3.55493
99    3.68284
100    4.10051
101    5.46451
102    3.91859
103    4.8704
104    4.97853
25 7.01422  1
42    6.27871
26 11.5893  1
53    5.38211
27 6.52867  1
226    0
28 10.0035  5
47    3.68815
48    4.11791
49    5.52136
114    6.1444
170    4.80403
29 11.3506  2
31    6.08452
172    5.46451
30 5.74953  1
42    3.57727
31 7.45918  9
56    5.58545
57    4.31347
58    6.15996
59    6.18963
60    6.28649
61    3.60273
62    3.83894
63    4.61029
116    3.57727
32 13.0422  2
113    5.58399
115    5.86671
33 11.2737  1
226    0
34 5.49837  1
226    0
35 6.63915  1
226    0
36 10.3645  1
226    0
37 12.5295  1
53    4.23775
38 9.59914  5
42    6.4599
43    5.97008
55    4.82939
114    6.12059
170    4.2449
39 10.0301  2
54    3.81788
198    5.23196
40 11.4373  2
43    4.64893
106    4.08687
41 6.03244  2
51    3.9586
111    5.20907
42 8.38328  2
113    5.0558
148    6.18963
43 6.0596  1
111    3.9402
44 8.47179  7
65    5.55808
66    4.22411
67    5.86818
68    5.23681
69    6.17507
70    6.23898
71    6.44763
45 6.34861  2
53    3.72486
106    5.41992
46 9.41572  1
54    5.75886
47 9.43129  1
226    0
48 9.48195  5
81    5.61576
82    4.41244
83    6.48315
84    4.2449
106    5.95369
49 9.64736  3
55    5.05626
127    4.11791
172    4.8704
50 10.1875  1
54    4.51498
51 11.9515  2
52    5.00105
107    4.05657
52 7.71157  1
174    4.39477
53 13.8665  1
226    0
54 13.9654  8
85    5.93602
86    5.45828
87    3.89827
88    4.80403
89    4.76182
90    4.62394
91    4.17367
92    5.70338
55 14.2883  6
93    4.69865
94    4.41766
95    3.50009
96    3.50375
97    3.51575
149    3.83894
56 5.34242  2
72    5.55716
111    5.6586
57 6.1298  1
226    0
58 8.70098  10
117    6.24273
118    6.4599
119    4.169
120    5.68818
121    4.64893
122    4.25533
123    5.97008
124    5.56952
125    4.26147
126    5.99013
59 7.09723  7
75    5.20449
76    6.06951
77    5.89427
78    5.32196
79    6.45312
80    4.14684
174    5.32104
60 11.8603  1
226    0
61 7.41371  2
106    4.39477
173    5.41992
62 12.8939  1
64    4.12917
63 10.7894  1
226    0
64 13.9169  1
226    0
65 14.1299  1
113    4.30871
66 14.8254  3
73    4.22109
74    5.85829
106    5.51605
67 7.09632  10
160    5.55716
161    4.22109
162    5.85829
163    5.20449
164    6.06951
165    5.89427
166    5.32196
167    6.45312
168    4.14684
169    5.61576
68 11.8572  1
226    0
69 7.40364  5
151    4.12917
152    5.55808
153    4.22411
154    5.86818
155    5.23681
70 12.861  2
148    4.89421
172    3.91859
71 10.6816  1
113    3.97536
72 13.565  1
206    5.68818
73 12.9809  1
226    0
74 11.0732  1
226    0
75 14.8437  1
226    0
76 7.15613  1
107    5.32104
77 12.0525  7
199    6.27871
200    3.57727
201    3.75581
202    4.33883
203    6.24273
204    6.4599
205    4.169
78 8.04147  1
107    4.13704
79 14.9438  2
171    3.50009
174    6.42547
80 7.48299  1
226    0
81 13.1201  1
226    0
82 11.5276  2
170    4.41244
171    4.69865
83 6.32756  4
137    5.10936
138    5.75886
139    4.87974
217    3.9586
84 9.34675  1
106    3.77293
85 9.20606  1
226    0
86 8.74645  1
226    0
87 7.24555  1
148    5.58545
88 12.3446  1
170    6.48315
89 8.99548  1
115    5.23196
90 8.05887  1
170    4.62394
91 5.00031  1
127    4.10427
92 5.01251  1
226    0
93 5.05249  1
226    0
94 5.18311  3
108    4.30816
109    6.14257
110    6.13286
95 5.60945  1
105    5.33166
96 7.00171  1
107    6.4501
97 11.5484  1
148    6.15996
98 6.39531  1
171    5.70338
99 9.56801  5
107    6.42547
111    4.55243
116    6.27871
127    5.47678
206    4.25533
100 9.92843  1
112    6.08452
101 11.1055  1
173    6.4848
102 14.9493  2
107    5.5838
111    6.10109
103 7.50099  1
226    0
104 13.179  2
114    6.13881
170    4.76182
105 11.7202  1
150    4.61029
106 6.95624  4
156    6.17507
157    6.23898
158    6.44763
159    4.12889
107 11.3997  1
174    6.4501
108 5.90976  1
112    5.4819
109 7.98257  2
127    5.63498
171    4.17367
110 14.7516  1
198    6.18725
111 6.85522  1
226    0
112 11.0701  1
226    0
113 14.8337  1
226    0
114 7.12348  10
128    3.9586
129    5.00105
130    5.40518
131    3.72486
132    4.23775
133    5.91267
134    5.38211
135    3.64951
136    3.99174
173    4.08687
115 11.946  10
207    5.56952
208    4.26147
209    5.99013
210    5.63498
211    4.47525
212    3.68815
213    4.11791
214    5.52136
215    4.10427
216    5.47678
116 7.69387  1
226    0
117 13.8086  1
226    0
118 13.7762  1
226    0
119 13.6703  7
183    4.55243
184    3.9402
185    4.94099
186    5.20907
187    6.08452
188    5.94325
189    5.4819
120 13.3245  2
171    3.68284
173    4.2503
121 12.1953  1
226    0
122 8.5081  8
218    5.00105
219    5.40518
220    3.72486
221    4.23775
222    5.91267
223    5.38211
224    3.64951
225    3.99174
123 6.46733  1
226    0
124 9.80331  1
148    5.05626
125 10.6969  1
170    3.89827
126 13.6151  1
127    4.47525
127 13.1442  1
148    4.84458
128 11.6063  1
226    0
129 6.58452  1
226    0
130 10.186  1
226    0
131 11.9466  1
148    4.31347
132 7.6957  1
226    0
133 13.8147  1
226    0
134 13.796  1
226    0
135 13.7353  9
140    5.00902
141    5.43118
142    3.80973
143    4.51498
144    3.81788
145    4.54154
146    3.90458
147    4.82472
173    5.95369
136 13.5369  1
226    0
137 12.889  1
148    6.28649
138 10.7732  1
226    0
139 13.8641  1
171    3.51575
140 13.9575  1
173    5.33166
141 14.2624  1
226    0
142 5.25758  1
148    4.82939
143 5.85269  4
194    6.1444
195    6.13881
196    6.12059
197    6.06108
144 7.79611  1
171    4.10051
145 14.1424  1
226    0
146 14.8663  1
226    0
147 7.22999  1
226    0
148 12.2939  1
226    0
149 8.82977  1
226    0
150 7.51778  1
226    0
151 13.2336  1
226    0
152 11.8984  1
174    4.05657
153 7.53822  1
198    6.15923
154 13.3004  1
226    0
155 12.1166  8
175    4.13704
176    5.5838
177    4.30816
178    6.14257
179    6.13286
180    6.10109
181    5.99736
182    5.6586
156 8.25083  1
226    0
157 5.62716  1
174    3.77293
158 7.05969  2
171    3.55493
198    5.86671
159 11.7379  1
226    0
160 7.01422  1
170    5.45828
161 11.5893  1
226    0
162 6.52867  1
226    0
163 10.0035  1
226    0
164 11.3506  1
170    5.93602
165 5.74953  1
226    0
166 7.45918  1
226    0
167 13.0422  1
226    0
168 11.2737  1
206    5.97008
169 5.49837  1
171    4.41766
170 6.63915  1
226    0
171 10.3645  1
226    0
172 12.5295  1
226    0
173 9.59914  1
226    0
174 10.0301  1
226    0
175 11.4373  1
226    0
176 6.03244  1
226    0
177 8.38328  1
226    0
178 6.0596  1
226    0
179 8.47179  1
226    0
180 6.34861  1
226    0
181 9.41572  1
226    0
182 9.43129  3
191    5.0558
192    5.58399
193    4.30871
183 9.48195  1
226    0
184 9.64736  1
206    4.64893
185 10.1875  1
226    0
186 11.9515  1
226    0
187 7.71157  1
190    3.97536
188 13.8665  1
226    0
189 13.9654  1
226    0
190 14.2883  1
226    0
191 5.34242  1
226    0
192 6.1298  1
226    0
193 8.70098  1
226    0
194 7.09723  1
226    0
195 11.8603  1
226    0
196 7.41371  1
226    0
197 12.8939  1
226    0
198 10.7894  1
226    0
199 13.9169  1
226    0
200 14.1299  1
226    0
201 14.8254  1
226    0
202 7.09632  1
226    0
203 11.8572  1
226    0
204 7.40364  1
226    0
205 12.861  1
226    0
206 10.6816  1
226    0
207 13.565  1
226    0
208 12.9809  1
226    0
209 11.0732  1
226    0
210 14.8437  1
226    0
211 7.15613  1
226    0
212 12.0525  1
226    0
213 8.04147  1
226    0
214 14.9438  1
226    0
215 7.48299  1
226    0
216 13.1201  1
226    0
217 11.5276  1
226    0
218 6.32756  1
226    0
219 9.34675  1
226    0
220 9.20606  1
226    0
221 8.74645  1
226    0
222 7.24555  1
226    0
223 12.3446  1
226    0
224 8.99548  1
226    0
225 8.05887  1
226    0
226 0  0
