210
0 13.9654  9
1    54.819
2    39.7536
3    50.558
4    55.8399
5    43.0871
6    61.444
39    50.5626
149    41.69
189    38.3894
1 14.2883  4
7    61.3881
19    56.8818
39    48.9421
115    39.1859
2 5.34242  10
9    60.6108
10    58.6671
11    52.3196
12    61.5923
13    61.8725
14    62.7871
15    35.7727
16    37.5581
17    43.3883
18    62.4273
3 6.1298  6
31    54.0518
54    64.8315
60    36.8284
76    58.6671
91    38.1788
93    55.5808
4 8.70098  7
8    61.2059
19    41.69
20    59.7008
31    51.0936
66    40.5657
88    53.8211
115    53.3166
5 7.09723  4
19    46.4893
20    42.5533
54    44.1244
91    39.0458
6 11.8603  2
62    55.1605
85    56.8818
7 7.41371  8
95    42.2109
96    58.5829
97    52.0449
98    60.6951
99    58.9427
100    53.2196
101    64.5312
102    41.4684
8 12.8939  3
31    53.8211
56    46.9865
92    50.5626
9 10.7894  6
21    59.9013
22    56.3498
23    44.7525
39    48.2472
53    55.5716
75    39.7536
10 13.9169  3
31    59.1267
62    64.848
75    55.8399
11 14.1299  3
60    54.6451
91    48.2472
94    41.2889
12 14.8254  10
32    57.5886
33    48.7974
34    50.0902
35    54.3118
36    38.0973
37    45.1498
38    38.1788
39    55.8545
53    41.2889
54    54.5828
13 7.09632  10
24    36.8815
25    41.1791
26    55.2136
27    41.0427
28    54.7678
29    39.586
30    50.0105
39    48.4458
75    60.8452
86    54.7678
14 11.8572  3
31    36.4951
75    49.4099
190    55.5716
15 7.40364  4
81    37.5581
82    43.3883
83    62.4273
84    64.599
16 12.861  2
60    48.704
85    59.7008
17 10.6816  2
19    64.599
86    39.586
18 13.565  2
20    55.6952
114    35.0009
19 12.9809  4
20    42.6147
54    59.3602
60    39.1859
114    46.9865
20 11.0732  1
31    37.2486
21 14.8437  10
44    46.1029
45    41.2917
46    55.5808
47    42.2411
48    58.6818
49    52.3681
50    61.7507
51    62.3898
52    64.4763
86    41.0427
22 7.15613  3
39    48.2939
53    53.2196
149    37.5581
23 12.0525  1
53    42.2109
24 8.04147  2
31    39.9174
62    59.5369
25 14.9438  2
54    56.1576
55    46.2394
26 7.48299  3
55    57.0338
88    57.5886
94    61.7507
27 13.1201  2
88    54.0518
147    61.8725
28 11.5276  4
55    41.7367
66    53.2104
94    58.6818
189    41.2917
29 6.32756  4
31    42.3775
39    39.0458
56    35.0009
191    60.6951
30 9.34675  2
39    61.5996
61    49.7853
31 9.20606  1
39    43.1347
32 8.74645  1
209    0
33 7.24555  7
39    45.4154
53    58.5829
54    41.4684
55    48.0403
91    45.1498
115    49.7853
189    46.1029
34 12.3446  5
54    42.449
62    54.1992
86    44.7525
88    36.4951
94    55.5716
35 8.99548  1
55    47.6182
36 8.05887  4
40    61.8963
41    62.8649
42    36.0273
43    38.3894
37 5.00031  1
75    43.0871
38 5.01251  3
54    64.5312
75    50.558
92    43.1347
39 5.05249  3
88    59.1267
93    46.1029
189    52.3681
40 5.18311  3
57    35.0375
58    35.1575
59    35.5493
41 5.60945  1
189    55.5808
42 7.00171  3
60    41.0051
86    55.2136
147    61.5923
43 11.5484  2
53    60.6951
76    61.3881
44 6.39531  4
56    44.1766
92    61.5996
93    41.2917
103    56.1576
45 9.56801  1
53    52.0449
46 9.92843  1
62    40.8687
47 11.1055  3
67    55.838
68    43.0816
76    60.6108
48 14.9493  1
66    64.501
49 7.50099  3
62    42.503
93    42.2411
191    42.2109
50 13.179  5
204    46.2394
205    41.7367
206    57.0338
207    46.9865
208    44.1766
51 11.7202  3
53    58.9427
54    38.9827
150    59.7008
52 6.95624  4
76    61.444
86    56.3498
88    42.3775
191    52.0449
53 11.3997  1
114    35.1575
54 5.90976  3
85    42.6147
86    59.9013
93    36.0273
55 7.98257  2
76    52.3196
115    42.503
56 14.7516  3
178    48.2472
179    48.2939
180    48.4458
57 6.85522  2
61    53.3166
66    41.3704
58 11.0701  2
76    61.2059
93    61.8963
59 14.8337  2
75    54.819
92    48.4458
60 7.12348  1
209    0
61 11.946  6
63    37.7293
64    43.9477
65    64.2547
75    52.0907
88    51.0936
94    64.4763
62 7.69387  3
88    48.7974
150    55.6952
189    58.6818
63 13.8086  10
120    64.2547
121    40.5657
122    53.2104
123    64.501
124    41.3704
125    55.838
126    43.0816
127    61.4257
128    61.3286
129    61.0109
64 13.7762  2
114    44.1766
190    61.7507
65 13.6703  2
87    50.0105
93    38.3894
66 13.3245  10
69    61.4257
70    61.3286
71    61.0109
72    59.9736
73    56.586
74    45.5243
93    62.8649
103    44.1244
114    36.8284
115    54.6451
67 12.1953  3
86    41.1791
91    38.0973
114    41.0051
68 8.5081  1
91    48.2939
69 6.46733  1
75    39.402
70 9.80331  2
75    59.4325
190    41.2889
71 10.6969  1
149    64.599
72 13.6151  1
88    37.2486
73 13.1442  4
77    61.5923
78    61.8725
79    62.7871
80    35.7727
74 11.6063  1
209    0
75 6.58452  1
85    41.69
76 10.186  6
192    53.2196
193    64.5312
194    41.4684
195    56.1576
196    44.1244
197    64.8315
77 11.9466  1
114    35.0375
78 7.6957  3
85    42.5533
88    39.9174
92    48.9421
79 13.8147  1
85    55.6952
80 13.796  1
209    0
81 13.7353  1
209    0
82 13.5369  1
209    0
83 12.889  2
85    46.4893
94    52.3681
84 10.7732  10
104    64.8315
105    42.449
106    59.3602
107    54.5828
108    38.9827
109    48.0403
110    47.6182
111    46.2394
112    41.7367
113    57.0338
85 13.8641  1
86    36.8815
86 13.9575  1
209    0
87 14.2624  1
209    0
88 5.25758  2
89    50.0902
90    54.3118
89 5.85269  1
209    0
90 7.79611  1
91    45.4154
91 14.1424  1
92    55.8545
92 14.8663  1
115    64.848
93 7.22999  1
94    62.3898
94 12.2939  4
116    40.8687
117    54.1992
118    37.7293
119    43.9477
95 8.82977  1
209    0
96 7.51778  1
209    0
97 13.2336  1
115    48.704
98 11.8984  1
209    0
99 7.53822  1
209    0
100 13.3004  1
209    0
101 12.1166  1
115    59.5369
102 8.25083  2
149    46.4893
150    42.6147
103 5.62716  1
209    0
104 7.05969  1
114    35.5493
105 11.7379  1
209    0
106 7.01422  1
209    0
107 11.5893  2
115    55.1605
148    35.7727
108 6.52867  7
182    50.5626
183    55.8545
184    43.1347
185    61.5996
186    61.8963
187    62.8649
188    36.0273
109 10.0035  1
189    42.2411
110 11.3506  1
209    0
111 5.74953  1
149    56.8818
112 7.45918  1
209    0
113 13.0422  1
209    0
114 11.2737  1
148    62.7871
115 5.49837  1
209    0
116 6.63915  1
209    0
117 10.3645  7
130    59.9736
131    56.586
132    45.5243
133    39.402
134    49.4099
135    52.0907
136    60.8452
118 12.5295  1
209    0
119 9.59914  1
149    62.4273
120 10.0301  1
209    0
121 11.4373  1
209    0
122 6.03244  1
209    0
123 8.38328  1
209    0
124 6.0596  1
209    0
125 8.47179  1
147    58.6671
126 6.34861  1
209    0
127 9.41572  3
151    59.9013
152    56.3498
153    44.7525
128 9.43129  1
209    0
129 9.48195  1
209    0
130 9.64736  9
154    36.8815
155    41.1791
156    55.2136
157    41.0427
158    54.7678
159    39.586
160    50.0105
161    54.0518
162    37.2486
131 10.1875  6
163    42.3775
164    59.1267
165    53.8211
166    36.4951
167    39.9174
168    51.0936
132 11.9515  1
190    64.4763
133 7.71157  8
170    48.7974
171    50.0902
172    54.3118
173    38.0973
174    45.1498
175    38.1788
176    45.4154
177    39.0458
134 13.8665  1
209    0
135 13.9654  1
169    57.5886
136 14.2883  10
137    59.4325
138    54.819
139    39.7536
140    50.558
141    55.8399
142    43.0871
143    61.444
144    61.3881
145    61.2059
146    60.6108
137 5.34242  1
209    0
138 6.1298  1
209    0
139 8.70098  2
149    43.3883
150    42.5533
140 7.09723  1
209    0
141 11.8603  1
191    58.9427
142 7.41371  1
147    52.3196
143 12.8939  1
209    0
144 10.7894  1
209    0
145 13.9169  1
209    0
146 14.1299  1
209    0
147 14.8254  1
209    0
148 7.09632  1
209    0
149 11.8572  1
209    0
150 7.40364  1
209    0
151 12.861  1
209    0
152 10.6816  1
181    48.9421
153 13.565  1
209    0
154 12.9809  1
209    0
155 11.0732  1
209    0
156 14.8437  1
209    0
157 7.15613  1
209    0
158 12.0525  1
209    0
159 8.04147  1
209    0
160 14.9438  1
209    0
161 7.48299  1
209    0
162 13.1201  1
209    0
163 11.5276  1
191    58.5829
164 6.32756  6
198    42.449
199    59.3602
200    54.5828
201    38.9827
202    48.0403
203    47.6182
165 9.34675  1
209    0
166 9.20606  1
209    0
167 8.74645  1
209    0
168 7.24555  1
209    0
169 12.3446  1
209    0
170 8.99548  1
190    62.3898
171 8.05887  1
209    0
172 5.00031  1
209    0
173 5.01251  1
209    0
174 5.05249  1
209    0
175 5.18311  1
209    0
176 5.60945  1
209    0
177 7.00171  1
209    0
178 11.5484  1
209    0
179 6.39531  1
209    0
180 9.56801  1
209    0
181 9.92843  1
209    0
182 11.1055  1
209    0
183 14.9493  1
209    0
184 7.50099  1
209    0
185 13.179  1
209    0
186 11.7202  1
209    0
187 6.95624  1
209    0
188 11.3997  1
209    0
189 5.90976  1
209    0
190 7.98257  1
209    0
191 14.7516  1
209    0
192 6.85522  1
209    0
193 11.0701  1
209    0
194 14.8337  1
209    0
195 7.12348  1
209    0
196 11.946  1
209    0
197 7.69387  1
209    0
198 13.8086  1
209    0
199 13.7762  1
209    0
200 13.6703  1
209    0
201 13.3245  1
209    0
202 12.1953  1
209    0
203 8.5081  1
209    0
204 6.46733  1
209    0
205 9.80331  1
209    0
206 10.6969  1
209    0
207 13.6151  1
209    0
208 13.1442  1
209    0
209 0  0
