58
0 7.45918  10
1    11.4068
2    9.39729
3    8.83532
4    7.00018
5    7.00751
6    7.0315
7    7.10987
8    7.36567
15    11.9074
17    8.11313
1 13.0422  2
17    8.27409
34    8.9505
2 11.2737  3
17    8.61632
23    7.95071
36    10.018
3 5.49837  2
15    8.17374
35    7.44972
4 6.63915  1
33    7.15455
5 10.3645  8
9    8.20103
10    10.929
11    7.83718
12    9.74081
13    9.95706
14    10.6633
16    7.54585
34    11.9803
6 12.5295  3
16    12.8509
17    11.1676
33    8.67766
7 9.59914  3
15    8.5006
17    12.2657
23    11.168
8 10.0301  5
15    12.9696
16    10.8398
33    7.51161
34    8.51067
36    10.2187
9 11.4373  3
17    12.2851
23    12.169
33    12.9198
10 6.03244  3
15    11.0321
23    11.8865
35    8.47551
11 8.38328  2
17    10.6421
35    10.8104
12 6.0596  3
23    10.1116
33    11.3764
36    7.29902
13 8.47179  2
16    8.78954
33    12.5574
14 6.34861  3
17    12.2022
33    12.4855
35    11.0427
15 9.41572  1
57    0
16 9.43129  2
17    12.9002
23    10.9638
17 9.48195  7
18    11.9947
19    11.3172
20    9.10486
21    7.8804
22    9.88198
34    9.29786
36    7.98349
18 9.64736  1
57    0
19 10.1875  2
23    10.4181
35    10.9536
20 11.9515  10
24    8.61742
25    12.2888
26    12.2776
27    12.2412
28    12.1222
29    11.7334
30    10.4639
31    12.3185
32    12.3745
34    8.52293
21 7.71157  1
57    0
22 13.8665  1
34    7.37629
23 13.9654  1
34    11.139
24 14.2883  2
35    10.0021
36    11.8253
25 5.34242  1
36    7.61946
26 6.1298  2
35    8.20853
36    9.75948
27 8.70098  1
34    11.27
28 7.09723  3
33    8.33799
35    7.9172
36    11.5177
29 11.8603  2
35    8.23582
36    10.8624
30 7.41371  10
37    9.02997
38    7.63576
39    9.08307
40    7.80917
41    9.64943
42    9.65877
43    9.68917
44    9.78841
45    10.1125
46    11.1709
31 12.8939  1
57    0
32 10.7894  2
34    11.9402
36    10.7642
33 13.9169  1
57    0
34 14.1299  1
57    0
35 14.8254  1
57    0
36 7.09632  10
47    8.62694
48    12.3199
49    12.3793
50    12.573
51    7.20545
52    7.67788
53    9.22059
54    8.25834
55    11.1162
56    8.44823
37 11.8572  1
57    0
38 7.40364  1
57    0
39 12.861  1
57    0
40 10.6816  1
57    0
41 13.565  1
57    0
42 12.9809  1
57    0
43 11.0732  1
57    0
44 14.8437  1
57    0
45 7.15613  1
57    0
46 12.0525  1
57    0
47 8.04147  1
57    0
48 14.9438  1
57    0
49 7.48299  1
57    0
50 13.1201  1
57    0
51 11.5276  1
57    0
52 6.32756  1
57    0
53 9.34675  1
57    0
54 9.20606  1
57    0
55 8.74645  1
57    0
56 7.24555  1
57    0
57 0  0
