91
0 14.8663  7
1    10.6633
2    12.9696
3    8.5006
4    8.17374
18    12.169
40    8.23582
52    8.62694
1 7.22999  3
4    11.0321
39    8.51067
56    11.7166
2 12.2939  5
4    10.8398
17    11.9947
56    10.6439
68    11.9074
80    12.2022
3 8.82977  2
4    11.9074
86    12.2412
4 7.51778  10
5    7.54585
6    8.78954
7    12.8509
8    8.11313
9    10.6421
10    12.9002
11    8.27409
12    11.1676
13    8.61632
18    9.88198
5 13.2336  3
18    7.8804
41    10.8104
58    9.24787
6 11.8984  2
18    10.4181
80    12.2657
7 7.53822  1
18    11.3172
8 13.3004  4
18    9.10486
39    11.3764
58    7.79653
86    12.2776
9 12.1166  3
41    8.47551
57    8.82488
80    12.2851
10 8.25083  2
18    11.8865
81    10.9638
11 5.62716  7
14    12.2851
15    12.2657
16    12.2022
54    12.3793
55    8.25834
56    11.7885
57    8.48979
12 7.05969  2
58    8.34733
80    8.61632
13 11.7379  1
90    0
14 7.01422  1
90    0
15 11.5893  2
40    11.0427
55    11.7364
16 6.52867  1
90    0
17 10.0035  8
24    12.2888
25    12.2776
26    12.2412
27    12.1222
28    11.7334
29    10.4639
53    12.3199
54    7.67788
18 11.3506  6
19    10.9638
20    7.95071
21    10.1116
22    11.168
23    8.61742
51    9.08307
19 5.74953  5
40    8.52293
41    7.44972
51    7.63576
56    10.409
80    11.3172
20 7.45918  1
41    10.9536
21 13.0422  1
80    9.88198
22 11.2737  1
41    10.0021
23 5.49837  3
42    10.7642
43    7.29902
56    12.139
24 6.63915  10
30    12.3185
31    12.3745
32    12.5574
33    7.15455
34    7.51161
35    8.67766
36    12.4855
37    12.9198
38    8.33799
40    8.9505
25 10.3645  10
44    7.98349
45    10.2187
46    11.5177
47    9.75948
48    10.018
49    10.8624
50    7.61946
51    9.78841
55    12.3501
57    11.2315
26 12.5295  2
51    9.68917
68    10.6633
27 9.59914  4
55    11.1162
58    8.83532
80    7.8804
86    10.4639
28 10.0301  5
39    11.9402
40    11.139
41    11.8253
56    8.25779
86    12.1222
29 11.4373  1
86    11.7334
30 6.03244  9
59    7.00018
60    7.00751
61    7.0315
62    7.10987
63    7.36567
64    8.20103
65    10.929
66    7.83718
67    9.74081
31 8.38328  1
86    12.5574
32 6.0596  2
41    7.9172
52    10.1125
33 8.47179  2
40    11.27
55    8.44823
34 6.34861  3
39    9.29786
51    7.80917
56    12.9062
35 9.41572  1
51    9.64943
36 9.43129  2
40    11.9803
57    8.29368
37 9.48195  1
55    10.4736
38 9.64736  2
40    7.37629
51    9.65877
39 10.1875  2
54    12.573
55    12.478
40 11.9515  2
41    8.20853
57    12.9663
41 7.71157  1
81    12.169
42 13.8665  1
90    0
43 13.9654  1
55    9.22059
44 14.2883  1
56    11.1143
45 5.34242  1
58    11.872
46 6.1298  3
51    9.02997
56    8.44218
81    11.8865
47 8.70098  1
90    0
48 7.09723  1
58    9.39729
49 11.8603  1
58    11.4068
50 7.41371  2
52    11.1709
58    9.52364
51 12.8939  2
68    12.9696
79    11.1676
52 10.7894  1
90    0
53 13.9169  2
54    7.20545
58    9.60805
54 14.1299  2
55    12.8953
58    10.9166
55 14.8254  1
86    12.2888
56 7.09632  1
90    0
57 11.8572  1
80    11.9947
58 7.40364  1
68    8.5006
59 12.861  1
90    0
60 10.6816  1
81    10.4181
61 13.565  1
68    9.95706
62 12.9809  1
90    0
63 11.0732  1
90    0
64 14.8437  10
69    11.0321
70    8.17374
71    10.8398
72    7.54585
73    8.78954
74    12.8509
75    8.11313
76    10.6421
77    12.9002
78    8.27409
65 7.15613  1
90    0
66 12.0525  1
86    12.3185
67 8.04147  1
90    0
68 14.9438  1
90    0
69 7.48299  1
90    0
70 13.1201  1
80    9.10486
71 11.5276  4
82    7.95071
83    10.1116
84    11.168
85    8.61742
72 6.32756  1
86    12.3745
73 9.34675  1
90    0
74 9.20606  1
90    0
75 8.74645  1
90    0
76 7.24555  1
90    0
77 12.3446  1
90    0
78 8.99548  1
90    0
79 8.05887  1
86    7.15455
80 5.00031  1
90    0
81 5.01251  3
87    7.51161
88    8.67766
89    12.4855
82 5.05249  1
90    0
83 5.18311  1
90    0
84 5.60945  1
90    0
85 7.00171  1
90    0
86 11.5484  1
90    0
87 6.39531  1
90    0
88 9.56801  1
90    0
89 9.92843  1
90    0
90 0  0
