203
0 5.85269  7
1    6.45312
2    4.14684
3    5.61576
4    4.41244
5    6.48315
54    5.58399
111    4.69865
1 7.79611  5
9    3.89827
10    4.80403
11    4.76182
12    4.62394
60    4.64893
2 14.1424  10
33    5.41992
34    3.77293
35    4.39477
36    6.42547
37    4.05657
38    5.32104
39    6.4501
95    6.17507
136    5.94325
147    5.68818
3 14.8663  1
134    5.99736
4 7.22999  3
54    4.30871
61    5.63498
156    3.72486
5 12.2939  5
6    4.2449
7    5.93602
8    5.45828
55    6.12059
60    5.97008
6 8.82977  10
13    4.17367
14    5.70338
15    4.69865
16    4.41766
17    3.50009
18    3.50375
19    3.51575
20    3.55493
21    3.68284
22    4.10051
7 7.51778  10
62    5.52136
63    4.10427
64    5.47678
65    3.9586
66    5.00105
67    5.40518
68    3.72486
69    4.23775
70    5.91267
71    5.38211
8 13.2336  2
53    5.0558
163    6.23898
9 11.8984  1
159    3.90458
10 7.53822  1
53    5.4819
11 13.3004  3
55    6.06108
136    5.20907
158    5.43118
12 12.1166  1
94    4.12917
13 8.25083  7
40    4.13704
41    5.5838
42    4.30816
43    6.14257
44    6.13286
45    6.10109
46    5.99736
14 5.62716  1
137    5.0558
15 7.05969  1
60    6.4599
16 11.7379  1
157    5.10936
17 7.01422  1
202    0
18 11.5893  1
54    6.1444
19 6.52867  1
137    3.97536
20 10.0035  10
23    5.46451
24    3.91859
25    4.8704
26    4.97853
27    5.33166
28    6.4848
29    4.2503
30    5.95369
31    5.51605
32    4.08687
21 11.3506  1
146    4.33883
22 5.74953  10
85    4.82939
86    4.84458
87    4.89421
88    5.05626
89    5.58545
90    4.31347
91    6.15996
92    6.18963
93    6.28649
94    5.86818
23 7.45918  2
79    3.80973
80    4.51498
24 13.0422  1
148    5.56952
25 11.2737  1
202    0
26 5.49837  1
61    5.99013
27 6.63915  1
110    3.89827
28 10.3645  1
202    0
29 12.5295  3
60    5.56952
110    4.76182
111    4.41766
30 9.59914  1
160    6.15996
31 10.0301  1
202    0
32 11.4373  2
56    6.27871
61    4.47525
33 6.03244  3
107    5.61576
156    5.91267
172    4.2449
34 8.38328  1
202    0
35 6.0596  1
202    0
36 8.47179  2
147    4.64893
160    4.31347
37 6.34861  2
111    4.62394
134    5.5838
38 9.41572  3
55    5.23196
94    5.23681
147    4.169
39 9.43129  1
159    4.89421
40 9.48195  7
56    6.18725
60    4.169
94    4.22411
110    4.80403
157    3.99174
158    3.80973
160    3.60273
41 9.64736  2
146    3.57727
162    5.23681
42 10.1875  2
60    4.25533
172    5.93602
43 11.9515  1
155    5.47678
44 7.71157  8
47    5.6586
48    4.55243
49    3.9402
50    4.94099
51    5.20907
52    6.08452
60    4.26147
135    5.6586
45 13.8665  4
55    5.86671
60    6.24273
61    3.68815
161    5.86818
46 13.9654  1
53    5.94325
47 14.2883  1
94    3.60273
48 5.34242  1
60    5.68818
49 6.1298  1
135    4.94099
50 8.70098  3
53    3.97536
111    3.50009
134    6.13286
51 7.09723  2
55    6.13881
61    4.11791
52 11.8603  1
202    0
53 7.41371  2
107    4.41244
183    4.10051
54 12.8939  1
55    6.15923
55 10.7894  1
202    0
56 13.9169  4
57    3.57727
58    3.75581
59    4.33883
135    4.55243
57 14.1299  2
184    4.97853
185    5.33166
58 14.8254  1
167    5.89427
59 7.09632  1
202    0
60 11.8572  2
105    5.32196
106    6.45312
61 7.40364  2
110    5.45828
160    5.58545
62 12.861  5
81    3.81788
82    4.54154
83    3.90458
84    4.82472
111    4.17367
63 10.6816  10
118    3.91859
119    4.8704
120    4.97853
121    5.33166
122    6.4848
123    4.2503
124    5.95369
125    5.51605
126    4.08687
127    5.41992
64 13.565  1
160    6.18963
65 12.9809  1
202    0
66 11.0732  1
171    5.61576
67 14.8437  1
146    6.15923
68 7.15613  8
72    3.64951
73    3.99174
74    5.10936
75    5.75886
76    4.87974
77    5.00902
78    5.43118
111    5.70338
69 12.0525  1
202    0
70 8.04147  1
202    0
71 14.9438  1
202    0
72 7.48299  1
94    4.61029
73 13.1201  2
159    4.84458
162    6.17507
74 11.5276  1
163    6.44763
75 6.32756  1
148    5.97008
76 9.34675  1
202    0
77 9.20606  1
107    4.14684
78 8.74645  1
202    0
79 7.24555  2
94    3.83894
148    4.26147
80 12.3446  1
167    6.06951
81 8.99548  1
202    0
82 8.05887  3
94    5.55808
136    6.08452
146    6.27871
83 5.00031  1
163    5.55716
84 5.01251  1
148    5.99013
85 5.05249  1
159    4.82472
86 5.18311  8
139    4.30871
140    6.1444
141    6.13881
142    6.12059
143    6.06108
144    5.86671
145    5.23196
172    6.48315
87 5.60945  3
108    6.48315
109    4.2449
110    5.93602
88 7.00171  1
157    5.00902
89 11.5484  1
202    0
90 6.39531  7
128    3.77293
129    4.39477
130    6.42547
131    4.05657
132    5.32104
133    6.4501
161    4.12917
91 9.56801  1
157    5.75886
92 9.92843  10
96    6.23898
97    6.44763
98    4.12889
99    5.55716
100    4.22109
101    5.85829
102    5.20449
103    6.06951
104    5.89427
136    5.4819
93 11.1055  1
202    0
94 14.9493  1
146    6.24273
95 7.50099  1
134    6.10109
96 13.179  2
147    6.4599
183    3.91859
97 11.7202  1
202    0
98 6.95624  1
157    3.64951
99 11.3997  1
202    0
100 5.90976  1
158    3.81788
101 7.98257  7
112    3.50375
113    3.51575
114    3.55493
115    3.68284
116    4.10051
117    5.46451
134    4.13704
102 14.7516  2
138    5.58399
161    3.83894
103 6.85522  1
159    4.54154
104 11.0701  1
202    0
105 14.8337  1
202    0
106 7.12348  2
159    5.05626
161    4.61029
107 11.946  2
156    5.40518
183    4.8704
108 7.69387  1
202    0
109 13.8086  1
146    3.75581
110 13.7762  1
157    4.87974
111 13.6703  1
202    0
112 13.3245  1
134    4.30816
113 12.1953  1
202    0
114 8.5081  1
202    0
115 6.46733  1
202    0
116 9.80331  1
161    4.22411
117 10.6969  1
202    0
118 13.6151  1
202    0
119 13.1442  1
183    3.51575
120 11.6063  1
202    0
121 6.58452  1
156    3.9586
122 10.186  1
202    0
123 11.9466  1
202    0
124 7.6957  1
202    0
125 13.8147  1
163    4.12889
126 13.796  1
202    0
127 13.7353  1
202    0
128 13.5369  1
202    0
129 12.889  4
134    6.14257
147    4.25533
156    4.23775
160    6.28649
130 10.7732  1
146    6.18725
131 13.8641  3
164    4.22109
165    5.85829
166    5.20449
132 13.9575  1
135    3.9402
133 14.2624  1
202    0
134 5.25758  1
202    0
135 5.85269  1
183    3.68284
136 7.79611  1
202    0
137 14.1424  1
156    5.00105
138 14.8663  1
202    0
139 7.22999  1
158    4.51498
140 12.2939  1
161    5.55808
141 8.82977  1
173    5.45828
142 7.51778  1
159    4.82939
143 13.2336  3
188    5.95369
189    5.51605
190    4.08687
144 11.8984  4
149    5.63498
150    4.47525
151    3.68815
152    4.11791
145 7.53822  1
202    0
146 13.3004  2
153    5.52136
154    4.10427
147 12.1166  1
172    4.41244
148 8.25083  1
202    0
149 5.62716  1
202    0
150 7.05969  2
186    6.4848
187    4.2503
151 11.7379  1
202    0
152 7.01422  1
202    0
153 11.5893  1
157    5.38211
154 6.52867  1
183    3.50375
155 10.0035  9
174    3.89827
175    4.80403
176    4.76182
177    4.62394
178    4.17367
179    5.70338
180    4.69865
181    4.41766
182    3.50009
156 11.3506  1
202    0
157 5.74953  1
183    5.46451
158 7.45918  1
183    3.55493
159 13.0422  1
202    0
160 11.2737  1
202    0
161 5.49837  1
202    0
162 6.63915  1
202    0
163 10.3645  1
202    0
164 12.5295  1
202    0
165 9.59914  1
202    0
166 10.0301  3
168    5.32196
169    6.45312
170    4.14684
167 11.4373  1
202    0
168 6.03244  1
202    0
169 8.38328  1
202    0
170 6.0596  1
191    5.41992
171 8.47179  1
202    0
172 6.34861  1
202    0
173 9.41572  1
202    0
174 9.43129  10
192    3.77293
193    4.39477
194    6.42547
195    4.05657
196    5.32104
197    6.4501
198    4.13704
199    5.5838
200    4.30816
201    6.14257
175 9.48195  1
202    0
176 9.64736  1
202    0
177 10.1875  1
202    0
178 11.9515  1
202    0
179 7.71157  1
202    0
180 13.8665  1
202    0
181 13.9654  1
202    0
182 14.2883  1
202    0
183 5.34242  1
202    0
184 6.1298  1
202    0
185 8.70098  1
202    0
186 7.09723  1
202    0
187 11.8603  1
202    0
188 7.41371  1
202    0
189 12.8939  1
202    0
190 10.7894  1
202    0
191 13.9169  1
202    0
192 14.1299  1
202    0
193 14.8254  1
202    0
194 7.09632  1
202    0
195 11.8572  1
202    0
196 7.40364  1
202    0
197 12.861  1
202    0
198 10.6816  1
202    0
199 13.565  1
202    0
200 12.9809  1
202    0
201 11.0732  1
202    0
202 0  0
