127
0 12.889  7
1    54.819
2    39.7536
3    50.558
4    55.8399
5    43.0871
6    61.444
7    61.3881
1 10.7732  8
9    62.7871
10    35.7727
11    37.5581
12    43.3883
13    62.4273
14    64.599
49    64.4763
78    59.5369
2 13.8641  2
8    52.3196
102    41.1791
3 13.9575  1
8    60.6108
4 14.2624  1
8    58.6671
5 5.25758  2
8    61.5923
27    37.2486
6 5.85269  1
8    61.8725
7 7.79611  1
8    61.2059
8 14.1424  10
50    53.2196
51    64.5312
52    41.4684
53    56.1576
54    44.1244
55    64.8315
56    42.449
57    59.3602
58    54.5828
59    38.9827
9 14.8663  1
126    0
10 7.22999  1
27    50.0105
11 12.2939  8
29    48.7974
30    50.0902
31    54.3118
32    38.0973
33    45.1498
34    38.1788
35    45.4154
36    39.0458
12 8.82977  4
26    41.0427
27    36.4951
48    42.2411
49    41.2889
13 7.51778  2
27    59.1267
79    43.0816
14 13.2336  5
15    41.69
16    56.8818
17    46.4893
18    42.5533
49    42.2109
15 11.8984  8
19    59.7008
20    55.6952
21    42.6147
22    59.9013
23    56.3498
24    44.7525
27    54.0518
89    61.2059
16 7.53822  1
25    41.1791
17 13.3004  2
27    53.8211
88    55.8399
18 12.1166  3
27    42.3775
48    52.3681
88    59.4325
19 8.25083  3
26    39.586
27    39.9174
76    64.848
20 5.62716  3
27    51.0936
28    57.5886
89    60.6108
21 7.05969  4
25    36.8815
26    54.7678
79    55.838
102    36.8815
22 11.7379  2
48    61.7507
102    59.7008
23 7.01422  2
25    55.2136
88    50.558
24 11.5893  2
49    58.5829
89    61.444
25 6.52867  1
79    61.3286
26 10.0035  1
126    0
27 11.3506  1
79    53.2104
28 5.74953  2
48    58.6818
78    54.1992
29 7.45918  1
126    0
30 13.0422  10
37    48.2472
38    48.2939
39    48.4458
40    48.9421
41    50.5626
42    55.8545
43    43.1347
44    61.5996
45    61.8963
46    62.8649
31 11.2737  1
126    0
32 5.49837  1
49    60.6951
33 6.63915  2
48    55.5808
89    52.3196
34 10.3645  6
80    61.0109
81    59.9736
82    56.586
83    45.5243
84    39.402
85    49.4099
35 12.5295  1
126    0
36 9.59914  2
48    46.1029
102    44.7525
37 10.0301  2
49    52.0449
102    55.6952
38 11.4373  1
126    0
39 6.03244  2
47    36.0273
48    41.2917
40 8.38328  1
126    0
41 6.0596  2
47    38.3894
49    58.9427
42 8.47179  1
126    0
43 6.34861  1
78    43.9477
44 9.41572  1
49    55.5716
45 9.43129  1
126    0
46 9.48195  1
48    62.3898
47 9.64736  1
126    0
48 10.1875  10
90    61.5923
91    61.8725
92    62.7871
93    35.7727
94    37.5581
95    43.3883
96    62.4273
97    64.599
98    41.69
99    56.8818
49 11.9515  1
78    40.5657
50 7.71157  1
126    0
51 13.8665  1
88    39.7536
52 13.9654  1
76    53.3166
53 14.2883  1
126    0
54 5.34242  1
78    55.1605
55 6.1298  10
60    48.0403
61    47.6182
62    46.2394
63    41.7367
64    57.0338
65    46.9865
66    44.1766
67    35.0009
68    35.0375
69    35.1575
56 8.70098  2
76    49.7853
78    40.8687
57 7.09723  1
126    0
58 11.8603  1
126    0
59 7.41371  2
78    37.7293
88    54.819
60 12.8939  2
79    41.3704
89    43.0871
61 10.7894  5
70    35.5493
71    36.8284
72    41.0051
73    54.6451
74    39.1859
62 13.9169  1
126    0
63 14.1299  1
126    0
64 14.8254  1
75    48.704
65 7.09632  3
100    46.4893
101    42.5533
102    42.6147
66 11.8572  3
86    52.0907
87    60.8452
102    59.9013
67 7.40364  1
126    0
68 12.861  1
126    0
69 10.6816  1
126    0
70 13.565  1
77    42.503
71 12.9809  1
126    0
72 11.0732  1
79    64.501
73 14.8437  1
126    0
74 7.15613  1
79    61.4257
75 12.0525  1
126    0
76 8.04147  6
103    55.2136
104    41.0427
105    54.7678
106    39.586
107    50.0105
108    54.0518
77 14.9438  1
78    64.2547
78 7.48299  1
126    0
79 13.1201  1
126    0
80 11.5276  1
126    0
81 6.32756  1
126    0
82 9.34675  1
89    61.3881
83 9.20606  1
126    0
84 8.74645  1
89    58.6671
85 7.24555  1
126    0
86 12.3446  1
126    0
87 8.99548  1
126    0
88 8.05887  1
126    0
89 5.00031  1
126    0
90 5.01251  1
126    0
91 5.05249  1
126    0
92 5.18311  1
126    0
93 5.60945  7
109    37.2486
110    42.3775
111    59.1267
112    53.8211
113    36.4951
114    39.9174
115    51.0936
94 7.00171  1
126    0
95 11.5484  1
126    0
96 6.39531  1
126    0
97 9.56801  1
126    0
98 9.92843  1
126    0
99 11.1055  1
126    0
100 14.9493  1
102    56.3498
101 7.50099  1
126    0
102 13.179  1
126    0
103 11.7202  1
126    0
104 6.95624  1
126    0
105 11.3997  1
126    0
106 5.90976  1
126    0
107 7.98257  1
126    0
108 14.7516  1
126    0
109 6.85522  1
126    0
110 11.0701  1
126    0
111 14.8337  1
126    0
112 7.12348  10
116    57.5886
117    48.7974
118    50.0902
119    54.3118
120    38.0973
121    45.1498
122    38.1788
123    45.4154
124    39.0458
125    48.2472
113 11.946  1
126    0
114 7.69387  1
126    0
115 13.8086  1
126    0
116 13.7762  1
126    0
117 13.6703  1
126    0
118 13.3245  1
126    0
119 12.1953  1
126    0
120 8.5081  1
126    0
121 6.46733  1
126    0
122 9.80331  1
126    0
123 10.6969  1
126    0
124 13.6151  1
126    0
125 13.1442  1
126    0
126 0  0
