48
0 11.7202  5
1    55.6952
2    42.6147
3    59.9013
4    56.3498
6    39.586
1 6.95624  2
4    41.1791
5    41.0427
2 11.3997  2
4    44.7525
35    58.6818
3 5.90976  1
4    36.8815
4 7.98257  2
5    55.2136
6    54.7678
5 14.7516  1
36    62.3898
6 6.85522  9
7    50.0105
8    54.0518
9    37.2486
10    42.3775
11    59.1267
12    53.8211
13    36.4951
26    48.4458
35    42.2411
7 11.0701  1
26    48.2939
8 14.8337  1
47    0
9 7.12348  1
47    0
10 11.946  1
47    0
11 7.69387  4
14    39.9174
15    51.0936
16    57.5886
17    48.7974
12 13.8086  1
26    50.5626
13 13.7762  1
47    0
14 13.6703  1
36    52.0449
15 13.3245  10
37    60.6951
38    58.9427
39    53.2196
40    64.5312
41    41.4684
42    56.1576
43    44.1244
44    64.8315
45    42.449
46    59.3602
16 12.1953  8
18    50.0902
19    54.3118
20    38.0973
21    45.1498
22    38.1788
23    45.4154
24    39.0458
25    48.2472
17 8.5081  1
47    0
18 6.46733  1
47    0
19 9.80331  2
26    48.9421
35    61.7507
20 10.6969  8
27    43.1347
28    61.5996
29    61.8963
30    62.8649
31    36.0273
32    38.3894
33    46.1029
34    41.2917
21 13.6151  1
47    0
22 13.1442  2
26    55.8545
36    58.5829
23 11.6063  2
35    52.3681
36    64.4763
24 6.58452  1
47    0
25 10.186  1
47    0
26 11.9466  1
47    0
27 7.6957  1
47    0
28 13.8147  1
35    55.5808
29 13.796  1
47    0
30 13.7353  1
47    0
31 13.5369  1
36    42.2109
32 12.889  1
36    55.5716
33 10.7732  1
36    41.2889
34 13.8641  1
47    0
35 13.9575  1
47    0
36 14.2624  1
47    0
37 5.25758  1
47    0
38 5.85269  1
47    0
39 7.79611  1
47    0
40 14.1424  1
47    0
41 14.8663  1
47    0
42 7.22999  1
47    0
43 12.2939  1
47    0
44 8.82977  1
47    0
45 7.51778  1
47    0
46 13.2336  1
47    0
47 0  0
