55
0 6.58452  4
1    9.68917
2    9.78841
3    11.1709
4    8.62694
1 10.186  2
2    10.1125
4    12.3199
2 11.9466  6
40    9.39729
41    8.83532
42    7.00018
43    7.00751
44    7.0315
45    7.10987
3 7.6957  10
5    12.3793
6    12.573
7    7.20545
8    7.67788
9    9.22059
10    8.25834
11    11.1162
12    8.44823
13    11.7364
14    10.4736
4 13.8147  1
54    0
5 13.796  8
16    12.478
17    12.8953
18    8.25779
19    11.1143
20    8.44218
21    11.7166
22    10.409
23    12.139
6 13.7353  1
54    0
7 13.5369  1
54    0
8 12.889  1
54    0
9 10.7732  1
54    0
10 13.8641  1
15    12.3501
11 13.9575  1
54    0
12 14.2624  3
24    11.7885
25    10.6439
26    12.9062
13 5.25758  1
54    0
14 5.85269  1
54    0
15 7.79611  1
54    0
16 14.1424  1
54    0
17 14.8663  1
54    0
18 7.22999  1
54    0
19 12.2939  1
54    0
20 8.82977  9
31    8.48979
32    11.872
33    10.9166
34    7.79653
35    9.60805
36    9.52364
37    9.24787
38    8.34733
39    11.4068
21 7.51778  1
54    0
22 13.2336  1
54    0
23 11.8984  4
27    8.29368
28    11.2315
29    8.82488
30    12.9663
24 7.53822  1
54    0
25 13.3004  1
54    0
26 12.1166  1
54    0
27 8.25083  1
54    0
28 5.62716  1
54    0
29 7.05969  1
54    0
30 11.7379  1
54    0
31 7.01422  1
54    0
32 11.5893  1
54    0
33 6.52867  1
54    0
34 10.0035  1
54    0
35 11.3506  8
46    7.36567
47    8.20103
48    10.929
49    7.83718
50    9.74081
51    9.95706
52    10.6633
53    12.9696
36 5.74953  1
54    0
37 7.45918  1
54    0
38 13.0422  1
54    0
39 11.2737  1
54    0
40 5.49837  1
54    0
41 6.63915  1
54    0
42 10.3645  1
54    0
43 12.5295  1
54    0
44 9.59914  1
54    0
45 10.0301  1
54    0
46 11.4373  1
54    0
47 6.03244  1
54    0
48 8.38328  1
54    0
49 6.0596  1
54    0
50 8.47179  1
54    0
51 6.34861  1
54    0
52 9.41572  1
54    0
53 9.43129  1
54    0
54 0  0
