223
0 13.2336  10
1    42.503
2    59.5369
3    55.1605
4    54.1992
5    43.9477
17    61.3881
28    44.7525
94    52.3196
151    54.6451
152    64.2547
1 11.8984  7
4    40.8687
20    35.7727
28    36.8815
50    61.7507
60    54.5828
141    53.2196
150    35.5493
2 7.53822  5
5    40.5657
28    56.3498
29    42.3775
70    43.9477
162    45.5243
3 13.3004  10
5    37.7293
6    64.501
17    52.0907
20    61.8725
28    42.6147
50    42.2411
61    46.2394
69    49.7853
162    39.402
202    43.1347
4 12.1166  5
5    64.2547
6    41.3704
17    59.4325
20    62.7871
58    53.2196
5 8.25083  3
6    53.2104
17    55.8399
28    55.2136
6 5.62716  10
7    55.838
8    43.0816
9    61.4257
10    61.3286
11    61.0109
12    59.9736
13    56.586
14    45.5243
15    39.402
16    49.4099
7 7.05969  5
17    60.8452
20    61.5923
30    51.0936
60    64.8315
162    52.0907
8 11.7379  2
17    50.558
202    61.5996
9 7.01422  3
17    54.819
20    58.6671
29    50.0105
10 11.5893  3
28    41.1791
29    41.0427
60    42.449
11 6.52867  2
20    52.3196
127    48.2472
12 10.0035  2
17    39.7536
50    55.5808
13 11.3506  4
29    59.1267
30    39.9174
127    39.0458
201    39.0458
14 5.74953  6
18    61.2059
19    60.6108
29    39.586
49    46.1029
51    64.4763
61    38.9827
15 7.45918  5
17    43.0871
20    37.5581
49    36.0273
70    64.2547
127    45.4154
16 13.0422  5
17    61.444
21    62.4273
29    54.7678
94    35.7727
152    40.5657
17 11.2737  7
22    41.69
23    56.8818
24    46.4893
25    42.5533
26    59.7008
27    55.6952
127    50.5626
18 5.49837  4
21    64.599
50    62.3898
62    44.1766
94    58.6671
19 6.63915  3
29    54.0518
69    59.5369
141    58.9427
20 10.3645  2
21    43.3883
29    53.8211
21 12.5295  2
30    36.4951
152    40.8687
22 9.59914  10
40    48.2472
41    48.2939
42    48.4458
43    48.9421
44    50.5626
45    55.8545
46    43.1347
47    61.5996
48    61.8963
51    41.2889
23 10.0301  3
29    37.2486
69    48.704
70    64.501
24 11.4373  1
69    55.1605
25 6.03244  9
31    57.5886
32    48.7974
33    50.0902
34    54.3118
35    38.0973
36    45.1498
37    38.1788
38    45.4154
39    39.0458
26 8.38328  2
28    59.9013
58    41.4684
27 6.0596  1
222    0
28 8.47179  2
69    64.848
128    62.8649
29 6.34861  1
69    39.1859
30 9.41572  1
222    0
31 9.43129  3
61    41.7367
70    53.2104
141    52.0449
32 9.48195  1
70    40.5657
33 9.64736  2
49    62.8649
162    54.819
34 10.1875  3
59    44.1244
61    46.9865
128    36.0273
35 11.9515  1
222    0
36 7.71157  3
69    42.503
94    61.8725
193    55.2136
37 13.8665  2
70    54.1992
150    35.0009
38 13.9654  1
69    40.8687
39 14.2883  9
52    55.5716
53    42.2109
54    58.5829
55    52.0449
56    60.6951
57    58.9427
126    38.1788
141    60.6951
202    62.8649
40 5.34242  1
222    0
41 6.1298  2
49    41.2917
126    45.1498
42 8.70098  3
49    38.3894
127    48.4458
162    59.4325
43 7.09723  2
50    58.6818
151    64.848
44 11.8603  7
143    42.449
144    59.3602
145    54.5828
146    38.9827
147    48.0403
148    47.6182
149    46.2394
45 7.41371  2
50    52.3681
58    64.5312
46 12.8939  3
91    61.3881
92    61.2059
93    60.6108
47 10.7894  1
69    53.3166
48 13.9169  8
117    37.2486
118    42.3775
119    59.1267
120    53.8211
121    36.4951
122    39.9174
123    51.0936
124    57.5886
49 14.1299  10
81    49.4099
82    52.0907
83    60.8452
84    59.4325
85    54.819
86    39.7536
87    50.558
88    55.8399
89    43.0871
90    61.444
50 14.8254  3
60    59.3602
62    35.0009
201    48.4458
51 7.09632  6
63    35.0375
64    35.1575
65    35.5493
66    36.8284
67    41.0051
68    54.6451
52 11.8572  1
222    0
53 7.40364  10
182    56.8818
183    46.4893
184    42.5533
185    59.7008
186    55.6952
187    42.6147
188    59.9013
189    56.3498
190    44.7525
191    36.8815
54 12.861  8
71    41.3704
72    55.838
73    43.0816
74    61.4257
75    61.3286
76    61.0109
77    59.9736
78    56.586
55 10.6816  1
61    57.0338
56 13.565  1
61    48.0403
57 12.9809  2
58    56.1576
150    46.9865
58 11.0732  2
61    47.6182
199    54.3118
59 14.8437  1
128    61.8963
60 7.15613  2
94    61.5923
202    36.0273
61 12.0525  1
222    0
62 8.04147  1
141    58.5829
63 14.9438  1
222    0
64 7.48299  2
70    37.7293
151    53.3166
65 13.1201  1
94    62.7871
66 11.5276  2
79    45.5243
80    39.402
67 6.32756  1
151    42.503
68 9.34675  1
222    0
69 9.20606  10
107    56.3498
108    44.7525
109    36.8815
110    41.1791
111    55.2136
112    41.0427
113    54.7678
114    39.586
115    50.0105
116    54.0518
70 8.74645  3
127    48.2939
150    57.0338
152    37.7293
71 7.24555  1
199    39.9174
72 12.3446  1
222    0
73 8.99548  2
126    38.0973
201    48.9421
74 8.05887  1
222    0
75 5.00031  1
199    48.7974
76 5.01251  1
152    43.9477
77 5.05249  1
222    0
78 5.18311  1
125    48.7974
79 5.60945  1
151    59.5369
80 7.00171  1
126    54.3118
81 11.5484  1
199    38.0973
82 6.39531  2
142    41.4684
152    54.1992
83 9.56801  1
222    0
84 9.92843  1
141    64.5312
85 11.1055  1
222    0
86 14.9493  1
222    0
87 7.50099  1
142    56.1576
88 13.179  5
95    37.5581
96    43.3883
126    50.0902
162    56.586
201    48.2939
89 11.7202  6
129    38.3894
130    46.1029
131    41.2917
132    55.5808
150    36.8284
199    38.1788
90 6.95624  1
142    44.1244
91 11.3997  1
222    0
92 5.90976  10
97    62.4273
98    64.599
99    41.69
100    56.8818
101    46.4893
102    42.5533
103    59.7008
104    55.6952
105    42.6147
106    59.9013
93 7.98257  1
222    0
94 14.7516  1
150    44.1766
95 6.85522  1
222    0
96 11.0701  8
133    42.2411
134    58.6818
135    52.3681
136    61.7507
137    62.3898
138    64.4763
139    41.2889
140    55.5716
97 14.8337  1
128    55.8545
98 7.12348  2
152    55.1605
201    48.2472
99 11.946  9
153    53.2104
154    64.501
155    41.3704
156    55.838
157    43.0816
158    61.4257
159    61.3286
160    61.0109
161    59.9736
100 7.69387  1
222    0
101 13.8086  1
200    45.4154
102 13.7762  1
222    0
103 13.6703  1
222    0
104 13.3245  3
150    35.1575
151    48.704
193    54.0518
105 12.1953  1
222    0
106 8.5081  2
142    64.8315
151    49.7853
107 6.46733  1
222    0
108 9.80331  1
162    60.8452
109 10.6969  1
141    42.2109
110 13.6151  1
222    0
111 13.1442  1
222    0
112 11.6063  1
128    43.1347
113 6.58452  1
222    0
114 10.186  1
127    48.9421
115 11.9466  6
215    42.2109
216    58.5829
217    52.0449
218    60.6951
219    58.9427
220    53.2196
116 7.6957  1
222    0
117 13.8147  1
128    61.5996
118 13.796  1
222    0
119 13.7353  1
222    0
120 13.5369  1
222    0
121 12.889  1
222    0
122 10.7732  1
222    0
123 13.8641  1
222    0
124 13.9575  1
222    0
125 14.2624  10
203    38.3894
204    46.1029
205    41.2917
206    55.5808
207    42.2411
208    58.6818
209    52.3681
210    61.7507
211    62.3898
212    64.4763
126 5.25758  3
192    41.1791
193    50.0105
201    50.5626
127 5.85269  1
150    41.7367
128 7.79611  1
222    0
129 14.1424  1
222    0
130 14.8663  1
222    0
131 7.22999  2
150    35.0375
193    54.7678
132 12.2939  1
222    0
133 8.82977  6
171    58.6671
172    52.3196
173    61.5923
174    61.8725
175    62.7871
176    35.7727
134 7.51778  1
199    57.5886
135 13.2336  1
222    0
136 11.8984  1
222    0
137 7.53822  1
222    0
138 13.3004  8
163    39.7536
164    50.558
165    55.8399
166    43.0871
167    61.444
168    61.3881
169    61.2059
170    60.6108
139 12.1166  1
202    55.8545
140 8.25083  2
150    41.0051
202    61.8963
141 5.62716  1
222    0
142 7.05969  1
222    0
143 11.7379  1
222    0
144 7.01422  1
199    51.0936
145 11.5893  1
214    55.5716
146 6.52867  1
199    45.1498
147 10.0035  1
199    50.0902
148 11.3506  1
222    0
149 5.74953  1
222    0
150 7.45918  1
151    39.1859
151 13.0422  1
222    0
152 11.2737  1
222    0
153 5.49837  1
222    0
154 6.63915  1
222    0
155 10.3645  1
222    0
156 12.5295  1
222    0
157 9.59914  1
222    0
158 10.0301  1
222    0
159 11.4373  1
222    0
160 6.03244  1
222    0
161 8.38328  1
162    49.4099
162 6.0596  5
177    37.5581
178    43.3883
179    62.4273
180    64.599
181    41.69
163 8.47179  1
222    0
164 6.34861  1
213    41.2889
165 9.41572  1
222    0
166 9.43129  1
222    0
167 9.48195  1
222    0
168 9.64736  1
222    0
169 10.1875  1
222    0
170 11.9515  1
222    0
171 7.71157  1
193    41.0427
172 13.8665  1
221    64.5312
173 13.9654  1
222    0
174 14.2883  1
222    0
175 5.34242  1
222    0
176 6.1298  1
222    0
177 8.70098  5
194    37.2486
195    42.3775
196    59.1267
197    53.8211
198    36.4951
178 7.09723  1
222    0
179 11.8603  1
222    0
180 7.41371  1
222    0
181 12.8939  1
222    0
182 10.7894  1
193    39.586
183 13.9169  1
222    0
184 14.1299  1
222    0
185 14.8254  1
222    0
186 7.09632  1
222    0
187 11.8572  1
222    0
188 7.40364  1
222    0
189 12.861  1
222    0
190 10.6816  1
222    0
191 13.565  1
222    0
192 12.9809  1
222    0
193 11.0732  1
222    0
194 14.8437  1
222    0
195 7.15613  1
222    0
196 12.0525  1
222    0
197 8.04147  1
222    0
198 14.9438  1
222    0
199 7.48299  1
222    0
200 13.1201  1
222    0
201 11.5276  1
222    0
202 6.32756  1
222    0
203 9.34675  1
222    0
204 9.20606  1
222    0
205 8.74645  1
222    0
206 7.24555  1
222    0
207 12.3446  1
222    0
208 8.99548  1
222    0
209 8.05887  1
222    0
210 5.00031  1
222    0
211 5.01251  1
222    0
212 5.05249  1
222    0
213 5.18311  1
222    0
214 5.60945  1
222    0
215 7.00171  1
222    0
216 11.5484  1
222    0
217 6.39531  1
222    0
218 9.56801  1
222    0
219 9.92843  1
222    0
220 11.1055  1
222    0
221 14.9493  1
222    0
222 0  0
