180
0 9.80331  3
1    53.8211
42    64.848
77    42.2109
1 10.6969  7
2    36.4951
3    39.9174
4    51.0936
14    61.8963
25    58.5829
26    42.449
73    59.1267
2 13.6151  4
13    48.2472
14    61.5996
25    64.4763
72    55.2136
3 13.1442  5
15    62.8649
16    36.0273
17    38.3894
18    46.1029
72    36.8815
4 11.6063  10
5    57.5886
6    48.7974
7    50.0902
8    54.3118
9    38.0973
10    45.1498
11    38.1788
26    56.1576
43    54.1992
96    36.8284
5 6.58452  5
13    39.0458
14    48.9421
25    60.6951
32    35.0009
72    37.2486
6 10.186  6
12    45.4154
14    50.5626
25    41.2889
26    48.0403
64    61.5923
75    45.4154
7 11.9466  4
14    48.4458
24    61.7507
76    43.1347
77    55.5716
8 7.6957  4
14    48.2939
42    55.1605
66    59.7008
73    57.5886
9 13.8147  3
25    52.0449
43    37.7293
73    50.0902
10 13.796  2
14    55.8545
72    39.586
11 13.7353  3
26    64.5312
43    64.2547
77    52.3681
12 13.5369  2
25    58.9427
26    59.3602
13 12.889  5
14    43.1347
25    55.5716
72    54.0518
73    36.4951
77    42.2411
14 10.7732  5
19    41.2917
20    55.5808
21    42.2411
22    58.6818
23    52.3681
15 13.8641  1
179    0
16 13.9575  6
26    64.8315
65    37.5581
76    55.5808
77    58.6818
84    56.1576
120    50.558
17 14.2624  1
26    54.5828
18 5.25758  3
26    44.1244
43    40.8687
66    43.3883
19 5.85269  3
25    62.3898
26    41.4684
99    55.1605
20 7.79611  10
33    35.0375
34    35.1575
35    35.5493
36    36.8284
37    41.0051
38    54.6451
39    39.1859
40    48.704
41    49.7853
76    62.8649
21 14.1424  6
27    47.6182
28    46.2394
29    41.7367
30    57.0338
31    46.9865
61    43.0871
22 14.8663  5
25    53.2196
26    38.9827
32    44.1766
42    59.5369
96    35.0375
23 7.22999  6
25    42.2109
42    42.503
72    54.7678
99    40.8687
121    61.3881
152    62.8649
24 12.2939  3
77    62.3898
99    64.848
121    43.0871
25 8.82977  2
138    42.6147
148    38.0973
26 7.51778  3
66    62.4273
75    38.0973
152    43.1347
27 13.2336  3
61    55.8399
97    41.0051
138    59.9013
28 11.8984  1
179    0
29 7.53822  2
76    55.8545
100    54.1992
30 13.3004  1
72    50.0105
31 12.1166  6
55    45.5243
56    39.402
57    49.4099
58    52.0907
59    60.8452
152    48.4458
32 8.25083  2
60    59.4325
75    48.2939
33 5.62716  2
72    41.0427
148    50.0902
34 7.05969  3
43    43.9477
65    62.7871
73    51.0936
35 11.7379  2
61    50.558
96    35.0009
36 7.01422  3
64    61.8725
66    64.599
76    41.2917
37 11.5893  1
75    48.9421
38 6.52867  10
44    40.5657
45    53.2104
46    64.501
47    41.3704
48    55.838
49    43.0816
50    61.4257
51    61.3286
52    61.0109
61    61.2059
39 10.0035  2
66    42.5533
148    48.7974
40 11.3506  5
42    53.3166
73    39.9174
99    59.5369
148    54.3118
152    55.8545
41 5.74953  1
66    56.8818
42 7.45918  2
61    60.6108
66    41.69
43 13.0422  1
61    61.444
44 11.2737  5
53    59.9736
54    56.586
61    39.7536
75    39.0458
84    44.1244
45 5.49837  1
179    0
46 6.63915  2
60    54.819
100    43.9477
47 10.3645  4
75    45.1498
76    38.3894
77    41.2889
97    54.6451
48 12.5295  5
67    55.6952
68    42.6147
69    59.9013
70    56.3498
71    44.7525
49 9.59914  1
97    49.7853
50 10.0301  1
179    0
51 11.4373  9
122    61.2059
123    60.6108
124    58.6671
125    52.3196
126    61.5923
127    61.8725
128    62.7871
129    35.7727
130    37.5581
52 6.03244  1
138    44.7525
53 8.38328  2
73    48.7974
76    61.5996
54 6.0596  1
61    61.3881
55 8.47179  4
65    35.7727
120    39.7536
138    56.3498
148    45.1498
56 6.34861  2
72    41.1791
170    53.2196
57 9.41572  2
62    58.6671
63    52.3196
58 9.43129  2
142    39.586
148    38.1788
59 9.48195  1
66    46.4893
60 9.64736  1
76    36.0273
61 10.1875  1
77    58.5829
62 11.9515  2
77    61.7507
121    55.8399
63 7.71157  1
74    54.3118
64 13.8665  2
73    53.8211
75    48.4458
65 13.9654  6
78    52.0449
79    60.6951
80    58.9427
81    53.2196
82    64.5312
83    41.4684
66 14.2883  5
113    45.5243
114    39.402
115    49.4099
116    52.0907
117    60.8452
67 5.34242  1
75    48.2472
68 6.1298  3
73    42.3775
76    61.8963
77    64.4763
69 8.70098  1
75    50.5626
70 7.09723  1
179    0
71 11.8603  2
142    37.2486
152    50.5626
72 7.41371  1
97    48.704
73 12.8939  2
118    59.4325
119    54.819
74 10.7894  3
75    38.1788
76    46.1029
142    42.3775
75 13.9169  1
179    0
76 14.1299  1
179    0
77 14.8254  2
100    37.7293
152    61.5996
78 7.09632  2
96    35.1575
138    59.7008
79 11.8572  5
85    64.8315
86    42.449
87    59.3602
88    54.5828
89    38.9827
80 7.40364  1
179    0
81 12.861  1
179    0
82 10.6816  1
179    0
83 13.565  1
179    0
84 12.9809  6
90    48.0403
91    47.6182
92    46.2394
93    41.7367
94    57.0338
95    46.9865
85 11.0732  1
179    0
86 14.8437  1
170    44.1244
87 7.15613  1
96    44.1766
88 12.0525  1
96    35.5493
89 8.04147  1
98    53.3166
90 14.9438  3
149    45.4154
150    39.0458
151    48.2472
91 7.48299  1
170    64.8315
92 13.1201  1
179    0
93 11.5276  1
97    39.1859
94 6.32756  1
142    41.0427
95 9.34675  1
179    0
96 9.20606  1
179    0
97 8.74645  2
99    42.503
142    54.0518
98 7.24555  8
101    64.2547
102    40.5657
103    53.2104
104    64.501
105    41.3704
106    55.838
107    43.0816
121    61.444
99 12.3446  3
139    36.8815
140    41.1791
141    55.2136
100 8.99548  1
179    0
101 8.05887  1
179    0
102 5.00031  1
179    0
103 5.01251  8
171    42.449
172    59.3602
173    54.5828
174    38.9827
175    48.0403
176    47.6182
177    46.2394
178    41.7367
104 5.05249  1
179    0
105 5.18311  1
179    0
106 5.60945  1
179    0
107 7.00171  5
108    61.4257
109    61.3286
110    61.0109
111    59.9736
112    56.586
108 11.5484  1
179    0
109 6.39531  1
179    0
110 9.56801  1
179    0
111 9.92843  1
179    0
112 11.1055  1
179    0
113 14.9493  7
131    43.3883
132    62.4273
133    64.599
134    41.69
135    56.8818
136    46.4893
137    42.5533
114 7.50099  1
179    0
115 13.179  2
142    54.7678
152    61.8963
116 11.7202  1
179    0
117 6.95624  1
142    50.0105
118 11.3997  1
179    0
119 5.90976  1
179    0
120 7.98257  1
179    0
121 14.7516  1
148    57.5886
122 6.85522  1
179    0
123 11.0701  1
179    0
124 14.8337  1
179    0
125 7.12348  1
179    0
126 11.946  1
179    0
127 7.69387  1
179    0
128 13.8086  2
152    48.2939
170    56.1576
129 13.7762  1
170    41.4684
130 13.6703  1
179    0
131 13.3245  1
179    0
132 12.1953  1
138    55.6952
133 8.5081  5
143    59.1267
144    53.8211
145    36.4951
146    39.9174
147    51.0936
134 6.46733  1
179    0
135 9.80331  1
179    0
136 10.6969  1
179    0
137 13.6151  1
179    0
138 13.1442  9
161    62.3898
162    64.4763
163    41.2889
164    55.5716
165    42.2109
166    58.5829
167    52.0449
168    60.6951
169    58.9427
139 11.6063  1
179    0
140 6.58452  1
179    0
141 10.186  1
179    0
142 11.9466  2
152    36.0273
170    64.5312
143 7.6957  1
179    0
144 13.8147  1
179    0
145 13.796  5
156    55.5808
157    42.2411
158    58.6818
159    52.3681
160    61.7507
146 13.7353  1
179    0
147 13.5369  1
152    48.9421
148 12.889  1
179    0
149 10.7732  3
153    38.3894
154    46.1029
155    41.2917
150 13.8641  1
179    0
151 13.9575  1
179    0
152 14.2624  1
179    0
153 5.25758  1
179    0
154 5.85269  1
179    0
155 7.79611  1
179    0
156 14.1424  1
179    0
157 14.8663  1
179    0
158 7.22999  1
179    0
159 12.2939  1
179    0
160 8.82977  1
179    0
161 7.51778  1
179    0
162 13.2336  1
179    0
163 11.8984  1
179    0
164 7.53822  1
179    0
165 13.3004  1
179    0
166 12.1166  1
179    0
167 8.25083  1
179    0
168 5.62716  1
179    0
169 7.05969  1
179    0
170 11.7379  1
179    0
171 7.01422  1
179    0
172 11.5893  1
179    0
173 6.52867  1
179    0
174 10.0035  1
179    0
175 11.3506  1
179    0
176 5.74953  1
179    0
177 7.45918  1
179    0
178 13.0422  1
179    0
179 0  0
