44
0 14.1424  2
1    6.15996
33    6.13286
1 14.8663  10
2    6.18963
3    6.28649
4    3.60273
5    3.83894
6    4.61029
7    4.12917
8    5.55808
9    4.22411
10    5.86818
11    5.23681
2 7.22999  4
12    4.22109
20    5.93602
35    6.08452
37    4.30871
3 12.2939  2
12    6.17507
33    4.05657
4 8.82977  1
20    4.62394
5 7.51778  10
13    5.20449
14    6.06951
15    5.89427
16    5.32196
17    6.45312
18    4.14684
19    5.61576
20    6.48315
21    3.68284
33    5.5838
6 13.2336  3
12    5.55716
33    5.32104
35    4.94099
7 11.8984  5
12    5.85829
20    5.45828
21    3.55493
32    4.39477
33    6.14257
8 7.53822  3
12    6.23898
20    4.41244
21    3.51575
9 13.3004  3
12    6.44763
20    4.76182
21    4.69865
10 12.1166  1
33    4.13704
11 8.25083  2
12    4.12889
20    3.89827
12 5.62716  1
21    4.41766
13 7.05969  3
20    4.80403
35    5.99736
37    6.13881
14 11.7379  1
21    5.70338
15 7.01422  10
22    4.10051
23    5.46451
24    3.91859
25    4.8704
26    4.97853
27    5.33166
28    6.4848
29    4.2503
30    5.95369
31    5.51605
16 11.5893  5
38    6.06108
39    5.86671
40    5.23196
41    6.15923
42    6.18725
17 6.52867  1
43    0
18 10.0035  2
20    4.17367
21    3.50375
19 11.3506  3
20    4.2449
33    4.30816
37    3.97536
20 5.74953  3
21    3.50009
35    5.6586
37    6.12059
21 7.45918  2
33    6.4501
35    5.20907
22 13.0422  1
43    0
23 11.2737  1
32    5.41992
24 5.49837  2
33    6.42547
37    5.58399
25 6.63915  1
43    0
26 10.3645  1
43    0
27 12.5295  2
32    3.77293
37    5.0558
28 9.59914  1
32    4.08687
29 10.0301  1
43    0
30 11.4373  1
36    5.94325
31 6.03244  1
35    3.9402
32 8.38328  1
35    4.55243
33 6.0596  1
34    6.10109
34 8.47179  1
43    0
35 6.34861  1
37    6.1444
36 9.41572  1
37    5.4819
37 9.43129  1
43    0
38 9.48195  1
43    0
39 9.64736  1
43    0
40 10.1875  1
43    0
41 11.9515  1
43    0
42 7.71157  1
43    0
43 0  0
