47
0 14.8437  4
1    11.3172
14    12.5574
24    8.52293
25    7.9172
1 7.15613  4
2    9.10486
3    7.8804
14    12.3185
25    8.23582
2 12.0525  9
4    9.88198
5    10.4181
6    12.169
7    11.8865
8    10.9638
9    7.95071
10    10.1116
14    7.51161
45    12.3793
3 8.04147  1
25    11.0427
4 14.9438  2
12    8.61742
45    12.3199
5 7.48299  1
12    12.2776
6 13.1201  2
13    11.7334
45    8.62694
7 11.5276  2
12    12.2412
25    8.20853
8 6.32756  3
11    11.168
14    7.15455
24    11.27
9 9.34675  2
12    12.1222
13    10.4639
10 9.20606  1
46    0
11 8.74645  2
12    12.2888
25    7.37629
12 7.24555  1
14    12.3745
13 12.3446  10
15    8.67766
16    12.4855
17    12.9198
18    8.33799
19    11.3764
20    9.29786
21    8.51067
22    11.9402
23    11.139
25    10.0021
14 8.99548  1
46    0
15 8.05887  1
46    0
16 5.00031  1
26    8.47551
17 5.01251  2
24    11.9803
25    10.8104
18 5.05249  1
25    8.9505
19 5.18311  1
46    0
20 5.60945  1
25    10.9536
21 7.00171  1
46    0
22 11.5484  2
25    7.44972
45    10.1125
23 6.39531  1
46    0
24 9.56801  1
46    0
25 9.92843  10
27    11.8253
28    10.7642
29    7.29902
30    7.98349
31    10.2187
32    11.5177
33    9.75948
34    10.018
35    10.8624
45    12.573
26 11.1055  1
46    0
27 14.9493  9
36    7.61946
37    9.02997
38    7.63576
39    9.08307
40    7.80917
41    9.64943
42    9.65877
43    9.68917
44    9.78841
28 7.50099  1
46    0
29 13.179  1
45    11.1709
30 11.7202  1
46    0
31 6.95624  1
46    0
32 11.3997  1
46    0
33 5.90976  1
46    0
34 7.98257  1
46    0
35 14.7516  1
46    0
36 6.85522  1
46    0
37 11.0701  1
46    0
38 14.8337  1
46    0
39 7.12348  1
46    0
40 11.946  1
46    0
41 7.69387  1
46    0
42 13.8086  1
46    0
43 13.7762  1
46    0
44 13.6703  1
46    0
45 13.3245  1
46    0
46 0  0
