55
0 6.63915  6
1    0.939729
2    0.883532
3    0.700018
28    0.988198
35    1.21222
43    1.09536
1 10.3645  1
3    0.700751
2 12.5295  1
3    0.703149
3 9.59914  9
4    0.710987
5    0.736567
6    0.820103
7    1.0929
8    0.783718
9    0.974081
10    0.995706
11    1.06633
12    1.29696
4 10.0301  3
28    1.22022
43    1.127
44    1.08104
5 11.4373  4
13    0.85006
14    1.19074
15    1.10321
35    1.22412
6 6.03244  6
29    1.09638
30    0.795071
31    1.01116
32    1.1168
33    0.861742
34    1.22888
7 8.38328  2
42    1.24855
43    0.823582
8 6.0596  1
35    1.17334
9 8.47179  5
16    0.817374
17    1.08398
18    0.754585
28    1.13172
44    1.18253
10 6.34861  1
28    0.910486
11 9.41572  1
42    0.851067
12 9.43129  6
23    1.29002
24    0.827409
25    1.11676
26    0.861632
27    1.22851
42    0.929786
13 9.48195  1
54    0
14 9.64736  1
28    0.78804
15 10.1875  6
19    0.878954
20    1.28509
21    0.811313
22    1.06421
28    1.18865
43    1.19803
16 11.9515  1
54    0
17 7.71157  1
45    0.798349
18 13.8665  1
35    1.04639
19 13.9654  1
28    1.2169
20 14.2883  1
43    0.89505
21 5.34242  2
28    1.22657
43    1.10427
22 6.1298  1
44    1.00021
23 8.70098  8
36    1.23185
37    1.23745
38    1.25574
39    0.715455
40    0.751161
41    0.867766
42    0.852293
45    0.729902
24 7.09723  1
43    0.79172
25 11.8603  3
28    1.19947
42    1.13764
45    1.02187
26 7.41371  1
54    0
27 12.8939  2
28    1.04181
43    0.737629
28 10.7894  2
35    1.22776
42    1.1139
29 13.9169  1
45    0.975948
30 14.1299  1
54    0
31 14.8254  8
46    1.0018
47    1.08624
48    0.761946
49    0.902997
50    0.763576
51    0.908307
52    0.780917
53    0.964943
32 7.09632  1
54    0
33 11.8572  1
54    0
34 7.40364  1
54    0
35 12.861  1
54    0
36 10.6816  1
42    1.19402
37 13.565  1
45    1.15177
38 12.9809  1
44    0.744972
39 11.0732  1
42    1.29198
40 14.8437  1
54    0
41 7.15613  3
42    0.833799
43    0.820853
44    0.847551
42 12.0525  1
44    1.07642
43 8.04147  1
54    0
44 14.9438  1
54    0
45 7.48299  1
54    0
46 13.1201  1
54    0
47 11.5276  1
54    0
48 6.32756  1
54    0
49 9.34675  1
54    0
50 9.20606  1
54    0
51 8.74645  1
54    0
52 7.24555  1
54    0
53 12.3446  1
54    0
54 0  0
