173
0 6.63915  10
1    6.06951
2    5.89427
3    5.32196
4    6.45312
5    4.14684
6    5.61576
14    4.41766
18    4.39477
21    5.20907
43    4.11791
1 10.3645  4
14    3.50009
16    4.8704
23    5.4819
84    6.48315
2 12.5295  6
14    3.51575
16    5.51605
17    3.77293
19    5.6586
31    3.57727
110    5.56952
3 9.59914  9
7    4.41244
8    6.48315
9    4.2449
10    5.93602
11    5.45828
12    3.89827
16    5.95369
18    4.05657
110    4.25533
4 10.0301  4
16    4.2503
19    6.14257
102    6.1444
127    5.55808
5 11.4373  4
14    3.55493
61    4.89421
102    5.4819
133    5.45828
6 6.03244  3
19    5.99736
102    5.58399
103    6.27871
7 8.38328  3
13    4.76182
14    5.70338
102    3.97536
8 6.0596  8
13    4.80403
14    3.68284
16    6.4848
17    5.41992
21    3.9402
22    5.94325
71    6.44763
84    5.45828
9 8.47179  8
14    4.69865
16    4.08687
19    6.4501
22    6.08452
23    5.0558
31    6.15923
60    3.90458
127    6.44763
10 6.34861  2
13    4.17367
16    4.97853
11 9.41572  7
13    4.62394
14    3.50375
16    5.33166
20    4.55243
84    4.76182
127    6.17507
139    6.4848
12 9.43129  3
16    5.46451
18    5.32104
19    4.13704
13 9.48195  5
15    4.10051
16    3.91859
18    6.42547
19    5.5838
134    3.51575
14 9.64736  3
23    3.97536
84    3.89827
134    4.76182
15 10.1875  3
19    4.30816
99    5.32104
103    6.18725
16 11.9515  4
19    6.13286
31    6.18725
86    3.68284
134    4.17367
17 7.71157  4
19    6.10109
31    6.27871
84    4.80403
100    6.13286
18 13.8665  1
172    0
19 13.9654  3
61    4.82939
85    4.62394
110    5.97008
20 14.2883  2
21    4.94099
126    3.83894
21 5.34242  9
32    6.24273
33    6.4599
34    4.169
35    5.68818
36    4.64893
37    4.25533
38    5.97008
39    5.56952
140    5.51605
22 6.1298  9
24    5.58399
25    4.30871
26    6.1444
27    6.13881
28    6.12059
29    6.06108
30    5.86671
43    4.47525
110    5.99013
23 8.70098  1
172    0
24 7.09723  5
31    3.75581
43    5.52136
99    6.42547
100    5.5838
127    5.86818
25 11.8603  1
31    4.33883
26 7.41371  6
50    3.64951
51    3.99174
52    5.10936
61    5.58545
87    5.46451
126    4.61029
27 12.8939  7
65    6.28649
66    3.60273
67    3.83894
68    4.61029
69    4.12917
70    5.55808
126    6.18963
28 10.7894  2
71    5.23681
84    5.93602
29 13.9169  1
31    5.23196
30 14.1299  8
40    4.26147
41    5.99013
42    5.63498
49    3.72486
60    4.54154
89    4.97853
126    4.31347
134    3.50375
31 14.8254  9
53    5.75886
54    4.87974
55    5.00902
56    5.43118
57    3.80973
58    4.51498
59    3.81788
124    3.80973
127    4.12889
32 7.09632  5
106    4.33883
107    6.24273
108    6.4599
109    4.169
110    4.26147
33 11.8572  3
71    4.22411
86    4.41766
88    4.8704
34 7.40364  3
43    3.68815
100    6.4501
126    6.15996
35 12.861  1
49    5.38211
36 10.6816  1
100    6.14257
37 13.565  3
49    4.23775
87    4.10051
124    3.90458
38 12.9809  1
84    4.2449
39 11.0732  7
44    4.10427
45    5.47678
46    3.9586
47    5.00105
48    5.40518
60    4.82472
102    6.12059
40 14.8437  1
102    4.30871
41 7.15613  2
102    5.0558
139    4.2503
42 12.0525  3
62    4.31347
63    6.15996
64    6.18963
43 8.04147  1
172    0
44 14.9438  2
71    6.23898
126    6.28649
45 7.48299  3
49    5.91267
61    4.84458
103    5.86671
46 13.1201  3
101    6.08452
103    5.23196
124    4.82939
47 11.5276  1
172    0
48 6.32756  1
133    6.45312
49 9.34675  3
61    5.05626
85    4.17367
134    5.70338
50 9.20606  1
139    3.91859
51 8.74645  3
71    6.17507
101    4.94099
162    5.4819
52 7.24555  3
103    6.06108
110    5.63498
126    3.60273
53 12.3446  2
104    3.57727
130    6.06951
54 8.99548  1
172    0
55 8.05887  4
71    5.86818
87    3.91859
105    3.75581
133    5.93602
56 5.00031  1
110    3.68815
57 5.01251  1
86    3.51575
58 5.05249  1
134    4.62394
59 5.18311  1
172    0
60 5.60945  1
99    4.05657
61 7.00171  1
101    3.9402
62 11.5484  1
100    4.13704
63 6.39531  1
172    0
64 9.56801  2
102    6.13881
130    5.85829
65 9.92843  1
172    0
66 11.1055  8
72    4.12889
73    5.55716
74    4.22109
75    5.85829
76    5.20449
77    6.06951
78    5.89427
120    5.38211
67 14.9493  8
90    5.33166
91    6.4848
92    4.2503
93    5.95369
94    5.51605
95    4.08687
96    5.41992
100    4.30816
68 7.50099  2
97    3.77293
98    4.39477
69 13.179  3
85    4.69865
133    4.2449
134    4.69865
70 11.7202  1
124    4.54154
71 6.95624  1
172    0
72 11.3997  5
79    5.32196
80    6.45312
81    4.14684
82    5.61576
83    4.41244
73 5.90976  1
172    0
74 7.98257  1
103    6.15923
75 14.7516  1
110    4.47525
76 6.85522  1
86    3.50375
77 11.0701  2
120    5.75886
124    4.89421
78 14.8337  1
85    5.70338
79 7.12348  1
86    3.55493
80 11.946  2
86    3.50009
126    5.58545
81 7.69387  1
172    0
82 13.8086  1
110    4.64893
83 13.7762  6
111    4.11791
112    5.52136
113    4.10427
114    5.47678
115    3.9586
124    3.81788
84 13.6703  1
172    0
85 13.3245  2
100    5.99736
124    4.82472
86 12.1953  1
100    5.6586
87 8.5081  1
172    0
88 6.46733  1
124    4.84458
89 9.80331  3
128    5.55716
129    4.22109
133    3.89827
90 10.6969  2
100    6.10109
124    4.51498
91 13.6151  3
121    4.87974
122    5.00902
123    5.43118
92 13.1442  1
172    0
93 11.6063  4
116    5.00105
117    5.40518
118    3.72486
120    3.99174
94 6.58452  1
172    0
95 10.186  1
101    5.94325
96 11.9466  1
172    0
97 7.6957  1
172    0
98 13.8147  1
120    5.91267
99 13.796  3
100    4.55243
101    5.20907
127    5.23681
100 13.7353  9
163    3.97536
164    5.0558
165    5.58399
166    4.30871
167    6.1444
168    6.13881
169    6.12059
170    6.06108
171    5.86671
101 13.5369  1
172    0
102 12.889  2
110    5.68818
162    5.94325
103 10.7732  1
139    4.8704
104 13.8641  1
172    0
105 13.9575  1
172    0
106 14.2624  1
172    0
107 5.25758  1
125    5.05626
108 5.85269  1
133    4.41244
109 7.79611  1
172    0
110 14.1424  4
120    5.10936
126    4.12917
127    6.23898
133    4.80403
111 14.8663  1
172    0
112 7.22999  1
134    4.41766
113 12.2939  1
172    0
114 8.82977  1
172    0
115 7.51778  2
133    5.61576
140    5.95369
116 13.2336  2
131    5.89427
132    5.32196
117 11.8984  1
120    3.64951
118 7.53822  1
119    4.23775
119 13.3004  4
135    3.55493
136    3.68284
137    4.10051
138    5.46451
120 12.1166  1
172    0
121 8.25083  1
172    0
122 5.62716  1
130    5.20449
123 7.05969  2
127    4.22411
134    3.50009
124 11.7379  1
172    0
125 7.01422  1
172    0
126 11.5893  2
133    4.14684
139    4.97853
127 6.52867  10
146    4.05657
147    5.32104
148    6.4501
149    4.13704
150    5.5838
151    4.30816
152    6.14257
153    6.13286
154    6.10109
155    5.99736
128 10.0035  1
172    0
129 11.3506  2
133    6.48315
139    5.33166
130 5.74953  1
172    0
131 7.45918  1
172    0
132 13.0422  1
172    0
133 11.2737  1
172    0
134 5.49837  1
172    0
135 6.63915  1
172    0
136 10.3645  1
172    0
137 12.5295  1
172    0
138 9.59914  5
141    4.08687
142    5.41992
143    3.77293
144    4.39477
145    6.42547
139 10.0301  1
172    0
140 11.4373  1
172    0
141 6.03244  1
172    0
142 8.38328  1
172    0
143 6.0596  1
172    0
144 8.47179  1
172    0
145 6.34861  1
172    0
146 9.41572  1
172    0
147 9.43129  1
172    0
148 9.48195  1
172    0
149 9.64736  1
172    0
150 10.1875  1
172    0
151 11.9515  1
172    0
152 7.71157  1
172    0
153 13.8665  6
156    5.6586
157    4.55243
158    3.9402
159    4.94099
160    5.20907
161    6.08452
154 13.9654  1
172    0
155 14.2883  1
172    0
156 5.34242  1
172    0
157 6.1298  1
172    0
158 8.70098  1
172    0
159 7.09723  1
172    0
160 11.8603  1
172    0
161 7.41371  1
172    0
162 12.8939  1
172    0
163 10.7894  1
172    0
164 13.9169  1
172    0
165 14.1299  1
172    0
166 14.8254  1
172    0
167 7.09632  1
172    0
168 11.8572  1
172    0
169 7.40364  1
172    0
170 12.861  1
172    0
171 10.6816  1
172    0
172 0  0
