68
0 6.52867  4
1    35.5493
2    36.8284
3    41.0051
4    49.7853
1 10.0035  3
4    48.704
15    59.9736
26    61.2059
2 11.3506  3
4    39.1859
15    53.2104
25    61.444
3 5.74953  2
4    54.6451
15    40.5657
4 7.45918  3
5    53.3166
15    41.3704
46    44.7525
5 13.0422  10
6    64.848
7    42.503
8    59.5369
9    55.1605
10    40.8687
11    54.1992
12    37.7293
13    43.9477
14    64.2547
15    61.4257
6 11.2737  1
26    61.3881
7 5.49837  2
15    43.0816
46    36.8815
8 6.63915  2
15    61.3286
25    55.8399
9 10.3645  1
15    64.501
10 12.5295  7
16    56.586
17    45.5243
18    39.402
19    49.4099
20    52.0907
21    60.8452
22    59.4325
11 9.59914  1
15    55.838
12 10.0301  1
67    0
13 11.4373  1
67    0
14 6.03244  2
15    61.0109
25    50.558
15 8.38328  2
23    54.819
24    39.7536
16 6.0596  3
27    60.6108
28    58.6671
29    52.3196
17 8.47179  1
67    0
18 6.34861  1
67    0
19 9.41572  1
67    0
20 9.43129  1
67    0
21 9.48195  1
25    43.0871
22 9.64736  1
67    0
23 10.1875  1
67    0
24 11.9515  1
67    0
25 7.71157  1
67    0
26 13.8665  1
67    0
27 13.9654  7
30    61.5923
31    61.8725
32    62.7871
33    35.7727
34    37.5581
35    43.3883
36    62.4273
28 14.2883  1
67    0
29 5.34242  1
67    0
30 6.1298  1
67    0
31 8.70098  1
67    0
32 7.09723  1
46    56.3498
33 11.8603  1
67    0
34 7.41371  1
67    0
35 12.8939  6
37    64.599
38    41.69
39    56.8818
40    46.4893
41    42.5533
42    59.7008
36 10.7894  1
67    0
37 13.9169  1
67    0
38 14.1299  1
67    0
39 14.8254  10
57    53.8211
58    36.4951
59    39.9174
60    51.0936
61    57.5886
62    48.7974
63    50.0902
64    54.3118
65    38.0973
66    45.1498
40 7.09632  10
47    41.1791
48    55.2136
49    41.0427
50    54.7678
51    39.586
52    50.0105
53    54.0518
54    37.2486
55    42.3775
56    59.1267
41 11.8572  1
67    0
42 7.40364  3
43    55.6952
44    42.6147
45    59.9013
43 12.861  1
67    0
44 10.6816  1
67    0
45 13.565  1
67    0
46 12.9809  1
67    0
47 11.0732  1
67    0
48 14.8437  1
67    0
49 7.15613  1
67    0
50 12.0525  1
67    0
51 8.04147  1
67    0
52 14.9438  1
67    0
53 7.48299  1
67    0
54 13.1201  1
67    0
55 11.5276  1
67    0
56 6.32756  1
67    0
57 9.34675  1
67    0
58 9.20606  1
67    0
59 8.74645  1
67    0
60 7.24555  1
67    0
61 12.3446  1
67    0
62 8.99548  1
67    0
63 8.05887  1
67    0
64 5.00031  1
67    0
65 5.01251  1
67    0
66 5.05249  1
67    0
67 0  0
