55
0 5.74953  10
1    4.80403
2    4.76182
3    4.62394
4    4.17367
5    5.70338
6    4.69865
7    4.41766
8    3.50009
9    3.50375
10    3.51575
1 7.45918  1
11    3.55493
2 13.0422  1
44    6.12059
3 11.2737  9
21    5.51605
22    4.08687
23    5.41992
24    3.77293
25    4.39477
26    6.42547
27    4.05657
28    5.32104
29    6.4501
4 5.49837  3
17    5.33166
18    6.4848
44    5.86671
5 6.63915  1
11    3.68284
6 10.3645  4
12    4.10051
13    5.46451
14    3.91859
15    4.8704
7 12.5295  1
54    0
8 9.59914  1
54    0
9 10.0301  1
54    0
10 11.4373  1
54    0
11 6.03244  1
44    4.30871
12 8.38328  1
16    4.97853
13 6.0596  1
54    0
14 8.47179  1
54    0
15 6.34861  1
54    0
16 9.41572  1
54    0
17 9.43129  2
19    4.2503
20    5.95369
18 9.48195  1
54    0
19 9.64736  1
54    0
20 10.1875  1
54    0
21 11.9515  1
54    0
22 7.71157  1
54    0
23 13.8665  1
37    5.6586
24 13.9654  1
54    0
25 14.2883  1
54    0
26 5.34242  1
44    5.0558
27 6.1298  1
44    6.1444
28 8.70098  1
44    3.97536
29 7.09723  8
30    4.13704
31    5.5838
32    4.30816
33    6.14257
34    6.13286
35    6.10109
36    5.99736
44    5.23196
30 11.8603  1
54    0
31 7.41371  9
45    6.15923
46    6.18725
47    6.27871
48    3.57727
49    3.75581
50    4.33883
51    6.24273
52    6.4599
53    4.169
32 12.8939  1
54    0
33 10.7894  1
37    4.55243
34 13.9169  1
54    0
35 14.1299  1
44    5.58399
36 14.8254  6
38    3.9402
39    4.94099
40    5.20907
41    6.08452
42    5.94325
43    5.4819
37 7.09632  1
44    6.13881
38 11.8572  1
54    0
39 7.40364  1
44    6.06108
40 12.861  1
54    0
41 10.6816  1
54    0
42 13.565  1
54    0
43 12.9809  1
54    0
44 11.0732  1
54    0
45 14.8437  1
54    0
46 7.15613  1
54    0
47 12.0525  1
54    0
48 8.04147  1
54    0
49 14.9438  1
54    0
50 7.48299  1
54    0
51 13.1201  1
54    0
52 11.5276  1
54    0
53 6.32756  1
54    0
54 0  0
