119
0 14.2883  3
1    0.975948
30    1.0409
68    1.22412
1 5.34242  6
2    1.0018
3    1.08624
4    0.761946
5    0.902997
6    0.763576
7    0.908307
2 6.1298  1
103    1.17166
3 8.70098  4
70    0.833799
71    1.13764
92    1.23199
104    1.29062
4 7.09723  3
30    1.2139
68    1.23745
84    0.798349
5 11.8603  10
13    1.01125
14    1.11709
15    0.862694
16    1.23199
17    1.23793
18    1.2573
19    0.720545
30    1.11143
62    0.988198
92    0.964943
6 7.41371  4
30    1.17166
31    1.06439
61    1.11676
91    0.908307
7 12.8939  7
8    0.780917
9    0.964943
10    0.965877
11    0.968917
12    0.978841
29    1.28953
68    1.21222
8 10.7894  2
52    1.10321
62    1.19947
9 13.9169  3
31    0.829368
103    1.11143
104    1.12315
10 14.1299  10
32    1.12315
33    0.882488
34    1.29663
35    0.848979
36    1.1872
37    1.09166
38    0.779653
39    0.960805
40    0.952364
41    0.924787
11 14.8254  2
82    1.00021
84    1.07642
12 7.09632  1
31    1.29062
13 11.8572  1
30    0.844218
14 7.40364  2
68    1.22776
105    1.29663
15 12.861  10
20    0.767788
21    0.922059
22    0.825834
23    1.11162
24    0.844823
25    1.17364
26    1.04736
27    1.23501
28    1.24779
103    1.23501
16 10.6816  1
69    0.751161
17 13.565  1
118    0
18 12.9809  1
52    1.29696
19 11.0732  1
118    0
20 14.8437  1
52    1.06633
21 7.15613  1
118    0
22 12.0525  2
52    1.0929
82    1.10427
23 8.04147  1
62    1.22022
24 14.9438  2
52    0.783718
62    1.18865
25 7.48299  2
62    1.2169
92    0.978841
26 13.1201  2
29    0.825779
30    1.17885
27 11.5276  1
52    1.19074
28 6.32756  4
42    0.834733
43    1.14068
44    0.939729
62    1.13172
29 9.34675  1
84    0.744972
30 9.20606  1
62    0.78804
31 8.74645  1
62    1.04181
32 7.24555  1
92    0.862694
33 12.3446  2
52    0.995706
61    0.827409
34 8.99548  1
118    0
35 8.05887  1
83    1.08104
36 5.00031  1
69    1.29198
37 5.01251  5
63    0.795071
64    1.01116
65    1.1168
66    0.861742
67    1.22888
38 5.05249  1
118    0
39 5.18311  10
53    0.817374
54    1.08398
55    0.754585
56    0.878954
57    1.28509
58    0.811313
59    1.06421
60    1.29002
61    1.22851
84    0.729902
40 5.60945  2
52    0.974081
62    0.910486
41 7.00171  1
118    0
42 11.5484  2
68    1.25574
92    1.01125
43 6.39531  2
82    1.09536
103    0.825779
44 9.56801  7
45    0.883532
46    0.700018
47    0.700751
48    0.703149
49    0.710987
50    0.736567
51    0.820103
45 9.92843  1
118    0
46 11.1055  1
84    0.847551
47 14.9493  2
69    0.867766
103    1.28953
48 7.50099  1
103    0.844218
49 13.179  2
52    0.85006
61    0.861632
50 11.7202  1
61    1.22657
51 6.95624  1
68    1.04639
52 11.3997  1
69    0.715455
53 5.90976  1
92    0.968917
54 7.98257  2
62    1.09638
82    0.820853
55 14.7516  1
69    1.24855
56 6.85522  1
84    1.18253
57 11.0701  3
68    1.23185
103    1.0409
104    1.06439
58 14.8337  1
84    1.02187
59 7.12348  1
68    1.17334
60 11.946  10
72    0.929786
73    0.851067
74    1.19402
75    1.1139
76    0.852293
77    1.19803
78    1.127
79    0.89505
80    0.737629
81    0.823582
61 7.69387  1
84    1.15177
62 13.8086  1
92    1.11709
63 13.7762  1
118    0
64 13.6703  1
103    1.24779
65 13.3245  1
118    0
66 12.1953  1
118    0
67 8.5081  1
103    1.2139
68 6.46733  1
85    0.975948
69 9.80331  8
110    0.960805
111    0.952364
112    0.924787
113    0.834733
114    1.14068
115    0.939729
116    0.883532
117    0.700018
70 10.6969  1
118    0
71 13.6151  1
118    0
72 13.1442  1
118    0
73 11.6063  1
118    0
74 6.58452  1
118    0
75 10.186  10
93    1.23793
94    1.2573
95    0.720545
96    0.767788
97    0.922059
98    0.825834
99    1.11162
100    0.844823
101    1.17364
102    1.04736
76 11.9466  1
92    0.780917
77 7.6957  5
86    1.0018
87    1.08624
88    0.761946
89    0.902997
90    0.763576
78 13.8147  1
118    0
79 13.796  1
118    0
80 13.7353  2
82    0.79172
104    0.829368
81 13.5369  1
118    0
82 12.889  1
92    0.965877
83 10.7732  1
118    0
84 13.8641  1
103    1.17885
85 13.9575  1
118    0
86 14.2624  1
118    0
87 5.25758  1
118    0
88 5.85269  1
118    0
89 7.79611  1
118    0
90 14.1424  1
118    0
91 14.8663  1
118    0
92 7.22999  1
118    0
93 12.2939  4
106    0.848979
107    1.1872
108    1.09166
109    0.779653
94 8.82977  1
118    0
95 7.51778  1
118    0
96 13.2336  1
104    0.882488
97 11.8984  1
118    0
98 7.53822  1
118    0
99 13.3004  1
118    0
100 12.1166  1
118    0
101 8.25083  1
118    0
102 5.62716  1
118    0
103 7.05969  1
118    0
104 11.7379  1
118    0
105 7.01422  1
118    0
106 11.5893  1
118    0
107 6.52867  1
118    0
108 10.0035  1
118    0
109 11.3506  1
118    0
110 5.74953  1
118    0
111 7.45918  1
118    0
112 13.0422  1
118    0
113 11.2737  1
118    0
114 5.49837  1
118    0
115 6.63915  1
118    0
116 10.3645  1
118    0
117 12.5295  1
118    0
118 0  0
