163
0 11.9466  3
1    41.1791
5    50.0105
160    53.3166
1 7.6957  4
2    55.2136
3    41.0427
4    54.7678
93    60.6108
2 13.8147  2
17    48.9421
115    39.9174
3 13.796  9
6    54.0518
7    37.2486
8    42.3775
9    59.1267
10    53.8211
11    36.4951
12    39.9174
13    51.0936
14    57.5886
4 13.7353  3
5    39.586
17    45.1498
49    57.0338
5 13.5369  3
17    48.4458
115    59.1267
144    52.0449
6 12.889  2
17    48.2472
48    46.2394
7 10.7732  5
15    48.7974
16    50.0902
17    39.0458
25    46.1029
48    54.5828
8 13.8641  2
17    45.4154
25    38.3894
9 13.9575  2
17    38.1788
48    47.6182
10 14.2624  1
162    0
11 5.25758  9
36    58.5829
37    52.0449
38    60.6951
39    58.9427
40    53.2196
41    64.5312
42    41.4684
43    56.1576
80    59.9736
12 5.85269  1
162    0
13 7.79611  2
17    54.3118
48    41.7367
14 14.1424  2
17    38.0973
115    57.5886
15 14.8663  2
17    48.2939
93    52.3196
16 7.22999  7
18    50.5626
19    55.8545
20    43.1347
21    61.5996
22    61.8963
23    62.8649
24    36.0273
17 12.2939  1
25    41.2917
18 8.82977  1
162    0
19 7.51778  4
76    55.838
77    43.0816
78    61.4257
79    61.3286
20 13.2336  1
162    0
21 11.8984  10
26    55.5808
27    42.2411
28    58.6818
29    52.3681
30    61.7507
31    62.3898
32    64.4763
33    41.2889
34    55.5716
35    42.2109
22 7.53822  1
162    0
23 13.3004  1
93    62.7871
24 12.1166  1
162    0
25 8.25083  1
48    38.9827
26 5.62716  1
116    50.0902
27 7.05969  1
162    0
28 11.7379  1
93    61.8725
29 7.01422  9
62    53.3166
63    64.848
64    42.503
65    59.5369
66    55.1605
67    40.8687
68    54.1992
69    37.7293
70    43.9477
30 11.5893  10
50    46.9865
51    44.1766
52    35.0009
53    35.0375
54    35.1575
55    35.5493
56    36.8284
57    41.0051
58    54.6451
59    39.1859
31 6.52867  2
127    55.8545
159    48.704
32 10.0035  2
60    48.704
61    49.7853
33 11.3506  1
154    47.6182
34 5.74953  1
93    61.3881
35 7.45918  1
80    56.586
36 13.0422  1
162    0
37 11.2737  1
116    48.7974
38 5.49837  3
93    61.2059
115    51.0936
159    35.5493
39 6.63915  1
162    0
40 10.3645  1
162    0
41 12.5295  1
160    42.503
42 9.59914  2
89    50.558
90    55.8399
43 10.0301  4
44    44.1244
45    64.8315
46    42.449
47    59.3602
44 11.4373  1
162    0
45 6.03244  1
156    46.9865
46 8.38328  1
93    58.6671
47 6.0596  2
48    48.0403
159    41.0051
48 8.47179  1
162    0
49 6.34861  1
162    0
50 9.41572  1
162    0
51 9.43129  2
93    35.7727
144    55.5716
52 9.48195  1
162    0
53 9.64736  6
71    64.2547
72    40.5657
73    53.2104
74    64.501
75    41.3704
144    42.2109
54 10.1875  1
162    0
55 11.9515  1
154    46.2394
56 7.71157  1
162    0
57 13.8665  1
162    0
58 13.9654  1
162    0
59 14.2883  1
127    50.5626
60 5.34242  8
81    45.5243
82    39.402
83    49.4099
84    52.0907
85    60.8452
86    59.4325
87    54.819
88    39.7536
61 6.1298  2
93    61.5923
115    37.2486
62 8.70098  1
162    0
63 7.09723  1
115    42.3775
64 11.8603  1
162    0
65 7.41371  1
159    39.1859
66 12.8939  7
128    43.1347
129    61.5996
130    61.8963
131    62.8649
132    36.0273
133    38.3894
160    64.848
67 10.7894  1
162    0
68 13.9169  9
145    64.5312
146    41.4684
147    56.1576
148    44.1244
149    64.8315
150    42.449
151    59.3602
152    54.5828
153    38.9827
69 14.1299  1
162    0
70 14.8254  1
162    0
71 7.09632  1
144    53.2196
72 11.8572  1
80    61.0109
73 7.40364  1
159    49.7853
74 12.861  1
162    0
75 10.6816  1
162    0
76 13.565  1
93    37.5581
77 12.9809  8
107    36.8815
108    41.1791
109    55.2136
110    41.0427
111    54.7678
112    39.586
113    50.0105
114    54.0518
78 11.0732  1
162    0
79 14.8437  2
91    43.0871
92    61.444
80 7.15613  1
162    0
81 12.0525  1
159    36.8284
82 8.04147  1
162    0
83 14.9438  7
94    43.3883
95    62.4273
96    64.599
97    41.69
98    56.8818
99    46.4893
100    42.5533
84 7.48299  1
162    0
85 13.1201  1
162    0
86 11.5276  1
162    0
87 6.32756  1
162    0
88 9.34675  1
162    0
89 9.20606  1
162    0
90 8.74645  1
154    48.0403
91 7.24555  1
162    0
92 12.3446  6
101    59.7008
102    55.6952
103    42.6147
104    59.9013
105    56.3498
106    44.7525
93 8.99548  1
162    0
94 8.05887  1
162    0
95 5.00031  1
162    0
96 5.01251  7
120    38.1788
121    45.4154
122    39.0458
123    48.2472
124    48.2939
125    48.4458
126    48.9421
97 5.05249  1
162    0
98 5.18311  1
115    36.4951
99 5.60945  1
162    0
100 7.00171  1
162    0
101 11.5484  1
162    0
102 6.39531  1
162    0
103 9.56801  1
162    0
104 9.92843  1
162    0
105 11.1055  1
162    0
106 14.9493  1
162    0
107 7.50099  1
115    53.8211
108 13.179  3
117    54.3118
118    38.0973
119    45.1498
109 11.7202  1
162    0
110 6.95624  1
155    57.0338
111 11.3997  1
162    0
112 5.90976  1
162    0
113 7.98257  1
162    0
114 14.7516  1
162    0
115 6.85522  1
162    0
116 11.0701  1
162    0
117 14.8337  1
162    0
118 7.12348  1
159    54.6451
119 11.946  1
162    0
120 7.69387  1
162    0
121 13.8086  10
134    46.1029
135    41.2917
136    55.5808
137    42.2411
138    58.6818
139    52.3681
140    61.7507
141    62.3898
142    64.4763
143    41.2889
122 13.7762  2
157    44.1766
158    35.0009
123 13.6703  1
162    0
124 13.3245  1
162    0
125 12.1953  1
162    0
126 8.5081  1
162    0
127 6.46733  1
162    0
128 9.80331  1
162    0
129 10.6969  1
159    35.0375
130 13.6151  1
144    58.5829
131 13.1442  1
144    60.6951
132 11.6063  1
162    0
133 6.58452  1
162    0
134 10.186  1
155    41.7367
135 11.9466  1
162    0
136 7.6957  1
162    0
137 13.8147  1
162    0
138 13.796  1
162    0
139 13.7353  1
162    0
140 13.5369  1
162    0
141 12.889  1
161    59.5369
142 10.7732  1
162    0
143 13.8641  1
144    58.9427
144 13.9575  1
159    35.1575
145 14.2624  1
162    0
146 5.25758  1
162    0
147 5.85269  1
162    0
148 7.79611  1
162    0
149 14.1424  1
162    0
150 14.8663  1
162    0
151 7.22999  1
162    0
152 12.2939  1
162    0
153 8.82977  1
162    0
154 7.51778  1
162    0
155 13.2336  1
162    0
156 11.8984  1
161    55.1605
157 7.53822  1
162    0
158 13.3004  1
162    0
159 12.1166  1
162    0
160 8.25083  1
162    0
161 5.62716  1
162    0
162 0  0
