91
0 11.3997  9
1    1.17364
2    1.04736
3    1.23501
4    1.24779
5    1.17166
7    0.829368
9    1.09166
20    1.08398
80    1.01125
1 5.90976  7
5    1.2139
6    1.17885
8    1.29663
9    0.960805
10    0.736567
20    0.878954
21    1.22657
2 7.98257  4
4    1.28953
5    1.0409
9    0.952364
10    0.939729
3 14.7516  6
4    0.825779
5    0.844218
6    1.06439
9    0.848979
10    0.700751
21    0.827409
4 6.85522  5
5    1.11143
8    1.12315
9    0.779653
10    0.883532
21    1.22851
5 11.0701  3
9    0.924787
10    0.700018
20    0.754585
6 14.8337  6
7    1.29062
8    0.882488
9    0.834733
10    0.710987
20    1.28509
21    1.22022
7 7.12348  1
9    1.1872
8 11.946  3
9    1.14068
20    0.817374
21    1.06421
9 7.69387  2
10    0.703149
21    1.29002
10 13.8086  2
11    0.820103
21    0.811313
11 13.7762  6
12    1.0929
13    0.783718
14    0.974081
15    0.995706
16    1.06633
17    1.29696
12 13.6703  1
90    0
13 13.3245  1
20    1.10321
14 12.1953  1
21    0.861632
15 8.5081  1
21    1.19947
16 6.46733  2
18    0.85006
19    1.19074
17 9.80331  5
22    1.13172
23    0.910486
24    0.78804
25    0.988198
80    0.964943
18 10.6969  3
26    1.04181
27    1.2169
28    1.18865
19 13.6151  6
47    1.29198
48    0.833799
49    1.13764
50    0.929786
51    0.851067
52    1.19402
20 13.1442  1
21    1.11676
21 11.6063  1
90    0
22 6.58452  1
90    0
23 10.186  1
90    0
24 11.9466  5
53    1.1139
54    0.852293
55    1.19803
56    1.127
57    0.89505
25 7.6957  1
90    0
26 13.8147  1
80    0.968917
27 13.796  5
33    0.861742
34    1.22888
35    1.22776
36    1.22412
37    1.21222
28 13.7353  4
29    1.09638
30    0.795071
31    1.01116
32    1.1168
29 13.5369  1
90    0
30 12.889  6
74    0.975948
75    1.0018
76    1.08624
77    0.761946
78    0.902997
79    0.763576
31 10.7732  1
90    0
32 13.8641  8
58    0.737629
59    0.823582
60    1.10427
61    0.820853
62    1.09536
63    0.79172
64    1.00021
65    1.08104
33 13.9575  1
80    0.908307
34 14.2624  1
90    0
35 5.25758  9
38    1.17334
39    1.04639
40    1.23185
41    1.23745
42    1.25574
43    0.715455
44    0.751161
45    0.867766
46    1.24855
36 5.85269  1
80    0.978841
37 7.79611  1
90    0
38 14.1424  1
90    0
39 14.8663  1
90    0
40 7.22999  1
90    0
41 12.2939  1
90    0
42 8.82977  1
90    0
43 7.51778  1
90    0
44 13.2336  1
90    0
45 11.8984  1
90    0
46 7.53822  1
90    0
47 13.3004  1
90    0
48 12.1166  1
90    0
49 8.25083  1
90    0
50 5.62716  1
90    0
51 7.05969  1
90    0
52 11.7379  1
90    0
53 7.01422  1
90    0
54 11.5893  1
90    0
55 6.52867  8
66    0.744972
67    0.847551
68    1.18253
69    1.07642
70    0.729902
71    0.798349
72    1.02187
73    1.15177
56 10.0035  1
90    0
57 11.3506  1
90    0
58 5.74953  1
90    0
59 7.45918  1
90    0
60 13.0422  1
90    0
61 11.2737  1
90    0
62 5.49837  1
90    0
63 6.63915  1
90    0
64 10.3645  1
90    0
65 12.5295  1
90    0
66 9.59914  1
90    0
67 10.0301  1
90    0
68 11.4373  1
90    0
69 6.03244  1
90    0
70 8.38328  1
90    0
71 6.0596  1
90    0
72 8.47179  1
90    0
73 6.34861  1
90    0
74 9.41572  1
90    0
75 9.43129  1
80    0.780917
76 9.48195  1
90    0
77 9.64736  9
81    1.11709
82    0.862694
83    1.23199
84    1.23793
85    1.2573
86    0.720545
87    0.767788
88    0.922059
89    0.825834
78 10.1875  1
90    0
79 11.9515  1
80    0.965877
80 7.71157  1
90    0
81 13.8665  1
90    0
82 13.9654  1
90    0
83 14.2883  1
90    0
84 5.34242  1
90    0
85 6.1298  1
90    0
86 8.70098  1
90    0
87 7.09723  1
90    0
88 11.8603  1
90    0
89 7.41371  1
90    0
90 0  0
