186
0 5.60945  9
1    12.4855
2    12.9198
3    8.33799
4    11.3764
5    9.29786
6    8.51067
7    11.9402
8    11.139
113    12.139
1 7.00171  2
17    11.8253
112    11.7364
2 11.5484  3
18    7.29902
29    8.44823
166    12.3793
3 6.39531  3
17    10.8104
29    11.7364
40    11.2315
4 9.56801  3
9    8.52293
10    11.9803
112    8.25834
5 9.92843  3
19    7.63576
75    10.4639
146    11.9402
6 11.1055  5
17    10.0021
19    11.5177
52    7.83718
146    11.139
156    10.7642
7 14.9493  7
19    7.61946
35    11.7166
73    10.4181
74    10.9638
111    12.573
123    8.83532
167    7.20545
8 7.50099  7
12    8.9505
19    10.2187
28    12.3793
113    11.1143
123    9.52364
145    12.5574
146    8.51067
9 13.179  3
11    11.27
19    9.75948
74    11.8865
10 11.7202  5
17    8.47551
28    12.3199
40    8.29368
52    10.929
168    8.25834
11 6.95624  8
13    7.37629
14    8.23582
15    11.0427
16    8.20853
17    10.7642
19    10.8624
29    9.22059
89    11.0427
12 11.3997  1
52    9.95706
13 5.90976  4
17    10.9536
19    10.018
160    9.02997
168    9.22059
14 7.98257  4
28    7.20545
29    7.67788
40    12.9062
125    9.74081
15 14.7516  2
17    7.44972
19    9.02997
16 6.85522  5
17    7.9172
19    9.08307
29    12.3501
75    11.168
113    12.8953
17 11.0701  10
20    7.80917
21    9.64943
22    9.65877
23    9.68917
24    9.78841
25    10.1125
26    11.1709
27    8.62694
29    10.4736
51    7.10987
18 14.8337  4
19    7.98349
52    8.5006
111    12.3793
112    10.4736
19 7.12348  2
143    10.1116
144    8.61742
20 11.946  2
144    11.7334
160    9.65877
21 7.69387  2
41    7.79653
136    11.3172
22 13.8086  1
29    8.25834
23 13.7762  2
40    8.82488
52    8.20103
24 13.6703  3
83    8.51067
113    8.44218
125    8.20103
25 13.3245  1
111    7.20545
26 12.1953  2
75    12.2412
146    8.52293
27 8.5081  3
28    12.573
145    12.4855
160    7.63576
28 6.46733  4
29    11.1162
40    12.9663
75    12.2776
145    12.9198
29 9.80331  6
30    12.478
31    12.8953
32    8.25779
33    11.1143
34    8.44218
51    7.36567
30 10.6969  1
52    10.6633
31 13.6151  6
36    10.409
37    12.139
38    11.7885
39    10.6439
89    10.9536
136    12.2657
32 13.1442  1
185    0
33 11.6063  3
51    7.0315
136    11.1676
168    8.44823
34 6.58452  10
53    11.9074
54    11.0321
55    8.17374
56    10.8398
57    7.54585
58    8.78954
59    12.8509
60    8.11313
61    10.6421
62    12.9002
35 10.186  5
41    10.9166
52    9.74081
75    12.3745
112    9.22059
168    11.7364
36 11.9466  2
40    11.872
156    7.29902
37 7.6957  9
42    9.60805
43    9.52364
44    9.24787
45    8.34733
46    11.4068
47    9.39729
48    8.83532
49    7.00018
50    7.00751
38 13.8147  1
40    8.48979
39 13.796  2
74    7.95071
159    10.8624
40 13.7353  1
156    10.0021
41 13.5369  1
136    8.27409
42 12.889  1
185    0
43 10.7732  1
185    0
44 13.8641  1
185    0
45 13.9575  1
156    7.44972
46 14.2624  2
75    12.2888
123    9.60805
47 5.25758  1
185    0
48 5.85269  1
106    9.65877
49 7.79611  1
52    12.9696
50 14.1424  10
63    8.27409
64    11.1676
65    8.61632
66    12.2851
67    12.2657
68    12.2022
69    11.9947
70    11.3172
71    9.10486
72    7.8804
51 14.8663  1
185    0
52 7.22999  1
83    11.9402
53 12.2939  1
75    12.3185
54 8.82977  3
74    10.1116
83    9.29786
144    12.2412
55 7.51778  1
125    10.929
56 13.2336  1
123    7.79653
57 11.8984  2
73    9.88198
111    12.3199
58 7.53822  2
144    12.1222
160    9.64943
59 13.3004  9
76    12.5574
77    7.15455
78    7.51161
79    8.67766
80    12.4855
81    12.9198
82    8.33799
113    10.409
145    8.33799
60 12.1166  2
75    11.7334
84    11.9803
61 8.25083  1
74    12.169
62 5.62716  3
75    12.1222
84    8.52293
123    11.4068
63 7.05969  4
112    12.3501
125    7.36567
136    11.9947
143    7.95071
64 11.7379  1
185    0
65 7.01422  2
89    8.20853
176    12.9663
66 11.5893  1
106    9.64943
67 6.52867  1
125    10.6633
68 10.0035  1
143    11.168
69 11.3506  1
185    0
70 5.74953  10
90    7.9172
91    10.0021
92    10.8104
93    7.44972
94    8.47551
95    11.8253
96    10.7642
97    7.29902
98    7.98349
99    10.2187
71 7.45918  1
143    10.9638
72 13.0422  2
106    9.08307
174    11.7166
73 11.2737  4
75    8.61742
113    11.7166
123    7.00018
136    12.2851
74 5.49837  2
83    11.139
123    7.00751
75 6.63915  1
112    7.67788
76 10.3645  3
83    11.3764
111    8.62694
112    8.44823
77 12.5295  10
114    10.6439
115    12.9062
116    8.29368
117    11.2315
118    8.82488
119    12.9663
120    8.48979
121    11.872
122    10.9166
123    8.34733
78 9.59914  1
145    8.67766
79 10.0301  2
145    12.3745
160    7.80917
80 11.4373  1
156    11.5177
81 6.03244  1
185    0
82 8.38328  5
85    11.27
86    8.9505
87    7.37629
88    8.23582
106    7.63576
83 6.0596  2
112    11.1162
176    8.48979
84 8.47179  7
100    11.5177
101    9.75948
102    10.018
103    10.8624
104    7.61946
105    9.02997
123    9.39729
85 6.34861  1
185    0
86 9.41572  1
185    0
87 9.43129  7
137    9.10486
138    7.8804
139    9.88198
140    10.4181
141    12.169
142    11.8865
160    9.08307
88 9.48195  1
106    7.80917
89 9.64736  1
185    0
90 10.1875  1
185    0
91 11.9515  6
169    12.3501
170    12.478
171    12.8953
172    8.25779
173    11.1143
175    8.29368
92 7.71157  3
157    9.75948
158    10.018
175    12.139
93 13.8665  1
125    7.83718
94 13.9654  1
113    8.25779
95 14.2883  5
107    9.68917
108    9.78841
109    10.1125
110    11.1709
136    8.61632
96 5.34242  1
185    0
97 6.1298  1
167    12.573
98 8.70098  1
185    0
99 7.09723  1
175    8.82488
100 11.8603  2
136    12.2022
175    10.409
101 7.41371  1
112    12.478
102 12.8939  1
185    0
103 10.7894  1
156    10.8104
104 13.9169  4
125    8.5006
145    7.15455
156    10.2187
175    12.9062
105 14.1299  1
185    0
106 14.8254  2
113    11.7885
144    12.2776
107 7.09632  1
156    8.47551
108 11.8572  1
185    0
109 7.40364  1
185    0
110 12.861  1
185    0
111 10.6816  1
156    7.98349
112 13.565  1
185    0
113 12.9809  1
175    11.2315
114 11.0732  1
185    0
115 14.8437  2
123    9.24787
146    9.29786
116 7.15613  5
131    8.78954
132    12.8509
133    8.11313
134    10.6421
135    12.9002
117 12.0525  1
144    10.4639
118 8.04147  1
125    7.10987
119 14.9438  1
125    9.95706
120 7.48299  1
185    0
121 13.1201  1
185    0
122 11.5276  2
125    12.9696
145    11.3764
123 6.32756  1
124    7.0315
124 9.34675  2
144    12.3185
156    11.8253
125 9.20606  6
126    11.9074
127    11.0321
128    8.17374
129    10.8398
130    7.54585
166    12.3199
126 8.74645  1
185    0
127 7.24555  1
185    0
128 12.3446  1
185    0
129 8.99548  1
185    0
130 8.05887  1
185    0
131 5.00031  1
145    7.51161
132 5.01251  1
185    0
133 5.05249  1
168    7.67788
134 5.18311  1
185    0
135 5.60945  1
185    0
136 7.00171  1
175    10.6439
137 11.5484  1
185    0
138 6.39531  1
185    0
139 9.56801  3
144    12.2888
160    7.61946
175    11.7885
140 9.92843  1
168    11.1162
141 11.1055  8
177    11.872
178    10.9166
179    7.79653
180    9.60805
181    9.52364
182    9.24787
183    8.34733
184    11.4068
142 14.9493  1
185    0
143 7.50099  1
185    0
144 13.179  1
185    0
145 11.7202  1
185    0
146 6.95624  9
147    11.9803
148    11.27
149    8.9505
150    7.37629
151    8.23582
152    11.0427
153    8.20853
154    10.9536
155    7.9172
147 11.3997  5
161    9.68917
162    9.78841
163    10.1125
164    11.1709
165    8.62694
148 5.90976  1
185    0
149 7.98257  1
185    0
150 14.7516  1
185    0
151 6.85522  1
185    0
152 11.0701  1
185    0
153 14.8337  1
185    0
154 7.12348  1
168    10.4736
155 11.946  1
185    0
156 7.69387  1
185    0
157 13.8086  1
185    0
158 13.7762  1
185    0
159 13.6703  1
185    0
160 13.3245  1
185    0
161 12.1953  1
185    0
162 8.5081  1
185    0
163 6.46733  1
185    0
164 9.80331  1
185    0
165 10.6969  1
185    0
166 13.6151  1
185    0
167 13.1442  1
185    0
168 11.6063  1
185    0
169 6.58452  1
185    0
170 10.186  1
185    0
171 11.9466  1
185    0
172 7.6957  1
174    8.44218
173 13.8147  1
185    0
174 13.796  1
185    0
175 13.7353  1
185    0
176 13.5369  1
185    0
177 12.889  1
185    0
178 10.7732  1
185    0
179 13.8641  1
185    0
180 13.9575  1
185    0
181 14.2624  1
185    0
182 5.25758  1
185    0
183 5.85269  1
185    0
184 7.79611  1
185    0
185 0  0
