93
0 14.9493  4
1    0.825834
2    1.11162
44    0.827409
46    0.988198
1 7.50099  1
33    1.0929
2 13.179  10
3    0.844823
4    1.17364
5    1.04736
6    1.23501
7    1.24779
8    1.28953
9    0.825779
10    1.11143
31    0.939729
46    0.910486
3 11.7202  1
31    0.700751
4 6.95624  3
33    0.736567
34    0.85006
44    1.22851
5 11.3997  5
11    0.844218
12    1.17166
13    1.0409
14    1.2139
15    1.17885
6 5.90976  1
92    0
7 7.98257  4
23    1.1872
24    1.09166
25    0.779653
46    1.2169
8 14.7516  1
92    0
9 6.85522  1
46    1.09638
10 11.0701  9
64    1.29198
65    0.833799
66    1.13764
67    0.929786
68    0.851067
69    1.19402
70    1.1139
71    0.852293
82    1.07642
11 14.8337  2
45    1.22657
82    0.847551
12 7.12348  2
32    0.710987
34    1.29696
13 11.946  2
33    0.995706
46    1.22022
14 7.69387  7
16    1.06439
17    1.29062
18    0.829368
19    1.12315
20    0.882488
21    1.29663
22    0.848979
15 13.8086  7
26    0.960805
27    0.952364
28    0.924787
29    0.834733
30    1.14068
44    0.861632
46    1.19947
16 13.7762  1
33    0.820103
17 13.6703  1
92    0
18 13.3245  1
31    0.883532
19 12.1953  1
31    0.700018
20 8.5081  1
46    1.18865
21 6.46733  2
34    1.19074
46    1.04181
22 9.80331  1
92    0
23 10.6969  1
92    0
24 13.6151  1
92    0
25 13.1442  1
46    1.13172
26 11.6063  1
33    0.783718
27 6.58452  9
35    1.10321
36    0.817374
37    1.08398
38    0.754585
39    0.878954
40    1.28509
41    0.811313
42    1.06421
43    1.29002
28 10.186  1
31    0.703149
29 11.9466  1
33    0.974081
30 7.6957  2
34    1.06633
46    0.78804
31 13.8147  1
92    0
32 13.796  1
92    0
33 13.7353  10
47    0.795071
48    1.01116
49    1.1168
50    0.861742
51    1.22888
52    1.22776
53    1.22412
54    1.21222
55    1.17334
56    1.04639
34 13.5369  1
92    0
35 12.889  1
92    0
36 10.7732  1
44    1.11676
37 13.8641  1
92    0
38 13.9575  1
92    0
39 14.2624  1
82    0.744972
40 5.25758  1
92    0
41 5.85269  1
92    0
42 7.79611  1
92    0
43 14.1424  1
92    0
44 14.8663  1
92    0
45 7.22999  1
92    0
46 12.2939  1
92    0
47 8.82977  1
92    0
48 7.51778  7
57    1.23185
58    1.23745
59    1.25574
60    0.715455
61    0.751161
62    0.867766
63    1.24855
49 13.2336  1
92    0
50 11.8984  1
92    0
51 7.53822  1
92    0
52 13.3004  1
92    0
53 12.1166  1
92    0
54 8.25083  1
92    0
55 5.62716  1
92    0
56 7.05969  1
92    0
57 11.7379  1
92    0
58 7.01422  1
92    0
59 11.5893  1
92    0
60 6.52867  1
92    0
61 10.0035  1
92    0
62 11.3506  1
82    1.18253
63 5.74953  9
83    0.729902
84    0.798349
85    1.02187
86    1.15177
87    0.975948
88    1.0018
89    1.08624
90    0.761946
91    0.902997
64 7.45918  1
92    0
65 13.0422  1
92    0
66 11.2737  1
92    0
67 5.49837  1
92    0
68 6.63915  1
92    0
69 10.3645  10
72    1.19803
73    1.127
74    0.89505
75    0.737629
76    0.823582
77    1.10427
78    0.820853
79    1.09536
80    0.79172
81    1.00021
70 12.5295  1
92    0
71 9.59914  1
92    0
72 10.0301  1
92    0
73 11.4373  1
92    0
74 6.03244  1
92    0
75 8.38328  1
92    0
76 6.0596  1
82    1.08104
77 8.47179  1
92    0
78 6.34861  1
92    0
79 9.41572  1
92    0
80 9.43129  1
92    0
81 9.48195  1
92    0
82 9.64736  1
92    0
83 10.1875  1
92    0
84 11.9515  1
92    0
85 7.71157  1
92    0
86 13.8665  1
92    0
87 13.9654  1
92    0
88 14.2883  1
92    0
89 5.34242  1
92    0
90 6.1298  1
92    0
91 8.70098  1
92    0
92 0  0
