48
0 14.7516  4
1    3.68815
2    4.11791
3    5.52136
29    5.23681
1 6.85522  1
35    5.89427
2 11.0701  5
4    4.10427
5    5.47678
6    3.9586
7    5.00105
8    5.40518
3 14.8337  1
28    4.31347
4 7.12348  4
9    3.72486
10    4.23775
11    5.91267
12    5.38211
5 11.946  1
47    0
6 7.69387  8
13    3.64951
14    3.99174
15    5.10936
16    5.75886
17    4.87974
18    5.00902
19    5.43118
20    3.80973
7 13.8086  1
35    5.85829
8 13.7762  1
35    4.22109
9 13.6703  1
28    5.58545
10 13.3245  1
29    5.55808
11 12.1953  1
47    0
12 8.5081  1
29    3.83894
13 6.46733  2
28    5.05626
29    3.60273
14 9.80331  1
47    0
15 10.6969  1
36    4.41244
16 13.6151  9
21    4.51498
22    3.81788
23    4.54154
24    3.90458
25    4.82472
26    4.82939
27    4.84458
28    4.89421
29    6.28649
17 13.1442  1
35    4.14684
18 11.6063  3
29    5.86818
35    5.32196
36    5.61576
19 6.58452  2
29    4.12917
35    6.06951
20 10.186  1
29    4.61029
21 11.9466  1
47    0
22 7.6957  1
47    0
23 13.8147  1
28    6.15996
24 13.796  1
29    4.22411
25 13.7353  1
35    6.45312
26 13.5369  1
47    0
27 12.889  5
30    6.17507
31    6.23898
32    6.44763
33    4.12889
34    5.55716
28 10.7732  1
29    6.18963
29 13.8641  1
37    6.48315
30 13.9575  1
47    0
31 14.2624  1
47    0
32 5.25758  1
47    0
33 5.85269  1
47    0
34 7.79611  1
35    5.20449
35 14.1424  1
47    0
36 14.8663  1
47    0
37 7.22999  9
38    4.2449
39    5.93602
40    5.45828
41    3.89827
42    4.80403
43    4.76182
44    4.62394
45    4.17367
46    5.70338
38 12.2939  1
47    0
39 8.82977  1
47    0
40 7.51778  1
47    0
41 13.2336  1
47    0
42 11.8984  1
47    0
43 7.53822  1
47    0
44 13.3004  1
47    0
45 12.1166  1
47    0
46 8.25083  1
47    0
47 0  0
