54
0 14.8254  3
1    1.22022
9    1.09638
11    1.22888
1 7.09632  10
2    1.19947
3    1.13172
4    0.910486
5    0.78804
6    0.988198
7    1.04181
8    1.2169
9    1.18865
11    1.22776
25    1.19402
2 11.8572  1
27    1.00021
3 7.40364  4
26    0.852293
27    1.09536
31    1.15177
40    1.01125
4 12.861  2
9    1.01116
26    1.10427
5 10.6816  1
26    0.737629
6 13.565  2
11    1.22412
27    0.820853
7 12.9809  2
11    0.861742
40    1.2573
8 11.0732  3
9    0.795071
25    0.929786
26    1.127
9 14.8437  2
10    1.1168
26    1.19803
10 7.15613  10
12    1.21222
13    1.17334
14    1.04639
15    1.23185
16    1.23745
17    1.25574
18    0.715455
19    0.751161
26    0.89505
31    1.0018
11 12.0525  1
53    0
12 8.04147  1
52    0.825779
13 14.9438  1
26    0.823582
14 7.48299  1
31    1.07642
15 13.1201  7
20    0.867766
21    1.24855
22    1.29198
23    0.833799
24    1.13764
27    0.79172
31    0.975948
16 11.5276  2
25    0.851067
26    1.1139
17 6.32756  3
29    0.744972
30    0.847551
40    1.23199
18 9.34675  10
41    0.720545
42    0.767788
43    0.922059
44    0.825834
45    1.11162
46    0.844823
47    1.17364
48    1.04736
49    1.23501
50    1.24779
19 9.20606  1
53    0
20 8.74645  1
53    0
21 7.24555  1
53    0
22 12.3446  1
53    0
23 8.99548  1
40    1.11709
24 8.05887  2
31    1.18253
40    0.968917
25 5.00031  1
31    0.798349
26 5.01251  1
28    1.08104
27 5.05249  1
53    0
28 5.18311  1
31    1.02187
29 5.60945  8
32    1.08624
33    0.761946
34    0.902997
35    0.763576
36    0.908307
37    0.780917
38    0.964943
39    0.965877
30 7.00171  1
31    0.729902
31 11.5484  1
53    0
32 6.39531  1
40    1.23793
33 9.56801  1
53    0
34 9.92843  1
53    0
35 11.1055  1
53    0
36 14.9493  1
40    0.978841
37 7.50099  1
40    0.862694
38 13.179  1
52    1.11143
39 11.7202  1
53    0
40 6.95624  1
53    0
41 11.3997  1
53    0
42 5.90976  1
53    0
43 7.98257  1
53    0
44 14.7516  1
51    1.28953
45 6.85522  1
53    0
46 11.0701  1
53    0
47 14.8337  1
53    0
48 7.12348  1
53    0
49 11.946  1
53    0
50 7.69387  1
53    0
51 13.8086  1
53    0
52 13.7762  1
53    0
53 0  0
