107
0 14.7516  7
1    11.872
2    10.9166
3    7.79653
4    9.60805
18    11.9074
19    12.9002
50    11.9402
1 6.85522  3
4    9.24787
18    8.5006
19    11.0321
2 11.0701  2
4    9.52364
19    8.78954
3 14.8337  1
4    8.34733
4 7.12348  3
5    11.4068
41    11.7334
51    8.23582
5 11.946  9
6    9.39729
7    8.83532
8    7.00018
9    7.00751
10    7.0315
11    7.10987
12    7.36567
13    8.20103
52    11.8253
6 7.69387  1
106    0
7 13.8086  1
19    12.8509
8 13.7762  2
19    10.6421
53    10.2187
9 13.6703  7
14    10.929
15    7.83718
16    9.74081
17    9.95706
18    10.6633
51    7.37629
52    7.9172
10 13.3245  1
106    0
11 12.1953  2
19    8.11313
52    10.9536
12 8.5081  9
32    11.8865
33    10.9638
34    7.95071
35    10.1116
36    11.168
37    8.61742
38    12.2888
39    12.2776
40    12.2412
13 6.46733  2
19    7.54585
52    8.20853
14 9.80331  1
51    8.9505
15 10.6969  3
20    11.1676
21    8.61632
41    12.3185
16 13.6151  1
19    8.27409
17 13.1442  3
18    12.9696
19    10.8398
51    8.52293
18 11.6063  4
19    8.17374
51    11.27
52    7.44972
53    7.29902
19 6.58452  10
22    12.2851
23    12.2657
24    12.2022
25    11.9947
26    11.3172
27    9.10486
28    7.8804
29    9.88198
30    10.4181
31    12.169
20 10.186  1
41    7.15455
21 11.9466  1
52    10.0021
22 7.6957  1
106    0
23 13.8147  2
53    7.98349
60    9.64943
24 13.796  1
53    11.5177
25 13.7353  1
60    9.65877
26 13.5369  1
106    0
27 12.889  2
41    12.1222
50    11.139
28 10.7732  1
106    0
29 13.8641  8
72    8.25834
73    11.1162
74    8.44823
75    11.7364
76    10.4736
77    12.3501
78    12.478
79    12.8953
30 13.9575  1
106    0
31 14.2624  1
106    0
32 5.25758  1
41    12.5574
33 5.85269  3
41    10.4639
51    11.9803
52    8.47551
34 7.79611  1
106    0
35 14.1424  9
42    7.51161
43    8.67766
44    12.4855
45    12.9198
46    8.33799
47    11.3764
48    9.29786
49    8.51067
52    10.7642
36 14.8663  1
41    12.3745
37 7.22999  6
54    9.75948
55    10.018
56    10.8624
57    7.61946
58    9.02997
59    7.63576
38 12.2939  1
52    10.8104
39 8.82977  1
106    0
40 7.51778  1
106    0
41 13.2336  1
106    0
42 11.8984  8
80    8.25779
81    11.1143
82    8.44218
83    11.7166
84    10.409
85    12.139
86    11.7885
87    10.6439
43 7.53822  1
106    0
44 13.3004  1
106    0
45 12.1166  1
52    11.0427
46 8.25083  1
106    0
47 5.62716  1
106    0
48 7.05969  1
60    7.80917
49 11.7379  1
106    0
50 7.01422  1
106    0
51 11.5893  1
106    0
52 6.52867  1
106    0
53 10.0035  1
106    0
54 11.3506  1
106    0
55 5.74953  7
61    9.68917
62    9.78841
63    10.1125
64    11.1709
65    8.62694
66    12.3199
67    12.3793
56 7.45918  1
106    0
57 13.0422  1
106    0
58 11.2737  1
106    0
59 5.49837  1
60    9.08307
60 6.63915  1
106    0
61 10.3645  1
106    0
62 12.5295  1
106    0
63 9.59914  4
68    12.573
69    7.20545
70    7.67788
71    9.22059
64 10.0301  1
106    0
65 11.4373  1
106    0
66 6.03244  1
106    0
67 8.38328  10
93    8.48979
94    11.872
95    10.9166
96    7.79653
97    9.60805
98    9.52364
99    9.24787
100    8.34733
101    11.4068
102    9.39729
68 6.0596  1
106    0
69 8.47179  1
106    0
70 6.34861  1
106    0
71 9.41572  1
106    0
72 9.43129  1
106    0
73 9.48195  1
106    0
74 9.64736  1
106    0
75 10.1875  4
89    8.29368
90    11.2315
91    8.82488
92    12.9663
76 11.9515  1
106    0
77 7.71157  1
106    0
78 13.8665  1
106    0
79 13.9654  1
106    0
80 14.2883  1
106    0
81 5.34242  1
106    0
82 6.1298  1
106    0
83 8.70098  1
88    12.9062
84 7.09723  1
106    0
85 11.8603  1
106    0
86 7.41371  1
106    0
87 12.8939  1
106    0
88 10.7894  1
106    0
89 13.9169  1
106    0
90 14.1299  1
106    0
91 14.8254  1
106    0
92 7.09632  1
106    0
93 11.8572  1
106    0
94 7.40364  1
106    0
95 12.861  1
106    0
96 10.6816  1
106    0
97 13.565  3
103    8.83532
104    7.00018
105    7.00751
98 12.9809  1
106    0
99 11.0732  1
106    0
100 14.8437  1
106    0
101 7.15613  1
106    0
102 12.0525  1
106    0
103 8.04147  1
106    0
104 14.9438  1
106    0
105 7.48299  1
106    0
106 0  0
