226
0 13.179  4
1    0.825834
14    1.12315
136    0.847551
166    0.952364
1 11.7202  4
2    1.11162
3    0.844823
105    0.85006
180    0.827409
2 6.95624  10
9    0.825779
10    1.11143
11    0.844218
12    1.17166
13    1.0409
23    0.995706
43    1.22888
77    0.720545
88    0.882488
217    0.968917
3 11.3997  10
4    1.17364
5    1.04736
6    1.23501
7    1.24779
14    1.2139
22    1.14068
23    0.710987
30    0.754585
44    1.23185
77    0.922059
4 5.90976  5
14    0.882488
30    1.28509
43    1.01116
44    1.25574
211    0.975948
5 7.98257  7
8    1.28953
14    1.06439
23    0.974081
30    1.29002
68    0.761946
165    1.09166
205    0.89505
6 14.7516  1
14    0.829368
7 6.85522  1
22    0.939729
8 11.0701  10
25    0.85006
26    1.19074
27    1.10321
28    0.817374
29    1.08398
30    1.11676
72    0.978841
123    1.22412
136    0.79172
179    1.19074
9 14.8337  9
32    1.22851
33    1.22657
34    1.22022
35    1.19947
36    1.13172
43    1.21222
60    1.10427
69    0.780917
217    0.965877
10 7.12348  2
14    1.17885
23    1.0929
11 11.946  5
14    1.29062
22    0.834733
24    1.29696
30    1.06421
165    1.1872
12 7.69387  5
22    0.924787
23    0.736567
44    1.04639
60    1.18253
180    0.861632
13 13.8086  8
15    1.29663
16    0.848979
17    1.1872
18    1.09166
19    0.779653
20    0.960805
21    0.952364
164    1.06439
14 13.7762  2
23    0.703149
166    0.924787
15 13.6703  4
23    0.820103
105    0.878954
144    0.964943
204    1.127
16 13.3245  4
22    0.883532
23    0.700751
30    0.811313
164    1.17166
17 12.1953  3
22    0.700018
44    0.751161
205    1.00021
18 8.5081  4
43    1.22776
44    0.715455
68    0.763576
211    1.08624
19 6.46733  2
23    0.783718
76    1.23793
20 9.80331  2
24    1.06633
43    1.22412
21 10.6969  3
60    1.08104
103    1.0929
137    1.15177
22 13.6151  5
60    1.00021
77    0.767788
104    1.06633
125    0.851067
180    1.22022
23 13.1442  1
105    0.754585
24 11.6063  10
37    0.910486
38    0.78804
39    0.988198
40    1.04181
41    1.2169
42    1.18865
43    0.795071
104    1.29696
136    1.00021
179    1.10321
25 6.58452  2
30    0.878954
43    0.861742
26 10.186  3
68    0.908307
124    1.25574
211    1.02187
27 11.9466  2
31    0.861632
88    1.17885
28 7.6957  3
30    0.827409
77    0.825834
126    1.1139
29 13.8147  7
158    1.23501
159    1.24779
160    1.28953
161    0.825779
162    1.11143
163    0.844218
164    1.2139
30 13.796  1
225    0
31 13.7353  3
61    1.07642
157    0.844823
180    1.22851
32 13.5369  3
43    1.09638
104    0.974081
179    1.06421
33 12.889  3
60    0.744972
88    1.2139
105    1.19074
34 10.7732  3
60    0.847551
88    1.12315
103    0.820103
35 13.8641  2
43    1.17334
204    1.1139
36 13.9575  1
78    1.11162
37 14.2624  2
170    0.700751
205    0.737629
38 5.25758  1
125    0.833799
39 5.85269  2
44    1.23745
103    0.736567
40 7.79611  1
43    1.1168
41 14.1424  10
45    0.867766
46    1.24855
47    1.29198
48    0.833799
49    1.13764
50    0.929786
51    0.851067
52    1.19402
53    1.1139
60    0.79172
42 14.8663  2
60    0.820853
115    1.19947
43 7.22999  10
89    1.29663
90    0.848979
91    1.1872
92    1.09166
93    0.779653
94    0.960805
95    0.952364
96    0.924787
97    0.834733
98    1.14068
44 12.2939  4
73    1.01125
74    1.11709
75    0.862694
180    1.19947
45 8.82977  2
138    0.975948
179    0.754585
46 7.51778  2
103    0.783718
164    1.17885
47 13.2336  8
54    0.852293
55    1.19803
56    1.127
57    0.89505
58    0.737629
59    0.823582
205    0.79172
217    0.964943
48 11.8984  10
79    0.844823
80    1.17364
81    1.04736
82    1.23501
83    1.24779
84    1.28953
85    0.825779
86    1.11143
124    1.04639
136    1.08104
49 7.53822  1
225    0
50 13.3004  3
68    1.08624
88    1.0409
105    0.817374
51 12.1166  1
225    0
52 8.25083  1
125    1.19402
53 5.62716  3
60    1.09536
115    1.22022
125    1.29198
54 7.05969  2
70    0.965877
71    0.968917
55 11.7379  1
69    0.964943
56 7.01422  6
62    0.729902
63    0.798349
64    1.02187
65    1.15177
66    0.975948
67    1.0018
57 11.5893  2
105    1.08398
125    0.751161
58 6.52867  1
76    1.23199
59 10.0035  1
225    0
60 11.3506  1
225    0
61 5.74953  1
77    1.2573
62 7.45918  2
168    1.14068
169    0.939729
63 13.0422  3
68    0.902997
123    0.795071
137    1.07642
64 11.2737  2
88    1.29062
170    0.700018
65 5.49837  5
123    1.1168
124    1.23745
166    0.960805
197    1.23185
211    0.729902
66 6.63915  1
164    1.29062
67 10.3645  7
116    0.910486
117    0.78804
118    0.988198
119    1.04181
120    1.2169
121    1.18865
122    1.09638
68 12.5295  1
88    0.829368
69 9.59914  7
109    1.29002
110    0.827409
111    1.11676
112    0.861632
113    1.22851
114    1.22657
165    1.29663
70 10.0301  8
171    0.820103
172    1.0929
173    0.783718
174    0.974081
175    0.995706
176    1.06633
177    1.29696
178    0.85006
71 11.4373  2
164    0.829368
204    1.19803
72 6.03244  1
137    0.798349
73 8.38328  1
180    0.910486
74 6.0596  1
225    0
75 8.47179  1
225    0
76 6.34861  1
123    1.22888
77 9.41572  1
225    0
78 9.43129  10
186    1.09638
187    0.795071
188    1.01116
189    1.1168
190    0.861742
191    1.22888
192    1.22776
193    1.22412
194    1.21222
206    1.08104
79 9.48195  1
211    1.15177
80 9.64736  3
103    0.703149
123    0.861742
125    1.13764
81 10.1875  1
197    0.751161
82 11.9515  1
87    0.844218
83 7.71157  1
88    1.17166
84 13.8665  1
170    0.710987
85 13.9654  1
225    0
86 14.2883  1
88    1.06439
87 5.34242  5
139    1.0018
140    1.08624
141    0.761946
142    0.902997
143    0.763576
88 6.1298  1
124    0.715455
89 8.70098  1
136    0.744972
90 7.09723  1
103    0.710987
91 11.8603  1
225    0
92 7.41371  2
144    0.965877
197    1.25574
93 12.8939  1
225    0
94 10.7894  1
125    0.929786
95 13.9169  1
123    1.17334
96 14.1299  5
99    0.939729
100    0.883532
101    0.700018
102    0.700751
179    1.28509
97 14.8254  1
225    0
98 7.09632  1
225    0
99 11.8572  2
115    1.13172
217    1.11709
100 7.40364  1
225    0
101 12.861  1
180    1.13172
102 10.6816  1
104    0.995706
103 13.565  1
137    1.02187
104 12.9809  3
105    1.10321
123    1.21222
125    0.867766
105 11.0732  3
106    1.28509
107    0.811313
108    1.06421
106 14.8437  1
225    0
107 7.15613  1
205    1.10427
108 12.0525  1
225    0
109 8.04147  7
218    0.862694
219    1.23199
220    1.23793
221    1.2573
222    0.720545
223    0.767788
224    0.922059
110 14.9438  1
125    1.24855
111 7.48299  1
225    0
112 13.1201  1
225    0
113 11.5276  1
170    0.883532
114 6.32756  1
123    1.22776
115 9.34675  2
144    0.908307
180    1.22657
116 9.20606  1
136    1.18253
117 8.74645  2
124    1.23185
144    0.780917
118 7.24555  1
205    1.09536
119 12.3446  5
212    0.761946
213    0.902997
214    0.763576
215    0.908307
216    0.780917
120 8.99548  1
157    1.11162
121 8.05887  1
123    1.01116
122 5.00031  1
165    0.779653
123 5.01251  2
137    0.729902
165    0.848979
124 5.05249  1
225    0
125 5.18311  9
127    0.852293
128    1.19803
129    1.127
130    0.89505
131    0.737629
132    0.823582
133    1.10427
134    0.820853
135    1.09536
126 5.60945  1
225    0
127 7.00171  1
225    0
128 11.5484  1
225    0
129 6.39531  5
181    0.78804
182    0.988198
183    1.04181
184    1.2169
185    1.18865
130 9.56801  3
155    0.922059
156    0.825834
217    1.01125
131 9.92843  3
157    1.17364
164    1.0409
217    0.978841
132 11.1055  1
225    0
133 14.9493  1
225    0
134 7.50099  1
225    0
135 13.179  1
225    0
136 11.7202  1
179    0.878954
137 6.95624  1
170    0.703149
138 11.3997  1
225    0
139 5.90976  1
225    0
140 7.98257  1
197    1.23745
141 14.7516  1
225    0
142 6.85522  1
179    1.08398
143 11.0701  10
145    0.968917
146    0.978841
147    1.01125
148    1.11709
149    0.862694
150    1.23199
151    1.23793
152    1.2573
153    0.720545
154    0.767788
144 14.8337  1
225    0
145 7.12348  1
225    0
146 11.946  1
225    0
147 7.69387  1
225    0
148 13.8086  1
225    0
149 13.7762  1
225    0
150 13.6703  1
164    1.12315
151 13.3245  1
211    1.0018
152 12.1953  1
157    1.04736
153 8.5081  1
225    0
154 6.46733  1
225    0
155 9.80331  1
225    0
156 10.6969  4
207    0.744972
208    0.847551
209    1.18253
210    1.07642
157 13.6151  1
167    0.834733
158 13.1442  1
225    0
159 11.6063  1
179    1.29002
160 6.58452  1
225    0
161 10.186  1
197    0.715455
162 11.9466  1
165    0.882488
163 7.6957  1
225    0
164 13.8147  1
225    0
165 13.796  1
225    0
166 13.7353  2
179    0.811313
204    1.19402
167 13.5369  1
225    0
168 12.889  1
170    0.736567
169 10.7732  1
205    0.820853
170 13.8641  1
225    0
171 13.9575  1
225    0
172 14.2624  1
225    0
173 5.25758  1
180    1.11676
174 5.85269  1
179    0.817374
175 7.79611  1
225    0
176 14.1424  1
225    0
177 14.8663  1
225    0
178 7.22999  1
225    0
179 12.2939  1
197    0.867766
180 8.82977  1
225    0
181 7.51778  6
198    1.24855
199    1.29198
200    0.833799
201    1.13764
202    0.929786
203    0.851067
182 13.2336  1
225    0
183 11.8984  1
225    0
184 7.53822  1
225    0
185 13.3004  1
225    0
186 12.1166  2
195    1.17334
196    1.04639
187 8.25083  1
225    0
188 5.62716  1
205    0.823582
189 7.05969  1
225    0
190 11.7379  1
225    0
191 7.01422  1
225    0
192 11.5893  1
225    0
193 6.52867  1
225    0
194 10.0035  1
225    0
195 11.3506  1
225    0
196 5.74953  1
225    0
197 7.45918  1
225    0
198 13.0422  1
225    0
199 11.2737  1
204    0.852293
200 5.49837  1
225    0
201 6.63915  1
225    0
202 10.3645  1
225    0
203 12.5295  1
225    0
204 9.59914  1
211    0.798349
205 10.0301  1
225    0
206 11.4373  1
225    0
207 6.03244  1
225    0
208 8.38328  1
225    0
209 6.0596  1
225    0
210 8.47179  1
225    0
211 6.34861  1
225    0
212 9.41572  1
225    0
213 9.43129  1
225    0
214 9.48195  1
225    0
215 9.64736  1
225    0
216 10.1875  1
225    0
217 11.9515  1
225    0
218 7.71157  1
225    0
219 13.8665  1
225    0
220 13.9654  1
225    0
221 14.2883  1
225    0
222 5.34242  1
225    0
223 6.1298  1
225    0
224 8.70098  1
225    0
225 0  0
