108
0 14.7516  4
1    5.45828
2    3.89827
3    4.80403
64    4.11791
1 6.85522  1
5    4.62394
2 11.0701  4
5    4.17367
24    5.32104
81    5.05626
96    5.61576
3 14.8337  1
4    4.76182
4 7.12348  1
5    5.70338
5 11.946  10
6    4.69865
7    4.41766
8    3.50009
9    3.50375
10    3.51575
11    3.55493
12    3.68284
13    4.10051
14    5.46451
15    3.91859
6 7.69387  10
33    4.55243
34    3.9402
35    4.94099
36    5.20907
37    6.08452
38    5.94325
39    5.4819
40    3.97536
41    5.0558
45    6.06108
7 13.8086  8
16    4.8704
17    4.97853
18    5.33166
19    6.4848
20    4.2503
21    5.95369
22    5.51605
23    4.08687
8 13.7762  1
80    4.82472
9 13.6703  1
107    0
10 13.3245  1
80    5.43118
11 12.1953  1
49    3.57727
12 8.5081  1
24    6.4501
13 6.46733  2
24    4.39477
80    5.00902
14 9.80331  2
24    4.05657
80    4.84458
15 10.6969  1
24    5.41992
16 13.6151  1
80    3.81788
17 13.1442  1
107    0
18 11.6063  2
56    4.64893
57    4.25533
19 6.58452  9
25    4.13704
26    5.5838
27    4.30816
28    6.14257
29    6.13286
30    6.10109
31    5.99736
32    5.6586
96    4.14684
20 10.186  1
24    3.77293
21 11.9466  1
107    0
22 7.6957  8
50    3.75581
51    4.33883
52    6.24273
53    6.4599
54    4.169
55    5.68818
74    5.38211
81    4.31347
23 13.8147  3
24    6.42547
43    6.1444
82    6.28649
24 13.796  1
107    0
25 13.7353  2
48    6.15923
65    5.52136
26 13.5369  1
44    6.12059
27 12.889  1
107    0
28 10.7732  1
107    0
29 13.8641  6
75    3.64951
76    3.99174
77    5.10936
78    5.75886
79    4.87974
86    5.55808
30 13.9575  3
46    5.86671
47    5.23196
96    6.45312
31 14.2624  1
43    4.30871
32 5.25758  1
107    0
33 5.85269  2
48    6.18725
81    6.15996
34 7.79611  1
81    5.58545
35 14.1424  1
107    0
36 14.8663  1
96    4.41244
37 7.22999  1
44    6.13881
38 12.2939  1
64    3.68815
39 8.82977  1
42    5.58399
40 7.51778  1
93    5.85829
41 13.2336  1
107    0
42 11.8984  1
107    0
43 7.53822  1
48    6.27871
44 13.3004  8
66    4.10427
67    5.47678
68    3.9586
69    5.00105
70    5.40518
71    3.72486
72    4.23775
73    5.91267
45 12.1166  10
97    6.48315
98    4.2449
99    5.93602
100    5.45828
101    3.89827
102    4.80403
103    4.76182
104    4.62394
105    4.17367
106    5.70338
46 8.25083  6
58    5.97008
59    5.56952
60    4.26147
61    5.99013
62    5.63498
63    4.47525
47 5.62716  1
107    0
48 7.05969  1
107    0
49 11.7379  1
107    0
50 7.01422  1
107    0
51 11.5893  1
80    4.82939
52 6.52867  2
80    4.54154
81    6.18963
53 10.0035  2
93    5.55716
94    5.20449
54 11.3506  1
107    0
55 5.74953  1
107    0
56 7.45918  1
107    0
57 13.0422  1
82    3.60273
58 11.2737  1
96    5.32196
59 5.49837  1
107    0
60 6.63915  7
87    4.22411
88    5.86818
89    5.23681
90    6.17507
91    6.23898
92    6.44763
93    4.12889
61 10.3645  1
94    6.06951
62 12.5295  1
107    0
63 9.59914  1
107    0
64 10.0301  1
107    0
65 11.4373  2
80    3.80973
81    4.89421
66 6.03244  1
85    4.12917
67 8.38328  1
107    0
68 6.0596  1
107    0
69 8.47179  1
107    0
70 6.34861  2
83    3.83894
84    4.61029
71 9.41572  1
107    0
72 9.43129  1
107    0
73 9.48195  1
93    4.22109
74 9.64736  1
80    3.90458
75 10.1875  1
80    4.51498
76 11.9515  1
107    0
77 7.71157  1
107    0
78 13.8665  1
107    0
79 13.9654  1
107    0
80 14.2883  1
107    0
81 5.34242  1
107    0
82 6.1298  1
107    0
83 8.70098  1
107    0
84 7.09723  1
107    0
85 11.8603  1
107    0
86 7.41371  1
107    0
87 12.8939  1
107    0
88 10.7894  1
107    0
89 13.9169  1
95    5.89427
90 14.1299  1
107    0
91 14.8254  1
107    0
92 7.09632  1
107    0
93 11.8572  1
107    0
94 7.40364  1
107    0
95 12.861  1
107    0
96 10.6816  1
107    0
97 13.565  1
107    0
98 12.9809  1
107    0
99 11.0732  1
107    0
100 14.8437  1
107    0
101 7.15613  1
107    0
102 12.0525  1
107    0
103 8.04147  1
107    0
104 14.9438  1
107    0
105 7.48299  1
107    0
106 13.1201  1
107    0
107 0  0
