185
0 11.7202  3
1    1.19803
12    1.07642
15    1.23793
1 6.95624  7
2    1.127
3    0.89505
12    1.18253
14    0.965877
16    0.922059
17    1.23501
96    0.710987
2 11.3997  3
15    1.01125
45    0.910486
95    1.09166
3 5.90976  9
4    0.737629
5    0.823582
6    1.10427
12    0.847551
13    1.0018
14    0.763576
33    0.883532
43    1.06421
94    1.1872
4 7.98257  6
14    0.964943
15    1.23199
32    0.779653
33    1.14068
44    0.861632
92    1.11143
5 14.7516  2
12    0.975948
17    1.24779
6 6.85522  10
7    0.820853
8    1.09536
9    0.79172
10    1.00021
11    1.08104
12    0.744972
14    0.908307
15    1.2573
43    1.29002
56    1.22412
7 11.0701  3
15    0.862694
33    0.700751
75    1.07642
8 14.8337  6
12    1.02187
16    0.825834
33    0.939729
56    1.21222
75    1.15177
95    1.14068
9 7.12348  5
12    1.15177
13    0.761946
16    0.720545
17    1.17364
34    0.703149
10 11.946  4
12    0.798349
14    0.902997
17    1.04736
32    0.952364
11 7.69387  5
12    0.729902
15    1.11709
43    1.28509
56    1.04639
86    1.01125
12 13.8086  8
13    1.08624
16    0.767788
32    1.09166
34    0.974081
45    1.22022
95    0.834733
115    1.19947
155    1.0018
13 13.7762  2
14    0.780917
15    0.968917
14 13.6703  2
15    0.978841
16    1.11162
15 13.3245  10
18    1.28953
19    0.825779
20    1.11143
21    0.844218
22    1.17166
23    1.0409
24    1.2139
32    1.1872
34    0.736567
155    0.763576
16 12.1953  3
17    0.844823
34    0.995706
92    0.825834
17 8.5081  10
46    0.78804
47    0.988198
48    1.04181
49    1.2169
50    1.18865
51    1.09638
52    0.795071
53    1.01116
54    1.1168
97    1.0929
18 6.46733  3
32    0.960805
94    0.848979
155    0.761946
19 9.80331  1
34    0.820103
20 10.6969  9
35    1.29696
36    0.85006
37    1.19074
38    1.10321
39    0.817374
40    1.08398
41    0.754585
42    0.878954
45    1.19947
21 13.6151  2
44    1.22657
124    1.01116
22 13.1442  1
43    0.827409
23 11.6063  2
34    1.0929
133    1.24855
24 6.58452  10
25    1.17885
26    1.06439
27    1.29062
28    0.829368
29    1.12315
30    0.882488
31    1.29663
32    0.924787
65    1.13764
96    0.703149
25 10.186  1
95    0.779653
26 11.9466  4
34    1.06633
65    0.851067
75    1.02187
115    1.22851
27 7.6957  2
33    0.700018
34    0.710987
28 13.8147  2
55    0.861742
94    0.882488
29 13.796  1
74    1.18253
30 13.7353  5
44    1.22851
56    1.22776
65    0.852293
74    0.847551
75    0.729902
31 13.5369  2
32    0.848979
56    1.23185
32 12.889  4
33    0.834733
34    0.783718
97    0.783718
124    0.795071
33 10.7732  1
184    0
34 13.8641  1
94    0.829368
35 13.9575  3
65    1.19402
96    0.883532
156    0.908307
36 14.2624  1
56    1.17334
37 5.25758  1
94    1.29062
38 5.85269  4
56    1.22888
86    0.968917
96    0.736567
133    0.867766
39 7.79611  2
43    0.811313
91    0.720545
40 14.1424  2
45    1.13172
124    1.22888
41 14.8663  1
44    1.11676
42 7.22999  1
115    1.22022
43 12.2939  2
73    1.08104
92    1.23501
44 8.82977  8
57    1.23745
58    1.25574
59    0.715455
60    0.751161
61    0.867766
62    1.24855
63    1.29198
64    0.833799
45 7.51778  1
124    0.861742
46 13.2336  2
65    1.1139
74    0.744972
47 11.8984  2
92    0.825779
133    0.833799
48 7.53822  2
97    0.820103
155    0.975948
49 13.3004  1
184    0
50 12.1166  1
92    1.28953
51 8.25083  5
98    0.974081
99    0.995706
100    1.06633
101    1.29696
102    0.85006
52 5.62716  2
73    1.00021
150    1.18253
53 7.05969  10
76    0.975948
77    1.0018
78    1.08624
79    0.761946
80    0.902997
81    0.763576
82    0.908307
83    0.780917
84    0.964943
85    0.965877
54 11.7379  1
92    1.17364
55 7.01422  2
73    1.09536
96    0.939729
56 11.5893  1
93    0.844218
57 6.52867  1
96    0.700751
58 10.0035  1
75    0.798349
59 11.3506  2
94    1.12315
156    0.780917
60 5.74953  1
92    1.24779
61 7.45918  6
67    1.127
68    0.89505
69    0.737629
70    0.823582
71    1.10427
72    0.820853
62 13.0422  1
65    0.929786
63 11.2737  1
66    1.19803
64 5.49837  1
104    1.10321
65 6.63915  1
184    0
66 10.3645  2
86    1.11709
133    0.929786
67 12.5295  1
86    0.978841
68 9.59914  1
184    0
69 10.0301  1
73    0.79172
70 11.4373  2
95    0.924787
155    0.902997
71 6.03244  1
184    0
72 8.38328  1
184    0
73 6.0596  5
87    0.862694
88    1.23199
89    1.23793
90    1.2573
93    1.2139
74 8.47179  2
92    1.04736
125    1.22776
75 6.34861  2
91    0.767788
104    0.817374
76 9.41572  1
184    0
77 9.43129  1
96    0.700018
78 9.48195  1
95    0.960805
79 9.64736  2
91    0.922059
94    1.29663
80 10.1875  7
126    1.22412
127    1.21222
128    1.17334
129    1.04639
130    1.23185
131    1.23745
132    1.25574
81 11.9515  1
92    0.844823
82 7.71157  10
105    1.08398
106    0.754585
107    0.878954
108    1.28509
109    0.811313
110    1.06421
111    1.29002
112    0.827409
113    1.11676
114    0.861632
83 13.8665  2
93    1.0409
156    0.964943
84 13.9654  2
93    1.17166
95    0.952364
85 14.2883  2
93    1.06439
155    1.08624
86 5.34242  1
184    0
87 6.1298  1
92    1.11162
88 8.70098  1
184    0
89 7.09723  9
141    0.823582
142    1.10427
143    0.820853
144    1.09536
145    0.79172
146    1.00021
147    1.08104
148    0.744972
149    0.847551
90 11.8603  8
116    1.13172
117    0.910486
118    0.78804
119    0.988198
120    1.04181
121    1.2169
122    1.18865
123    1.09638
91 7.41371  1
184    0
92 12.8939  1
93    1.17885
93 10.7894  1
184    0
94 13.9169  1
184    0
95 14.1299  1
184    0
96 14.8254  1
133    0.715455
97 7.09632  2
124    1.1168
133    1.29198
98 11.8572  1
184    0
99 7.40364  1
103    1.19074
100 12.861  1
184    0
101 10.6816  1
184    0
102 13.565  1
184    0
103 12.9809  1
184    0
104 11.0732  1
184    0
105 14.8437  1
184    0
106 7.15613  1
184    0
107 12.0525  1
184    0
108 8.04147  1
184    0
109 14.9438  1
115    1.22657
110 7.48299  1
184    0
111 13.1201  1
184    0
112 11.5276  2
133    0.851067
156    0.965877
113 6.32756  1
184    0
114 9.34675  2
133    1.13764
155    1.15177
115 9.20606  1
184    0
116 8.74645  1
184    0
117 7.24555  1
184    0
118 12.3446  1
184    0
119 8.99548  1
184    0
120 8.05887  1
184    0
121 5.00031  1
184    0
122 5.01251  1
184    0
123 5.05249  10
159    1.01125
160    1.11709
161    0.862694
162    1.23199
163    1.23793
164    1.2573
165    0.720545
166    0.767788
167    0.922059
168    0.825834
124 5.18311  7
134    1.19402
135    1.1139
136    0.852293
137    1.19803
138    1.127
139    0.89505
140    0.737629
125 5.60945  1
184    0
126 7.00171  1
133    0.751161
127 11.5484  1
184    0
128 6.39531  1
184    0
129 9.56801  1
184    0
130 9.92843  1
184    0
131 11.1055  1
184    0
132 14.9493  1
184    0
133 7.50099  1
184    0
134 13.179  1
184    0
135 11.7202  1
184    0
136 6.95624  1
184    0
137 11.3997  6
178    0.844218
179    1.17166
180    1.0409
181    1.2139
182    1.17885
183    1.06439
138 5.90976  1
184    0
139 7.98257  1
184    0
140 14.7516  1
184    0
141 6.85522  1
184    0
142 11.0701  1
184    0
143 14.8337  4
151    1.07642
152    0.729902
153    0.798349
154    1.02187
144 7.12348  1
184    0
145 11.946  1
184    0
146 7.69387  1
184    0
147 13.8086  1
184    0
148 13.7762  1
184    0
149 13.6703  2
157    0.968917
158    0.978841
150 13.3245  1
184    0
151 12.1953  1
184    0
152 8.5081  1
184    0
153 6.46733  1
184    0
154 9.80331  1
184    0
155 10.6969  1
184    0
156 13.6151  1
184    0
157 13.1442  1
184    0
158 11.6063  1
184    0
159 6.58452  1
184    0
160 10.186  1
184    0
161 11.9466  1
184    0
162 7.6957  1
184    0
163 13.8147  1
184    0
164 13.796  1
184    0
165 13.7353  9
169    1.11162
170    0.844823
171    1.17364
172    1.04736
173    1.23501
174    1.24779
175    1.28953
176    0.825779
177    1.11143
166 13.5369  1
184    0
167 12.889  1
184    0
168 10.7732  1
184    0
169 13.8641  1
184    0
170 13.9575  1
184    0
171 14.2624  1
184    0
172 5.25758  1
184    0
173 5.85269  1
184    0
174 7.79611  1
184    0
175 14.1424  1
184    0
176 14.8663  1
184    0
177 7.22999  1
184    0
178 12.2939  1
184    0
179 8.82977  1
184    0
180 7.51778  1
184    0
181 13.2336  1
184    0
182 11.8984  1
184    0
183 7.53822  1
184    0
184 0  0
