55
0 6.1298  10
1    0.811313
2    1.06421
3    1.29002
4    0.827409
5    1.11676
6    0.861632
7    1.22851
8    1.22657
9    1.22022
10    1.19947
1 8.70098  7
20    1.01116
21    1.1168
22    0.861742
23    1.22888
24    1.22776
25    1.22412
26    1.21222
2 7.09723  1
54    0
3 11.8603  1
54    0
4 7.41371  1
54    0
5 12.8939  1
54    0
6 10.7894  1
54    0
7 13.9169  1
34    0.833799
8 14.1299  1
34    0.867766
9 14.8254  6
11    1.13172
12    0.910486
13    0.78804
14    0.988198
15    1.04181
16    1.2169
10 7.09632  4
17    1.18865
18    1.09638
19    0.795071
34    1.13764
11 11.8572  1
54    0
12 7.40364  7
35    1.19402
36    1.1139
37    0.852293
38    1.19803
39    1.127
40    0.89505
41    0.737629
13 12.861  1
54    0
14 10.6816  1
54    0
15 13.565  7
27    1.17334
28    1.04639
29    1.23185
30    1.23745
31    1.25574
32    0.715455
33    0.751161
16 12.9809  1
54    0
17 11.0732  1
54    0
18 14.8437  1
54    0
19 7.15613  8
42    0.823582
43    1.10427
44    0.820853
45    1.09536
46    0.79172
47    1.00021
48    1.08104
49    0.744972
20 12.0525  1
54    0
21 8.04147  1
34    0.929786
22 14.9438  1
54    0
23 7.48299  1
34    1.29198
24 13.1201  1
54    0
25 11.5276  1
54    0
26 6.32756  1
54    0
27 9.34675  1
54    0
28 9.20606  1
54    0
29 8.74645  1
34    0.851067
30 7.24555  1
34    1.24855
31 12.3446  1
54    0
32 8.99548  4
50    0.847551
51    1.18253
52    1.07642
53    0.729902
33 8.05887  1
54    0
34 5.00031  1
54    0
35 5.01251  1
54    0
36 5.05249  1
54    0
37 5.18311  1
54    0
38 5.60945  1
54    0
39 7.00171  1
54    0
40 11.5484  1
54    0
41 6.39531  1
54    0
42 9.56801  1
54    0
43 9.92843  1
54    0
44 11.1055  1
54    0
45 14.9493  1
54    0
46 7.50099  1
54    0
47 13.179  1
54    0
48 11.7202  1
54    0
49 6.95624  1
54    0
50 11.3997  1
54    0
51 5.90976  1
54    0
52 7.98257  1
54    0
53 14.7516  1
54    0
54 0  0
