45
0 13.5369  3
1    7.80917
13    8.25834
21    12.9062
1 12.889  6
2    9.64943
3    9.65877
4    9.68917
5    9.78841
6    10.1125
21    12.9663
2 10.7732  4
7    11.1709
13    11.7364
21    11.7885
43    11.8865
3 13.8641  2
13    8.44823
21    11.2315
4 13.9575  2
42    12.2657
43    8.61742
5 14.2624  2
13    10.4736
43    12.2776
6 5.25758  6
8    8.62694
9    12.3199
10    12.3793
11    12.573
12    7.20545
13    9.22059
7 5.85269  3
13    12.3501
32    7.36567
42    9.88198
8 7.79611  3
13    11.1162
41    8.61632
43    12.2888
9 14.1424  2
13    7.67788
21    8.29368
10 14.8663  3
40    10.8398
42    12.2851
43    7.95071
11 7.22999  3
13    12.478
32    7.10987
43    11.168
12 12.2939  8
14    12.8953
15    8.25779
16    11.1143
17    8.44218
18    11.7166
19    10.409
20    12.139
21    8.48979
13 8.82977  1
44    0
14 7.51778  1
32    10.929
15 13.2336  2
21    10.6439
42    7.8804
16 11.8984  4
21    8.82488
41    12.8509
42    12.2022
43    12.169
17 7.53822  1
44    0
18 13.3004  3
32    7.83718
42    9.10486
43    10.1116
19 12.1166  1
44    0
20 8.25083  8
24    7.79653
25    9.60805
26    9.52364
27    9.24787
28    8.34733
29    11.4068
30    9.39729
31    7.00018
21 5.62716  4
22    11.872
23    10.9166
32    9.74081
41    8.27409
22 7.05969  1
31    8.83532
23 11.7379  3
33    9.95706
34    10.6633
35    12.9696
24 7.01422  1
44    0
25 11.5893  1
44    0
26 6.52867  1
44    0
27 10.0035  3
32    7.0315
41    8.78954
42    11.3172
28 11.3506  1
41    11.1676
29 5.74953  2
31    7.00751
32    8.20103
30 7.45918  1
42    11.9947
31 13.0422  1
43    10.9638
32 11.2737  6
36    8.5006
37    11.9074
38    11.0321
39    8.17374
41    12.9002
42    10.4181
33 5.49837  1
41    8.11313
34 6.63915  1
44    0
35 10.3645  1
41    10.6421
36 12.5295  1
44    0
37 9.59914  1
44    0
38 10.0301  1
40    7.54585
39 11.4373  1
44    0
40 6.03244  1
44    0
41 8.38328  1
44    0
42 6.0596  1
44    0
43 8.47179  1
44    0
44 0  0
