43
0 9.20606  5
1    59.4325
10    62.7871
12    59.7008
35    62.8649
36    64.4763
1 8.74645  10
2    54.819
3    39.7536
4    50.558
5    55.8399
6    43.0871
7    61.444
8    61.3881
9    61.2059
10    52.3196
12    56.8818
2 7.24555  2
10    61.5923
33    38.0973
3 12.3446  4
11    43.3883
12    41.69
34    55.8545
35    36.0273
4 8.99548  4
10    61.8725
11    35.7727
12    64.599
33    45.4154
5 8.05887  3
10    60.6108
12    62.4273
36    62.3898
6 5.00031  1
34    43.1347
7 5.01251  3
10    58.6671
12    42.6147
34    48.9421
8 5.05249  10
13    59.9013
14    56.3498
15    44.7525
16    36.8815
17    41.1791
18    55.2136
19    41.0427
20    54.7678
32    50.0902
34    50.5626
9 5.18311  2
11    37.5581
12    42.5533
10 5.60945  3
12    46.4893
32    48.7974
36    52.3681
11 7.00171  1
12    55.6952
12 11.5484  4
21    39.586
22    50.0105
23    54.0518
34    61.5996
13 6.39531  1
42    0
14 9.56801  1
42    0
15 9.92843  4
37    58.5829
38    52.0449
39    60.6951
40    58.9427
16 11.1055  1
33    38.1788
17 14.9493  1
42    0
18 7.50099  1
33    39.0458
19 13.179  1
42    0
20 11.7202  1
42    0
21 6.95624  3
35    41.2917
36    61.7507
41    64.5312
22 11.3997  2
33    48.4458
36    55.5716
23 5.90976  9
24    37.2486
25    42.3775
26    59.1267
27    53.8211
28    36.4951
29    39.9174
30    51.0936
31    57.5886
32    54.3118
24 7.98257  1
42    0
25 14.7516  1
42    0
26 6.85522  1
33    48.2472
27 11.0701  1
42    0
28 14.8337  2
33    45.1498
36    42.2411
29 7.12348  3
34    61.8963
35    38.3894
36    41.2889
30 11.946  2
36    58.6818
41    41.4684
31 7.69387  1
33    48.2939
32 13.8086  1
42    0
33 13.7762  3
35    46.1029
36    42.2109
41    53.2196
34 13.6703  1
36    55.5808
35 13.3245  1
42    0
36 12.1953  1
42    0
37 8.5081  1
41    56.1576
38 6.46733  1
42    0
39 9.80331  1
42    0
40 10.6969  1
42    0
41 13.6151  1
42    0
42 0  0
