110
0 14.1424  4
1    12.2022
19    12.3185
26    10.0021
41    12.9663
1 14.8663  10
2    11.9947
3    11.3172
4    9.10486
5    7.8804
6    9.88198
7    10.4181
8    12.169
9    11.8865
10    10.9638
11    7.95071
2 7.22999  6
12    11.168
19    7.15455
25    8.23582
27    7.29902
28    9.64943
40    11.7166
3 12.2939  3
12    10.1116
19    7.51161
29    12.3199
4 8.82977  7
21    8.52293
22    11.9803
23    11.27
24    8.9505
25    7.37629
26    8.20853
27    8.47551
5 7.51778  8
13    8.61742
14    12.2888
15    12.2776
16    12.2412
17    12.1222
19    8.33799
27    9.75948
88    8.20853
6 13.2336  1
19    8.67766
7 11.8984  4
19    12.3745
29    9.78841
40    12.478
41    8.29368
8 7.53822  10
30    12.3793
31    12.573
32    7.20545
33    7.67788
34    9.22059
35    8.25834
36    11.1162
37    8.44823
38    11.7364
78    12.5574
9 13.3004  2
27    7.44972
28    9.02997
10 12.1166  4
20    11.139
26    11.0427
28    9.08307
61    10.6421
11 8.25083  7
19    12.9198
20    8.51067
28    7.63576
29    11.1709
39    12.3501
61    8.61632
88    11.0427
12 5.62716  6
27    11.8253
29    10.1125
40    11.1143
59    10.8398
61    12.2657
90    8.47551
13 7.05969  5
18    10.4639
20    11.3764
41    8.82488
58    9.95706
88    11.27
14 11.7379  2
19    12.5574
20    9.29786
15 7.01422  5
19    12.4855
26    7.9172
27    7.98349
40    12.8953
41    12.9062
16 11.5893  5
27    10.2187
28    7.61946
29    8.62694
41    11.872
58    8.5006
17 6.52867  1
18    11.7334
18 10.0035  3
27    10.7642
28    7.80917
60    8.78954
19 11.3506  3
20    11.9402
27    10.8104
90    10.7642
20 5.74953  1
27    11.5177
21 7.45918  3
28    9.68917
39    10.4736
58    11.0321
22 13.0422  2
40    8.44218
58    12.9696
23 11.2737  4
28    10.018
40    12.139
58    10.6633
61    12.2022
24 5.49837  2
26    10.9536
61    8.27409
25 6.63915  10
46    9.24787
47    8.34733
48    11.4068
49    9.39729
50    8.83532
51    7.00018
52    7.00751
53    7.0315
54    7.10987
55    7.36567
26 10.3645  3
28    9.65877
41    11.2315
98    7.61946
27 12.5295  1
28    10.8624
28 9.59914  2
59    8.17374
61    12.9002
29 10.0301  2
78    12.4855
98    7.80917
30 11.4373  1
58    7.83718
31 6.03244  2
40    10.409
41    8.48979
32 8.38328  6
42    10.9166
43    7.79653
44    9.60805
45    9.52364
58    9.74081
78    7.15455
33 6.0596  2
41    11.7885
58    11.9074
34 8.47179  1
109    0
35 6.34861  9
62    11.3172
63    9.10486
64    7.8804
65    9.88198
66    10.4181
67    12.169
68    11.8865
69    10.9638
88    7.9172
36 9.41572  1
41    10.6439
37 9.43129  1
60    12.8509
38 9.48195  2
40    8.25779
78    12.3745
39 9.64736  1
109    0
40 10.1875  9
79    12.9198
80    8.33799
81    11.3764
82    9.29786
83    8.51067
84    11.9402
85    11.139
86    8.52293
87    11.9803
41 11.9515  1
109    0
42 7.71157  1
61    11.1676
43 13.8665  1
109    0
44 13.9654  1
109    0
45 14.2883  1
109    0
46 5.34242  1
109    0
47 6.1298  2
60    8.11313
88    10.9536
48 8.70098  1
109    0
49 7.09723  1
78    7.51161
50 11.8603  1
109    0
51 7.41371  9
70    7.95071
71    10.1116
72    11.168
73    8.61742
74    12.2888
75    12.2776
76    12.2412
77    12.1222
89    7.44972
52 12.8939  1
78    12.3185
53 10.7894  4
56    8.20103
57    10.929
78    11.7334
88    7.37629
54 13.9169  2
60    7.54585
61    11.9947
55 14.1299  1
89    10.0021
56 14.8254  1
109    0
57 7.09632  1
61    12.2851
58 11.8572  1
109    0
59 7.40364  1
109    0
60 12.861  1
109    0
61 10.6816  1
88    8.23582
62 13.565  1
109    0
63 12.9809  1
109    0
64 11.0732  1
109    0
65 14.8437  1
109    0
66 7.15613  1
78    10.4639
67 12.0525  1
109    0
68 8.04147  1
109    0
69 14.9438  1
98    9.02997
70 7.48299  1
78    8.67766
71 13.1201  1
109    0
72 11.5276  1
109    0
73 6.32756  1
109    0
74 9.34675  1
109    0
75 9.20606  1
109    0
76 8.74645  1
98    9.08307
77 7.24555  1
109    0
78 12.3446  1
108    12.573
79 8.99548  1
91    7.29902
80 8.05887  1
88    8.9505
81 5.00031  1
109    0
82 5.01251  1
109    0
83 5.05249  1
109    0
84 5.18311  1
90    11.8253
85 5.60945  1
109    0
86 7.00171  2
96    10.018
97    10.8624
87 11.5484  1
109    0
88 6.39531  1
89    10.8104
89 9.56801  5
92    7.98349
93    10.2187
94    11.5177
95    9.75948
98    7.63576
90 9.92843  1
109    0
91 11.1055  1
109    0
92 14.9493  1
109    0
93 7.50099  1
109    0
94 13.179  1
109    0
95 11.7202  1
109    0
96 6.95624  9
99    9.64943
100    9.65877
101    9.68917
102    9.78841
103    10.1125
104    11.1709
105    8.62694
106    12.3199
107    12.3793
97 11.3997  1
109    0
98 5.90976  1
109    0
99 7.98257  1
109    0
100 14.7516  1
109    0
101 6.85522  1
109    0
102 11.0701  1
109    0
103 14.8337  1
109    0
104 7.12348  1
109    0
105 11.946  1
109    0
106 7.69387  1
109    0
107 13.8086  1
109    0
108 13.7762  1
109    0
109 0  0
