114
0 9.43129  10
1    41.0427
2    54.7678
3    39.586
4    50.0105
5    54.0518
12    51.0936
13    48.2472
35    38.9827
64    52.0907
78    59.7008
1 9.48195  2
12    45.1498
13    61.5996
2 9.64736  5
12    54.3118
13    61.8963
26    55.5716
35    54.5828
56    40.5657
3 10.1875  2
13    48.4458
74    35.7727
4 11.9515  2
12    39.0458
74    61.5923
5 7.71157  7
6    37.2486
7    42.3775
8    59.1267
9    53.8211
10    36.4951
11    39.9174
12    38.1788
6 13.8665  8
19    42.2411
20    58.6818
21    52.3681
22    61.7507
23    62.3898
24    64.4763
25    41.2889
26    52.0449
7 13.9654  2
12    38.0973
13    50.5626
8 14.2883  4
12    48.7974
13    48.2939
14    36.0273
79    41.1791
9 5.34242  3
12    50.0902
13    48.9421
75    62.4273
10 6.1298  2
12    45.4154
13    43.1347
11 8.70098  5
12    57.5886
13    55.8545
14    62.8649
35    44.1766
76    64.599
12 7.09723  1
35    46.2394
13 11.8603  5
15    38.3894
16    46.1029
17    41.2917
18    55.5808
79    36.8815
14 7.41371  2
26    42.2109
35    48.0403
15 12.8939  2
26    58.5829
72    61.3881
16 10.7894  5
45    49.7853
46    53.3166
47    64.848
48    42.503
49    59.5369
17 13.9169  7
27    53.2196
28    64.5312
29    41.4684
30    56.1576
31    44.1244
32    64.8315
33    42.449
18 14.1299  1
74    60.6108
19 14.8254  1
74    58.6671
20 7.09632  3
26    58.9427
35    46.9865
79    42.6147
21 11.8572  1
26    60.6951
22 7.40364  1
113    0
23 12.861  1
113    0
24 10.6816  2
34    59.3602
35    41.7367
25 13.565  1
56    53.2104
26 12.9809  1
113    0
27 11.0732  1
80    50.0105
28 14.8437  1
35    57.0338
29 7.15613  1
64    45.5243
30 12.0525  4
56    41.3704
64    39.402
75    43.3883
101    55.8545
31 8.04147  2
51    40.8687
74    62.7871
32 14.9438  9
36    35.0009
37    35.0375
38    35.1575
39    35.5493
40    36.8284
41    41.0051
42    54.6451
43    39.1859
44    48.704
33 7.48299  2
35    47.6182
79    44.7525
34 13.1201  7
57    55.838
58    43.0816
59    61.4257
60    61.3286
61    61.0109
62    59.9736
63    56.586
35 11.5276  2
50    55.1605
64    49.4099
36 6.32756  1
101    46.1029
37 9.34675  1
81    54.0518
38 9.20606  1
113    0
39 8.74645  1
75    37.5581
40 7.24555  3
53    37.7293
54    43.9477
55    64.2547
41 12.3446  1
113    0
42 8.99548  1
113    0
43 8.05887  1
113    0
44 5.00031  3
77    42.5533
79    41.0427
101    38.3894
45 5.01251  1
113    0
46 5.05249  1
79    59.9013
47 5.18311  1
113    0
48 5.60945  1
113    0
49 7.00171  2
79    54.7678
101    43.1347
50 11.5484  1
113    0
51 6.39531  2
52    54.1992
76    56.8818
52 9.56801  1
113    0
53 9.92843  4
86    36.4951
87    39.9174
88    51.0936
89    57.5886
54 11.1055  8
65    59.4325
66    54.819
67    39.7536
68    50.558
69    55.8399
70    43.0871
71    61.444
101    62.8649
55 14.9493  1
56    64.501
56 7.50099  2
74    61.8725
78    55.6952
57 13.179  1
113    0
58 11.7202  1
64    60.8452
59 6.95624  1
77    46.4893
60 11.3997  1
113    0
61 5.90976  3
74    52.3196
79    56.3498
101    48.9421
62 7.98257  1
113    0
63 14.7516  1
113    0
64 6.85522  1
113    0
65 11.0701  1
113    0
66 14.8337  1
76    41.69
67 7.12348  1
113    0
68 11.946  1
113    0
69 7.69387  3
73    61.2059
79    55.2136
101    61.5996
70 13.8086  1
101    36.0273
71 13.7762  4
82    37.2486
83    42.3775
84    59.1267
85    53.8211
72 13.6703  1
113    0
73 13.3245  1
90    48.7974
74 12.1953  1
100    48.4458
75 8.5081  1
113    0
76 6.46733  6
107    61.7507
108    62.3898
109    64.4763
110    41.2889
111    55.5716
112    42.2109
77 9.80331  1
79    39.586
78 10.6969  1
113    0
79 13.6151  1
113    0
80 13.1442  1
113    0
81 11.6063  1
113    0
82 6.58452  1
101    50.5626
83 10.186  1
113    0
84 11.9466  1
113    0
85 7.6957  1
113    0
86 13.8147  1
113    0
87 13.796  1
113    0
88 13.7353  1
113    0
89 13.5369  4
91    50.0902
92    54.3118
93    38.0973
94    45.1498
90 12.889  1
113    0
91 10.7732  5
95    38.1788
96    45.4154
97    39.0458
98    48.2472
99    48.2939
92 13.8641  1
113    0
93 13.9575  1
113    0
94 14.2624  1
113    0
95 5.25758  1
113    0
96 5.85269  5
102    41.2917
103    55.5808
104    42.2411
105    58.6818
106    52.3681
97 7.79611  1
113    0
98 14.1424  1
101    61.8963
99 14.8663  1
113    0
100 7.22999  1
113    0
101 12.2939  1
113    0
102 8.82977  1
113    0
103 7.51778  1
113    0
104 13.2336  1
113    0
105 11.8984  1
113    0
106 7.53822  1
113    0
107 13.3004  1
113    0
108 12.1166  1
113    0
109 8.25083  1
113    0
110 5.62716  1
113    0
111 7.05969  1
113    0
112 11.7379  1
113    0
113 0  0
