99
0 9.34675  7
1    4.82939
2    4.84458
3    4.89421
4    4.31347
9    3.83894
11    5.55808
16    4.76182
1 9.20606  4
4    5.05626
11    5.86818
16    5.45828
17    4.17367
2 8.74645  3
4    5.58545
11    6.23898
12    5.85829
3 7.24555  10
5    6.15996
6    6.18963
7    6.28649
8    3.60273
17    4.41766
39    3.9402
50    5.23196
81    6.23898
83    5.61576
85    3.55493
4 12.3446  8
10    4.61029
11    6.44763
12    5.20449
17    4.69865
18    3.51575
53    6.24273
71    4.54154
86    5.33166
5 8.99548  5
10    4.12917
11    5.23681
12    5.32196
50    6.12059
83    6.45312
6 8.05887  4
11    6.17507
12    6.45312
16    4.2449
82    5.85829
7 5.00031  5
13    4.14684
14    5.61576
15    4.41244
16    6.48315
71    4.82939
8 5.01251  6
11    5.55716
12    5.89427
18    3.50375
69    5.91267
72    5.58545
87    6.4848
9 5.05249  5
11    4.12889
16    4.80403
17    5.70338
39    4.30816
87    4.08687
10 5.18311  4
11    4.22411
12    4.22109
50    6.15923
69    3.72486
11 5.60945  4
12    6.06951
18    3.55493
39    5.99736
85    4.10051
12 7.00171  3
16    5.93602
72    4.89421
81    5.23681
13 11.5484  1
38    5.5838
14 6.39531  4
16    3.89827
50    5.86671
85    3.50375
86    5.46451
15 9.56801  2
17    4.62394
39    6.13286
16 9.92843  3
17    3.50009
80    4.12917
81    6.17507
17 11.1055  7
32    3.77293
33    4.39477
34    6.42547
35    4.05657
36    5.32104
37    6.4501
39    4.94099
18 14.9493  8
19    3.68284
20    4.10051
21    5.46451
22    3.91859
23    4.8704
24    4.97853
25    5.33166
39    4.55243
19 7.50099  1
39    6.14257
20 13.179  1
84    4.62394
21 11.7202  2
50    6.06108
69    5.10936
22 6.95624  5
27    4.2503
28    5.95369
29    5.51605
30    4.08687
31    5.41992
23 11.3997  1
26    6.4848
24 5.90976  7
40    5.20907
41    6.08452
42    5.94325
43    5.4819
44    3.97536
45    5.0558
82    4.12889
25 7.98257  1
39    5.6586
26 14.7516  2
82    5.32196
87    5.51605
27 6.85522  1
88    5.5838
28 11.0701  7
64    4.11791
65    5.52136
66    4.10427
67    5.47678
68    3.9586
69    5.38211
88    6.4501
29 14.8337  2
59    4.26147
60    5.99013
30 7.12348  1
84    4.69865
31 11.946  1
70    5.75886
32 7.69387  2
39    6.10109
53    4.169
33 13.8086  2
38    4.13704
72    4.84458
34 13.7762  5
46    5.58399
47    4.30871
48    6.1444
49    6.13881
69    3.99174
35 13.6703  2
53    4.33883
84    4.76182
36 13.3245  3
89    5.99736
90    5.6586
91    4.55243
37 12.1953  4
53    3.75581
69    5.00105
72    5.05626
83    6.48315
38 8.5081  6
54    5.68818
55    4.64893
56    4.25533
57    5.97008
82    5.55716
87    3.77293
39 6.46733  3
58    5.56952
69    3.64951
88    6.10109
40 9.80331  2
53    6.4599
84    4.80403
41 10.6969  1
84    4.41766
42 13.6151  2
82    4.22109
84    5.70338
43 13.1442  2
51    6.18725
52    6.27871
44 11.6063  2
53    3.57727
70    5.43118
45 6.58452  1
70    4.87974
46 10.186  2
71    4.82472
84    3.89827
47 11.9466  1
98    0
48 7.6957  1
86    4.8704
49 13.8147  1
85    3.51575
50 13.796  1
98    0
51 13.7353  1
98    0
52 13.5369  1
98    0
53 12.889  5
93    5.20907
94    6.08452
95    5.94325
96    5.4819
97    3.97536
54 10.7732  1
98    0
55 13.8641  1
98    0
56 13.9575  3
70    4.51498
82    5.20449
92    4.94099
57 14.2624  3
61    5.63498
62    4.47525
63    3.68815
58 5.25758  2
85    3.68284
92    3.9402
59 5.85269  2
71    3.90458
83    4.2449
60 7.79611  3
70    3.80973
83    5.93602
88    6.14257
61 14.1424  2
69    4.23775
87    5.41992
62 14.8663  1
71    3.81788
63 7.22999  1
98    0
64 12.2939  2
69    5.40518
87    4.05657
65 8.82977  2
70    5.00902
80    5.55808
66 7.51778  2
82    6.06951
87    5.95369
67 13.2336  1
88    5.32104
68 11.8984  1
81    6.44763
69 7.53822  2
84    3.50009
87    4.39477
70 13.3004  3
86    3.91859
87    4.2503
88    6.13286
71 12.1166  1
98    0
72 8.25083  7
73    4.31347
74    6.15996
75    6.18963
76    6.28649
77    3.60273
78    3.83894
79    4.61029
73 5.62716  1
84    5.45828
74 7.05969  1
83    4.41244
75 11.7379  1
86    4.97853
76 7.01422  1
88    4.13704
77 11.5893  2
80    5.86818
84    4.17367
78 6.52867  1
88    4.30816
79 10.0035  1
80    4.22411
80 11.3506  1
98    0
81 5.74953  1
82    5.89427
82 7.45918  1
83    4.14684
83 13.0422  1
98    0
84 11.2737  1
98    0
85 5.49837  1
87    6.42547
86 6.63915  1
98    0
87 10.3645  1
98    0
88 12.5295  1
98    0
89 9.59914  1
98    0
90 10.0301  1
98    0
91 11.4373  1
98    0
92 6.03244  1
98    0
93 8.38328  1
98    0
94 6.0596  1
98    0
95 8.47179  1
98    0
96 6.34861  1
98    0
97 9.41572  1
98    0
98 0  0
