216
0 11.5276  9
1    39.586
2    50.0105
3    54.0518
4    37.2486
5    42.3775
6    59.1267
7    53.8211
41    59.3602
118    55.5716
1 6.32756  7
10    50.0902
11    54.3118
12    38.0973
13    45.1498
14    38.1788
84    62.4273
90    59.1267
2 9.34675  4
8    39.9174
24    61.5996
117    58.6818
206    53.2104
3 9.20606  10
17    48.2472
18    48.2939
19    48.4458
20    48.9421
21    50.5626
22    55.8545
23    43.1347
41    56.1576
44    46.2394
84    64.599
4 8.74645  3
9    48.7974
58    37.7293
73    43.0871
5 7.24555  3
8    51.0936
38    41.2889
117    61.7507
6 12.3446  2
8    57.5886
171    61.5996
7 8.99548  6
8    36.4951
44    35.0375
58    54.1992
84    42.5533
117    62.3898
119    64.8315
8 8.05887  2
41    38.9827
144    43.0871
9 5.00031  4
42    48.0403
43    47.6182
118    60.6951
197    57.0338
10 5.01251  4
41    42.449
73    60.8452
144    55.8399
171    62.8649
11 5.05249  1
38    52.0449
12 5.18311  3
44    41.7367
84    43.3883
119    44.1244
13 5.60945  5
15    45.4154
16    39.0458
38    60.6951
169    38.0973
171    61.8963
14 7.00171  1
39    64.5312
15 11.5484  3
38    42.2109
73    39.7536
126    35.0009
16 6.39531  4
44    46.9865
72    49.4099
85    44.7525
170    48.2472
17 9.56801  3
40    41.4684
41    54.5828
85    59.9013
18 9.92843  1
215    0
19 11.1055  4
38    55.5716
41    44.1244
89    42.3775
140    61.0109
20 14.9493  6
66    43.0816
67    61.4257
68    61.3286
117    41.2917
197    35.1575
206    40.5657
21 7.50099  3
41    64.8315
139    54.1992
147    64.599
22 13.179  1
215    0
23 11.7202  1
144    49.4099
24 6.95624  10
25    61.8963
26    62.8649
27    36.0273
28    38.3894
29    46.1029
30    41.2917
38    53.2196
73    50.558
126    35.1575
170    48.2939
25 11.3997  10
45    35.5493
46    36.8284
47    41.0051
48    54.6451
49    39.1859
50    48.704
51    49.7853
52    53.3166
53    64.848
54    42.503
26 5.90976  9
31    55.5808
32    42.2411
33    58.6818
34    52.3681
35    61.7507
36    62.3898
37    64.4763
73    52.0907
84    46.4893
27 7.98257  1
118    53.2196
28 14.7516  1
215    0
29 6.85522  1
215    0
30 11.0701  1
44    57.0338
31 14.8337  1
38    58.9427
32 7.12348  2
38    58.5829
84    59.7008
33 11.946  2
84    37.5581
169    54.3118
34 7.69387  1
215    0
35 13.8086  1
117    41.2889
36 13.7762  1
215    0
37 13.6703  1
169    45.1498
38 13.3245  1
44    35.0009
39 12.1953  2
44    35.1575
85    41.0427
40 8.5081  1
215    0
41 6.46733  7
59    43.9477
60    64.2547
61    40.5657
62    53.2104
63    64.501
64    41.3704
65    55.838
42 9.80331  3
69    61.0109
70    59.9736
71    56.586
43 10.6969  1
44    44.1766
44 13.6151  3
148    42.5533
149    59.7008
206    43.9477
45 13.1442  1
84    56.8818
46 11.6063  1
84    41.69
47 6.58452  3
114    36.0273
115    38.3894
116    46.1029
48 10.186  1
215    0
49 11.9466  3
73    59.4325
172    46.1029
206    59.5369
50 7.6957  4
55    59.5369
56    55.1605
57    40.8687
85    54.7678
51 13.8147  1
126    57.0338
52 13.796  1
215    0
53 13.7353  3
72    39.402
73    55.8399
124    47.6182
54 13.5369  6
120    42.449
121    59.3602
122    54.5828
123    38.9827
139    43.9477
144    54.819
55 12.889  1
171    48.9421
56 10.7732  3
118    52.0449
144    50.558
145    61.5923
57 13.8641  3
117    55.5808
140    59.9736
169    50.0902
58 13.9575  6
191    59.3602
192    54.5828
193    38.9827
194    48.0403
195    47.6182
196    46.2394
59 14.2624  2
85    36.8815
171    38.3894
60 5.25758  1
215    0
61 5.85269  2
85    42.6147
197    35.0375
62 7.79611  1
144    59.4325
63 14.1424  2
85    55.2136
171    48.4458
64 14.8663  1
215    0
65 7.22999  1
85    55.6952
66 12.2939  1
215    0
67 8.82977  3
118    42.2109
144    60.8452
172    58.6818
68 7.51778  1
215    0
69 13.2336  1
215    0
70 11.8984  2
72    45.5243
73    54.819
71 7.53822  2
85    41.1791
145    52.3196
72 13.3004  10
74    61.444
75    61.3881
76    61.2059
77    60.6108
78    58.6671
79    52.3196
80    61.5923
81    61.8725
82    62.7871
83    35.7727
73 12.1166  8
91    53.8211
92    36.4951
93    39.9174
94    51.0936
95    57.5886
96    48.7974
97    50.0902
98    54.3118
74 8.25083  1
206    42.503
75 5.62716  1
89    37.2486
76 7.05969  2
85    56.3498
171    36.0273
77 11.7379  9
151    42.6147
152    59.9013
153    56.3498
154    44.7525
155    36.8815
156    41.1791
157    55.2136
158    41.0427
197    35.5493
78 7.01422  1
126    35.5493
79 11.5893  3
86    39.586
87    50.0105
88    54.0518
80 6.52867  6
159    54.7678
160    39.586
161    50.0105
162    54.0518
163    37.2486
197    46.9865
81 10.0035  1
147    41.69
82 11.3506  2
146    37.5581
197    41.7367
83 5.74953  2
118    64.5312
145    61.3881
84 7.45918  2
125    41.7367
172    42.2411
85 13.0422  9
107    48.9421
108    50.5626
109    55.8545
110    43.1347
111    61.5996
112    61.8963
113    62.8649
125    46.2394
145    58.6671
86 11.2737  1
126    35.0375
87 5.49837  1
145    62.7871
88 6.63915  1
215    0
89 10.3645  9
99    38.0973
100    45.1498
101    38.1788
102    45.4154
103    39.0458
104    48.2472
105    48.2939
106    48.4458
150    55.6952
90 12.5295  1
215    0
91 9.59914  1
140    64.501
92 10.0301  1
206    55.1605
93 11.4373  1
215    0
94 6.03244  1
147    56.8818
95 8.38328  1
215    0
96 6.0596  5
127    36.8284
128    41.0051
129    54.6451
130    39.1859
131    48.704
97 8.47179  1
215    0
98 6.34861  3
124    48.0403
140    43.0816
145    35.7727
99 9.41572  1
215    0
100 9.43129  4
117    42.2411
118    41.4684
145    60.6108
172    41.2917
101 9.48195  1
215    0
102 9.64736  1
117    52.3681
103 10.1875  10
173    52.3681
174    61.7507
175    62.3898
176    64.4763
177    41.2889
178    55.5716
179    42.2109
180    58.5829
181    52.0449
182    60.6951
104 11.9515  1
215    0
105 7.71157  6
118    58.9427
126    44.1766
140    61.4257
144    39.7536
147    43.3883
171    50.5626
106 13.8665  1
215    0
107 13.9654  1
215    0
108 14.2883  1
215    0
109 5.34242  1
118    58.5829
110 6.1298  2
140    61.3286
169    38.1788
111 8.70098  1
147    46.4893
112 7.09723  2
119    56.1576
145    61.8725
113 11.8603  2
139    40.5657
169    57.5886
114 7.41371  1
117    64.4763
115 12.8939  1
140    55.838
116 10.7894  1
139    37.7293
117 13.9169  1
215    0
118 14.1299  1
145    61.2059
119 14.8254  1
215    0
120 7.09632  2
126    46.9865
140    41.3704
121 11.8572  1
169    51.0936
122 7.40364  7
132    49.7853
133    53.3166
134    64.848
135    42.503
136    59.5369
137    55.1605
138    40.8687
123 12.861  1
215    0
124 10.6816  1
215    0
125 13.565  1
215    0
126 12.9809  1
139    64.2547
127 11.0732  5
164    42.3775
165    59.1267
166    53.8211
167    36.4951
168    39.9174
128 14.8437  3
141    56.586
142    45.5243
143    39.402
129 7.15613  2
170    39.0458
172    55.5808
130 12.0525  1
215    0
131 8.04147  1
147    62.4273
132 14.9438  1
215    0
133 7.48299  3
198    36.8284
199    41.0051
200    54.6451
134 13.1201  1
139    53.2104
135 11.5276  1
171    55.8545
136 6.32756  1
144    61.444
137 9.34675  1
215    0
138 9.20606  1
215    0
139 8.74645  1
206    64.2547
140 7.24555  1
144    52.0907
141 12.3446  1
215    0
142 8.99548  1
215    0
143 8.05887  1
215    0
144 5.00031  1
215    0
145 5.01251  1
215    0
146 5.05249  1
215    0
147 5.18311  1
215    0
148 5.60945  1
206    54.1992
149 7.00171  1
215    0
150 11.5484  1
215    0
151 6.39531  1
215    0
152 9.56801  1
215    0
153 9.92843  1
169    45.4154
154 11.1055  1
215    0
155 14.9493  8
183    58.9427
184    53.2196
185    64.5312
186    41.4684
187    56.1576
188    44.1244
189    64.8315
190    42.449
156 7.50099  1
215    0
157 13.179  1
215    0
158 11.7202  1
215    0
159 6.95624  1
215    0
160 11.3997  1
215    0
161 5.90976  1
215    0
162 7.98257  1
206    37.7293
163 14.7516  1
215    0
164 6.85522  1
215    0
165 11.0701  1
169    48.7974
166 14.8337  1
215    0
167 7.12348  1
171    43.1347
168 11.946  1
197    44.1766
169 7.69387  1
215    0
170 13.8086  1
215    0
171 13.7762  1
215    0
172 13.6703  1
215    0
173 13.3245  1
215    0
174 12.1953  1
215    0
175 8.5081  5
201    39.1859
202    48.704
203    49.7853
204    53.3166
205    64.848
176 6.46733  1
206    40.8687
177 9.80331  1
215    0
178 10.6969  8
207    64.501
208    41.3704
209    55.838
210    43.0816
211    61.4257
212    61.3286
213    61.0109
214    59.9736
179 13.6151  1
215    0
180 13.1442  1
215    0
181 11.6063  1
215    0
182 6.58452  1
215    0
183 10.186  1
215    0
184 11.9466  1
215    0
185 7.6957  1
215    0
186 13.8147  1
215    0
187 13.796  1
215    0
188 13.7353  1
215    0
189 13.5369  1
197    35.0009
190 12.889  1
215    0
191 10.7732  1
215    0
192 13.8641  1
215    0
193 13.9575  1
215    0
194 14.2624  1
215    0
195 5.25758  1
215    0
196 5.85269  1
215    0
197 7.79611  1
215    0
198 14.1424  1
215    0
199 14.8663  1
215    0
200 7.22999  1
215    0
201 12.2939  1
215    0
202 8.82977  1
215    0
203 7.51778  1
215    0
204 13.2336  1
215    0
205 11.8984  1
215    0
206 7.53822  1
215    0
207 13.3004  1
215    0
208 12.1166  1
215    0
209 8.25083  1
215    0
210 5.62716  1
215    0
211 7.05969  1
215    0
212 11.7379  1
215    0
213 7.01422  1
215    0
214 11.5893  1
215    0
215 0  0
