98
0 6.0596  7
1    6.18725
9    4.47525
18    3.99174
21    5.05626
26    5.86818
52    5.20907
65    5.56952
1 8.47179  3
2    6.27871
9    5.63498
18    5.43118
2 6.34861  10
3    3.57727
4    3.75581
5    4.33883
6    6.24273
7    6.4599
8    4.169
9    5.99013
17    5.91267
18    4.51498
50    5.95369
3 9.41572  3
9    5.97008
51    6.14257
72    5.91267
4 9.43129  2
9    5.56952
39    5.93602
5 9.48195  4
9    4.25533
21    4.89421
39    4.69865
52    4.94099
6 9.64736  5
9    4.64893
17    5.38211
20    4.54154
40    4.41766
72    5.75886
7 10.1875  6
9    5.68818
17    5.40518
26    4.22411
28    4.22109
39    3.89827
42    3.51575
8 11.9515  4
9    4.26147
18    3.64951
21    4.31347
50    3.77293
9 7.71157  10
10    3.68815
11    4.11791
12    5.52136
13    4.10427
14    5.47678
15    3.9586
16    5.00105
18    4.87974
21    6.15996
26    6.17507
10 13.8665  5
18    5.75886
21    4.82472
39    4.2449
51    5.5838
52    5.99736
11 13.9654  3
18    3.80973
21    3.90458
26    5.55808
12 14.2883  3
21    4.82939
50    5.32104
56    6.15923
13 5.34242  2
17    3.72486
57    6.27871
14 6.1298  2
18    5.10936
65    5.99013
15 8.70098  5
17    4.23775
18    5.00902
42    4.10051
57    3.57727
72    3.99174
16 7.09723  5
19    3.81788
21    6.18963
27    4.12889
50    6.4501
51    4.30816
17 11.8603  2
40    3.50009
55    6.1444
18 7.41371  4
21    5.58545
26    4.12917
39    4.17367
50    4.39477
19 12.8939  3
28    5.55716
52    5.6586
55    6.12059
20 10.7894  3
21    4.84458
39    4.80403
55    5.0558
21 13.9169  7
22    6.28649
23    3.60273
24    3.83894
25    4.61029
26    6.23898
42    3.55493
71    3.72486
22 14.1299  2
57    3.75581
72    5.43118
23 14.8254  2
39    4.76182
50    5.51605
24 7.09632  3
53    6.08452
71    5.40518
72    3.64951
25 11.8572  2
26    5.23681
39    4.62394
26 7.40364  7
27    6.44763
39    5.70338
50    4.05657
51    6.13286
52    4.55243
55    3.97536
56    6.06108
27 12.861  10
30    5.20449
31    6.06951
32    5.89427
33    5.32196
34    6.45312
35    4.14684
36    5.61576
37    4.41244
38    6.48315
42    3.68284
28 10.6816  2
29    5.85829
55    4.30871
29 13.565  2
55    5.58399
56    5.86671
30 12.9809  1
97    0
31 11.0732  6
66    4.47525
67    3.68815
68    4.11791
69    5.52136
70    4.10427
72    4.23775
32 14.8437  4
41    3.50375
55    6.13881
56    5.23196
72    5.10936
33 7.15613  7
43    5.46451
44    3.91859
45    4.8704
46    4.97853
47    5.33166
48    6.4848
49    4.2503
34 12.0525  1
97    0
35 8.04147  1
97    0
36 14.9438  3
39    5.45828
71    3.9586
72    4.87974
37 7.48299  1
65    5.97008
38 13.1201  1
50    4.08687
39 11.5276  1
97    0
40 6.32756  1
55    5.4819
41 9.34675  1
71    5.47678
42 9.20606  2
52    6.10109
65    4.26147
43 8.74645  7
58    4.33883
59    6.24273
60    6.4599
61    4.169
62    5.68818
63    4.64893
64    4.25533
44 7.24555  1
50    6.42547
45 12.3446  1
97    0
46 8.99548  1
97    0
47 8.05887  2
51    4.13704
52    3.9402
48 5.00031  2
50    5.41992
72    5.00902
49 5.01251  1
97    0
50 5.05249  1
54    5.94325
51 5.18311  1
97    0
52 5.60945  1
97    0
53 7.00171  1
97    0
54 11.5484  7
90    4.61029
91    4.12917
92    5.55808
93    4.22411
94    5.86818
95    5.23681
96    6.17507
55 6.39531  1
97    0
56 9.56801  1
57    6.18725
57 9.92843  1
97    0
58 11.1055  5
79    4.82939
80    4.84458
81    4.89421
82    5.05626
83    5.58545
59 14.9493  1
97    0
60 7.50099  1
97    0
61 13.179  1
72    5.38211
62 11.7202  1
97    0
63 6.95624  1
97    0
64 11.3997  1
65    5.63498
65 5.90976  1
71    5.00105
66 7.98257  6
73    3.80973
74    4.51498
75    3.81788
76    4.54154
77    3.90458
78    4.82472
67 14.7516  1
97    0
68 6.85522  1
97    0
69 11.0701  1
97    0
70 14.8337  1
97    0
71 7.12348  1
97    0
72 11.946  1
97    0
73 7.69387  1
97    0
74 13.8086  1
97    0
75 13.7762  1
97    0
76 13.6703  6
84    4.31347
85    6.15996
86    6.18963
87    6.28649
88    3.60273
89    3.83894
77 13.3245  1
97    0
78 12.1953  1
97    0
79 8.5081  1
97    0
80 6.46733  1
97    0
81 9.80331  1
97    0
82 10.6969  1
97    0
83 13.6151  1
97    0
84 13.1442  1
97    0
85 11.6063  1
97    0
86 6.58452  1
97    0
87 10.186  1
97    0
88 11.9466  1
97    0
89 7.6957  1
97    0
90 13.8147  1
97    0
91 13.796  1
97    0
92 13.7353  1
97    0
93 13.5369  1
97    0
94 12.889  1
97    0
95 10.7732  1
97    0
96 13.8641  1
97    0
97 0  0
