242
0 6.39531  10
1    8.44218
2    11.7166
3    10.409
4    12.139
5    11.7885
6    10.6439
7    12.9062
8    8.29368
9    11.2315
20    9.74081
1 9.56801  2
18    9.39729
29    12.8509
2 9.92843  2
20    7.83718
77    9.64943
3 11.1055  3
18    8.34733
20    7.10987
57    8.67766
4 14.9493  4
18    9.24787
20    8.20103
156    10.7642
172    12.8953
5 7.50099  2
47    11.168
75    7.98349
6 13.179  3
19    7.00018
20    9.95706
57    9.29786
7 11.7202  8
10    8.82488
11    12.9663
12    8.48979
13    11.872
14    10.9166
15    7.79653
16    9.60805
17    9.52364
8 6.95624  2
20    7.36567
174    7.79653
9 11.3997  3
20    7.00751
77    9.78841
234    12.573
10 5.90976  8
30    8.27409
31    11.1676
32    8.61632
33    12.2851
34    12.2657
35    12.2022
36    11.9947
37    11.3172
11 7.98257  5
25    8.17374
26    10.8398
27    7.54585
28    8.78954
193    10.8398
12 14.7516  2
18    8.83532
140    12.9198
13 6.85522  3
126    7.8804
173    11.7885
226    10.8104
14 11.0701  2
20    7.0315
194    12.2657
15 14.8337  3
29    8.11313
174    9.24787
193    12.8509
16 7.12348  5
18    11.4068
20    10.929
57    12.4855
124    10.8398
194    8.27409
17 11.946  1
20    10.6633
18 7.69387  6
21    12.9696
22    8.5006
23    11.9074
24    11.0321
140    12.4855
166    11.1162
19 13.8086  10
38    9.10486
39    7.8804
40    9.88198
41    10.4181
42    12.169
43    11.8865
44    10.9638
45    7.95071
46    10.1116
77    9.68917
20 13.7762  2
76    9.75948
127    9.88198
21 13.6703  2
78    11.1709
174    10.9166
22 13.3245  2
78    8.62694
156    7.61946
23 12.1953  6
59    8.52293
60    11.9803
61    11.27
62    8.9505
75    10.2187
76    7.63576
24 8.5081  3
29    10.6421
76    11.5177
124    11.0321
25 6.46733  1
58    11.9402
26 9.80331  1
241    0
27 10.6969  2
29    12.9002
166    8.25834
28 13.6151  3
76    10.8624
155    7.44972
172    11.1143
29 13.1442  2
75    7.29902
172    8.44218
30 11.6063  4
63    7.37629
64    8.23582
76    10.018
124    11.9074
31 6.58452  3
76    9.02997
156    11.5177
166    12.3793
32 10.186  3
57    8.33799
58    8.51067
173    8.82488
33 11.9466  3
105    11.872
124    7.54585
214    8.67766
34 7.6957  10
79    12.573
80    7.20545
81    7.67788
82    9.22059
83    8.25834
84    11.1162
85    8.44823
86    11.7364
87    10.4736
174    11.872
35 13.8147  1
57    12.5574
36 13.796  1
227    11.5177
37 13.7353  1
126    11.3172
38 13.5369  1
140    7.51161
39 12.889  1
241    0
40 10.7732  3
78    10.1125
125    11.1676
140    12.3185
41 13.8641  4
57    12.9198
126    11.9947
155    8.47551
226    10.0021
42 13.9575  2
125    12.2851
140    7.15455
43 14.2624  9
185    7.83718
186    9.74081
187    9.95706
188    10.6633
189    12.9696
190    8.5006
191    11.9074
192    11.0321
234    12.3199
44 5.25758  10
48    8.61742
49    12.2888
50    12.2776
51    12.2412
52    12.1222
53    11.7334
54    10.4639
55    12.3185
56    12.3745
57    7.15455
45 5.85269  1
57    7.51161
46 7.79611  2
156    10.8624
166    12.573
47 14.1424  10
88    12.3501
89    12.478
90    12.8953
91    8.25779
92    11.1143
93    8.44218
94    11.7166
95    10.409
96    12.139
97    11.7885
48 14.8663  3
78    12.3199
173    12.9062
193    8.17374
49 7.22999  3
58    11.139
172    10.409
174    9.52364
50 12.2939  1
124    8.5006
51 8.82977  1
194    8.61632
52 7.51778  4
76    7.61946
77    9.65877
125    8.27409
166    7.20545
53 13.2336  1
194    11.9947
54 11.8984  3
57    11.3764
194    8.11313
214    12.9198
55 7.53822  1
172    11.7166
56 13.3004  2
127    10.4181
155    10.9536
57 12.1166  1
166    9.22059
58 8.25083  2
126    9.10486
226    7.9172
59 5.62716  8
130    7.95071
131    10.1116
132    11.168
133    8.61742
134    12.2888
135    12.2776
136    12.2412
227    10.2187
60 7.05969  1
78    12.3793
61 11.7379  3
124    10.6633
166    11.1709
226    7.44972
62 7.01422  1
241    0
63 11.5893  1
173    12.139
64 6.52867  10
65    11.0427
66    8.20853
67    10.9536
68    7.9172
69    10.0021
70    10.8104
71    7.44972
72    8.47551
73    11.8253
74    10.7642
65 10.0035  1
241    0
66 11.3506  1
124    9.95706
67 5.74953  1
241    0
68 7.45918  1
214    12.3745
69 13.0422  1
241    0
70 11.2737  1
124    12.9696
71 5.49837  9
157    9.02997
158    7.63576
159    9.08307
160    7.80917
161    9.64943
162    9.65877
163    9.68917
164    9.78841
165    10.1125
72 6.63915  1
77    9.08307
73 10.3645  1
77    7.80917
74 12.5295  10
106    10.9166
107    7.79653
108    9.60805
109    9.52364
110    9.24787
111    8.34733
112    11.4068
113    9.39729
114    8.83532
115    7.00018
75 9.59914  1
214    11.3764
76 10.0301  6
98    10.6439
99    12.9062
100    8.29368
101    11.2315
102    8.82488
227    10.018
77 11.4373  1
125    8.78954
78 6.03244  3
103    12.9663
104    8.48979
125    12.8509
79 8.38328  2
128    11.8865
129    10.9638
80 6.0596  1
140    12.5574
81 8.47179  1
155    7.9172
82 6.34861  1
241    0
83 9.41572  1
195    11.3172
84 9.43129  1
125    10.6421
85 9.48195  1
125    8.11313
86 9.64736  1
156    10.018
87 10.1875  1
126    12.2022
88 11.9515  1
241    0
89 7.71157  1
194    10.6421
90 13.8665  1
241    0
91 13.9654  1
124    8.17374
92 14.2883  1
241    0
93 5.34242  9
141    8.33799
142    11.3764
143    9.29786
144    8.51067
145    11.9402
146    11.139
147    8.52293
148    11.9803
149    11.27
94 6.1298  2
156    7.98349
234    9.68917
95 8.70098  1
166    8.62694
96 7.09723  1
241    0
97 11.8603  1
241    0
98 7.41371  1
214    9.29786
99 12.8939  1
116    7.00751
100 10.7894  1
241    0
101 13.9169  1
126    12.2657
102 14.1299  1
140    12.3745
103 14.8254  1
140    8.67766
104 7.09632  5
137    12.1222
138    11.7334
139    10.4639
214    8.33799
234    9.64943
105 11.8572  7
117    7.0315
118    7.10987
119    7.36567
120    8.20103
121    10.929
122    7.83718
123    9.74081
106 7.40364  1
155    11.8253
107 12.861  2
125    8.61632
184    10.929
108 10.6816  1
241    0
109 13.565  1
241    0
110 12.9809  1
173    8.48979
111 11.0732  1
241    0
112 14.8437  1
241    0
113 7.15613  1
241    0
114 12.0525  1
241    0
115 8.04147  3
125    12.9002
194    12.2851
227    10.7642
116 14.9438  1
241    0
117 7.48299  1
241    0
118 13.1201  1
127    12.169
119 11.5276  1
241    0
120 6.32756  4
168    11.7364
169    10.4736
170    12.3501
171    12.478
121 9.34675  1
241    0
122 9.20606  1
155    10.8104
123 8.74645  1
241    0
124 7.24555  1
241    0
125 12.3446  1
193    8.78954
126 8.99548  10
175    8.34733
176    11.4068
177    9.39729
178    8.83532
179    7.00018
180    7.00751
181    7.0315
182    7.10987
183    7.36567
226    10.9536
127 8.05887  1
241    0
128 5.00031  1
241    0
129 5.01251  1
241    0
130 5.05249  1
241    0
131 5.18311  1
241    0
132 5.60945  1
194    12.9002
133 7.00171  1
241    0
134 11.5484  1
241    0
135 6.39531  2
166    7.67788
173    12.9663
136 9.56801  2
167    8.44823
173    10.6439
137 9.92843  1
155    10.0021
138 11.1055  1
215    8.51067
139 14.9493  6
150    8.9505
151    7.37629
152    8.23582
153    11.0427
154    8.20853
166    12.3199
140 7.50099  1
241    0
141 13.179  1
214    7.51161
142 11.7202  1
241    0
143 6.95624  1
241    0
144 11.3997  1
241    0
145 5.90976  4
216    11.9402
217    11.139
218    8.52293
219    11.9803
146 7.98257  1
173    8.29368
147 14.7516  1
156    10.2187
148 6.85522  1
156    7.29902
149 11.0701  1
241    0
150 14.8337  2
156    9.75948
194    12.2022
151 7.12348  1
214    12.5574
152 11.946  1
194    11.1676
153 7.69387  1
241    0
154 13.8086  9
196    9.10486
197    7.8804
198    9.88198
199    10.4181
200    12.169
201    11.8865
202    10.9638
203    7.95071
204    10.1116
155 13.7762  1
241    0
156 13.6703  1
241    0
157 13.3245  1
241    0
158 12.1953  2
174    9.60805
227    7.98349
159 8.5081  1
234    12.3793
160 6.46733  6
235    7.20545
236    7.67788
237    9.22059
238    8.25834
239    11.1162
240    8.44823
161 9.80331  1
241    0
162 10.6969  1
241    0
163 13.6151  1
241    0
164 13.1442  1
241    0
165 11.6063  1
241    0
166 6.58452  1
241    0
167 10.186  1
241    0
168 11.9466  2
172    8.25779
173    11.2315
169 7.6957  1
241    0
170 13.8147  1
241    0
171 13.796  1
241    0
172 13.7353  2
193    7.54585
214    12.4855
173 13.5369  1
241    0
174 12.889  1
241    0
175 10.7732  6
228    10.8624
229    7.61946
230    9.02997
231    7.63576
232    9.08307
233    7.80917
176 13.8641  1
234    9.65877
177 13.9575  1
241    0
178 14.2624  1
241    0
179 5.25758  1
184    8.20103
180 5.85269  1
241    0
181 7.79611  1
241    0
182 14.1424  9
205    11.168
206    8.61742
207    12.2888
208    12.2776
209    12.2412
210    12.1222
211    11.7334
212    10.4639
213    12.3185
183 14.8663  1
241    0
184 7.22999  1
241    0
185 12.2939  1
241    0
186 8.82977  1
241    0
187 7.51778  1
241    0
188 13.2336  1
241    0
189 11.8984  1
241    0
190 7.53822  1
241    0
191 13.3004  1
234    10.1125
192 12.1166  1
241    0
193 8.25083  1
227    7.29902
194 5.62716  1
241    0
195 7.05969  1
241    0
196 11.7379  1
241    0
197 7.01422  1
234    11.1709
198 11.5893  1
241    0
199 6.52867  1
241    0
200 10.0035  1
241    0
201 11.3506  1
241    0
202 5.74953  1
241    0
203 7.45918  1
241    0
204 13.0422  6
220    11.27
221    8.9505
222    7.37629
223    8.23582
224    11.0427
225    8.20853
205 11.2737  1
241    0
206 5.49837  1
241    0
207 6.63915  1
241    0
208 10.3645  1
241    0
209 12.5295  1
241    0
210 9.59914  1
241    0
211 10.0301  1
241    0
212 11.4373  1
241    0
213 6.03244  2
214    7.15455
234    9.78841
214 8.38328  1
241    0
215 6.0596  1
241    0
216 8.47179  1
241    0
217 6.34861  1
241    0
218 9.41572  1
241    0
219 9.43129  1
227    9.75948
220 9.48195  1
241    0
221 9.64736  1
241    0
222 10.1875  1
241    0
223 11.9515  1
227    11.8253
224 7.71157  1
241    0
225 13.8665  1
226    8.47551
226 13.9654  1
241    0
227 14.2883  1
241    0
228 5.34242  1
241    0
229 6.1298  1
241    0
230 8.70098  1
234    8.62694
231 7.09723  1
241    0
232 11.8603  1
241    0
233 7.41371  1
241    0
234 12.8939  1
241    0
235 10.7894  1
241    0
236 13.9169  1
241    0
237 14.1299  1
241    0
238 14.8254  1
241    0
239 7.09632  1
241    0
240 11.8572  1
241    0
241 0  0
