86
0 6.46733  6
1    58.9427
10    48.0403
13    35.1575
46    42.3775
53    45.4154
78    55.1605
1 9.80331  5
2    53.2196
13    54.6451
21    37.7293
32    61.444
45    36.8815
2 10.6969  10
3    64.5312
4    41.4684
5    56.1576
6    44.1244
7    64.8315
8    42.449
9    59.3602
10    54.5828
11    46.2394
13    41.0051
3 13.6151  6
10    38.9827
13    39.1859
31    54.819
32    60.6108
34    43.3883
67    46.2394
4 13.1442  7
15    49.7853
16    53.3166
17    64.848
18    42.503
19    59.5369
20    55.1605
32    61.2059
5 11.6063  4
14    48.704
21    40.8687
32    61.5923
46    50.0105
6 6.58452  3
12    57.0338
13    46.9865
21    41.3704
7 10.186  7
13    36.8284
31    49.4099
45    44.7525
53    54.3118
54    48.2472
55    61.8963
67    42.449
8 11.9466  2
10    47.6182
13    35.5493
9 7.6957  3
32    52.3196
33    37.5581
46    59.1267
10 13.8147  2
11    41.7367
13    44.1766
11 13.796  4
13    35.0009
21    43.9477
32    43.0871
33    35.7727
12 13.7353  4
13    35.0375
21    54.1992
31    60.8452
32    58.6671
13 13.5369  2
31    52.0907
56    52.3681
14 12.889  5
21    40.5657
45    41.1791
53    38.0973
56    36.0273
78    64.848
15 10.7732  10
35    62.4273
36    64.599
37    41.69
38    56.8818
39    46.4893
40    42.5533
41    59.7008
42    55.6952
43    42.6147
44    59.9013
16 13.8641  3
22    55.838
23    43.0816
24    61.4257
17 13.9575  4
21    64.501
31    50.558
32    55.8399
55    43.1347
18 14.2624  5
21    53.2104
31    59.4325
32    61.8725
46    37.2486
56    38.3894
19 5.25758  1
21    64.2547
20 5.85269  2
31    39.7536
55    50.5626
21 7.79611  2
46    54.0518
54    39.0458
22 14.1424  3
28    56.586
29    45.5243
30    39.402
23 14.8663  5
25    61.3286
26    61.0109
27    59.9736
53    38.1788
66    44.1244
24 7.22999  1
85    0
25 12.2939  6
47    36.4951
48    39.9174
49    51.0936
50    57.5886
51    48.7974
52    50.0902
26 8.82977  2
68    46.9865
69    44.1766
27 7.51778  1
85    0
28 13.2336  1
32    61.3881
29 11.8984  1
33    62.7871
30 7.53822  3
45    41.0427
46    39.586
67    38.9827
31 13.3004  3
45    56.3498
55    61.5996
67    41.7367
32 12.1166  1
85    0
33 8.25083  2
56    46.1029
78    59.5369
34 5.62716  1
85    0
35 7.05969  2
56    55.5808
67    59.3602
36 11.7379  2
53    45.1498
66    53.2196
37 7.01422  3
46    54.7678
55    48.9421
78    40.8687
38 11.5893  8
70    35.0009
71    35.0375
72    35.1575
73    35.5493
74    36.8284
75    41.0051
76    54.6451
77    39.1859
39 6.52867  2
46    53.8211
56    61.7507
40 10.0035  1
85    0
41 11.3506  1
85    0
42 5.74953  2
56    41.2917
67    57.0338
43 7.45918  1
85    0
44 13.0422  3
45    55.2136
66    64.8315
67    48.0403
45 11.2737  1
78    42.503
46 5.49837  1
56    42.2411
47 6.63915  9
57    62.3898
58    64.4763
59    41.2889
60    55.5716
61    42.2109
62    58.5829
63    52.0449
64    60.6951
65    58.9427
48 10.3645  2
54    48.2939
55    55.8545
49 12.5295  1
56    58.6818
50 9.59914  1
54    48.4458
51 10.0301  1
66    41.4684
52 11.4373  1
85    0
53 6.03244  1
66    64.5312
54 8.38328  1
55    62.8649
55 6.0596  1
67    47.6182
56 8.47179  1
85    0
57 6.34861  1
85    0
58 9.41572  1
66    56.1576
59 9.43129  1
85    0
60 9.48195  1
67    54.5828
61 9.64736  1
85    0
62 10.1875  1
85    0
63 11.9515  1
85    0
64 7.71157  1
78    53.3166
65 13.8665  1
85    0
66 13.9654  6
79    54.1992
80    37.7293
81    43.9477
82    64.2547
83    40.5657
84    53.2104
67 14.2883  1
78    49.7853
68 5.34242  1
85    0
69 6.1298  1
85    0
70 8.70098  1
85    0
71 7.09723  1
85    0
72 11.8603  1
85    0
73 7.41371  1
85    0
74 12.8939  1
78    48.704
75 10.7894  1
85    0
76 13.9169  1
85    0
77 14.1299  1
85    0
78 14.8254  1
85    0
79 7.09632  1
85    0
80 11.8572  1
85    0
81 7.40364  1
85    0
82 12.861  1
85    0
83 10.6816  1
85    0
84 13.565  1
85    0
85 0  0
