205
0 8.38328  4
1    8.11313
2    10.6421
59    8.44218
61    10.6439
1 6.0596  4
2    12.9002
25    11.3764
114    7.67788
178    10.9536
2 8.47179  6
3    8.27409
4    11.1676
5    8.61632
6    12.2851
7    12.2657
68    11.9074
3 6.34861  10
8    12.2022
9    11.9947
10    11.3172
11    9.10486
12    7.8804
13    9.88198
14    10.4181
15    12.169
16    11.8865
17    10.9638
4 9.41572  1
114    7.20545
5 9.43129  5
24    8.67766
58    7.67788
61    8.29368
62    8.48979
186    11.7364
6 9.48195  1
23    12.2776
7 9.64736  5
24    12.4855
25    8.52293
58    11.1162
59    12.478
76    11.3172
8 10.1875  6
18    7.95071
19    10.1116
20    11.168
21    8.61742
22    12.2888
188    12.9663
9 11.9515  3
23    12.1222
24    10.4639
105    7.9172
10 7.71157  10
27    8.9505
28    7.37629
29    8.23582
30    11.0427
31    8.20853
32    10.9536
33    7.9172
34    10.0021
35    10.8104
36    7.44972
11 13.8665  1
24    12.5574
12 13.9654  5
24    7.51161
48    9.64943
59    12.3501
68    10.6633
76    11.9947
13 14.2883  6
37    8.47551
38    11.8253
39    10.7642
40    7.29902
41    7.98349
109    9.08307
14 5.34242  4
24    7.15455
26    11.27
68    12.9696
123    9.60805
15 6.1298  6
23    12.2412
24    11.7334
61    11.2315
63    9.60805
105    10.9536
184    8.62694
16 8.70098  2
25    8.51067
109    9.68917
17 7.09723  5
25    11.9402
48    9.65877
58    9.22059
66    7.10987
106    7.98349
18 11.8603  4
24    12.3745
25    11.139
76    9.10486
180    11.8253
19 7.41371  1
121    11.7166
20 12.8939  2
24    12.9198
25    9.29786
21 10.7894  5
25    8.33799
48    9.02997
59    11.7364
66    8.20103
68    12.8509
22 13.9169  3
24    12.3185
26    11.9803
188    11.2315
23 14.1299  10
49    9.68917
50    9.78841
51    10.1125
52    11.1709
53    8.62694
54    12.3199
55    12.3793
56    12.573
57    7.20545
59    11.1143
24 14.8254  1
68    11.0321
25 7.09632  5
48    7.80917
59    8.44823
63    7.79653
93    8.67766
105    10.0021
26 11.8572  4
48    9.08307
107    11.5177
178    8.20853
182    7.61946
27 7.40364  2
59    8.25779
68    8.5006
28 12.861  5
64    8.34733
65    9.39729
105    8.23582
120    10.4736
185    8.44823
29 10.6816  1
121    10.6439
30 13.565  2
65    8.83532
122    11.872
31 12.9809  3
61    8.82488
68    10.8398
121    8.44218
32 11.0732  1
182    7.80917
33 14.8437  2
93    12.9198
182    10.018
34 7.15613  2
68    7.54585
184    12.3199
35 12.0525  2
76    7.8804
83    8.61742
36 8.04147  6
42    10.2187
43    11.5177
44    9.75948
45    10.018
46    10.8624
47    7.61946
37 14.9438  6
59    11.7166
62    10.9166
63    9.52364
66    7.0315
114    12.573
176    11.3764
38 7.48299  1
204    0
39 13.1201  2
59    10.4736
61    12.9062
40 11.5276  3
93    7.51161
123    9.52364
182    9.08307
41 6.32756  2
48    7.63576
109    7.61946
42 9.34675  3
67    9.95706
171    10.4639
188    8.29368
43 9.20606  2
65    7.00751
114    12.3793
44 8.74645  1
75    12.2657
45 7.24555  2
63    9.24787
177    11.27
46 12.3446  7
94    8.33799
95    11.3764
96    9.29786
97    8.51067
98    11.9402
99    11.139
100    8.52293
47 8.99548  1
65    11.4068
48 8.05887  4
68    8.78954
76    12.2022
120    12.478
187    11.7885
49 5.00031  2
58    8.25834
67    7.83718
50 5.01251  3
83    12.2888
106    10.8104
171    12.5574
51 5.05249  3
65    7.00018
109    9.02997
171    12.3745
52 5.18311  1
107    9.75948
53 5.60945  1
187    10.409
54 7.00171  3
60    10.409
120    12.8953
177    11.9803
55 11.5484  1
83    10.1116
56 6.39531  4
59    12.8953
61    11.7885
109    9.65877
179    10.0021
57 9.56801  1
68    8.17374
58 9.92843  3
61    12.139
109    7.63576
182    10.8624
59 11.1055  2
62    11.872
123    9.24787
60 14.9493  3
61    12.9663
75    12.2851
122    8.48979
61 7.50099  2
109    10.8624
123    8.83532
62 13.179  2
120    12.3501
121    8.29368
63 11.7202  3
66    7.36567
120    8.25779
187    10.6439
64 6.95624  2
67    10.929
106    7.29902
65 11.3997  9
69    8.11313
70    10.6421
71    12.9002
72    8.27409
73    11.1676
74    8.61632
123    8.34733
178    11.0427
184    12.3793
66 5.90976  1
67    9.74081
67 7.98257  10
141    7.54585
142    8.78954
143    12.8509
144    8.11313
145    10.6421
146    12.9002
147    8.27409
148    11.1676
149    8.61632
150    12.2851
68 14.7516  1
204    0
69 6.85522  4
110    9.78841
111    10.1125
112    11.1709
113    8.62694
70 11.0701  1
123    7.79653
71 14.8337  1
121    8.82488
72 7.12348  7
77    9.88198
78    10.4181
79    12.169
80    11.8865
81    10.9638
82    7.95071
188    10.9166
73 11.946  1
177    11.139
74 7.69387  1
186    12.3501
75 13.8086  10
84    12.2776
85    12.2412
86    12.1222
87    11.7334
88    10.4639
89    12.3185
90    12.3745
91    12.5574
92    7.15455
106    10.7642
76 13.7762  2
108    10.018
121    12.9062
77 13.6703  1
106    8.47551
78 13.3245  1
183    9.65877
79 12.1953  2
122    10.9166
180    7.44972
80 8.5081  2
106    10.2187
183    9.78841
81 6.46733  2
93    12.4855
187    12.139
82 9.80331  1
83    11.168
83 10.6969  3
115    9.22059
116    8.25834
117    11.1162
84 13.6151  1
204    0
85 13.1442  1
105    8.20853
86 11.6063  8
196    7.00751
197    7.0315
198    7.10987
199    7.36567
200    8.20103
201    10.929
202    7.83718
203    9.74081
87 6.58452  2
121    10.409
171    7.15455
88 10.186  2
121    11.7885
123    9.39729
89 11.9466  2
121    12.139
184    11.1709
90 7.6957  1
204    0
91 13.8147  1
204    0
92 13.796  6
101    11.9803
102    11.27
103    8.9505
104    7.37629
106    7.44972
187    8.44218
93 13.7353  2
118    8.44823
119    11.7364
94 13.5369  2
109    7.80917
121    11.2315
95 12.889  1
105    11.0427
96 10.7732  1
109    9.64943
97 13.8641  1
186    11.1143
98 13.9575  1
120    11.1143
99 14.2624  1
177    11.9402
100 5.25758  1
204    0
101 5.85269  1
182    9.75948
102 7.79611  1
114    12.3199
103 14.1424  1
184    9.22059
104 14.8663  3
106    11.8253
122    12.9663
186    10.4736
105 7.22999  1
204    0
106 12.2939  1
179    10.8104
107 8.82977  1
204    0
108 7.51778  1
204    0
109 13.2336  1
204    0
110 11.8984  2
123    11.4068
188    7.79653
111 7.53822  8
124    7.00018
125    7.00751
126    7.0315
127    7.10987
128    7.36567
129    8.20103
130    10.929
186    12.8953
112 13.3004  1
182    7.63576
113 12.1166  1
204    0
114 8.25083  2
184    10.1125
186    8.25779
115 5.62716  1
204    0
116 7.05969  1
204    0
117 11.7379  1
204    0
118 7.01422  1
204    0
119 11.5893  1
184    12.573
120 6.52867  5
151    12.2657
152    12.2022
153    11.9947
154    11.3172
155    9.10486
121 10.0035  1
204    0
122 11.3506  1
204    0
123 5.74953  1
171    12.3185
124 7.45918  1
204    0
125 13.0422  10
131    7.83718
132    9.74081
133    9.95706
134    10.6633
135    12.9696
136    8.5006
137    11.9074
138    11.0321
139    8.17374
140    10.8398
126 11.2737  1
204    0
127 5.49837  1
204    0
128 6.63915  1
182    9.02997
129 10.3645  1
187    11.7166
130 12.5295  2
169    12.1222
170    11.7334
131 9.59914  1
204    0
132 10.0301  1
204    0
133 11.4373  1
204    0
134 6.03244  1
204    0
135 8.38328  1
204    0
136 6.0596  1
178    8.23582
137 8.47179  6
164    11.168
165    8.61742
166    12.2888
167    12.2776
168    12.2412
178    8.9505
138 6.34861  1
204    0
139 9.41572  1
180    10.7642
140 9.43129  1
204    0
141 9.48195  1
204    0
142 9.64736  1
204    0
143 10.1875  2
182    11.5177
185    8.25834
144 11.9515  1
176    8.33799
145 7.71157  1
204    0
146 13.8665  9
156    7.8804
157    9.88198
158    10.4181
159    12.169
160    11.8865
161    10.9638
162    7.95071
163    10.1116
182    9.64943
147 13.9654  7
189    9.52364
190    9.24787
191    8.34733
192    11.4068
193    9.39729
194    8.83532
195    7.00018
148 14.2883  1
204    0
149 5.34242  1
180    7.98349
150 6.1298  4
172    7.51161
173    8.67766
174    12.4855
180    8.47551
151 8.70098  1
204    0
152 7.09723  1
204    0
153 11.8603  1
204    0
154 7.41371  1
204    0
155 12.8939  1
204    0
156 10.7894  1
204    0
157 13.9169  1
186    12.478
158 14.1299  4
176    9.29786
184    7.20545
185    11.1162
187    12.9062
159 14.8254  3
177    8.52293
178    7.9172
180    7.29902
160 7.09632  1
204    0
161 11.8572  2
178    7.37629
188    8.48979
162 7.40364  1
204    0
163 12.861  1
204    0
164 10.6816  1
188    9.60805
165 13.565  1
204    0
166 12.9809  1
204    0
167 11.0732  1
204    0
168 14.8437  1
204    0
169 7.15613  1
188    8.82488
170 12.0525  1
175    12.9198
171 8.04147  1
176    8.51067
172 14.9438  1
204    0
173 7.48299  1
188    11.872
174 13.1201  1
204    0
175 11.5276  1
204    0
176 6.32756  1
184    7.67788
177 9.34675  1
181    10.2187
178 9.20606  1
204    0
179 8.74645  1
204    0
180 7.24555  1
183    9.68917
181 12.3446  1
204    0
182 8.99548  1
204    0
183 8.05887  1
204    0
184 5.00031  1
204    0
185 5.01251  1
204    0
186 5.05249  1
204    0
187 5.18311  1
204    0
188 5.60945  1
204    0
189 7.00171  1
204    0
190 11.5484  1
204    0
191 6.39531  1
204    0
192 9.56801  1
204    0
193 9.92843  1
204    0
194 11.1055  1
204    0
195 14.9493  1
204    0
196 7.50099  1
204    0
197 13.179  1
204    0
198 11.7202  1
204    0
199 6.95624  1
204    0
200 11.3997  1
204    0
201 5.90976  1
204    0
202 7.98257  1
204    0
203 14.7516  1
204    0
204 0  0
