222
0 11.0732  2
1    41.0427
2    54.7678
1 14.8437  2
3    39.586
70    45.5243
2 7.15613  5
4    50.0105
5    54.0518
6    37.2486
7    42.3775
22    48.2939
3 12.0525  2
22    48.9421
47    59.3602
4 8.04147  1
221    0
5 14.9438  9
8    59.1267
9    53.8211
10    36.4951
11    39.9174
12    51.0936
13    57.5886
14    48.7974
48    35.0009
143    35.0009
6 7.48299  1
221    0
7 13.1201  8
15    50.0902
16    54.3118
17    38.0973
18    45.1498
19    38.1788
20    45.4154
21    39.0458
148    64.501
8 11.5276  3
22    48.2472
46    58.9427
52    41.0051
9 6.32756  4
48    44.1766
52    49.7853
140    54.5828
166    43.3883
10 9.34675  8
62    40.5657
63    53.2104
64    64.501
65    41.3704
66    55.838
67    43.0816
68    61.4257
69    61.3286
11 9.20606  10
72    54.819
73    39.7536
74    50.558
75    55.8399
76    43.0871
77    61.444
78    61.3881
79    61.2059
80    60.6108
81    58.6671
12 8.74645  1
119    55.8545
13 7.24555  10
23    50.5626
24    55.8545
25    43.1347
26    61.5996
27    61.8963
28    62.8649
29    36.0273
30    38.3894
31    46.1029
32    41.2917
14 12.3446  2
22    48.4458
166    41.69
15 8.99548  1
48    46.9865
16 8.05887  3
46    44.1244
47    48.0403
152    45.5243
17 5.00031  1
71    59.4325
18 5.01251  4
46    41.4684
47    54.5828
146    37.7293
166    56.8818
19 5.05249  1
221    0
20 5.18311  1
48    35.0375
21 5.60945  3
47    41.7367
140    38.9827
158    61.3881
22 7.00171  1
47    64.8315
23 11.5484  1
52    53.3166
24 6.39531  1
210    41.2917
25 9.56801  2
52    48.704
143    35.5493
26 9.92843  2
71    39.402
88    64.599
27 11.1055  2
46    64.5312
47    46.2394
28 14.9493  1
221    0
29 7.50099  9
33    55.5808
34    42.2411
35    58.6818
36    52.3681
37    61.7507
38    62.3898
39    64.4763
40    41.2889
70    56.586
30 13.179  4
43    58.5829
44    52.0449
45    60.6951
143    57.0338
31 11.7202  1
88    46.4893
32 6.95624  4
49    35.1575
50    35.5493
51    36.8284
139    58.9427
33 11.3997  1
48    57.0338
34 5.90976  2
121    61.8963
140    48.0403
35 7.98257  1
47    38.9827
36 14.7516  3
41    55.5716
42    42.2109
46    56.1576
37 6.85522  1
46    53.2196
38 11.0701  2
71    49.4099
147    40.5657
39 14.8337  2
47    47.6182
140    42.449
40 7.12348  1
88    56.8818
41 11.946  3
47    42.449
52    39.1859
143    44.1766
42 7.69387  1
221    0
43 13.8086  1
61    64.2547
44 13.7762  1
221    0
45 13.6703  8
53    64.848
54    42.503
55    59.5369
56    55.1605
57    40.8687
58    54.1992
59    37.7293
144    36.8284
46 13.3245  2
60    43.9477
152    39.402
47 12.1953  1
221    0
48 8.5081  1
221    0
49 6.46733  1
101    50.0105
50 9.80331  1
70    61.0109
51 10.6969  2
52    54.6451
70    59.9736
52 13.6151  3
202    55.8545
203    43.1347
212    52.0449
53 13.1442  1
88    43.3883
54 11.6063  9
112    54.3118
113    38.0973
114    45.1498
115    38.1788
116    45.4154
117    39.0458
118    48.2472
139    64.8315
145    55.1605
55 6.58452  1
139    44.1244
56 10.186  1
221    0
57 11.9466  8
131    61.7507
132    62.3898
133    64.4763
134    41.2889
135    55.5716
136    42.2109
137    58.5829
138    52.0449
58 7.6957  1
221    0
59 13.8147  8
175    41.1791
176    55.2136
177    41.0427
178    54.7678
179    39.586
180    50.0105
181    54.0518
210    41.2889
60 13.796  1
221    0
61 13.7353  1
71    52.0907
62 13.5369  1
145    42.503
63 12.889  2
144    49.7853
146    43.9477
64 10.7732  1
182    42.3775
65 13.8641  1
221    0
66 13.9575  1
71    60.8452
67 14.2624  1
183    59.1267
68 5.25758  2
150    61.3286
151    61.0109
69 5.85269  2
139    41.4684
210    55.5808
70 7.79611  6
184    53.8211
185    36.4951
186    39.9174
187    51.0936
188    57.5886
189    48.7974
71 14.1424  9
89    42.5533
90    59.7008
91    55.6952
92    42.6147
93    59.9013
94    56.3498
95    44.7525
96    36.8815
148    41.3704
72 14.8663  5
159    58.6671
160    52.3196
161    61.5923
162    61.8725
163    62.7871
73 7.22999  2
141    46.2394
142    41.7367
74 12.2939  1
221    0
75 8.82977  1
105    59.1267
76 7.51778  6
82    52.3196
83    61.5923
84    61.8725
85    62.7871
86    35.7727
87    37.5581
77 13.2336  2
119    48.4458
211    42.2109
78 11.8984  2
119    48.9421
158    60.6108
79 7.53822  1
147    53.2104
80 13.3004  1
212    64.5312
81 12.1166  7
106    36.4951
107    39.9174
108    51.0936
109    57.5886
110    48.7974
111    50.0902
145    53.3166
82 8.25083  1
210    62.3898
83 5.62716  1
88    62.4273
84 7.05969  1
221    0
85 11.7379  4
97    41.1791
98    55.2136
99    41.0427
100    54.7678
86 7.01422  2
88    41.69
152    59.9736
87 11.5893  9
122    62.8649
123    36.0273
124    38.3894
125    46.1029
126    41.2917
127    55.5808
128    42.2411
129    58.6818
139    60.6951
88 6.52867  6
102    54.0518
103    37.2486
104    42.3775
105    53.8211
152    52.0907
210    55.5716
89 10.0035  2
130    52.3681
144    41.0051
90 11.3506  1
143    46.9865
91 5.74953  1
221    0
92 7.45918  1
145    59.5369
93 13.0422  1
166    64.599
94 11.2737  1
101    39.586
95 5.49837  1
166    62.4273
96 6.63915  1
139    56.1576
97 10.3645  1
221    0
98 12.5295  1
212    42.449
99 9.59914  1
164    35.7727
100 10.0301  1
221    0
101 11.4373  1
221    0
102 6.03244  1
212    58.9427
103 8.38328  1
143    35.1575
104 6.0596  1
145    40.8687
105 8.47179  2
119    48.2939
166    46.4893
106 6.34861  1
152    49.4099
107 9.41572  4
119    43.1347
140    59.3602
143    35.0375
152    56.586
108 9.43129  1
144    39.1859
109 9.48195  1
221    0
110 9.64736  1
221    0
111 10.1875  1
149    61.4257
112 11.9515  1
119    50.5626
113 7.71157  1
221    0
114 13.8665  2
144    48.704
210    42.2411
115 13.9654  8
213    59.3602
214    54.5828
215    38.9827
216    48.0403
217    47.6182
218    46.2394
219    41.7367
220    57.0338
116 14.2883  1
140    47.6182
117 5.34242  1
221    0
118 6.1298  1
120    61.5996
119 8.70098  1
147    64.2547
120 7.09723  1
221    0
121 11.8603  4
167    42.5533
168    59.7008
169    55.6952
170    42.6147
122 7.41371  1
158    61.444
123 12.8939  1
221    0
124 10.7894  6
153    59.4325
154    54.819
155    39.7536
156    50.558
157    55.8399
210    61.7507
125 13.9169  1
145    64.848
126 14.1299  1
221    0
127 14.8254  1
221    0
128 7.09632  1
221    0
129 11.8572  1
212    53.2196
130 7.40364  1
221    0
131 12.861  1
212    60.6951
132 10.6816  1
221    0
133 13.565  1
139    53.2196
134 12.9809  1
144    54.6451
135 11.0732  1
221    0
136 14.8437  1
221    0
137 7.15613  1
145    54.1992
138 12.0525  1
139    64.5312
139 8.04147  1
148    55.838
140 14.9438  1
152    60.8452
141 7.48299  1
148    43.0816
142 13.1201  1
221    0
143 11.5276  1
221    0
144 6.32756  1
221    0
145 9.34675  1
221    0
146 9.20606  2
208    38.3894
209    46.1029
147 8.74645  7
190    50.0902
191    54.3118
192    38.0973
193    45.1498
194    38.1788
195    45.4154
196    39.0458
148 7.24555  1
221    0
149 12.3446  1
221    0
150 8.99548  1
221    0
151 8.05887  1
221    0
152 5.00031  1
221    0
153 5.01251  1
221    0
154 5.05249  1
165    37.5581
155 5.18311  1
158    61.2059
156 5.60945  2
158    43.0871
211    58.5829
157 7.00171  1
221    0
158 11.5484  1
221    0
159 6.39531  1
182    37.2486
160 9.56801  5
171    59.9013
172    56.3498
173    44.7525
174    36.8815
210    64.4763
161 9.92843  1
212    41.4684
162 11.1055  1
221    0
163 14.9493  1
221    0
164 7.50099  1
221    0
165 13.179  1
221    0
166 11.7202  1
221    0
167 6.95624  1
221    0
168 11.3997  1
221    0
169 5.90976  1
212    44.1244
170 7.98257  1
221    0
171 14.7516  1
221    0
172 6.85522  1
221    0
173 11.0701  1
221    0
174 14.8337  1
221    0
175 7.12348  1
221    0
176 11.946  1
221    0
177 7.69387  1
221    0
178 13.8086  1
221    0
179 13.7762  1
221    0
180 13.6703  1
221    0
181 13.3245  1
221    0
182 12.1953  1
212    64.8315
183 8.5081  1
221    0
184 6.46733  1
221    0
185 9.80331  5
197    48.2472
198    48.2939
199    48.4458
200    48.9421
201    50.5626
186 10.6969  1
221    0
187 13.6151  1
221    0
188 13.1442  1
221    0
189 11.6063  1
221    0
190 6.58452  1
221    0
191 10.186  1
221    0
192 11.9466  1
210    52.3681
193 7.6957  1
221    0
194 13.8147  1
221    0
195 13.796  1
221    0
196 13.7353  1
212    56.1576
197 13.5369  1
221    0
198 12.889  1
210    58.6818
199 10.7732  1
221    0
200 13.8641  4
204    61.5996
205    61.8963
206    62.8649
207    36.0273
201 13.9575  1
221    0
202 14.2624  1
221    0
203 5.25758  1
221    0
204 5.85269  1
221    0
205 7.79611  1
221    0
206 14.1424  1
221    0
207 14.8663  1
221    0
208 7.22999  1
221    0
209 12.2939  1
221    0
210 8.82977  1
221    0
211 7.51778  1
221    0
212 13.2336  1
221    0
213 11.8984  1
221    0
214 7.53822  1
221    0
215 13.3004  1
221    0
216 12.1166  1
221    0
217 8.25083  1
221    0
218 5.62716  1
221    0
219 7.05969  1
221    0
220 11.7379  1
221    0
221 0  0
