221
0 12.861  6
1    56.3498
2    36.8815
36    61.7507
123    61.0109
145    48.4458
172    59.5369
1 10.6816  6
2    44.7525
3    55.2136
38    64.8315
53    49.7853
165    35.0009
184    52.3196
2 13.565  1
3    41.1791
3 12.9809  10
4    41.0427
5    54.7678
6    39.586
7    50.0105
8    54.0518
9    37.2486
10    42.3775
11    59.1267
12    53.8211
38    44.1244
4 11.0732  10
13    36.4951
14    39.9174
15    51.0936
16    57.5886
17    48.7974
18    50.0902
30    61.8963
36    58.9427
39    59.3602
60    61.0109
5 14.8437  3
120    35.0375
122    40.5657
187    41.69
6 7.15613  5
30    62.8649
63    54.819
64    43.3883
129    46.4893
140    53.8211
7 12.0525  1
30    38.3894
8 8.04147  4
30    36.0273
36    62.3898
156    60.6951
165    47.6182
9 14.9438  5
38    64.5312
60    61.4257
70    44.7525
165    35.1575
189    39.586
10 7.48299  4
38    41.4684
124    59.9736
129    55.6952
156    41.4684
11 13.1201  6
39    42.449
63    59.4325
64    61.8725
100    41.2889
120    54.6451
121    53.3166
12 11.5276  8
23    45.4154
24    39.0458
25    48.2472
26    48.2939
27    48.4458
28    48.9421
29    50.5626
187    59.7008
13 6.32756  2
30    61.5996
70    56.3498
14 9.34675  5
30    46.1029
54    54.1992
85    54.3118
127    61.8725
189    54.7678
15 9.20606  7
31    41.2917
32    55.5808
33    42.2411
34    58.6818
35    52.3681
53    41.0051
64    61.2059
16 8.74645  2
36    42.2109
156    64.5312
17 7.24555  2
37    53.2196
189    55.2136
18 12.3446  7
19    54.3118
20    38.0973
21    45.1498
22    38.1788
36    60.6951
140    42.3775
141    38.0973
19 8.99548  3
30    43.1347
172    53.3166
209    55.5808
20 8.05887  3
70    42.5533
121    59.5369
145    43.1347
21 5.00031  9
71    41.1791
72    55.2136
73    41.0427
74    54.7678
75    39.586
76    50.0105
122    53.2104
127    61.2059
145    61.8963
22 5.01251  5
38    56.1576
120    39.1859
146    62.8649
184    61.5923
188    59.9013
23 5.05249  5
36    52.0449
70    59.7008
85    50.0902
172    40.8687
173    40.5657
24 5.18311  5
36    58.5829
53    54.6451
54    37.7293
63    43.0871
128    35.7727
25 5.60945  2
70    59.9013
189    59.1267
26 7.00171  10
43    46.2394
44    41.7367
45    57.0338
46    46.9865
47    44.1766
48    35.0009
49    35.0375
50    35.1575
51    35.5493
63    55.8399
27 11.5484  2
30    55.8545
54    55.1605
28 6.39531  4
36    41.2889
53    53.3166
54    40.8687
85    38.0973
29 9.56801  2
60    61.3286
96    42.2411
30 9.92843  3
61    39.402
62    49.4099
85    45.1498
31 11.1055  2
36    64.4763
64    52.3196
32 14.9493  3
54    42.503
126    43.0871
141    48.7974
33 7.50099  3
96    61.5996
173    64.2547
188    42.6147
34 13.179  2
123    61.3286
129    42.5533
35 11.7202  6
36    55.5716
70    55.6952
120    35.0009
128    37.5581
173    43.9477
209    61.5996
36 6.95624  7
65    62.4273
66    64.599
67    41.69
68    56.8818
69    46.4893
156    52.0449
175    59.9736
37 11.3997  6
40    38.9827
41    48.0403
42    47.6182
60    55.838
64    35.7727
188    56.3498
38 5.90976  5
39    54.5828
60    45.5243
64    62.7871
172    42.503
183    43.0871
39 7.98257  1
140    36.4951
40 14.7516  2
173    54.1992
189    50.0105
41 6.85522  2
53    64.848
122    40.8687
42 11.0701  6
55    43.9477
56    64.2547
57    40.5657
58    53.2104
59    64.501
124    39.7536
43 14.8337  2
60    43.0816
183    39.7536
44 7.12348  5
64    37.5581
85    57.5886
124    56.586
165    35.5493
209    38.3894
45 11.946  5
54    59.5369
63    50.558
123    55.838
127    52.3196
166    36.8284
46 7.69387  9
77    54.0518
78    37.2486
79    42.3775
80    59.1267
81    53.8211
82    36.4951
83    39.9174
84    51.0936
128    62.4273
47 13.8086  2
60    56.586
100    64.4763
48 13.7762  3
63    60.8452
64    60.6108
121    42.503
49 13.6703  1
128    43.3883
50 13.3245  5
52    36.8284
53    48.704
60    41.3704
123    43.0816
188    55.6952
51 12.1953  2
53    39.1859
128    64.599
52 8.5081  5
63    61.444
120    41.0051
145    61.5996
165    35.0375
184    61.8725
53 6.46733  1
220    0
54 9.80331  4
60    59.9736
63    39.7536
96    55.5808
100    55.5716
55 10.6969  3
64    58.6671
129    59.7008
145    48.9421
56 13.6151  2
64    61.5923
172    64.848
57 13.1442  4
63    61.3881
96    41.2917
145    48.2472
184    62.7871
58 11.6063  7
176    56.586
177    45.5243
178    39.402
179    49.4099
180    52.0907
181    60.8452
182    59.4325
59 6.58452  3
97    52.3681
98    61.7507
99    62.3898
60 10.186  10
86    38.1788
87    45.4154
88    39.0458
89    48.2472
90    48.2939
91    48.4458
92    48.9421
93    50.5626
94    55.8545
95    43.1347
61 11.9466  1
220    0
62 7.6957  3
63    52.0907
122    64.501
165    46.9865
63 13.8147  3
120    35.1575
121    49.7853
209    41.2917
64 13.796  1
124    59.4325
65 13.7353  10
210    42.2411
211    58.6818
212    52.3681
213    61.7507
214    62.3898
215    64.4763
216    41.2889
217    55.5716
218    42.2109
219    58.5829
66 13.5369  3
122    43.9477
156    53.2196
183    58.6671
67 12.889  1
122    54.1992
68 10.7732  3
70    42.6147
96    36.0273
209    46.1029
69 13.8641  3
70    36.8815
96    46.1029
119    44.1766
70 13.9575  1
220    0
71 14.2624  1
121    55.1605
72 5.25758  1
220    0
73 5.85269  1
128    62.7871
74 7.79611  7
113    54.5828
114    38.9827
115    48.0403
116    47.6182
117    46.2394
118    41.7367
141    50.0902
75 14.1424  2
120    35.5493
123    41.3704
76 14.8663  1
220    0
77 7.22999  1
120    48.704
78 12.2939  1
220    0
79 8.82977  2
129    59.9013
146    55.5808
80 7.51778  1
140    51.0936
81 13.2336  1
127    58.6671
82 11.8984  2
85    48.7974
126    61.444
83 7.53822  4
198    45.1498
199    38.1788
200    45.4154
201    39.0458
84 13.3004  1
96    38.3894
85 12.1166  1
145    48.2939
86 8.25083  1
119    57.0338
87 5.62716  2
124    45.5243
165    46.2394
88 7.05969  2
96    62.8649
127    61.3881
89 11.7379  1
220    0
90 7.01422  1
139    54.0518
91 11.5893  2
96    61.8963
122    37.7293
92 6.52867  3
146    46.1029
165    44.1766
187    56.8818
93 10.0035  3
101    58.5829
102    52.0449
129    56.8818
94 11.3506  1
220    0
95 5.74953  2
96    58.6818
124    39.402
96 7.45918  3
100    42.2109
125    50.558
187    42.5533
97 13.0422  2
124    52.0907
140    59.1267
98 11.2737  2
120    36.8284
129    42.6147
99 5.49837  1
139    37.2486
100 6.63915  1
185    35.7727
101 10.3645  1
183    55.8399
102 12.5295  10
103    60.6951
104    58.9427
105    53.2196
106    64.5312
107    41.4684
108    56.1576
109    44.1244
110    64.8315
111    42.449
112    59.3602
103 9.59914  1
220    0
104 10.0301  9
147    42.2411
148    58.6818
149    52.3681
150    61.7507
151    62.3898
152    64.4763
153    41.2889
154    55.5716
155    42.2109
105 11.4373  1
187    43.3883
106 6.03244  2
127    60.6108
173    37.7293
107 8.38328  1
174    55.838
108 6.0596  2
122    64.2547
129    41.69
109 8.47179  4
123    61.4257
140    57.5886
146    38.3894
188    41.1791
110 6.34861  1
220    0
111 9.41572  2
125    55.8399
165    57.0338
112 9.43129  3
119    46.9865
121    64.848
124    54.819
113 9.48195  1
220    0
114 9.64736  4
142    45.1498
143    38.1788
144    45.4154
145    55.8545
115 10.1875  1
124    49.4099
116 11.9515  1
220    0
117 7.71157  10
130    56.3498
131    44.7525
132    36.8815
133    41.1791
134    55.2136
135    41.0427
136    54.7678
137    39.586
138    50.0105
183    61.3881
118 13.8665  1
165    41.7367
119 13.9654  1
220    0
120 14.2883  3
156    58.5829
175    43.0816
189    54.0518
121 5.34242  1
189    42.3775
122 6.1298  1
124    60.8452
123 8.70098  2
141    54.3118
183    60.6108
124 7.09723  2
127    61.5923
140    39.9174
125 11.8603  2
173    53.2104
187    46.4893
126 7.41371  1
220    0
127 12.8939  1
220    0
128 10.7894  1
220    0
129 13.9169  1
220    0
130 14.1299  1
175    61.4257
131 14.8254  1
209    61.8963
132 7.09632  1
220    0
133 11.8572  1
220    0
134 7.40364  1
157    56.1576
135 12.861  1
183    61.2059
136 10.6816  1
173    64.501
137 13.565  2
146    36.0273
190    53.8211
138 12.9809  1
220    0
139 11.0732  7
158    44.1244
159    64.8315
160    42.449
161    59.3602
162    54.5828
163    38.9827
164    48.0403
140 14.8437  1
145    50.5626
141 7.15613  1
145    39.0458
142 12.0525  1
146    41.2917
143 8.04147  4
167    41.0051
168    54.6451
169    39.1859
188    44.7525
144 14.9438  1
220    0
145 7.48299  1
175    61.0109
146 13.1201  1
220    0
147 11.5276  1
156    58.9427
148 6.32756  2
187    62.4273
209    62.8649
149 9.34675  1
220    0
150 9.20606  1
220    0
151 8.74645  1
220    0
152 7.24555  1
220    0
153 12.3446  1
220    0
154 8.99548  3
172    55.1605
183    61.444
188    36.8815
155 8.05887  1
220    0
156 5.00031  2
170    48.704
171    49.7853
157 5.01251  1
220    0
158 5.05249  1
220    0
159 5.18311  1
220    0
160 5.60945  1
220    0
161 7.00171  1
220    0
162 11.5484  1
175    61.3286
163 6.39531  1
220    0
164 9.56801  1
220    0
165 9.92843  1
220    0
166 11.1055  1
220    0
167 14.9493  1
220    0
168 7.50099  1
173    41.3704
169 13.179  1
183    50.558
170 11.7202  1
183    54.819
171 6.95624  1
220    0
172 11.3997  1
220    0
173 5.90976  1
220    0
174 7.98257  2
186    37.5581
209    36.0273
175 14.7516  1
220    0
176 6.85522  1
187    64.599
177 11.0701  1
189    37.2486
178 14.8337  1
189    41.0427
179 7.12348  1
220    0
180 11.946  1
220    0
181 7.69387  1
220    0
182 13.8086  7
191    39.9174
192    51.0936
193    57.5886
194    48.7974
195    50.0902
196    54.3118
197    38.0973
183 13.7762  1
220    0
184 13.6703  1
220    0
185 13.3245  1
220    0
186 12.1953  1
190    36.4951
187 8.5081  1
220    0
188 6.46733  1
220    0
189 9.80331  1
220    0
190 10.6969  1
220    0
191 13.6151  1
220    0
192 13.1442  7
202    48.2472
203    48.2939
204    48.4458
205    48.9421
206    50.5626
207    55.8545
208    43.1347
193 11.6063  1
220    0
194 6.58452  1
220    0
195 10.186  1
220    0
196 11.9466  1
220    0
197 7.6957  1
220    0
198 13.8147  1
220    0
199 13.796  1
220    0
200 13.7353  1
220    0
201 13.5369  1
220    0
202 12.889  1
220    0
203 10.7732  1
220    0
204 13.8641  1
220    0
205 13.9575  1
220    0
206 14.2624  1
220    0
207 5.25758  1
220    0
208 5.85269  1
220    0
209 7.79611  1
220    0
210 14.1424  1
220    0
211 14.8663  1
220    0
212 7.22999  1
220    0
213 12.2939  1
220    0
214 8.82977  1
220    0
215 7.51778  1
220    0
216 13.2336  1
220    0
217 11.8984  1
220    0
218 7.53822  1
220    0
219 13.3004  1
220    0
220 0  0
