95
0 8.74645  8
1    7.80917
2    9.64943
3    9.65877
13    8.25834
14    10.409
15    12.9062
22    8.83532
75    9.22059
1 7.24555  5
4    9.78841
5    10.1125
6    11.1709
14    12.139
15    8.82488
2 12.3446  3
3    9.68917
15    11.2315
75    12.3199
3 8.99548  4
6    8.62694
14    11.7885
40    11.168
62    10.0021
4 8.05887  6
13    8.44823
14    11.7166
15    12.9663
22    7.00751
40    10.1116
61    8.9505
5 5.00031  4
14    12.8953
22    9.39729
38    11.1676
40    10.9638
6 5.01251  8
7    12.3199
8    12.3793
9    12.573
10    7.20545
11    7.67788
12    9.22059
13    10.4736
39    9.10486
7 5.05249  3
15    8.48979
22    11.4068
64    9.75948
8 5.18311  4
13    11.7364
22    7.36567
38    8.27409
40    7.95071
9 5.60945  6
13    12.478
14    10.6439
15    8.29368
38    11.9947
61    11.0427
62    7.44972
10 7.00171  9
16    10.9166
17    7.79653
18    9.60805
19    9.52364
20    9.24787
21    8.34733
22    7.10987
40    12.169
64    10.7642
11 11.5484  4
13    11.1162
14    8.44218
22    8.20103
38    8.61632
12 6.39531  5
13    12.3501
14    11.1143
15    11.872
22    7.0315
63    8.47551
13 9.56801  4
14    8.25779
29    8.5006
61    7.37629
64    7.61946
14 9.92843  5
23    10.929
24    7.83718
25    9.74081
26    9.95706
39    7.8804
15 11.1055  1
62    7.9172
16 14.9493  1
62    10.9536
17 7.50099  2
27    10.6633
28    12.9696
18 13.179  2
22    7.00018
38    12.9002
19 11.7202  1
94    0
20 6.95624  1
94    0
21 11.3997  1
38    10.6421
22 5.90976  1
75    8.25834
23 7.98257  8
30    11.9074
31    11.0321
32    8.17374
33    10.8398
34    7.54585
35    8.78954
36    12.8509
37    8.11313
24 14.7516  2
40    12.2888
64    7.98349
25 6.85522  1
40    8.61742
26 11.0701  2
39    9.88198
61    11.27
27 14.8337  2
38    11.3172
75    12.573
28 7.12348  2
40    11.8865
64    11.5177
29 11.946  3
58    11.9402
59    11.139
60    8.52293
30 7.69387  1
39    10.4181
31 13.8086  1
94    0
32 13.7762  8
41    12.2776
42    12.2412
43    12.1222
44    11.7334
45    10.4639
46    12.3185
47    12.3745
48    12.5574
33 13.6703  1
94    0
34 13.3245  1
38    12.2851
35 12.1953  4
38    12.2022
63    11.8253
64    7.29902
75    7.67788
36 8.5081  1
38    12.2657
37 6.46733  1
92    8.29368
38 9.80331  1
94    0
39 10.6969  1
94    0
40 13.6151  10
65    9.02997
66    7.63576
67    9.08307
68    7.80917
69    9.64943
70    9.65877
71    9.68917
72    9.78841
73    10.1125
74    11.1709
41 13.1442  1
94    0
42 11.6063  1
94    0
43 6.58452  1
94    0
44 10.186  1
94    0
45 11.9466  1
94    0
46 7.6957  2
61    8.23582
64    10.2187
47 13.8147  1
94    0
48 13.796  9
49    7.15455
50    7.51161
51    8.67766
52    12.4855
53    12.9198
54    8.33799
55    11.3764
56    9.29786
57    8.51067
49 13.7353  1
64    10.018
50 13.5369  1
94    0
51 12.889  2
61    11.9803
75    12.3793
52 10.7732  1
94    0
53 13.8641  1
94    0
54 13.9575  1
75    7.20545
55 14.2624  8
76    11.1162
77    8.44823
78    11.7364
79    10.4736
80    12.3501
81    12.478
82    12.8953
83    8.25779
56 5.25758  1
62    10.8104
57 5.85269  1
75    8.62694
58 7.79611  1
94    0
59 14.1424  2
61    8.20853
64    10.8624
60 14.8663  1
94    0
61 7.22999  1
94    0
62 12.2939  1
94    0
63 8.82977  1
94    0
64 7.51778  1
94    0
65 13.2336  1
94    0
66 11.8984  1
94    0
67 7.53822  1
92    8.82488
68 13.3004  1
94    0
69 12.1166  1
94    0
70 8.25083  1
94    0
71 5.62716  1
92    11.2315
72 7.05969  1
94    0
73 11.7379  1
94    0
74 7.01422  1
94    0
75 11.5893  1
94    0
76 6.52867  1
94    0
77 10.0035  1
94    0
78 11.3506  1
94    0
79 5.74953  1
94    0
80 7.45918  1
94    0
81 13.0422  1
94    0
82 11.2737  1
94    0
83 5.49837  8
84    11.1143
85    8.44218
86    11.7166
87    10.409
88    12.139
89    11.7885
90    10.6439
91    12.9062
84 6.63915  1
94    0
85 10.3645  1
94    0
86 12.5295  1
94    0
87 9.59914  1
94    0
88 10.0301  1
94    0
89 11.4373  1
94    0
90 6.03244  1
94    0
91 8.38328  1
92    12.9663
92 6.0596  1
93    8.48979
93 8.47179  1
94    0
94 0  0
