111
0 13.8086  3
1    35.0375
7    55.1605
49    54.3118
1 13.7762  6
2    35.1575
3    35.5493
4    36.8284
6    39.1859
7    43.9477
23    54.819
2 13.6703  5
5    54.6451
6    48.704
7    40.8687
25    62.7871
101    61.4257
3 13.3245  4
5    41.0051
6    64.848
7    59.5369
39    54.7678
4 12.1953  4
6    53.3166
7    42.503
8    64.2547
39    36.8815
5 8.5081  4
6    49.7853
7    37.7293
24    61.2059
39    39.586
6 6.46733  4
7    54.1992
8    40.5657
15    61.3286
24    52.3196
7 9.80331  3
24    61.444
49    57.5886
50    45.4154
8 10.6969  9
9    53.2104
10    64.501
11    41.3704
12    55.838
13    43.0816
14    61.4257
23    50.558
33    59.7008
50    48.4458
9 13.6151  1
15    61.0109
10 13.1442  2
49    45.1498
67    52.0449
11 11.6063  2
24    60.6108
101    40.5657
12 6.58452  3
21    52.0907
24    43.0871
67    42.2109
13 10.186  10
16    59.9736
17    56.586
18    45.5243
19    39.402
20    49.4099
22    60.8452
25    35.7727
39    41.0427
49    48.7974
67    58.9427
14 11.9466  5
34    55.6952
35    42.6147
36    59.9013
37    56.3498
38    44.7525
15 7.6957  2
23    39.7536
49    38.0973
16 13.8147  3
24    61.3881
25    61.8725
50    48.2472
17 13.796  3
52    50.5626
53    55.8545
101    61.3286
18 13.7353  1
39    55.2136
19 13.5369  1
50    38.1788
20 12.889  7
26    37.5581
27    43.3883
28    62.4273
29    64.599
30    41.69
31    56.8818
32    46.4893
21 10.7732  2
22    59.4325
25    61.5923
22 13.8641  1
23    55.8399
23 13.9575  1
24    58.6671
24 14.2624  1
110    0
25 5.25758  1
67    58.5829
26 5.85269  1
51    48.9421
27 7.79611  9
40    50.0105
41    54.0518
42    37.2486
43    42.3775
44    59.1267
45    53.8211
46    36.4951
47    39.9174
101    55.838
28 14.1424  2
39    41.1791
56    38.3894
29 14.8663  1
33    42.5533
30 7.22999  1
50    39.0458
31 12.2939  1
110    0
32 8.82977  1
67    55.5716
33 7.51778  1
67    60.6951
34 13.2336  1
110    0
35 11.8984  1
110    0
36 7.53822  3
48    51.0936
49    50.0902
56    61.8963
37 13.3004  1
56    36.0273
38 12.1166  1
110    0
39 8.25083  1
110    0
40 5.62716  1
110    0
41 7.05969  1
110    0
42 11.7379  1
110    0
43 7.01422  10
74    48.0403
75    47.6182
76    46.2394
77    41.7367
78    57.0338
79    46.9865
80    44.1766
81    35.0009
82    35.0375
83    35.1575
44 11.5893  1
110    0
45 6.52867  2
54    43.1347
55    61.5996
46 10.0035  1
110    0
47 11.3506  2
50    48.2939
73    42.449
48 5.74953  1
110    0
49 7.45918  2
56    62.8649
101    43.0816
50 13.0422  7
84    35.5493
85    36.8284
86    41.0051
87    54.6451
88    39.1859
89    48.704
90    49.7853
51 11.2737  1
110    0
52 5.49837  10
57    46.1029
58    41.2917
59    55.5808
60    42.2411
61    58.6818
62    52.3681
63    61.7507
64    62.3898
65    64.4763
66    41.2889
53 6.63915  1
101    41.3704
54 10.3645  1
73    59.3602
55 12.5295  1
110    0
56 9.59914  1
110    0
57 10.0301  1
110    0
58 11.4373  1
73    54.5828
59 6.03244  1
110    0
60 8.38328  2
73    38.9827
101    53.2104
61 6.0596  1
110    0
62 8.47179  1
73    64.8315
63 6.34861  1
110    0
64 9.41572  1
110    0
65 9.43129  1
110    0
66 9.48195  5
68    53.2196
69    64.5312
70    41.4684
71    56.1576
72    44.1244
67 9.64736  1
91    53.3166
68 10.1875  1
110    0
69 11.9515  1
110    0
70 7.71157  1
110    0
71 13.8665  1
110    0
72 13.9654  6
95    55.1605
96    40.8687
97    54.1992
98    37.7293
99    43.9477
100    64.2547
73 14.2883  1
110    0
74 5.34242  1
110    0
75 6.1298  1
110    0
76 8.70098  1
110    0
77 7.09723  1
110    0
78 11.8603  1
110    0
79 7.41371  1
110    0
80 12.8939  1
110    0
81 10.7894  1
110    0
82 13.9169  4
92    64.848
93    42.503
94    59.5369
101    64.501
83 14.1299  1
110    0
84 14.8254  1
110    0
85 7.09632  1
110    0
86 11.8572  1
110    0
87 7.40364  1
110    0
88 12.861  1
110    0
89 10.6816  1
110    0
90 13.565  1
110    0
91 12.9809  1
110    0
92 11.0732  1
110    0
93 14.8437  1
110    0
94 7.15613  1
110    0
95 12.0525  1
110    0
96 8.04147  1
110    0
97 14.9438  1
110    0
98 7.48299  8
102    61.0109
103    59.9736
104    56.586
105    45.5243
106    39.402
107    49.4099
108    52.0907
109    60.8452
99 13.1201  1
110    0
100 11.5276  1
110    0
101 6.32756  1
110    0
102 9.34675  1
110    0
103 9.20606  1
110    0
104 8.74645  1
110    0
105 7.24555  1
110    0
106 12.3446  1
110    0
107 8.99548  1
110    0
108 8.05887  1
110    0
109 5.00031  1
110    0
110 0  0
