61
0 13.8086  4
1    0.902997
2    0.763576
3    0.908307
38    0.988198
1 13.7762  10
8    1.11709
9    0.862694
10    1.23199
11    1.23793
12    1.2573
13    0.720545
14    0.767788
15    0.922059
16    0.825834
17    1.11162
2 13.6703  8
4    0.780917
5    0.964943
6    0.965877
18    1.04736
35    1.28509
36    1.22851
37    1.19947
39    1.17334
3 13.3245  3
7    1.01125
18    0.844823
33    0.703149
4 12.1953  4
7    0.968917
24    1.06439
36    1.22022
38    1.1168
5 8.5081  4
7    0.978841
24    0.829368
38    0.861742
47    1.19803
6 6.46733  3
21    1.17166
34    1.06633
38    1.18865
7 9.80331  3
21    1.0409
24    1.29062
34    0.820103
8 10.6969  4
18    1.23501
24    1.29663
35    0.817374
47    1.13764
9 13.6151  3
18    1.24779
34    1.0929
38    1.04181
10 13.1442  2
18    0.825779
34    1.29696
11 11.6063  3
18    1.28953
35    1.11676
47    0.852293
12 6.58452  3
33    0.700751
35    1.08398
38    1.01116
13 10.186  2
19    1.11143
47    1.29198
14 11.9466  2
24    0.882488
34    1.10321
15 7.6957  4
22    1.2139
23    1.17885
34    0.974081
35    1.06421
16 13.8147  2
18    1.17364
35    0.878954
17 13.796  1
24    1.1872
18 13.7353  3
20    0.844218
38    1.09638
47    0.833799
19 13.5369  3
24    0.779653
34    0.783718
38    1.2169
20 12.889  3
24    0.848979
33    0.736567
35    0.811313
21 10.7732  2
24    1.09166
38    0.795071
22 13.8641  4
24    1.12315
35    0.827409
38    0.78804
47    1.1139
23 13.9575  5
25    0.960805
26    0.952364
27    0.924787
28    0.834733
35    1.29002
24 14.2624  1
36    1.22657
25 5.25758  2
34    0.85006
39    1.22888
26 5.85269  4
48    1.127
49    0.89505
50    0.737629
51    0.823582
27 7.79611  2
34    0.995706
39    1.21222
28 14.1424  5
29    1.14068
30    0.939729
31    0.883532
32    0.700018
47    0.851067
29 14.8663  2
34    1.19074
39    1.04639
30 7.22999  1
60    0
31 12.2939  2
33    0.710987
35    0.754585
32 8.82977  2
36    0.861632
39    1.22776
33 7.51778  1
37    0.910486
34 13.2336  1
60    0
35 11.8984  7
40    1.23185
41    1.23745
42    1.25574
43    0.715455
44    0.751161
45    0.867766
46    1.24855
36 7.53822  1
37    1.13172
37 13.3004  1
60    0
38 12.1166  1
39    1.22412
39 8.25083  1
60    0
40 5.62716  1
47    0.929786
41 7.05969  1
60    0
42 11.7379  1
60    0
43 7.01422  1
60    0
44 11.5893  1
60    0
45 6.52867  1
60    0
46 10.0035  1
47    1.19402
47 11.3506  8
52    1.10427
53    0.820853
54    1.09536
55    0.79172
56    1.00021
57    1.08104
58    0.744972
59    0.847551
48 5.74953  1
60    0
49 7.45918  1
60    0
50 13.0422  1
60    0
51 11.2737  1
60    0
52 5.49837  1
60    0
53 6.63915  1
60    0
54 10.3645  1
60    0
55 12.5295  1
60    0
56 9.59914  1
60    0
57 10.0301  1
60    0
58 11.4373  1
60    0
59 6.03244  1
60    0
60 0  0
