234
0 13.2336  10
1    41.3704
2    55.838
3    43.0816
4    61.4257
5    61.3286
6    61.0109
7    59.9736
8    56.586
9    45.5243
11    59.4325
1 11.8984  1
66    38.9827
2 7.53822  4
20    37.5581
54    55.8545
130    38.0973
191    59.7008
3 13.3004  3
10    39.402
11    49.4099
69    41.0051
4 12.1166  3
11    60.8452
66    48.0403
167    49.7853
5 8.25083  7
21    64.599
22    41.69
23    56.8818
24    46.4893
25    42.5533
26    59.7008
27    55.6952
6 5.62716  3
20    61.8725
69    49.7853
130    48.9421
7 7.05969  1
20    43.3883
8 11.7379  10
36    37.2486
37    42.3775
38    59.1267
39    53.8211
40    36.4951
41    39.9174
42    51.0936
69    36.8284
118    36.8815
213    54.3118
9 7.01422  1
20    58.6671
10 11.5893  3
11    52.0907
52    48.2472
67    41.7367
11 6.52867  10
12    54.819
13    39.7536
14    50.558
15    55.8399
16    43.0871
17    61.444
18    61.3881
19    61.2059
55    61.8963
66    54.5828
12 10.0035  2
20    62.4273
69    48.704
13 11.3506  5
20    60.6108
29    41.1791
153    56.1576
170    53.2104
213    45.4154
14 5.74953  7
59    64.5312
60    41.4684
61    56.1576
62    44.1244
63    64.8315
64    42.449
65    59.3602
15 7.45918  4
20    62.7871
29    56.3498
56    46.1029
84    61.4257
16 13.0422  1
57    58.9427
17 11.2737  2
20    35.7727
118    56.3498
18 5.49837  2
20    61.5923
132    61.8963
19 6.63915  5
20    52.3196
84    43.0816
167    48.704
171    61.0109
174    60.8452
20 10.3645  6
29    44.7525
53    50.5626
55    61.5996
130    48.4458
132    55.8545
168    64.848
21 12.5295  2
56    55.5808
166    39.1859
22 9.59914  1
233    0
23 10.0301  3
57    42.2109
129    53.8211
169    64.2547
24 11.4373  2
29    36.8815
107    35.7727
25 6.03244  6
108    43.3883
109    62.4273
110    64.599
111    41.69
112    56.8818
113    46.4893
26 8.38328  7
30    55.2136
31    41.0427
32    54.7678
33    39.586
34    50.0105
35    54.0518
69    54.6451
27 6.0596  5
28    42.6147
56    42.2411
57    64.4763
67    46.9865
118    44.7525
28 8.47179  1
29    59.9013
29 6.34861  6
43    57.5886
44    48.7974
45    50.0902
46    54.3118
67    57.0338
129    50.0902
30 9.41572  2
88    45.5243
89    39.402
31 9.43129  5
47    38.0973
48    45.1498
49    38.1788
50    45.4154
51    39.0458
32 9.48195  2
53    48.9421
55    62.8649
33 9.64736  3
57    55.5716
118    59.9013
168    37.7293
34 10.1875  1
130    48.2472
35 11.9515  2
69    39.1859
174    61.444
36 7.71157  2
57    41.2889
69    53.3166
37 13.8665  1
233    0
38 13.9654  3
56    61.7507
57    58.5829
107    62.7871
39 14.2883  1
56    58.6818
40 5.34242  1
233    0
41 6.1298  1
166    35.1575
42 8.70098  2
58    53.2196
166    36.8284
43 7.09723  1
55    43.1347
44 11.8603  1
67    44.1766
45 7.41371  1
56    52.3681
46 12.8939  7
70    64.848
71    42.503
72    59.5369
73    55.1605
74    40.8687
75    54.1992
129    57.5886
47 10.7894  3
53    48.2939
56    36.0273
68    35.5493
48 13.9169  1
233    0
49 14.1299  2
67    35.0375
214    55.8545
50 14.8254  1
56    62.3898
51 7.09632  1
233    0
52 11.8572  3
53    48.4458
56    41.2917
174    43.0871
53 7.40364  2
57    52.0449
66    46.2394
54 12.861  3
56    38.3894
57    60.6951
171    45.5243
55 10.6816  1
233    0
56 13.565  1
84    61.3286
57 12.9809  1
233    0
58 11.0732  1
166    54.6451
59 14.8437  1
130    38.1788
60 7.15613  2
67    35.1575
168    55.1605
61 12.0525  8
92    60.8452
93    59.4325
94    54.819
95    39.7536
96    50.558
97    55.8399
98    43.0871
99    61.444
62 8.04147  1
66    47.6182
63 14.9438  1
233    0
64 7.48299  9
76    37.7293
77    43.9477
78    64.2547
79    40.5657
80    53.2104
81    64.501
82    41.3704
83    55.838
170    61.4257
65 13.1201  2
67    35.0009
214    61.5996
66 11.5276  7
220    42.2411
221    58.6818
222    52.3681
223    61.7507
224    62.3898
225    64.4763
226    41.2889
67 6.32756  1
131    50.5626
68 9.34675  1
168    54.1992
69 9.20606  1
129    48.7974
70 8.74645  2
107    37.5581
214    43.1347
71 7.24555  1
233    0
72 12.3446  2
167    53.3166
213    39.0458
73 8.99548  1
233    0
74 8.05887  4
85    61.0109
86    59.9736
87    56.586
129    54.3118
75 5.00031  1
233    0
76 5.01251  1
202    39.586
77 5.05249  3
90    49.4099
91    52.0907
129    39.9174
78 5.18311  1
233    0
79 5.60945  1
233    0
80 7.00171  1
132    62.8649
81 11.5484  1
233    0
82 6.39531  2
166    41.0051
171    56.586
83 9.56801  1
233    0
84 9.92843  1
174    39.7536
85 11.1055  4
100    61.3881
101    61.2059
102    60.6108
103    58.6671
86 14.9493  1
174    52.0907
87 7.50099  3
104    52.3196
105    61.5923
106    61.8725
88 13.179  1
233    0
89 11.7202  1
233    0
90 6.95624  10
192    55.6952
193    42.6147
194    59.9013
195    56.3498
196    44.7525
197    36.8815
198    41.1791
199    55.2136
200    41.0427
201    54.7678
91 11.3997  1
233    0
92 5.90976  3
134    46.1029
135    41.2917
136    55.5808
93 7.98257  1
133    36.0273
94 14.7516  1
233    0
95 6.85522  1
166    35.0375
96 11.0701  10
119    41.1791
120    55.2136
121    41.0427
122    54.7678
123    39.586
124    50.0105
125    54.0518
126    37.2486
127    42.3775
128    59.1267
97 14.8337  4
181    61.8725
182    62.7871
183    35.7727
213    38.1788
98 7.12348  2
130    39.0458
174    50.558
99 11.946  5
114    42.5533
115    59.7008
116    55.6952
117    42.6147
174    59.4325
100 7.69387  1
233    0
101 13.8086  8
137    42.2411
138    58.6818
139    52.3681
140    61.7507
141    62.3898
142    64.4763
143    41.2889
144    55.5716
102 13.7762  1
233    0
103 13.6703  1
233    0
104 13.3245  1
168    42.503
105 12.1953  2
133    38.3894
168    40.8687
106 8.5081  2
172    39.402
173    49.4099
107 6.46733  1
233    0
108 9.80331  1
233    0
109 10.6969  1
171    59.9736
110 13.6151  1
233    0
111 13.1442  1
233    0
112 11.6063  1
170    55.838
113 6.58452  1
233    0
114 10.186  10
154    64.8315
155    42.449
156    59.3602
157    54.5828
158    38.9827
159    48.0403
160    47.6182
161    46.2394
162    41.7367
163    57.0338
115 11.9466  2
129    51.0936
214    48.9421
116 7.6957  1
129    36.4951
117 13.8147  1
233    0
118 13.796  1
233    0
119 13.7353  1
166    35.0009
120 13.5369  5
187    64.599
188    41.69
189    56.8818
190    46.4893
212    50.0902
121 12.889  2
130    45.4154
214    61.8963
122 10.7732  1
233    0
123 13.8641  2
132    43.1347
171    61.3286
124 13.9575  2
174    54.819
213    48.2939
125 14.2624  1
132    61.5996
126 5.25758  2
130    48.2939
174    55.8399
127 5.85269  1
130    45.1498
128 7.79611  1
212    57.5886
129 14.1424  1
233    0
130 14.8663  1
214    50.5626
131 7.22999  1
166    35.5493
132 12.2939  1
233    0
133 8.82977  1
191    42.5533
134 7.51778  1
152    41.4684
135 13.2336  1
233    0
136 11.8984  3
164    46.9865
165    44.1766
168    59.5369
137 7.53822  1
233    0
138 13.3004  1
233    0
139 12.1166  1
233    0
140 8.25083  1
233    0
141 5.62716  1
153    44.1244
142 7.05969  1
233    0
143 11.7379  2
168    43.9477
170    64.501
144 7.01422  7
145    42.2109
146    58.5829
147    52.0449
148    60.6951
149    58.9427
150    53.2196
151    64.5312
145 11.5893  1
233    0
146 6.52867  1
233    0
147 10.0035  1
214    48.4458
148 11.3506  1
233    0
149 5.74953  1
233    0
150 7.45918  1
233    0
151 13.0422  1
233    0
152 11.2737  1
233    0
153 5.49837  1
233    0
154 6.63915  1
214    62.8649
155 10.3645  1
233    0
156 12.5295  1
233    0
157 9.59914  3
184    37.5581
185    43.3883
186    62.4273
158 10.0301  1
213    48.2472
159 11.4373  1
169    40.5657
160 6.03244  1
233    0
161 8.38328  1
233    0
162 6.0596  1
213    45.1498
163 8.47179  1
170    43.0816
164 6.34861  1
233    0
165 9.41572  1
170    41.3704
166 9.43129  1
233    0
167 9.48195  1
233    0
168 9.64736  1
213    38.0973
169 10.1875  1
233    0
170 11.9515  1
233    0
171 7.71157  6
175    61.3881
176    61.2059
177    60.6108
178    58.6671
179    52.3196
180    61.5923
172 13.8665  1
233    0
173 13.9654  1
233    0
174 14.2883  1
212    48.7974
175 5.34242  1
233    0
176 6.1298  1
233    0
177 8.70098  1
233    0
178 7.09723  1
233    0
179 11.8603  1
233    0
180 7.41371  1
233    0
181 12.8939  1
233    0
182 10.7894  1
233    0
183 13.9169  1
233    0
184 14.1299  1
233    0
185 14.8254  1
233    0
186 7.09632  1
233    0
187 11.8572  1
233    0
188 7.40364  1
233    0
189 12.861  1
233    0
190 10.6816  1
233    0
191 13.565  1
233    0
192 12.9809  1
233    0
193 11.0732  1
233    0
194 14.8437  1
233    0
195 7.15613  1
233    0
196 12.0525  1
233    0
197 8.04147  1
233    0
198 14.9438  1
233    0
199 7.48299  1
233    0
200 13.1201  1
233    0
201 11.5276  1
233    0
202 6.32756  9
203    50.0105
204    54.0518
205    37.2486
206    42.3775
207    59.1267
208    53.8211
209    36.4951
210    39.9174
211    51.0936
203 9.34675  1
233    0
204 9.20606  1
233    0
205 8.74645  1
233    0
206 7.24555  3
217    46.1029
218    41.2917
219    55.5808
207 12.3446  1
233    0
208 8.99548  1
233    0
209 8.05887  1
233    0
210 5.00031  1
233    0
211 5.01251  1
233    0
212 5.05249  1
233    0
213 5.18311  1
233    0
214 5.60945  2
215    36.0273
216    38.3894
215 7.00171  1
233    0
216 11.5484  1
233    0
217 6.39531  1
233    0
218 9.56801  1
233    0
219 9.92843  1
233    0
220 11.1055  1
233    0
221 14.9493  1
233    0
222 7.50099  1
233    0
223 13.179  1
233    0
224 11.7202  6
227    55.5716
228    42.2109
229    58.5829
230    52.0449
231    60.6951
232    58.9427
225 6.95624  1
233    0
226 11.3997  1
233    0
227 5.90976  1
233    0
228 7.98257  1
233    0
229 14.7516  1
233    0
230 6.85522  1
233    0
231 11.0701  1
233    0
232 14.8337  1
233    0
233 0  0
