176
0 12.9809  7
1    64.501
2    41.3704
3    43.0816
17    56.8818
20    56.3498
21    54.7678
60    42.449
1 11.0732  4
2    55.838
15    61.2059
16    43.3883
20    41.1791
2 14.8437  10
5    61.3286
6    61.0109
7    59.9736
8    56.586
9    45.5243
10    39.402
11    49.4099
12    52.0907
13    60.8452
16    35.7727
3 7.15613  3
4    61.4257
14    43.0871
20    36.8815
4 12.0525  2
16    52.3196
60    44.1244
5 8.04147  3
16    62.4273
17    41.69
117    36.4951
6 14.9438  2
15    58.6671
86    61.444
7 7.48299  5
16    64.599
17    55.6952
21    39.586
72    35.1575
74    55.1605
8 13.1201  1
14    59.4325
9 11.5276  3
14    50.558
16    61.8725
163    64.848
10 6.32756  2
14    54.819
17    59.7008
11 9.34675  3
14    61.444
16    37.5581
50    42.2411
12 9.20606  3
14    55.8399
15    60.6108
21    41.0427
13 8.74645  2
14    39.7536
21    50.0105
14 7.24555  6
15    61.3881
16    62.7871
17    42.5533
20    44.7525
74    64.501
82    39.402
15 12.3446  3
16    61.5923
17    46.4893
21    55.2136
16 8.99548  5
18    42.6147
19    59.9013
21    37.2486
60    41.4684
122    62.8649
17 8.05887  2
21    54.0518
50    58.6818
18 5.00031  10
51    41.2889
52    55.5716
53    42.2109
54    58.5829
55    52.0449
56    60.6951
57    58.9427
58    53.2196
59    64.5312
86    43.0871
19 5.01251  1
60    64.8315
20 5.05249  8
22    42.3775
23    59.1267
24    53.8211
25    36.4951
26    39.9174
27    51.0936
28    57.5886
29    48.7974
21 5.18311  1
175    0
22 5.60945  4
41    50.5626
42    55.8545
43    43.1347
82    49.4099
23 7.00171  10
33    45.1498
34    38.1788
35    45.4154
36    39.0458
37    48.2472
38    48.2939
39    48.4458
40    48.9421
50    64.4763
74    40.5657
24 11.5484  4
30    50.0902
31    54.3118
32    38.0973
74    40.8687
25 6.39531  1
50    41.2917
26 9.56801  3
44    61.5996
45    61.8963
46    62.8649
27 9.92843  1
175    0
28 11.1055  3
119    48.2472
120    48.2939
121    48.4458
29 14.9493  1
175    0
30 7.50099  1
175    0
31 13.179  1
82    52.0907
32 11.7202  5
47    36.0273
48    38.3894
49    46.1029
72    41.0051
73    39.1859
33 6.95624  1
82    56.586
34 11.3997  2
50    52.3681
117    59.1267
35 5.90976  6
87    61.3881
88    61.2059
89    60.6108
90    58.6671
91    52.3196
92    61.5923
36 7.98257  1
50    61.7507
37 14.7516  1
175    0
38 6.85522  2
72    54.6451
122    61.5996
39 11.0701  2
74    43.9477
122    55.8545
40 14.8337  6
93    61.8725
94    62.7871
95    35.7727
96    37.5581
97    43.3883
98    62.4273
41 7.12348  1
72    36.8284
42 11.946  1
74    37.7293
43 7.69387  4
50    62.3898
82    60.8452
83    59.4325
117    39.9174
44 13.8086  3
73    49.7853
74    54.1992
118    45.1498
45 13.7762  2
60    56.1576
117    51.0936
46 13.6703  1
175    0
47 13.3245  4
75    41.3704
76    55.838
77    43.0816
78    61.4257
48 12.1953  2
50    55.5808
145    59.3602
49 8.5081  10
63    38.9827
64    48.0403
65    47.6182
66    46.2394
67    41.7367
68    57.0338
69    46.9865
70    44.1766
71    35.0009
74    53.2104
50 6.46733  1
175    0
51 9.80331  1
122    36.0273
52 10.6969  2
106    42.6147
107    59.9013
53 13.6151  1
122    50.5626
54 13.1442  1
175    0
55 11.6063  1
175    0
56 6.58452  5
61    59.3602
62    54.5828
73    59.5369
118    50.0902
145    38.9827
57 10.186  1
72    35.0375
58 11.9466  2
73    42.503
86    50.558
59 7.6957  9
132    41.2889
133    55.5716
134    42.2109
135    58.5829
136    52.0449
137    60.6951
138    58.9427
139    53.2196
140    64.5312
60 13.8147  3
79    61.3286
80    61.0109
81    59.9736
61 13.796  3
73    48.704
108    56.3498
109    55.2136
62 13.7353  2
72    35.5493
82    45.5243
63 13.5369  1
175    0
64 12.889  2
84    54.819
85    39.7536
65 10.7732  4
171    53.2104
172    64.501
173    41.3704
174    55.838
66 13.8641  3
73    64.848
74    64.2547
117    53.8211
67 13.9575  1
122    61.8963
68 14.2624  1
118    38.1788
69 5.25758  2
73    53.3166
118    39.0458
70 5.85269  1
86    55.8399
71 7.79611  10
153    35.0375
154    35.1575
155    35.5493
156    36.8284
157    41.0051
158    54.6451
159    39.1859
160    48.704
161    49.7853
162    53.3166
72 14.1424  1
175    0
73 14.8663  1
175    0
74 7.22999  1
175    0
75 12.2939  1
118    48.7974
76 8.82977  1
175    0
77 7.51778  1
118    54.3118
78 13.2336  6
100    41.69
101    56.8818
102    46.4893
103    42.5533
104    59.7008
105    55.6952
79 11.8984  1
175    0
80 7.53822  1
175    0
81 13.3004  1
144    64.8315
82 12.1166  7
110    41.0427
111    54.7678
112    39.586
113    50.0105
114    54.0518
115    37.2486
116    42.3775
83 8.25083  1
175    0
84 5.62716  7
146    47.6182
147    46.2394
148    41.7367
149    57.0338
150    46.9865
151    44.1766
152    35.0009
85 7.05969  1
175    0
86 11.7379  1
175    0
87 7.01422  1
175    0
88 11.5893  1
175    0
89 6.52867  1
99    64.599
90 10.0035  1
175    0
91 11.3506  1
145    54.5828
92 5.74953  1
117    57.5886
93 7.45918  1
175    0
94 13.0422  1
175    0
95 11.2737  1
175    0
96 5.49837  7
164    55.1605
165    40.8687
166    54.1992
167    37.7293
168    43.9477
169    64.2547
170    40.5657
97 6.63915  9
123    46.1029
124    41.2917
125    55.5808
126    42.2411
127    58.6818
128    52.3681
129    61.7507
130    62.3898
131    64.4763
98 10.3645  1
109    44.7525
99 12.5295  3
141    41.4684
142    56.1576
143    44.1244
100 9.59914  1
109    41.1791
101 10.0301  1
175    0
102 11.4373  2
109    36.8815
118    45.4154
103 6.03244  1
175    0
104 8.38328  1
175    0
105 6.0596  1
175    0
106 8.47179  1
175    0
107 6.34861  1
175    0
108 9.41572  1
175    0
109 9.43129  1
175    0
110 9.48195  2
118    38.0973
122    43.1347
111 9.64736  1
175    0
112 10.1875  1
175    0
113 11.9515  1
175    0
114 7.71157  1
175    0
115 13.8665  1
122    38.3894
116 13.9654  1
175    0
117 14.2883  1
175    0
118 5.34242  1
122    48.9421
119 6.1298  1
175    0
120 8.70098  1
175    0
121 7.09723  1
175    0
122 11.8603  1
175    0
123 7.41371  1
175    0
124 12.8939  1
175    0
125 10.7894  1
175    0
126 13.9169  1
175    0
127 14.1299  1
175    0
128 14.8254  1
175    0
129 7.09632  1
175    0
130 11.8572  1
175    0
131 7.40364  1
145    42.449
132 12.861  1
175    0
133 10.6816  1
175    0
134 13.565  1
175    0
135 12.9809  1
175    0
136 11.0732  1
175    0
137 14.8437  1
175    0
138 7.15613  1
175    0
139 12.0525  1
145    48.0403
140 8.04147  1
175    0
141 14.9438  1
163    59.5369
142 7.48299  1
175    0
143 13.1201  1
175    0
144 11.5276  1
175    0
145 6.32756  1
175    0
146 9.34675  1
175    0
147 9.20606  1
175    0
148 8.74645  1
175    0
149 7.24555  1
175    0
150 12.3446  1
175    0
151 8.99548  1
175    0
152 8.05887  1
175    0
153 5.00031  1
175    0
154 5.01251  1
175    0
155 5.05249  1
175    0
156 5.18311  1
163    42.503
157 5.60945  1
175    0
158 7.00171  1
175    0
159 11.5484  1
175    0
160 6.39531  1
175    0
161 9.56801  1
175    0
162 9.92843  1
175    0
163 11.1055  1
175    0
164 14.9493  1
175    0
165 7.50099  1
175    0
166 13.179  1
175    0
167 11.7202  1
175    0
168 6.95624  1
175    0
169 11.3997  1
175    0
170 5.90976  1
175    0
171 7.98257  1
175    0
172 14.7516  1
175    0
173 6.85522  1
175    0
174 11.0701  1
175    0
175 0  0
