238
0 7.53822  7
1    11.9947
2    11.3172
3    9.10486
4    7.8804
5    9.88198
6    10.4181
20    8.67766
1 13.3004  6
7    12.169
8    11.8865
9    10.9638
10    7.95071
21    9.29786
172    12.2022
2 12.1166  8
141    12.573
142    7.20545
143    7.67788
144    9.22059
145    8.25834
146    11.1162
147    8.44823
148    11.7364
3 8.25083  7
101    10.9638
102    7.95071
103    10.1116
104    11.168
105    8.61742
106    12.2888
107    12.2776
4 5.62716  2
120    10.9536
175    12.3185
5 7.05969  3
20    12.5574
165    11.0321
173    10.1116
6 11.7379  4
21    8.51067
58    8.25834
175    10.4639
200    9.08307
7 7.01422  2
172    11.3172
174    12.2776
8 11.5893  10
11    10.1116
12    11.168
13    8.61742
14    12.2888
15    12.2776
16    12.2412
17    12.1222
18    11.7334
21    11.3764
84    7.83718
9 6.52867  3
74    8.34733
120    11.27
175    7.51161
10 10.0035  5
21    12.4855
57    8.62694
74    9.60805
108    11.7334
203    12.478
11 11.3506  3
20    7.51161
57    11.1709
88    10.8398
12 5.74953  4
67    8.29368
123    10.7642
172    9.88198
174    11.168
13 7.45918  1
20    7.15455
14 13.0422  10
22    11.9402
23    11.139
24    8.52293
25    11.9803
26    11.27
27    8.9505
28    7.37629
29    8.23582
30    11.0427
31    8.20853
15 11.2737  2
59    11.1162
174    12.1222
16 5.49837  3
19    10.4639
21    8.33799
120    8.23582
17 6.63915  2
20    12.3745
21    12.9198
18 10.3645  1
19    12.3185
19 12.5295  1
88    8.27409
20 9.59914  5
32    10.9536
33    7.9172
34    10.0021
35    10.8104
202    11.1162
21 10.0301  7
217    8.34733
218    11.4068
219    9.39729
220    8.83532
221    7.00018
222    7.00751
223    7.0315
22 11.4373  2
57    12.3199
121    10.0021
23 6.03244  3
87    11.9074
88    8.78954
155    12.9663
24 8.38328  2
67    10.6439
153    8.44218
25 6.0596  5
67    11.7885
88    8.11313
108    7.15455
120    7.9172
153    10.6439
26 8.47179  8
60    8.44823
61    11.7364
62    10.4736
63    12.3501
64    12.478
65    12.8953
66    8.25779
87    8.17374
27 6.34861  10
36    7.44972
37    8.47551
38    11.8253
39    10.7642
40    7.29902
41    7.98349
42    10.2187
43    11.5177
44    9.75948
45    10.018
28 9.41572  1
175    12.3745
29 9.43129  7
47    7.61946
48    9.02997
49    7.63576
50    9.08307
51    7.80917
52    9.64943
67    11.1143
30 9.48195  3
163    10.929
201    9.65877
203    10.409
31 9.64736  2
123    7.29902
235    12.2022
32 10.1875  1
46    10.8624
33 11.9515  6
53    9.65877
54    9.68917
55    9.78841
56    10.1125
57    12.3793
229    11.0321
34 7.71157  2
58    7.20545
88    7.54585
35 13.8665  1
172    12.169
36 13.9654  1
74    9.52364
37 14.2883  1
237    0
38 5.34242  1
210    12.9663
39 6.1298  1
155    10.9166
40 8.70098  2
67    12.139
202    8.44823
41 7.09723  4
67    8.44218
85    9.74081
120    8.20853
153    10.409
42 11.8603  10
124    9.75948
125    10.018
126    10.8624
127    7.61946
128    9.02997
129    7.63576
130    9.08307
131    7.80917
132    9.64943
133    9.65877
43 7.41371  9
68    11.2315
69    8.82488
70    12.9663
71    8.48979
72    11.872
73    10.9166
85    9.95706
165    8.17374
172    9.10486
44 12.8939  2
87    8.5006
202    9.22059
45 10.7894  2
67    11.7166
74    11.4068
46 13.9169  3
74    9.24787
108    12.3185
123    10.2187
47 14.1299  2
58    12.573
108    12.2412
48 14.8254  6
58    9.22059
67    10.409
88    10.6421
119    11.9803
120    8.9505
154    8.82488
49 7.09632  1
58    7.67788
50 11.8572  3
108    12.3745
121    10.8104
203    12.8953
51 7.40364  1
165    11.9074
52 12.861  10
75    9.39729
76    8.83532
77    7.00018
78    7.00751
79    7.0315
80    7.10987
81    7.36567
82    8.20103
83    10.929
119    8.52293
53 10.6816  4
100    11.8865
123    7.98349
202    11.7364
203    12.139
54 13.565  1
67    12.9062
55 12.9809  2
165    10.6421
234    10.6421
56 11.0732  1
237    0
57 14.8437  10
89    8.61632
90    12.2851
91    12.2657
92    12.2022
93    11.9947
94    11.3172
95    9.10486
96    7.8804
97    9.88198
98    10.4181
58 7.15613  1
88    11.1676
59 12.0525  3
74    7.79653
201    12.3199
236    7.8804
60 8.04147  1
86    10.6633
61 14.9438  1
237    0
62 7.48299  2
87    12.9696
153    12.139
63 13.1201  1
163    8.20103
64 11.5276  1
88    12.8509
65 6.32756  1
237    0
66 9.34675  1
237    0
67 9.20606  1
237    0
68 8.74645  1
237    0
69 7.24555  1
153    8.29368
70 12.3446  2
88    12.9002
226    8.20103
71 8.99548  1
236    12.169
72 8.05887  1
120    11.0427
73 5.00031  1
237    0
74 5.01251  10
191    7.29902
192    7.98349
193    10.2187
194    11.5177
195    9.75948
196    10.018
197    10.8624
198    7.61946
199    9.02997
236    7.95071
75 5.05249  2
155    7.79653
173    11.8865
76 5.18311  2
99    12.169
164    9.95706
77 5.60945  1
235    12.9002
78 7.00171  2
163    7.0315
226    10.6633
79 11.5484  1
203    8.25779
80 6.39531  1
203    8.44218
81 9.56801  1
237    0
82 9.92843  2
153    11.7166
163    9.74081
83 11.1055  9
177    8.52293
178    11.9803
179    11.27
180    8.9505
181    7.37629
182    8.23582
183    11.0427
184    8.20853
185    10.9536
84 14.9493  1
175    7.15455
85 7.50099  1
237    0
86 13.179  2
87    11.0321
163    7.10987
87 11.7202  1
164    10.6633
88 6.95624  2
123    11.8253
173    7.95071
89 11.3997  1
165    12.8509
90 5.90976  10
109    7.51161
110    8.67766
111    12.4855
112    12.9198
113    8.33799
114    11.3764
115    9.29786
116    8.51067
117    11.9402
118    11.139
91 7.98257  1
108    10.4639
92 14.7516  1
237    0
93 6.85522  1
237    0
94 11.0701  1
237    0
95 14.8337  1
237    0
96 7.12348  1
176    8.51067
97 11.946  5
158    9.24787
159    8.34733
160    11.4068
161    9.39729
162    8.83532
98 7.69387  2
163    7.83718
175    12.5574
99 13.8086  3
156    9.60805
157    9.52364
226    7.83718
100 13.7762  1
237    0
101 13.6703  3
120    7.37629
203    10.4736
235    12.2657
102 13.3245  3
108    12.5574
154    11.2315
172    7.8804
103 12.1953  1
155    8.48979
104 8.5081  1
108    12.1222
105 6.46733  4
122    7.44972
155    11.872
164    12.9696
235    12.2851
106 9.80331  1
237    0
107 10.6969  2
172    10.4181
201    9.78841
108 13.6151  3
165    10.8398
176    12.4855
186    10.0021
109 13.1442  1
237    0
110 11.6063  3
163    7.00018
176    11.139
236    9.88198
111 6.58452  1
237    0
112 10.186  2
153    11.1143
210    8.48979
113 11.9466  2
174    11.7334
175    8.67766
114 7.6957  1
237    0
115 13.8147  1
164    8.5006
116 13.796  1
237    0
117 13.7353  1
237    0
118 13.5369  6
166    12.9002
167    8.27409
168    11.1676
169    8.61632
170    12.2851
171    12.2657
119 12.889  1
123    8.47551
120 10.7732  2
123    11.5177
174    12.2888
121 13.8641  1
237    0
122 13.9575  3
172    11.9947
173    10.9638
202    12.573
123 14.2624  2
200    7.80917
203    11.7166
124 5.25758  1
237    0
125 5.85269  6
149    10.4736
150    12.3501
151    12.478
152    12.8953
153    12.9062
176    12.9198
126 7.79611  1
201    11.1709
127 14.1424  8
134    9.68917
135    9.78841
136    10.1125
137    11.1709
138    8.62694
139    12.3199
140    12.3793
165    7.54585
128 14.8663  1
163    7.00751
129 7.22999  1
237    0
130 12.2939  1
237    0
131 8.82977  2
165    8.78954
176    11.3764
132 7.51778  1
176    9.29786
133 13.2336  1
237    0
134 11.8984  1
153    11.7885
135 7.53822  1
237    0
136 13.3004  1
237    0
137 12.1166  1
237    0
138 8.25083  1
237    0
139 5.62716  1
204    11.7885
140 7.05969  1
237    0
141 11.7379  1
153    8.25779
142 7.01422  1
203    12.3501
143 11.5893  2
186    10.8104
229    11.9074
144 6.52867  5
205    10.6439
206    12.9062
207    8.29368
208    11.2315
209    8.82488
145 10.0035  1
237    0
146 11.3506  1
237    0
147 5.74953  1
186    7.9172
148 7.45918  1
203    11.1143
149 13.0422  1
237    0
150 11.2737  2
163    7.36567
201    9.64943
151 5.49837  2
202    7.20545
228    8.5006
152 6.63915  1
237    0
153 10.3645  1
237    0
154 12.5295  1
201    9.68917
155 9.59914  1
237    0
156 10.0301  1
176    8.33799
157 11.4373  1
237    0
158 6.03244  1
237    0
159 8.38328  1
237    0
160 6.0596  1
202    12.3793
161 8.47179  1
237    0
162 6.34861  2
165    8.11313
174    8.61742
163 9.41572  1
237    0
164 9.43129  1
237    0
165 9.48195  1
237    0
166 9.64736  1
237    0
167 10.1875  2
224    7.10987
225    7.36567
168 11.9515  1
227    12.9696
169 7.71157  5
176    11.9402
200    7.63576
226    9.95706
234    8.11313
236    10.4181
170 13.8665  1
237    0
171 13.9654  1
201    8.62694
172 14.2883  1
174    12.2412
173 5.34242  1
237    0
174 6.1298  1
237    0
175 8.70098  1
237    0
176 7.09723  1
237    0
177 11.8603  1
237    0
178 7.41371  1
202    8.25834
179 12.8939  1
237    0
180 10.7894  1
237    0
181 13.9169  4
187    7.44972
188    8.47551
189    11.8253
190    10.7642
182 14.1299  4
230    10.8398
231    7.54585
232    8.78954
233    12.8509
183 14.8254  1
236    10.9638
184 7.09632  1
236    11.8865
185 11.8572  1
237    0
186 7.40364  1
237    0
187 12.861  1
229    8.17374
188 10.6816  1
237    0
189 13.565  1
237    0
190 12.9809  6
211    11.872
212    10.9166
213    7.79653
214    9.60805
215    9.52364
216    9.24787
191 11.0732  1
202    7.67788
192 14.8437  1
237    0
193 7.15613  1
237    0
194 12.0525  1
237    0
195 8.04147  1
237    0
196 14.9438  1
201    10.1125
197 7.48299  1
235    8.61632
198 13.1201  1
237    0
199 11.5276  1
235    11.3172
200 6.32756  1
226    9.74081
201 9.34675  1
237    0
202 9.20606  1
237    0
203 8.74645  1
235    11.1676
204 7.24555  1
237    0
205 12.3446  1
235    11.9947
206 8.99548  1
237    0
207 8.05887  1
237    0
208 5.00031  1
237    0
209 5.01251  1
237    0
210 5.05249  1
237    0
211 5.18311  1
237    0
212 5.60945  1
237    0
213 7.00171  1
237    0
214 11.5484  1
237    0
215 6.39531  1
237    0
216 9.56801  1
237    0
217 9.92843  1
237    0
218 11.1055  1
237    0
219 14.9493  1
237    0
220 7.50099  1
237    0
221 13.179  1
237    0
222 11.7202  1
237    0
223 6.95624  1
226    10.929
224 11.3997  1
237    0
225 5.90976  1
235    8.27409
226 7.98257  1
237    0
227 14.7516  1
237    0
228 6.85522  1
237    0
229 11.0701  1
237    0
230 14.8337  1
237    0
231 7.12348  1
237    0
232 11.946  1
237    0
233 7.69387  1
237    0
234 13.8086  1
235    9.10486
235 13.7762  1
237    0
236 13.6703  1
237    0
237 0  0
