89
0 14.9438  7
1    59.1267
2    53.8211
3    36.4951
4    39.9174
5    57.5886
15    61.5996
22    58.9427
1 7.48299  6
6    48.7974
7    50.0902
8    54.3118
14    50.5626
25    44.1244
85    61.5996
2 13.1201  2
14    43.1347
22    42.2109
3 11.5276  2
22    62.3898
59    39.402
4 6.32756  4
5    51.0936
22    60.6951
25    38.9827
59    59.4325
5 9.34675  10
9    38.0973
10    45.1498
11    38.1788
12    45.4154
13    39.0458
14    48.9421
22    41.2889
25    59.3602
59    52.0907
62    35.7727
6 9.20606  4
26    47.6182
27    46.2394
28    41.7367
29    57.0338
7 8.74645  3
14    55.8545
15    62.8649
22    52.0449
8 7.24555  4
15    36.0273
16    41.2917
40    48.704
59    60.8452
9 12.3446  1
85    58.6818
10 8.99548  2
14    48.4458
87    56.1576
11 8.05887  3
16    46.1029
22    55.5716
71    42.3775
12 5.00031  5
14    48.2472
15    61.8963
25    56.1576
61    58.6671
68    59.9013
13 5.01251  7
14    48.2939
15    38.3894
22    58.5829
25    42.449
40    49.7853
85    55.5808
86    61.7507
14 5.05249  4
22    64.4763
61    61.5923
85    62.8649
86    42.2109
15 5.18311  8
17    55.5808
18    42.2411
19    58.6818
20    52.3681
21    61.7507
25    41.4684
85    42.2411
86    62.3898
16 5.60945  10
48    53.2104
49    64.501
50    41.3704
51    55.838
52    43.0816
53    61.4257
54    61.3286
55    61.0109
56    59.9736
62    62.7871
17 7.00171  1
68    56.3498
18 11.5484  2
59    39.7536
85    38.3894
19 6.39531  1
88    0
20 9.56801  4
23    53.2196
24    64.5312
25    64.8315
40    53.3166
21 9.92843  4
57    56.586
58    45.5243
69    41.0427
86    58.5829
22 11.1055  3
40    42.503
62    62.4273
71    59.1267
23 14.9493  1
25    48.0403
24 7.50099  2
25    54.5828
61    61.8725
25 13.179  7
41    55.1605
42    40.8687
43    54.1992
44    37.7293
45    43.9477
46    64.2547
47    40.5657
26 11.7202  2
61    55.8399
80    45.4154
27 6.95624  1
68    41.1791
28 11.3997  1
88    0
29 5.90976  5
30    46.9865
31    44.1766
32    35.0009
33    35.0375
34    35.1575
30 7.98257  6
35    35.5493
36    36.8284
37    41.0051
38    54.6451
39    39.1859
40    59.5369
31 14.7516  1
69    50.0105
32 6.85522  1
88    0
33 11.0701  1
88    0
34 14.8337  1
40    64.848
35 7.12348  4
64    56.8818
65    46.4893
66    42.5533
67    59.7008
36 11.946  1
88    0
37 7.69387  1
88    0
38 13.8086  3
61    61.444
70    54.0518
80    48.4458
39 13.7762  1
69    39.586
40 13.6703  1
63    41.69
41 13.3245  5
75    50.0902
76    54.3118
77    38.0973
78    45.1498
79    38.1788
42 12.1953  1
61    43.0871
43 8.5081  2
71    39.9174
85    61.8963
44 6.46733  1
87    53.2196
45 9.80331  1
88    0
46 10.6969  1
68    44.7525
47 13.6151  2
80    48.2939
86    52.3681
48 13.1442  1
88    0
49 11.6063  4
59    54.819
62    43.3883
86    55.5716
87    58.9427
50 6.58452  2
61    52.3196
62    37.5581
51 10.186  1
61    60.6108
52 11.9466  1
88    0
53 7.6957  3
60    50.558
68    36.8815
87    64.5312
54 13.8147  2
59    49.4099
70    37.2486
55 13.796  2
61    61.2059
87    52.0449
56 13.7353  3
68    55.6952
69    54.7678
71    36.4951
57 13.5369  2
68    42.6147
85    46.1029
58 12.889  1
86    64.4763
59 10.7732  1
88    0
60 13.8641  2
61    61.3881
63    64.599
61 13.9575  1
85    41.2917
62 14.2624  1
88    0
63 5.25758  1
88    0
64 5.85269  1
88    0
65 7.79611  1
69    55.2136
66 14.1424  1
88    0
67 14.8663  1
80    48.2472
68 7.22999  3
72    51.0936
73    57.5886
74    48.7974
69 12.2939  1
71    53.8211
70 8.82977  6
81    48.9421
82    50.5626
83    55.8545
84    43.1347
85    36.0273
87    60.6951
71 7.51778  1
88    0
72 13.2336  1
88    0
73 11.8984  1
88    0
74 7.53822  1
88    0
75 13.3004  1
88    0
76 12.1166  1
88    0
77 8.25083  1
80    39.0458
78 5.62716  1
88    0
79 7.05969  1
88    0
80 11.7379  1
88    0
81 7.01422  1
88    0
82 11.5893  1
87    41.4684
83 6.52867  1
88    0
84 10.0035  1
88    0
85 11.3506  1
86    41.2889
86 5.74953  1
88    0
87 7.45918  1
88    0
88 0  0
