55
0 14.1424  1
1    61.7507
1 14.8663  8
2    62.3898
3    64.4763
4    41.2889
5    55.5716
6    42.2109
7    58.5829
8    52.0449
26    36.8284
2 7.22999  1
45    56.586
3 12.2939  3
9    60.6951
10    58.9427
26    44.1766
4 8.82977  5
49    58.6671
50    52.3196
51    61.5923
52    61.8725
53    62.7871
5 7.51778  1
26    35.1575
6 13.2336  2
45    45.5243
48    61.3881
7 11.8984  1
46    39.7536
8 7.53822  5
27    41.0051
28    54.6451
29    39.1859
30    48.704
46    55.8399
9 13.3004  5
11    53.2196
12    64.5312
13    41.4684
14    56.1576
26    35.5493
10 12.1166  1
54    0
11 8.25083  1
54    0
12 5.62716  2
26    46.9865
45    60.8452
13 7.05969  10
15    44.1244
16    64.8315
17    42.449
18    59.3602
19    54.5828
20    38.9827
21    48.0403
22    47.6182
23    46.2394
24    41.7367
14 11.7379  1
48    61.2059
15 7.01422  1
54    0
16 11.5893  1
54    0
17 6.52867  1
54    0
18 10.0035  7
31    49.7853
32    53.3166
33    64.848
34    42.503
35    59.5369
36    55.1605
37    40.8687
19 11.3506  1
25    57.0338
20 5.74953  1
54    0
21 7.45918  1
48    60.6108
22 13.0422  2
45    61.0109
46    59.4325
23 11.2737  2
26    35.0009
44    43.0816
24 5.49837  2
26    35.0375
45    49.4099
25 6.63915  1
54    0
26 10.3645  1
54    0
27 12.5295  1
54    0
28 9.59914  1
45    61.3286
29 10.0301  1
54    0
30 11.4373  1
44    55.838
31 6.03244  1
45    59.9736
32 8.38328  1
47    43.0871
33 6.0596  1
54    0
34 8.47179  1
45    52.0907
35 6.34861  1
54    0
36 9.41572  6
38    54.1992
39    37.7293
40    43.9477
41    64.2547
42    40.5657
43    53.2104
37 9.43129  1
46    50.558
38 9.48195  1
44    64.501
39 9.64736  1
54    0
40 10.1875  1
45    61.4257
41 11.9515  2
44    41.3704
45    39.402
42 7.71157  1
46    54.819
43 13.8665  1
47    61.444
44 13.9654  1
54    0
45 14.2883  1
54    0
46 5.34242  1
54    0
47 6.1298  1
54    0
48 8.70098  1
54    0
49 7.09723  1
54    0
50 11.8603  1
54    0
51 7.41371  1
54    0
52 12.8939  1
54    0
53 10.7894  1
54    0
54 0  0
