166
0 7.53822  4
1    48.4458
2    48.9421
14    58.9427
129    37.5581
1 13.3004  4
4    55.8545
5    43.1347
27    46.9865
108    40.8687
2 12.1166  6
3    50.5626
14    42.2109
27    35.5493
69    39.586
107    35.1575
130    56.3498
3 8.25083  10
6    61.5996
7    61.8963
8    62.8649
9    36.0273
10    38.3894
11    46.1029
12    41.2917
13    58.6818
14    55.5716
35    55.1605
4 5.62716  3
13    42.2411
14    58.5829
148    38.0973
5 7.05969  4
14    52.0449
27    35.1575
57    60.6108
88    58.6818
6 11.7379  1
35    53.2104
7 7.01422  10
16    41.4684
17    56.1576
18    44.1244
19    64.8315
20    42.449
21    59.3602
22    54.5828
23    38.9827
24    48.0403
25    47.6182
8 11.5893  5
13    61.7507
14    64.4763
87    61.8963
107    48.704
130    42.5533
9 6.52867  5
14    60.6951
57    61.2059
99    64.8315
154    38.3894
156    58.9427
10 10.0035  2
13    55.5808
15    64.5312
11 11.3506  2
13    62.3898
27    35.0375
12 5.74953  3
13    52.3681
88    46.1029
121    49.4099
13 7.45918  3
14    41.2889
15    53.2196
87    48.2939
14 13.0422  1
27    41.7367
15 11.2737  10
109    40.5657
110    53.2104
111    64.501
112    41.3704
113    55.838
114    43.0816
115    61.4257
116    61.3286
117    61.0109
118    59.9736
16 5.49837  3
35    59.5369
68    56.3498
91    42.2109
17 6.63915  9
28    54.6451
29    39.1859
30    48.704
31    49.7853
32    53.3166
33    64.848
34    42.503
57    61.5923
99    42.449
18 10.3645  10
44    56.586
45    45.5243
46    39.402
47    49.4099
48    52.0907
49    60.8452
50    59.4325
51    54.819
52    39.7536
53    50.558
19 12.5295  2
27    35.0009
35    40.8687
20 9.59914  3
26    46.2394
27    44.1766
35    54.1992
21 10.0301  2
27    41.0051
35    43.9477
22 11.4373  4
88    41.2917
107    35.5493
130    59.9013
154    61.8963
23 6.03244  3
27    57.0338
35    40.5657
108    43.9477
24 8.38328  5
27    36.8284
35    37.7293
138    50.0105
148    45.1498
155    62.3898
25 6.0596  10
36    64.501
37    41.3704
38    55.838
39    43.0816
40    61.4257
41    61.3286
42    61.0109
43    59.9736
69    50.0105
108    53.3166
26 8.47179  1
69    41.1791
27 6.34861  1
68    59.9013
28 9.41572  1
165    0
29 9.43129  1
165    0
30 9.48195  1
128    52.3196
31 9.64736  1
165    0
32 10.1875  2
35    64.2547
87    48.9421
33 11.9515  1
128    60.6108
34 7.71157  2
68    42.6147
91    55.5716
35 13.8665  9
70    54.0518
71    37.2486
72    42.3775
73    59.1267
74    53.8211
75    36.4951
76    39.9174
121    60.8452
129    61.8725
36 13.9654  2
57    61.3881
155    41.2917
37 14.2883  3
97    41.4684
98    56.1576
99    59.3602
38 5.34242  1
165    0
39 6.1298  1
108    59.5369
40 8.70098  3
107    36.8284
108    64.2547
154    46.1029
41 7.09723  1
129    41.69
42 11.8603  3
69    54.7678
108    42.503
154    43.1347
43 7.41371  10
58    35.7727
59    37.5581
60    43.3883
61    62.4273
62    64.599
63    41.69
64    56.8818
65    46.4893
66    42.5533
67    59.7008
44 12.8939  5
54    55.8399
55    43.0871
56    61.444
57    62.7871
128    58.6671
45 10.7894  2
87    62.8649
121    52.0907
46 13.9169  1
165    0
47 14.1299  4
69    41.0427
121    59.4325
130    55.6952
148    54.3118
48 14.8254  1
165    0
49 7.09632  1
165    0
50 11.8572  2
57    52.3196
88    36.0273
51 7.40364  7
131    44.7525
132    36.8815
133    41.1791
134    55.2136
135    41.0427
136    54.7678
137    39.586
52 12.861  1
87    61.5996
53 10.6816  10
77    51.0936
78    57.5886
79    48.7974
80    50.0902
81    54.3118
82    38.0973
83    45.1498
84    38.1788
85    45.4154
86    39.0458
54 13.565  1
57    61.8725
55 12.9809  3
57    58.6671
99    38.9827
156    60.6951
56 11.0732  1
165    0
57 14.8437  2
69    44.7525
154    55.8545
58 7.15613  1
165    0
59 12.0525  3
87    48.2472
88    61.7507
107    49.7853
60 8.04147  1
87    43.1347
61 14.9438  1
69    36.8815
62 7.48299  1
68    55.6952
63 13.1201  1
69    55.2136
64 11.5276  6
122    54.819
123    39.7536
124    50.558
125    55.8399
126    43.0871
127    61.444
65 6.32756  1
165    0
66 9.34675  1
87    48.4458
67 9.20606  1
107    39.1859
68 8.74645  1
165    0
69 7.24555  2
91    41.2889
148    38.1788
70 12.3446  1
88    42.2411
71 8.99548  1
87    50.5626
72 8.05887  2
88    38.3894
129    64.599
73 5.00031  4
92    52.0449
93    60.6951
94    58.9427
108    54.1992
74 5.01251  1
129    62.7871
75 5.05249  3
88    52.3681
107    54.6451
129    61.5923
76 5.18311  2
108    37.7293
138    37.2486
77 5.60945  1
99    54.5828
78 7.00171  1
155    52.3681
79 11.5484  3
89    62.3898
90    64.4763
91    58.5829
80 6.39531  1
165    0
81 9.56801  2
119    56.586
120    45.5243
82 9.92843  1
108    55.1605
83 11.1055  1
130    46.4893
84 14.9493  2
87    55.8545
155    55.5808
85 7.50099  2
129    62.4273
156    52.0449
86 13.179  1
88    55.5808
87 11.7202  1
99    48.0403
88 6.95624  1
165    0
89 11.3997  2
148    39.0458
155    58.6818
90 5.90976  1
165    0
91 7.98257  2
95    53.2196
96    64.5312
92 14.7516  2
99    47.6182
108    64.848
93 6.85522  2
121    39.402
128    61.3881
94 11.0701  1
165    0
95 14.8337  8
100    46.2394
101    41.7367
102    57.0338
103    46.9865
104    44.1766
105    35.0009
106    35.0375
155    64.4763
96 7.12348  1
165    0
97 11.946  2
107    41.0051
155    61.7507
98 7.69387  1
99    44.1244
99 13.8086  1
165    0
100 13.7762  1
129    43.3883
101 13.6703  1
165    0
102 13.3245  1
165    0
103 12.1953  1
165    0
104 8.5081  1
165    0
105 6.46733  1
129    35.7727
106 9.80331  1
165    0
107 10.6969  2
138    54.0518
154    61.5996
108 13.6151  1
157    64.5312
109 13.1442  1
165    0
110 11.6063  1
156    42.2109
111 6.58452  3
149    48.2472
150    48.2939
156    53.2196
112 10.186  1
165    0
113 11.9466  9
139    42.3775
140    59.1267
141    53.8211
142    36.4951
143    39.9174
144    51.0936
145    57.5886
146    48.7974
147    50.0902
114 7.6957  1
165    0
115 13.8147  1
165    0
116 13.796  7
158    41.4684
159    56.1576
160    44.1244
161    64.8315
162    42.449
163    59.3602
164    54.5828
117 13.7353  1
155    41.2889
118 13.5369  1
154    36.0273
119 12.889  1
130    42.6147
120 10.7732  1
156    58.5829
121 13.8641  1
155    42.2411
122 13.9575  1
165    0
123 14.2624  1
165    0
124 5.25758  3
151    48.4458
152    48.9421
153    50.5626
125 5.85269  1
165    0
126 7.79611  1
165    0
127 14.1424  2
128    61.2059
130    59.7008
128 14.8663  1
129    56.8818
129 7.22999  1
165    0
130 12.2939  1
165    0
131 8.82977  1
165    0
132 7.51778  1
165    0
133 13.2336  1
165    0
134 11.8984  1
165    0
135 7.53822  1
165    0
136 13.3004  1
165    0
137 12.1166  1
165    0
138 8.25083  1
165    0
139 5.62716  1
165    0
140 7.05969  1
165    0
141 11.7379  1
154    62.8649
142 7.01422  1
148    45.4154
143 11.5893  1
165    0
144 6.52867  1
165    0
145 10.0035  1
165    0
146 11.3506  1
165    0
147 5.74953  1
165    0
148 7.45918  1
165    0
149 13.0422  1
155    55.5716
150 11.2737  1
165    0
151 5.49837  1
165    0
152 6.63915  1
165    0
153 10.3645  1
165    0
154 12.5295  1
165    0
155 9.59914  1
165    0
156 10.0301  1
165    0
157 11.4373  1
165    0
158 6.03244  1
165    0
159 8.38328  1
165    0
160 6.0596  1
165    0
161 8.47179  1
165    0
162 6.34861  1
165    0
163 9.41572  1
165    0
164 9.43129  1
165    0
165 0  0
