177
0 8.82977  2
1    6.28649
13    5.20449
1 7.51778  5
2    3.60273
3    3.83894
13    5.55716
64    6.12059
68    4.47525
2 13.2336  4
3    4.61029
13    5.32196
70    3.72486
110    5.70338
3 11.8984  10
4    4.12917
5    5.55808
6    4.22411
7    5.86818
8    5.23681
9    6.17507
10    6.23898
11    6.44763
12    4.12889
14    4.14684
4 7.53822  1
66    3.57727
5 13.3004  1
14    5.61576
6 12.1166  2
14    6.45312
64    6.13881
7 8.25083  2
13    4.22109
70    3.99174
8 5.62716  3
13    6.06951
14    5.93602
108    4.41244
9 7.05969  2
13    5.89427
14    4.2449
10 11.7379  2
14    5.45828
66    6.15923
11 7.01422  5
13    5.85829
14    6.48315
65    6.06108
67    4.169
70    3.64951
12 11.5893  5
15    3.89827
16    4.80403
17    4.76182
18    4.62394
67    5.68818
13 6.52867  2
14    4.41244
108    4.2449
14 10.0035  1
176    0
15 11.3506  10
19    4.17367
20    5.70338
21    4.69865
22    4.41766
23    3.50009
24    3.50375
25    3.51575
26    3.55493
27    3.68284
28    4.10051
16 5.74953  4
66    3.75581
70    5.91267
108    5.45828
111    3.51575
17 7.45918  1
66    4.33883
18 13.0422  10
29    5.46451
30    3.91859
31    4.8704
32    4.97853
33    5.33166
34    6.4848
35    4.2503
36    5.95369
37    5.51605
68    5.56952
19 11.2737  2
66    6.27871
67    6.4599
20 5.49837  1
70    4.87974
21 6.63915  1
63    4.30871
22 10.3645  1
176    0
23 12.5295  2
38    4.08687
48    6.14257
24 9.59914  3
69    5.40518
147    6.27871
165    3.80973
25 10.0301  1
166    3.90458
26 11.4373  1
176    0
27 6.03244  1
176    0
28 8.38328  1
70    4.23775
29 6.0596  1
68    3.68815
30 8.47179  2
148    3.75581
165    4.87974
31 6.34861  3
67    4.64893
69    5.00105
108    4.80403
32 9.41572  1
165    5.75886
33 9.43129  10
39    5.41992
40    3.77293
41    4.39477
42    6.42547
43    4.05657
44    5.32104
45    6.4501
46    4.13704
47    5.5838
70    5.10936
34 9.48195  2
64    6.1444
110    4.69865
35 9.64736  2
68    5.63498
148    6.24273
36 10.1875  7
56    5.20907
57    6.08452
58    5.94325
59    5.4819
60    3.97536
61    5.0558
62    5.58399
37 11.9515  1
48    4.30816
38 7.71157  7
49    6.13286
50    6.10109
51    5.99736
52    5.6586
53    4.55243
54    3.9402
55    4.94099
39 13.8665  1
176    0
40 13.9654  3
68    5.99013
70    5.00902
111    4.10051
41 14.2883  2
69    5.47678
155    5.99013
42 5.34242  1
176    0
43 6.1298  1
176    0
44 8.70098  1
176    0
45 7.09723  10
132    6.14257
133    6.13286
134    6.10109
135    5.99736
136    5.6586
137    4.55243
138    3.9402
139    4.94099
140    5.20907
141    6.08452
46 11.8603  8
89    4.61029
90    4.12917
91    5.55808
92    4.22411
93    5.86818
94    5.23681
95    6.17507
96    6.23898
47 7.41371  1
69    3.9586
48 12.8939  1
176    0
49 10.7894  3
119    5.95369
120    5.51605
121    4.08687
50 13.9169  1
66    6.18725
51 14.1299  2
70    5.75886
147    5.23196
52 14.8254  10
71    5.43118
72    3.80973
73    4.51498
74    3.81788
75    4.54154
76    3.90458
77    4.82472
78    4.82939
79    4.84458
164    5.10936
53 7.09632  2
65    5.23196
68    4.26147
54 11.8572  1
147    3.57727
55 7.40364  1
70    5.38211
56 12.861  1
68    5.97008
57 10.6816  1
68    4.11791
58 13.565  3
65    5.86671
67    6.24273
155    5.56952
59 12.9809  1
164    3.99174
60 11.0732  1
176    0
61 14.8437  1
155    4.11791
62 7.15613  1
176    0
63 12.0525  2
68    5.52136
69    4.10427
64 8.04147  1
176    0
65 14.9438  1
108    6.48315
66 7.48299  1
68    4.25533
67 13.1201  1
110    4.41766
68 11.5276  1
176    0
69 6.32756  1
166    4.54154
70 9.34675  1
176    0
71 9.20606  1
176    0
72 8.74645  1
176    0
73 7.24555  1
111    3.50375
74 12.3446  1
109    4.62394
75 8.99548  5
85    6.18963
86    6.28649
87    3.60273
88    3.83894
147    6.06108
76 8.05887  1
176    0
77 5.00031  5
80    4.89421
81    5.05626
82    5.58545
83    4.31347
84    6.15996
78 5.01251  1
176    0
79 5.05249  3
108    3.89827
110    3.50009
165    5.00902
80 5.18311  1
108    4.76182
81 5.60945  6
149    6.4599
150    4.169
151    5.68818
152    4.64893
153    4.25533
154    5.97008
82 7.00171  1
108    5.61576
83 11.5484  1
176    0
84 6.39531  1
176    0
85 9.56801  1
155    4.47525
86 9.92843  7
112    5.46451
113    3.91859
114    4.8704
115    4.97853
116    5.33166
117    6.4848
118    4.2503
87 11.1055  1
155    4.26147
88 14.9493  1
165    3.81788
89 7.50099  1
107    4.14684
90 13.179  1
108    5.93602
91 11.7202  1
176    0
92 6.95624  1
176    0
93 11.3997  1
110    4.17367
94 5.90976  1
176    0
95 7.98257  10
97    6.44763
98    4.12889
99    5.55716
100    4.22109
101    5.85829
102    5.20449
103    6.06951
104    5.89427
105    5.32196
106    6.45312
96 14.7516  1
165    5.43118
97 6.85522  1
155    4.10427
98 11.0701  1
146    5.58399
99 14.8337  1
176    0
100 7.12348  1
111    3.68284
101 11.946  1
166    4.82472
102 7.69387  1
147    6.18725
103 13.8086  1
176    0
104 13.7762  1
176    0
105 13.6703  1
176    0
106 13.3245  2
111    3.55493
155    5.52136
107 12.1953  1
147    6.12059
108 8.5081  1
155    5.63498
109 6.46733  1
155    5.47678
110 9.80331  1
176    0
111 10.6969  1
165    4.51498
112 13.6151  10
122    5.41992
123    3.77293
124    4.39477
125    6.42547
126    4.05657
127    5.32104
128    6.4501
129    4.13704
130    5.5838
131    4.30816
113 13.1442  1
146    6.1444
114 11.6063  1
176    0
115 6.58452  1
147    5.86671
116 10.186  1
176    0
117 11.9466  1
176    0
118 7.6957  1
176    0
119 13.8147  1
176    0
120 13.796  1
176    0
121 13.7353  1
176    0
122 13.5369  1
176    0
123 12.889  1
176    0
124 10.7732  1
176    0
125 13.8641  1
155    3.68815
126 13.9575  1
176    0
127 14.2624  1
176    0
128 5.25758  1
176    0
129 5.85269  8
156    3.9586
157    5.00105
158    5.40518
159    3.72486
160    4.23775
161    5.91267
162    5.38211
163    3.64951
130 7.79611  1
176    0
131 14.1424  1
176    0
132 14.8663  1
176    0
133 7.22999  1
146    6.13881
134 12.2939  1
176    0
135 8.82977  1
176    0
136 7.51778  1
176    0
137 13.2336  1
148    4.33883
138 11.8984  1
147    6.15923
139 7.53822  1
176    0
140 13.3004  1
176    0
141 12.1166  5
142    5.94325
143    5.4819
144    3.97536
145    5.0558
146    4.30871
142 8.25083  1
176    0
143 5.62716  1
176    0
144 7.05969  1
176    0
145 11.7379  1
176    0
146 7.01422  1
176    0
147 11.5893  1
176    0
148 6.52867  1
176    0
149 10.0035  1
176    0
150 11.3506  1
176    0
151 5.74953  9
167    4.82939
168    4.84458
169    4.89421
170    5.05626
171    5.58545
172    4.31347
173    6.15996
174    6.18963
175    6.28649
152 7.45918  1
176    0
153 13.0422  1
176    0
154 11.2737  1
176    0
155 5.49837  1
176    0
156 6.63915  1
176    0
157 10.3645  1
176    0
158 12.5295  1
176    0
159 9.59914  1
176    0
160 10.0301  1
176    0
161 11.4373  1
176    0
162 6.03244  1
176    0
163 8.38328  1
176    0
164 6.0596  1
176    0
165 8.47179  1
176    0
166 6.34861  1
176    0
167 9.41572  1
176    0
168 9.43129  1
176    0
169 9.48195  1
176    0
170 9.64736  1
176    0
171 10.1875  1
176    0
172 11.9515  1
176    0
173 7.71157  1
176    0
174 13.8665  1
176    0
175 13.9654  1
176    0
176 0  0
