111
0 10.186  5
1    1.10321
3    1.08398
4    1.28509
14    0.78804
27    1.24855
1 11.9466  4
2    0.817374
3    0.878954
14    0.910486
27    1.23745
2 7.6957  6
3    0.754585
14    1.19947
24    1.22776
38    0.820853
40    0.763576
60    1.06439
3 13.8147  10
5    0.811313
6    1.06421
7    1.29002
8    0.827409
9    1.11676
10    0.861632
11    1.22851
12    1.22657
13    1.22022
39    1.07642
4 13.796  10
28    1.13764
29    0.929786
30    0.851067
31    1.19402
32    1.1139
33    0.852293
34    1.19803
35    1.127
36    0.89505
37    0.737629
5 13.7353  4
27    0.751161
39    0.729902
60    1.29663
87    1.22776
6 13.5369  2
25    1.21222
26    1.17334
7 12.889  2
38    1.00021
39    0.744972
8 10.7732  10
15    0.988198
16    1.04181
17    1.2169
18    1.18865
19    1.09638
20    0.795071
21    1.01116
22    1.1168
23    1.22888
78    0.817374
9 13.8641  1
40    1.08624
10 13.9575  2
39    1.18253
40    0.780917
11 14.2624  2
39    1.08104
49    0.844823
12 5.25758  1
27    0.715455
13 5.85269  4
14    1.13172
39    0.798349
87    1.22888
105    1.08104
14 7.79611  4
27    1.29198
75    1.29696
104    0.823582
105    0.847551
15 14.1424  2
38    1.10427
48    0.767788
16 14.8663  3
24    1.22412
27    1.25574
60    0.829368
17 7.22999  2
27    1.04639
41    0.965877
18 12.2939  3
23    0.861742
38    1.09536
39    0.847551
19 8.82977  2
27    0.833799
107    0.761946
20 7.51778  3
27    1.23185
74    0.820103
87    1.1168
21 13.2336  2
74    0.974081
75    0.995706
22 11.8984  2
27    0.867766
80    0.827409
23 7.53822  4
39    1.15177
60    1.17885
87    1.01116
103    1.19803
24 13.3004  1
40    0.902997
25 12.1166  5
39    1.02187
41    0.968917
48    0.720545
87    1.2169
106    1.0018
26 8.25083  1
80    1.11676
27 5.62716  1
40    0.761946
28 7.05969  3
48    0.825834
75    0.85006
79    0.811313
29 11.7379  4
38    0.79172
41    0.978841
86    1.13172
104    0.820853
30 7.01422  2
40    1.0018
79    1.28509
31 11.5893  1
40    0.975948
32 6.52867  1
60    1.12315
33 10.0035  1
76    1.19074
34 11.3506  4
38    0.823582
48    0.922059
60    1.29062
104    0.79172
35 5.74953  10
50    1.04736
51    1.23501
52    1.24779
53    1.28953
54    0.825779
55    1.11143
56    0.844218
57    1.17166
58    1.0409
59    1.2139
36 7.45918  7
42    1.01125
43    1.11709
44    0.862694
45    1.23199
46    1.23793
47    1.2573
60    0.848979
37 13.0422  1
104    1.127
38 11.2737  1
104    0.89505
39 5.49837  2
40    0.908307
48    1.11162
40 6.63915  2
41    0.964943
60    1.09166
41 10.3645  2
78    1.08398
87    1.09638
42 12.5295  1
110    0
43 9.59914  1
110    0
44 10.0301  1
86    0.78804
45 11.4373  1
105    1.02187
46 6.03244  7
61    0.779653
62    0.960805
63    0.952364
64    0.924787
65    0.834733
79    0.878954
105    0.729902
47 8.38328  1
49    1.17364
48 6.0596  1
110    0
49 8.47179  2
77    1.10321
105    1.07642
50 6.34861  2
60    1.1872
79    1.06421
51 9.41572  1
110    0
52 9.43129  1
78    0.754585
53 9.48195  8
66    1.14068
67    0.939729
68    0.883532
69    0.700018
70    0.700751
71    0.703149
72    0.710987
73    0.736567
54 9.64736  1
60    0.882488
55 10.1875  4
81    0.861632
82    1.22851
83    1.22657
87    1.18865
56 11.9515  1
110    0
57 7.71157  1
110    0
58 13.8665  1
110    0
59 13.9654  1
110    0
60 14.2883  9
94    0.715455
95    0.751161
96    0.867766
97    1.24855
98    1.29198
99    0.833799
100    1.13764
101    0.929786
102    0.851067
61 5.34242  1
74    1.0929
62 6.1298  1
110    0
63 8.70098  2
87    0.795071
105    0.798349
64 7.09723  1
86    0.988198
65 11.8603  3
84    1.22022
85    1.19947
103    0.852293
66 7.41371  1
105    1.18253
67 12.8939  1
110    0
68 10.7894  1
110    0
69 13.9169  1
105    0.744972
70 14.1299  1
104    1.00021
71 14.8254  1
74    0.783718
72 7.09632  2
103    1.1139
104    1.10427
73 11.8572  1
75    1.06633
74 7.40364  1
110    0
75 12.861  2
79    1.29002
86    1.04181
76 10.6816  1
110    0
77 13.565  1
110    0
78 12.9809  1
110    0
79 11.0732  1
110    0
80 14.8437  1
87    1.22412
81 7.15613  2
86    0.910486
87    0.861742
82 12.0525  6
88    1.21222
89    1.17334
90    1.04639
91    1.23185
92    1.23745
93    1.25574
83 8.04147  1
110    0
84 14.9438  1
110    0
85 7.48299  1
110    0
86 13.1201  1
110    0
87 11.5276  1
110    0
88 6.32756  1
110    0
89 9.34675  1
110    0
90 9.20606  1
110    0
91 8.74645  1
110    0
92 7.24555  1
110    0
93 12.3446  1
110    0
94 8.99548  2
104    1.09536
107    1.08624
95 8.05887  1
104    0.737629
96 5.00031  1
103    1.19402
97 5.01251  1
110    0
98 5.05249  1
110    0
99 5.18311  1
110    0
100 5.60945  1
110    0
101 7.00171  1
110    0
102 11.5484  1
105    1.15177
103 6.39531  1
106    0.975948
104 9.56801  1
110    0
105 9.92843  1
110    0
106 11.1055  2
108    0.902997
109    0.763576
107 14.9493  1
110    0
108 7.50099  1
110    0
109 13.179  1
110    0
110 0  0
