50
0 11.8603  3
1    43.9477
5    55.838
34    50.0902
1 7.41371  6
2    64.2547
3    40.5657
4    53.2104
5    64.501
20    58.6671
21    61.8725
2 12.8939  3
5    41.3704
24    44.7525
35    45.4154
3 10.7894  5
5    61.4257
20    61.444
23    56.8818
24    42.6147
35    38.0973
4 13.9169  3
5    43.0816
34    39.9174
35    54.3118
5 14.1299  10
6    61.3286
7    61.0109
8    59.9736
9    56.586
10    45.5243
11    39.402
12    49.4099
13    52.0907
14    60.8452
24    55.6952
6 14.8254  2
20    61.3881
22    35.7727
7 7.09632  3
20    61.2059
23    43.3883
36    61.8963
8 11.8572  2
20    52.3196
24    46.4893
9 7.40364  3
23    37.5581
24    59.7008
35    48.2472
10 12.861  3
21    61.5923
24    42.5533
35    38.1788
11 10.6816  10
25    36.8815
26    41.1791
27    55.2136
28    41.0427
29    54.7678
30    39.586
31    50.0105
32    54.0518
33    37.2486
36    61.5996
12 13.565  6
15    59.4325
16    54.819
17    39.7536
18    50.558
19    55.8399
20    43.0871
13 12.9809  2
22    62.7871
36    50.5626
14 11.0732  1
49    0
15 14.8437  1
49    0
16 7.15613  3
23    62.4273
24    56.3498
36    62.8649
17 12.0525  2
34    42.3775
36    48.4458
18 8.04147  2
20    60.6108
23    41.69
19 14.9438  1
49    0
20 7.48299  2
23    64.599
34    36.4951
21 13.1201  1
24    59.9013
22 11.5276  1
36    48.2939
23 6.32756  10
39    46.1029
40    41.2917
41    55.5808
42    42.2411
43    58.6818
44    52.3681
45    61.7507
46    62.3898
47    64.4763
48    41.2889
24 9.34675  1
35    45.1498
25 9.20606  1
49    0
26 8.74645  1
34    51.0936
27 7.24555  1
49    0
28 12.3446  2
34    48.7974
36    48.9421
29 8.99548  1
49    0
30 8.05887  2
34    53.8211
36    55.8545
31 5.00031  1
34    57.5886
32 5.01251  1
34    59.1267
33 5.05249  2
35    39.0458
36    43.1347
34 5.18311  1
49    0
35 5.60945  1
49    0
36 7.00171  2
37    36.0273
38    38.3894
37 11.5484  1
49    0
38 6.39531  1
49    0
39 9.56801  1
49    0
40 9.92843  1
49    0
41 11.1055  1
49    0
42 14.9493  1
49    0
43 7.50099  1
49    0
44 13.179  1
49    0
45 11.7202  1
49    0
46 6.95624  1
49    0
47 11.3997  1
49    0
48 5.90976  1
49    0
49 0  0
