66
0 13.9169  4
1    39.7536
2    50.558
22    59.9013
34    38.0973
1 14.1299  2
2    55.8399
34    38.1788
2 14.8254  3
3    43.0871
22    56.3498
36    43.1347
3 7.09632  9
4    61.444
5    61.3881
6    61.2059
7    60.6108
8    58.6671
9    52.3196
10    61.5923
11    61.8725
22    55.2136
4 11.8572  2
22    55.6952
55    64.8315
5 7.40364  3
23    54.0518
53    56.1576
55    47.6182
6 12.861  1
65    0
7 10.6816  3
23    50.0105
36    62.8649
55    48.0403
8 13.565  1
23    39.586
9 12.9809  10
12    62.7871
13    35.7727
14    37.5581
15    43.3883
16    62.4273
17    64.599
18    41.69
19    56.8818
20    46.4893
21    42.5533
10 11.0732  2
22    36.8815
36    61.8963
11 14.8437  1
65    0
12 7.15613  3
23    54.7678
34    48.2472
55    59.3602
13 12.0525  1
22    41.0427
14 8.04147  1
65    0
15 14.9438  2
22    41.1791
36    36.0273
16 7.48299  1
22    42.6147
17 13.1201  3
22    44.7525
34    45.4154
55    38.9827
18 11.5276  1
40    55.5808
19 6.32756  10
24    37.2486
25    42.3775
26    59.1267
27    53.8211
28    36.4951
29    39.9174
30    51.0936
31    57.5886
32    48.7974
36    48.9421
20 9.34675  2
22    59.7008
36    61.5996
21 9.20606  2
34    39.0458
53    41.4684
22 8.74645  2
35    48.4458
36    50.5626
23 7.24555  1
65    0
24 12.3446  1
55    42.449
25 8.99548  1
55    41.7367
26 8.05887  1
65    0
27 5.00031  2
34    45.1498
36    55.8545
28 5.01251  1
53    53.2196
29 5.05249  1
35    48.2939
30 5.18311  2
33    50.0902
34    54.3118
31 5.60945  1
65    0
32 7.00171  1
65    0
33 11.5484  3
37    38.3894
38    46.1029
39    41.2917
34 6.39531  1
65    0
35 9.56801  1
65    0
36 9.92843  1
65    0
37 11.1055  7
41    42.2411
42    58.6818
43    52.3681
44    61.7507
45    62.3898
46    64.4763
47    41.2889
38 14.9493  1
65    0
39 7.50099  1
53    64.5312
40 13.179  9
56    57.0338
57    46.9865
58    44.1766
59    35.0009
60    35.0375
61    35.1575
62    35.5493
63    36.8284
64    41.0051
41 11.7202  1
65    0
42 6.95624  1
55    46.2394
43 11.3997  1
53    58.9427
44 5.90976  1
65    0
45 7.98257  1
65    0
46 14.7516  1
65    0
47 6.85522  5
48    55.5716
49    42.2109
50    58.5829
51    52.0449
52    60.6951
48 11.0701  1
65    0
49 14.8337  1
65    0
50 7.12348  1
65    0
51 11.946  1
65    0
52 7.69387  1
55    54.5828
53 13.8086  1
54    44.1244
54 13.7762  1
65    0
55 13.6703  1
65    0
56 13.3245  1
65    0
57 12.1953  1
65    0
58 8.5081  1
65    0
59 6.46733  1
65    0
60 9.80331  1
65    0
61 10.6969  1
65    0
62 13.6151  1
65    0
63 13.1442  1
65    0
64 11.6063  1
65    0
65 0  0
