175
0 13.796  9
1    4.87974
2    5.00902
3    5.43118
4    3.80973
5    4.51498
6    3.81788
7    4.54154
8    4.31347
77    4.61029
1 13.7353  4
8    4.82472
21    5.55716
52    5.86671
142    5.43118
2 13.5369  3
8    4.82939
21    5.89427
94    4.69865
3 12.889  3
8    5.05626
27    4.17367
77    4.12917
4 10.7732  1
8    5.58545
5 13.8641  2
8    4.84458
27    4.62394
6 13.9575  2
8    3.90458
19    6.23898
7 14.2624  6
8    4.89421
21    6.06951
44    6.42547
50    6.1444
64    4.23775
93    6.48315
8 5.25758  8
9    6.15996
10    6.18963
11    6.28649
12    3.60273
27    4.76182
44    5.32104
66    5.43118
95    3.55493
9 5.85269  6
22    6.45312
23    4.14684
24    5.61576
25    4.41244
26    6.48315
27    3.89827
10 7.79611  2
21    5.85829
49    3.97536
11 14.1424  10
13    3.83894
14    4.61029
15    4.12917
16    5.55808
21    5.20449
44    5.51605
50    5.58399
53    4.33883
77    3.60273
94    4.76182
12 14.8663  4
19    6.17507
21    4.12889
27    5.70338
93    4.80403
13 7.22999  5
17    4.22411
18    5.86818
21    4.22109
49    6.08452
94    4.41766
14 12.2939  2
44    4.05657
77    6.18963
15 8.82977  3
19    5.23681
44    4.39477
93    4.2449
16 7.51778  4
21    5.32196
27    4.80403
109    5.5838
173    3.89827
17 13.2336  2
20    6.44763
142    5.00902
18 11.8984  8
28    4.69865
29    4.41766
30    3.50009
31    3.50375
32    3.51575
33    3.55493
34    3.68284
64    4.10427
19 7.53822  2
27    5.45828
52    6.18725
20 13.3004  3
27    5.93602
64    5.40518
122    3.57727
21 12.1166  3
44    4.08687
142    3.80973
173    4.17367
22 8.25083  4
27    4.2449
49    4.94099
63    5.63498
95    3.50009
23 5.62716  1
174    0
24 7.05969  2
50    4.30871
65    5.91267
25 11.7379  1
48    6.13286
26 7.01422  4
45    4.13704
46    5.5838
47    4.30816
93    5.61576
27 11.5893  5
48    6.14257
64    3.72486
65    5.38211
77    6.28649
142    5.10936
28 6.52867  2
52    6.12059
109    4.13704
29 10.0035  3
49    4.55243
94    4.17367
122    5.23196
30 11.3506  2
63    5.99013
66    3.81788
31 5.74953  1
140    4.10427
32 7.45918  4
63    3.68815
66    5.75886
95    3.50375
109    6.13286
33 13.0422  10
35    4.10051
36    5.46451
37    3.91859
38    4.8704
39    4.97853
40    5.33166
41    6.4848
42    4.2503
43    5.95369
44    6.4501
34 11.2737  10
54    6.24273
55    6.4599
56    4.169
57    5.68818
58    4.64893
59    4.25533
60    5.97008
61    5.56952
62    4.26147
93    3.89827
35 5.49837  1
49    5.20907
36 6.63915  4
48    6.10109
66    3.80973
95    3.91859
142    3.99174
37 10.3645  1
48    5.99736
38 12.5295  1
44    3.77293
39 9.59914  4
49    3.9402
52    6.06108
64    5.52136
66    3.99174
40 10.0301  2
53    3.75581
141    4.23775
41 11.4373  8
145    4.31347
146    6.15996
147    6.18963
148    6.28649
149    3.60273
150    3.83894
151    4.61029
152    4.12917
42 6.03244  2
44    5.41992
52    6.27871
43 8.38328  4
49    5.0558
52    5.23196
93    5.93602
108    4.05657
44 6.0596  6
116    3.97536
117    5.0558
118    5.58399
119    4.30871
120    6.1444
121    6.13881
45 8.47179  2
49    5.6586
142    4.87974
46 6.34861  4
49    5.4819
53    3.57727
63    4.47525
143    4.84458
47 9.41572  2
49    5.94325
52    6.15923
48 9.43129  1
66    4.51498
49 9.48195  1
173    5.93602
50 9.64736  2
51    6.13881
66    4.87974
51 10.1875  6
110    3.9402
111    4.94099
112    5.20907
113    6.08452
114    5.94325
115    5.4819
52 11.9515  1
174    0
53 7.71157  4
64    5.00105
66    5.00902
95    4.10051
109    5.6586
54 13.8665  10
67    4.54154
68    3.90458
69    4.82472
70    4.82939
71    4.84458
72    4.89421
73    5.05626
74    5.58545
75    4.31347
76    6.15996
55 13.9654  2
66    3.64951
95    5.46451
56 14.2883  2
64    4.11791
108    5.32104
57 5.34242  1
142    5.38211
58 6.1298  3
99    6.4848
100    4.2503
101    5.95369
59 8.70098  1
64    5.47678
60 7.09723  2
94    4.62394
122    6.18725
61 11.8603  1
174    0
62 7.41371  2
64    3.9586
93    4.14684
63 12.8939  1
66    5.10936
64 10.7894  3
77    5.55808
93    4.41244
109    4.55243
65 13.9169  1
174    0
66 14.1299  1
174    0
67 14.8254  1
174    0
68 7.09632  1
173    4.76182
69 11.8572  1
122    5.86671
70 7.40364  5
78    4.22411
79    5.86818
80    5.23681
81    6.17507
82    6.23898
71 12.861  1
77    3.83894
72 10.6816  4
131    5.97008
132    5.56952
133    4.26147
134    5.99013
73 13.565  1
95    3.51575
74 12.9809  6
102    5.51605
103    4.08687
104    5.41992
105    3.77293
106    4.39477
107    6.42547
75 11.0732  1
95    3.68284
76 14.8437  6
83    6.44763
84    4.12889
85    5.55716
86    4.22109
87    5.85829
88    5.20449
77 7.15613  3
96    4.8704
97    4.97853
98    5.33166
78 12.0525  1
93    5.45828
79 8.04147  1
173    5.45828
80 14.9438  1
109    4.30816
81 7.48299  1
142    3.64951
82 13.1201  1
174    0
83 11.5276  1
174    0
84 6.32756  1
174    0
85 9.34675  5
135    5.63498
136    4.47525
137    3.68815
138    4.11791
139    5.52136
86 9.20606  1
174    0
87 8.74645  1
122    6.12059
88 7.24555  4
89    6.06951
90    5.89427
91    5.32196
92    6.45312
89 12.3446  1
109    6.10109
90 8.99548  1
109    6.4501
91 8.05887  1
174    0
92 5.00031  2
94    5.70338
109    6.14257
93 5.01251  1
174    0
94 5.05249  1
174    0
95 5.18311  1
174    0
96 5.60945  1
174    0
97 7.00171  1
174    0
98 11.5484  1
143    3.90458
99 6.39531  1
143    4.82939
100 9.56801  1
174    0
101 9.92843  1
174    0
102 11.1055  1
174    0
103 14.9493  1
174    0
104 7.50099  1
174    0
105 13.179  1
141    3.9586
106 11.7202  1
122    6.15923
107 6.95624  2
109    5.99736
173    4.62394
108 11.3997  1
122    6.27871
109 5.90976  1
174    0
110 7.98257  1
174    0
111 14.7516  1
174    0
112 6.85522  1
174    0
113 11.0701  1
174    0
114 14.8337  1
141    5.40518
115 7.12348  1
174    0
116 11.946  1
174    0
117 7.69387  1
122    6.06108
118 13.8086  1
174    0
119 13.7762  1
174    0
120 13.6703  1
174    0
121 13.3245  8
123    3.75581
124    4.33883
125    6.24273
126    6.4599
127    4.169
128    5.68818
129    4.64893
130    4.25533
122 12.1953  1
141    5.47678
123 8.5081  1
174    0
124 6.46733  1
174    0
125 9.80331  1
174    0
126 10.6969  1
174    0
127 13.6151  1
174    0
128 13.1442  6
167    5.32196
168    6.45312
169    4.14684
170    5.61576
171    4.41244
172    6.48315
129 11.6063  1
141    3.72486
130 6.58452  1
174    0
131 10.186  1
174    0
132 11.9466  1
143    3.81788
133 7.6957  2
142    5.75886
143    4.54154
134 13.8147  1
141    5.91267
135 13.796  1
174    0
136 13.7353  1
143    4.82472
137 13.5369  1
174    0
138 12.889  1
174    0
139 10.7732  2
141    5.00105
144    5.05626
140 13.8641  1
174    0
141 13.9575  2
142    4.51498
143    4.89421
142 14.2624  1
144    5.58545
143 5.25758  1
174    0
144 5.85269  1
174    0
145 7.79611  1
174    0
146 14.1424  1
174    0
147 14.8663  1
174    0
148 7.22999  1
174    0
149 12.2939  8
159    6.44763
160    4.12889
161    5.55716
162    4.22109
163    5.85829
164    5.20449
165    6.06951
166    5.89427
150 8.82977  1
174    0
151 7.51778  1
174    0
152 13.2336  6
153    5.55808
154    4.22411
155    5.86818
156    5.23681
157    6.17507
158    6.23898
153 11.8984  1
174    0
154 7.53822  1
174    0
155 13.3004  1
174    0
156 12.1166  1
173    4.2449
157 8.25083  1
174    0
158 5.62716  1
174    0
159 7.05969  1
174    0
160 11.7379  1
174    0
161 7.01422  1
174    0
162 11.5893  1
174    0
163 6.52867  1
174    0
164 10.0035  1
174    0
165 11.3506  1
174    0
166 5.74953  1
173    4.80403
167 7.45918  1
174    0
168 13.0422  1
174    0
169 11.2737  1
174    0
170 5.49837  1
174    0
171 6.63915  1
174    0
172 10.3645  1
174    0
173 12.5295  1
174    0
174 0  0
