54
0 8.99548  10
1    7.15455
2    7.51161
3    8.67766
4    12.4855
5    12.9198
6    8.33799
7    11.3764
8    9.29786
9    8.51067
25    10.2187
1 8.05887  4
11    7.37629
12    8.23582
13    11.0427
14    8.20853
2 5.00031  3
10    8.52293
25    10.8624
26    9.02997
3 5.01251  10
15    10.9536
16    7.9172
17    10.0021
18    10.8104
19    7.44972
20    8.47551
21    11.8253
22    10.7642
23    7.29902
24    7.98349
4 5.05249  1
10    11.9803
5 5.18311  1
10    11.139
6 5.60945  1
10    11.27
7 7.00171  1
10    8.9505
8 11.5484  1
26    7.63576
9 6.39531  2
10    11.9402
25    9.75948
10 9.56801  1
53    0
11 9.92843  1
25    10.018
12 11.1055  1
53    0
13 14.9493  1
53    0
14 7.50099  1
53    0
15 13.179  1
25    11.5177
16 11.7202  1
53    0
17 6.95624  1
53    0
18 11.3997  1
53    0
19 5.90976  1
53    0
20 7.98257  1
53    0
21 14.7516  1
53    0
22 6.85522  1
53    0
23 11.0701  1
26    7.61946
24 14.8337  1
53    0
25 7.12348  1
53    0
26 11.946  7
27    9.08307
28    7.80917
29    9.64943
30    9.65877
31    9.68917
32    9.78841
33    10.1125
27 7.69387  1
53    0
28 13.8086  1
53    0
29 13.7762  1
53    0
30 13.6703  2
42    8.25834
43    11.1162
31 13.3245  8
34    11.1709
35    8.62694
36    12.3199
37    12.3793
38    12.573
39    7.20545
40    7.67788
41    9.22059
32 12.1953  1
53    0
33 8.5081  1
53    0
34 6.46733  1
53    0
35 9.80331  1
53    0
36 10.6969  1
53    0
37 13.6151  1
53    0
38 13.1442  9
44    8.44823
45    11.7364
46    10.4736
47    12.3501
48    12.478
49    12.8953
50    8.25779
51    11.1143
52    8.44218
39 11.6063  1
53    0
40 6.58452  1
53    0
41 10.186  1
53    0
42 11.9466  1
53    0
43 7.6957  1
53    0
44 13.8147  1
53    0
45 13.796  1
53    0
46 13.7353  1
53    0
47 13.5369  1
53    0
48 12.889  1
53    0
49 10.7732  1
53    0
50 13.8641  1
53    0
51 13.9575  1
53    0
52 14.2624  1
53    0
53 0  0
