107
0 7.01422  10
1    1.1168
2    0.861742
3    1.22888
4    1.22776
5    1.22412
6    1.21222
13    0.737629
26    0.780917
27    0.965877
36    1.06439
1 11.5893  5
10    1.25574
12    1.19402
13    1.09536
16    0.847551
82    1.13764
2 6.52867  5
10    0.715455
12    0.852293
13    0.820853
37    0.952364
81    1.25574
3 10.0035  3
10    0.867766
16    1.18253
83    0.737629
4 11.3506  4
10    1.29198
12    0.851067
16    0.729902
27    0.968917
5 5.74953  9
7    1.17334
8    1.04639
9    1.23185
10    0.751161
12    1.127
13    1.00021
27    0.978841
37    1.09166
94    0.902997
6 7.45918  5
12    1.13764
13    0.79172
16    1.07642
27    1.23793
51    0.995706
7 13.0422  5
10    1.24855
12    1.19803
27    1.01125
28    0.922059
37    0.924787
8 11.2737  2
11    0.833799
13    1.10427
9 5.49837  2
10    1.23745
12    1.1139
10 6.63915  4
12    0.929786
15    0.744972
37    1.29663
94    0.975948
11 10.3645  7
12    0.89505
13    0.823582
28    0.720545
36    1.2139
37    0.960805
51    1.06633
94    1.08624
12 12.5295  9
20    0.975948
21    1.0018
22    1.08624
23    0.761946
24    0.902997
25    0.763576
27    1.11709
28    0.844823
82    1.19803
13 9.59914  4
14    1.08104
36    1.17166
81    0.715455
82    1.19402
14 10.0301  3
17    0.798349
18    1.02187
19    1.15177
15 11.4373  1
106    0
16 6.03244  5
61    0.827409
62    1.11676
63    0.861632
82    0.833799
94    0.761946
17 8.38328  3
27    0.964943
28    1.11162
36    1.17885
18 6.0596  4
95    0.763576
96    0.908307
97    0.780917
98    0.964943
19 8.47179  9
29    1.17364
30    1.04736
31    1.23501
32    1.24779
33    1.28953
34    0.825779
35    1.11143
36    1.12315
82    0.929786
20 6.34861  2
36    1.29062
93    1.07642
21 9.41572  1
37    0.848979
22 9.43129  2
26    0.908307
94    1.02187
23 9.48195  2
27    1.23199
36    1.0409
24 9.64736  2
27    0.862694
28    0.767788
25 10.1875  2
28    0.825834
36    0.844218
26 11.9515  1
27    1.2573
27 7.71157  1
36    0.829368
28 13.8665  5
38    0.834733
39    1.14068
40    0.939729
41    0.883532
42    0.700018
29 13.9654  1
106    0
30 14.2883  10
69    0.910486
70    0.78804
71    0.988198
72    1.04181
73    1.2169
74    1.18865
75    1.09638
76    0.795071
77    1.01116
78    1.1168
31 5.34242  2
54    1.08398
80    1.17334
32 6.1298  8
43    0.700751
44    0.703149
45    0.710987
46    0.736567
47    0.820103
48    1.0929
49    0.783718
50    0.974081
33 8.70098  1
106    0
34 7.09723  2
37    0.882488
94    0.798349
35 11.8603  1
37    0.779653
36 7.41371  2
37    1.1872
81    1.04639
37 12.8939  1
51    1.29696
38 10.7894  4
52    1.10321
53    0.817374
81    1.23185
82    1.127
39 13.9169  1
106    0
40 14.1299  1
51    1.19074
41 14.8254  1
51    0.85006
42 7.09632  7
99    0.965877
100    0.968917
101    0.978841
102    1.01125
103    1.11709
104    0.862694
105    1.23199
43 11.8572  1
106    0
44 7.40364  4
64    1.22851
65    1.22657
66    1.22022
67    1.19947
45 12.861  1
106    0
46 10.6816  2
80    1.22776
81    0.751161
47 13.565  2
82    0.852293
94    1.15177
48 12.9809  1
106    0
49 11.0732  1
106    0
50 14.8437  6
55    0.754585
56    0.878954
57    1.28509
58    0.811313
59    1.06421
60    1.29002
51 7.15613  1
80    1.22888
52 12.0525  1
68    1.13172
53 8.04147  1
106    0
54 14.9438  1
80    1.22412
55 7.48299  1
81    1.29198
56 13.1201  9
84    0.823582
85    1.10427
86    0.820853
87    1.09536
88    0.79172
89    1.00021
90    1.08104
91    0.744972
92    0.847551
57 11.5276  2
80    1.21222
81    1.23745
58 6.32756  1
106    0
59 9.34675  1
82    0.851067
60 9.20606  1
81    1.24855
61 8.74645  1
106    0
62 7.24555  1
106    0
63 12.3446  1
106    0
64 8.99548  1
106    0
65 8.05887  1
106    0
66 5.00031  1
106    0
67 5.01251  1
79    0.861742
68 5.05249  1
106    0
69 5.18311  1
82    1.1139
70 5.60945  1
106    0
71 7.00171  1
81    0.867766
72 11.5484  1
106    0
73 6.39531  1
106    0
74 9.56801  1
106    0
75 9.92843  1
106    0
76 11.1055  1
106    0
77 14.9493  1
106    0
78 7.50099  1
106    0
79 13.179  1
106    0
80 11.7202  1
93    1.18253
81 6.95624  1
82    0.89505
82 11.3997  1
106    0
83 5.90976  1
106    0
84 7.98257  1
106    0
85 14.7516  1
106    0
86 6.85522  1
94    0.729902
87 11.0701  1
106    0
88 14.8337  1
106    0
89 7.12348  1
106    0
90 11.946  1
106    0
91 7.69387  1
106    0
92 13.8086  1
94    1.0018
93 13.7762  1
106    0
94 13.6703  1
106    0
95 13.3245  1
106    0
96 12.1953  1
106    0
97 8.5081  1
106    0
98 6.46733  1
106    0
99 9.80331  1
106    0
100 10.6969  1
106    0
101 13.6151  1
106    0
102 13.1442  1
106    0
103 11.6063  1
106    0
104 6.58452  1
106    0
105 10.186  1
106    0
106 0  0
