238
0 7.6957  10
1    4.8704
2    4.97853
3    5.33166
4    6.4848
5    4.2503
6    5.95369
7    5.51605
80    6.06951
118    4.33883
192    5.86671
1 13.8147  4
17    4.30816
56    5.75886
80    4.12889
183    4.13704
2 13.796  3
18    6.14257
28    5.86671
169    5.93602
3 13.7353  2
55    3.99174
183    6.14257
4 13.5369  2
8    5.41992
234    5.93602
5 12.889  7
9    3.77293
10    4.39477
11    6.42547
18    6.13286
24    3.97536
56    3.81788
166    5.85829
6 10.7732  3
8    4.08687
116    3.97536
192    3.57727
7 13.8641  2
25    5.58399
94    4.97853
8 13.9575  1
24    5.94325
9 14.2624  6
19    6.10109
20    5.99736
21    5.6586
22    4.55243
23    3.9402
214    5.75886
10 5.25758  7
12    4.05657
13    5.32104
14    6.4501
15    4.13704
16    5.5838
28    6.06108
80    4.22109
11 5.85269  1
24    5.4819
12 7.79611  1
117    5.0558
13 14.1424  2
25    5.0558
137    5.38211
14 14.8663  3
28    6.12059
94    3.91859
118    6.24273
15 7.22999  3
24    5.20907
41    5.56952
181    4.97853
16 12.2939  4
26    6.1444
41    5.99013
56    5.10936
231    4.12917
17 8.82977  1
237    0
18 7.51778  2
41    4.26147
83    4.76182
19 13.2336  1
237    0
20 11.8984  3
26    4.30871
56    4.51498
80    5.89427
21 7.53822  2
24    6.08452
181    5.51605
22 13.3004  3
24    4.94099
118    5.86671
169    4.76182
23 12.1166  3
27    6.13881
41    5.63498
80    5.85829
24 8.25083  4
161    4.12917
162    5.55808
163    4.22411
164    5.86818
25 5.62716  2
29    6.15923
30    6.18725
26 7.05969  3
28    5.23196
94    4.10051
212    5.38211
27 11.7379  1
237    0
28 7.01422  10
64    5.58545
65    4.31347
66    6.15996
67    6.18963
68    6.28649
69    3.60273
70    3.83894
117    6.12059
137    3.99174
166    5.89427
29 11.5893  1
237    0
30 6.52867  10
31    6.27871
32    3.57727
33    3.75581
34    4.33883
35    6.24273
36    6.4599
37    4.169
38    5.68818
39    4.64893
40    4.25533
31 10.0035  1
41    5.97008
32 11.3506  1
83    3.89827
33 5.74953  2
83    5.93602
187    3.97536
34 7.45918  1
182    4.05657
35 13.0422  3
187    5.58399
211    3.72486
231    4.22411
36 11.2737  2
41    4.47525
105    4.30816
37 5.49837  2
56    4.87974
83    4.80403
38 6.63915  3
56    5.00902
80    6.45312
118    5.23196
39 10.3645  5
50    3.72486
51    4.23775
52    5.91267
53    5.38211
54    3.64951
40 12.5295  7
127    5.99013
128    5.63498
129    4.47525
130    3.68815
131    4.11791
132    5.52136
213    3.64951
41 9.59914  8
42    3.68815
43    4.11791
44    5.52136
45    4.10427
46    5.47678
47    3.9586
48    5.00105
49    5.40518
42 10.0301  2
137    3.64951
232    5.23681
43 11.4373  2
56    3.80973
80    5.20449
44 6.03244  1
166    5.20449
45 8.38328  2
168    4.2449
187    4.55243
46 6.0596  1
118    6.27871
47 8.47179  1
56    5.43118
48 6.34861  1
237    0
49 9.41572  1
83    4.41244
50 9.43129  10
84    4.62394
85    4.17367
86    5.70338
87    4.69865
88    4.41766
89    3.50009
90    3.50375
91    3.51575
92    3.55493
93    3.68284
51 9.48195  7
59    4.82472
60    4.82939
61    4.84458
62    4.89421
63    5.05626
117    6.1444
187    5.4819
52 9.64736  1
237    0
53 10.1875  2
117    6.06108
231    5.55808
54 11.9515  4
57    4.54154
58    3.90458
83    6.48315
118    3.75581
55 7.71157  1
237    0
56 13.8665  1
231    4.61029
57 13.9654  3
94    6.4848
165    5.55716
181    5.41992
58 14.2883  2
94    4.2503
234    4.41244
59 5.34242  1
136    3.72486
60 6.1298  1
105    6.14257
61 8.70098  1
165    6.17507
62 7.09723  1
167    5.61576
63 11.8603  2
167    6.48315
181    5.33166
64 7.41371  7
225    4.89421
226    5.05626
227    5.58545
228    4.31347
229    6.15996
230    6.18963
231    3.60273
65 12.8939  9
119    6.4599
120    4.169
121    5.68818
122    4.64893
123    4.25533
124    5.97008
125    5.56952
126    4.26147
169    5.45828
66 10.7894  2
105    4.13704
233    4.22109
67 13.9169  2
80    5.55716
165    6.44763
68 14.1299  2
80    5.32196
187    5.94325
69 14.8254  10
71    4.61029
72    4.12917
73    5.55808
74    4.22411
75    5.86818
76    5.23681
77    6.17507
78    6.23898
79    6.44763
83    4.2449
70 7.09632  1
169    4.80403
71 11.8572  2
83    5.45828
118    6.18725
72 7.40364  3
137    4.23775
211    5.91267
231    5.86818
73 12.861  1
192    5.23196
74 10.6816  1
187    6.08452
75 13.565  1
237    0
76 12.9809  2
105    5.5838
187    5.0558
77 11.0732  3
118    6.15923
192    6.18725
232    6.44763
78 14.8437  2
81    4.14684
82    5.61576
79 7.15613  1
237    0
80 12.0525  1
187    3.9402
81 8.04147  1
94    5.33166
82 14.9438  2
94    4.8704
192    4.33883
83 7.48299  1
181    4.8704
84 13.1201  1
237    0
85 11.5276  10
95    5.95369
96    5.51605
97    4.08687
98    5.41992
99    3.77293
100    4.39477
101    6.42547
102    4.05657
103    5.32104
104    6.4501
86 6.32756  1
237    0
87 9.34675  1
116    5.4819
88 9.20606  1
237    0
89 8.74645  10
106    6.13286
107    6.10109
108    5.99736
109    5.6586
110    4.55243
111    3.9402
112    4.94099
113    5.20907
114    6.08452
115    5.94325
90 7.24555  1
237    0
91 12.3446  1
94    5.46451
92 8.99548  1
237    0
93 8.05887  1
234    5.45828
94 5.00031  1
169    3.89827
95 5.01251  4
157    6.28649
158    3.60273
159    3.83894
160    4.61029
96 5.05249  1
233    5.55716
97 5.18311  1
169    4.17367
98 5.60945  1
137    5.91267
99 7.00171  1
237    0
100 11.5484  1
214    5.10936
101 6.39531  1
118    3.57727
102 9.56801  1
136    5.00105
103 9.92843  1
192    6.15923
104 11.1055  1
117    5.58399
105 14.9493  1
117    6.13881
106 7.50099  1
192    3.75581
107 13.179  2
181    4.2503
211    5.00105
108 11.7202  1
237    0
109 6.95624  1
181    4.08687
110 11.3997  1
237    0
111 5.90976  7
218    4.51498
219    3.81788
220    4.54154
221    3.90458
222    4.82472
223    4.82939
224    4.84458
112 7.98257  9
172    4.41766
173    3.50009
174    3.50375
175    3.51575
176    3.55493
177    3.68284
178    4.10051
179    5.46451
180    3.91859
113 14.7516  1
117    4.30871
114 6.85522  1
165    5.23681
115 11.0701  1
165    4.12889
116 14.8337  1
237    0
117 7.12348  1
183    4.30816
118 11.946  1
183    5.5838
119 7.69387  1
237    0
120 13.8086  4
133    4.10427
134    5.47678
135    3.9586
231    3.83894
121 13.7762  1
165    6.23898
122 13.6703  1
167    6.45312
123 13.3245  2
136    5.40518
233    5.89427
124 12.1953  1
181    6.4848
125 8.5081  10
148    4.82472
149    4.82939
150    4.84458
151    4.89421
152    5.05626
153    5.58545
154    4.31347
155    6.15996
156    6.18963
211    5.40518
126 6.46733  1
214    3.99174
127 9.80331  1
182    6.42547
128 10.6969  10
138    5.10936
139    5.75886
140    4.87974
141    5.00902
142    5.43118
143    3.80973
144    4.51498
145    3.81788
146    4.54154
147    3.90458
129 13.6151  5
202    5.99013
203    5.63498
204    4.47525
205    3.68815
206    4.11791
130 13.1442  1
237    0
131 11.6063  1
237    0
132 6.58452  1
167    4.14684
133 10.186  1
237    0
134 11.9466  9
193    6.24273
194    6.4599
195    4.169
196    5.68818
197    4.64893
198    4.25533
199    5.97008
200    5.56952
201    4.26147
135 7.6957  2
170    5.70338
171    4.69865
136 13.8147  1
166    6.06951
137 13.796  1
237    0
138 13.7353  1
187    5.20907
139 13.5369  1
183    6.4501
140 12.889  2
166    5.32196
167    4.41244
141 10.7732  1
183    5.32104
142 13.8641  1
233    5.20449
143 13.9575  1
237    0
144 14.2624  1
182    3.77293
145 5.25758  1
237    0
146 5.85269  1
183    6.13286
147 7.79611  1
237    0
148 14.1424  1
237    0
149 14.8663  1
232    6.23898
150 7.22999  1
237    0
151 12.2939  4
188    4.30871
189    6.1444
190    6.13881
191    6.12059
152 8.82977  1
237    0
153 7.51778  1
169    4.62394
154 13.2336  1
237    0
155 11.8984  4
184    6.10109
185    5.99736
186    5.6586
192    6.06108
156 7.53822  1
237    0
157 13.3004  1
237    0
158 12.1166  2
187    4.94099
233    4.14684
159 8.25083  1
237    0
160 5.62716  1
237    0
161 7.05969  1
181    5.95369
162 11.7379  1
237    0
163 7.01422  2
165    4.22109
182    4.39477
164 11.5893  1
237    0
165 6.52867  1
237    0
166 10.0035  1
237    0
167 11.3506  1
234    5.61576
168 5.74953  1
237    0
169 7.45918  4
207    5.52136
208    4.10427
209    5.47678
210    3.9586
170 13.0422  1
237    0
171 11.2737  1
237    0
172 5.49837  1
232    6.17507
173 6.63915  1
237    0
174 10.3645  2
235    3.89827
236    4.80403
175 12.5295  1
237    0
176 9.59914  1
237    0
177 10.0301  1
237    0
178 11.4373  1
192    6.27871
179 6.03244  1
237    0
180 8.38328  1
237    0
181 6.0596  1
237    0
182 8.47179  1
237    0
183 6.34861  1
237    0
184 9.41572  1
237    0
185 9.43129  1
237    0
186 9.48195  1
237    0
187 9.64736  3
215    5.00902
216    5.43118
217    3.80973
188 10.1875  1
233    6.06951
189 11.9515  1
237    0
190 7.71157  1
234    6.48315
191 13.8665  1
233    6.45312
192 13.9654  1
237    0
193 14.2883  1
237    0
194 5.34242  1
237    0
195 6.1298  1
237    0
196 8.70098  1
233    4.12889
197 7.09723  1
237    0
198 11.8603  1
237    0
199 7.41371  1
237    0
200 12.8939  1
237    0
201 10.7894  1
237    0
202 13.9169  1
237    0
203 14.1299  1
237    0
204 14.8254  1
214    4.87974
205 7.09632  1
211    4.23775
206 11.8572  1
237    0
207 7.40364  1
237    0
208 12.861  1
237    0
209 10.6816  1
237    0
210 13.565  1
237    0
211 12.9809  1
237    0
212 11.0732  1
237    0
213 14.8437  1
237    0
214 7.15613  1
233    5.85829
215 12.0525  1
237    0
216 8.04147  1
237    0
217 14.9438  1
237    0
218 7.48299  1
233    5.32196
219 13.1201  1
237    0
220 11.5276  1
237    0
221 6.32756  1
237    0
222 9.34675  1
237    0
223 9.20606  1
234    4.2449
224 8.74645  1
237    0
225 7.24555  1
237    0
226 12.3446  1
231    6.28649
227 8.99548  1
237    0
228 8.05887  1
237    0
229 5.00031  1
237    0
230 5.01251  1
237    0
231 5.05249  1
237    0
232 5.18311  1
237    0
233 5.60945  1
237    0
234 7.00171  1
237    0
235 11.5484  1
237    0
236 6.39531  1
237    0
237 0  0
