50
0 12.9809  10
1    0.910486
2    0.78804
3    0.988198
4    1.04181
5    1.2169
6    1.18865
7    1.09638
8    0.795071
9    1.01116
25    1.18253
1 11.0732  3
25    1.02187
31    1.11709
40    1.2139
2 14.8437  3
11    1.22776
23    0.89505
25    0.847551
3 7.15613  6
10    1.22888
11    1.04639
22    1.19803
23    0.823582
25    1.08104
31    1.01125
4 12.0525  1
22    1.19402
5 8.04147  2
11    1.22412
42    0.848979
6 14.9438  6
11    1.17334
22    0.851067
25    0.744972
27    0.902997
41    0.829368
48    0.710987
7 7.48299  4
10    0.861742
22    0.929786
40    1.17166
47    0.924787
8 13.1201  1
22    0.852293
9 11.5276  4
10    1.1168
23    0.737629
26    1.15177
27    0.975948
10 6.32756  3
11    1.21222
22    1.1139
24    1.00021
11 9.34675  8
12    1.23185
13    1.23745
14    1.25574
15    0.715455
16    0.751161
17    0.867766
23    1.10427
40    1.24779
12 9.20606  5
18    1.24855
23    1.09536
25    1.07642
27    0.761946
31    0.862694
13 8.74645  5
23    1.127
27    1.0018
30    0.968917
31    1.23793
41    0.882488
14 7.24555  1
39    1.17364
15 12.3446  3
28    0.908307
29    0.780917
41    1.12315
16 8.99548  4
19    1.29198
20    0.833799
21    1.13764
39    1.04736
17 8.05887  2
23    0.820853
25    0.729902
18 5.00031  1
27    0.763576
19 5.01251  1
49    0
20 5.05249  3
25    0.798349
30    0.965877
40    0.844218
21 5.18311  1
24    0.79172
22 5.60945  4
32    1.2573
33    0.720545
34    0.767788
35    0.922059
23 7.00171  2
27    1.08624
40    1.23501
24 11.5484  2
47    0.834733
48    0.939729
25 6.39531  3
31    0.978841
40    1.11143
48    1.14068
26 9.56801  3
30    0.964943
41    1.29062
48    0.703149
27 9.92843  2
31    1.23199
42    1.29663
28 11.1055  1
49    0
29 14.9493  1
48    0.700751
30 7.50099  1
40    1.28953
31 13.179  1
48    0.700018
32 11.7202  2
36    0.825834
40    0.825779
33 6.95624  2
37    1.11162
38    0.844823
34 11.3997  1
40    1.17885
35 5.90976  1
49    0
36 7.98257  1
49    0
37 14.7516  2
40    1.0409
42    1.1872
38 6.85522  1
49    0
39 11.0701  4
43    1.09166
44    0.779653
45    0.960805
46    0.952364
40 14.8337  1
41    1.06439
41 7.12348  1
49    0
42 11.946  1
49    0
43 7.69387  1
49    0
44 13.8086  1
49    0
45 13.7762  1
48    0.883532
46 13.6703  1
49    0
47 13.3245  1
49    0
48 12.1953  1
49    0
49 0  0
