195
0 13.1201  3
1    61.8725
15    41.0427
49    54.5828
1 11.5276  9
2    62.7871
3    35.7727
4    37.5581
5    43.3883
6    62.4273
7    64.599
8    41.69
9    56.8818
119    52.3681
2 6.32756  6
11    42.6147
42    41.2917
50    46.2394
51    35.5493
64    45.5243
150    43.9477
3 9.34675  6
10    46.4893
15    55.2136
44    42.2109
50    35.0009
62    61.3286
95    59.1267
4 9.20606  5
12    44.7525
13    36.8815
14    41.1791
34    50.5626
95    50.0105
5 8.74645  2
10    42.5533
42    42.2411
6 7.24555  4
10    55.6952
34    48.2472
44    58.5829
95    54.0518
7 12.3446  6
10    59.7008
11    56.3498
61    55.838
63    56.586
96    48.7974
119    42.2109
8 8.99548  10
16    54.7678
17    39.586
18    50.0105
19    54.0518
20    37.2486
21    42.3775
22    59.1267
23    53.8211
24    36.4951
25    39.9174
9 8.05887  2
34    48.9421
62    61.0109
10 5.00031  1
11    59.9013
11 5.01251  1
42    64.4763
12 5.05249  4
42    46.1029
51    49.7853
64    39.7536
136    57.0338
13 5.18311  2
42    58.6818
143    36.8284
14 5.60945  8
36    43.1347
37    61.5996
38    61.8963
39    62.8649
40    36.0273
41    38.3894
42    55.5808
174    55.6952
15 7.00171  2
49    42.449
50    44.1766
16 11.5484  3
44    52.0449
50    46.9865
119    64.4763
17 6.39531  1
42    62.3898
18 9.56801  3
34    48.4458
48    64.8315
51    54.6451
19 9.92843  1
44    60.6951
20 11.1055  8
26    51.0936
27    57.5886
28    48.7974
29    50.0902
30    54.3118
44    55.5716
50    41.7367
64    49.4099
21 14.9493  2
51    41.0051
64    60.8452
22 7.50099  2
34    48.2939
51    53.3166
23 13.179  4
34    45.4154
51    39.1859
64    39.402
143    53.3166
24 11.7202  1
96    57.5886
25 6.95624  4
42    61.7507
49    48.0403
51    36.8284
96    36.4951
26 11.3997  3
34    39.0458
48    41.4684
50    35.0375
27 5.90976  1
49    47.6182
28 7.98257  4
31    38.0973
32    45.1498
33    38.1788
49    38.9827
29 14.7516  4
61    64.501
143    41.0051
150    64.2547
151    61.3286
30 6.85522  1
50    57.0338
31 11.0701  4
43    41.2889
49    59.3602
61    41.3704
151    43.0816
32 14.8337  1
194    0
33 7.12348  1
35    55.8545
34 11.946  5
42    52.3681
48    44.1244
60    40.5657
64    52.0907
175    56.3498
35 7.69387  1
48    56.1576
36 13.8086  1
194    0
37 13.7762  2
51    48.704
64    59.4325
38 13.6703  1
61    53.2104
39 13.3245  2
95    54.7678
97    50.0902
40 12.1953  3
45    58.9427
46    53.2196
47    64.5312
41 8.5081  1
194    0
42 6.46733  2
59    43.9477
96    51.0936
43 9.80331  1
119    55.5716
44 10.6969  2
60    64.2547
95    53.8211
45 13.6151  1
174    41.69
46 13.1442  1
194    0
47 11.6063  1
65    50.558
48 6.58452  1
51    35.1575
49 10.186  7
52    64.848
53    42.503
54    59.5369
55    55.1605
56    40.8687
57    54.1992
58    37.7293
50 11.9466  2
64    54.819
150    55.838
51 7.6957  9
76    62.7871
77    35.7727
78    37.5581
79    43.3883
80    62.4273
81    64.599
82    41.69
83    56.8818
84    46.4893
52 13.8147  1
95    42.3775
53 13.796  2
96    39.9174
174    64.599
54 13.7353  3
66    55.8399
67    43.0871
68    61.444
55 13.5369  1
97    54.3118
56 12.889  1
119    58.5829
57 10.7732  9
69    61.3881
70    61.2059
71    60.6108
72    58.6671
73    52.3196
74    61.5923
75    61.8725
95    41.0427
150    64.501
58 13.8641  7
157    39.7536
158    50.558
159    55.8399
160    43.0871
161    61.444
162    61.3881
163    61.2059
59 13.9575  3
62    43.0816
63    59.9736
143    49.7853
60 14.2624  1
119    62.3898
61 5.25758  1
62    61.4257
62 5.85269  6
98    38.0973
99    45.1498
100    38.1788
101    45.4154
102    39.0458
150    40.5657
63 7.79611  8
120    52.0449
121    60.6951
122    58.9427
123    53.2196
124    64.5312
125    41.4684
126    56.1576
127    44.1244
64 14.1424  1
143    39.1859
65 14.8663  1
194    0
66 7.22999  1
194    0
67 12.2939  10
85    42.5533
86    59.7008
87    55.6952
88    42.6147
89    59.9013
90    56.3498
91    44.7525
92    36.8815
93    41.1791
94    55.2136
68 8.82977  1
95    37.2486
69 7.51778  1
194    0
70 13.2336  2
95    39.586
151    61.4257
71 11.8984  1
137    46.9865
72 7.53822  1
194    0
73 13.3004  1
151    45.5243
74 12.1166  1
194    0
75 8.25083  1
194    0
76 5.62716  1
194    0
77 7.05969  1
150    37.7293
78 11.7379  1
194    0
79 7.01422  1
194    0
80 11.5893  1
194    0
81 6.52867  6
113    36.0273
114    38.3894
115    46.1029
116    41.2917
117    55.5808
175    36.8815
82 10.0035  10
103    48.2472
104    48.2939
105    48.4458
106    48.9421
107    50.5626
108    55.8545
109    43.1347
110    61.5996
111    61.8963
112    62.8649
83 11.3506  1
194    0
84 5.74953  1
194    0
85 7.45918  1
194    0
86 13.0422  1
194    0
87 11.2737  1
194    0
88 5.49837  1
194    0
89 6.63915  1
194    0
90 10.3645  1
194    0
91 12.5295  1
194    0
92 9.59914  1
175    55.2136
93 10.0301  1
143    48.704
94 11.4373  6
144    64.848
145    42.503
146    59.5369
147    55.1605
148    40.8687
149    54.1992
95 6.03244  1
194    0
96 8.38328  1
151    56.586
97 6.0596  1
119    41.2889
98 8.47179  1
194    0
99 6.34861  1
119    58.6818
100 9.41572  1
119    61.7507
101 9.43129  1
194    0
102 9.48195  1
194    0
103 9.64736  5
138    44.1766
139    35.0009
140    35.0375
141    35.1575
142    35.5493
104 10.1875  1
194    0
105 11.9515  1
194    0
106 7.71157  1
143    54.6451
107 13.8665  1
194    0
108 13.9654  1
194    0
109 14.2883  1
118    42.2411
110 5.34242  1
194    0
111 6.1298  1
194    0
112 8.70098  4
190    50.0902
191    54.3118
192    38.0973
193    45.1498
113 7.09723  1
194    0
114 11.8603  8
128    64.8315
129    42.449
130    59.3602
131    54.5828
132    38.9827
133    48.0403
134    47.6182
135    46.2394
115 7.41371  1
194    0
116 12.8939  1
194    0
117 10.7894  1
194    0
118 13.9169  1
194    0
119 14.1299  1
194    0
120 14.8254  1
194    0
121 7.09632  1
194    0
122 11.8572  1
194    0
123 7.40364  3
136    41.7367
150    53.2104
151    39.402
124 12.861  4
152    49.4099
153    52.0907
154    60.8452
155    59.4325
125 10.6816  1
194    0
126 13.565  1
194    0
127 12.9809  1
174    59.7008
128 11.0732  1
194    0
129 14.8437  1
151    61.0109
130 7.15613  1
194    0
131 12.0525  1
156    54.819
132 8.04147  1
174    42.6147
133 14.9438  1
194    0
134 7.48299  1
194    0
135 13.1201  1
194    0
136 11.5276  1
175    44.7525
137 6.32756  1
194    0
138 9.34675  1
194    0
139 9.20606  1
194    0
140 8.74645  1
174    42.5533
141 7.24555  1
151    59.9736
142 12.3446  1
194    0
143 8.99548  1
194    0
144 8.05887  1
194    0
145 5.00031  1
194    0
146 5.01251  1
175    41.1791
147 5.05249  1
150    41.3704
148 5.18311  10
164    60.6108
165    58.6671
166    52.3196
167    61.5923
168    61.8725
169    62.7871
170    35.7727
171    37.5581
172    43.3883
173    62.4273
149 5.60945  1
194    0
150 7.00171  1
194    0
151 11.5484  1
194    0
152 6.39531  9
181    37.2486
182    42.3775
183    59.1267
184    53.8211
185    36.4951
186    39.9174
187    51.0936
188    57.5886
189    48.7974
153 9.56801  1
194    0
154 9.92843  1
175    59.9013
155 11.1055  1
194    0
156 14.9493  1
194    0
157 7.50099  1
194    0
158 13.179  1
194    0
159 11.7202  1
194    0
160 6.95624  1
194    0
161 11.3997  5
176    41.0427
177    54.7678
178    39.586
179    50.0105
180    54.0518
162 5.90976  1
194    0
163 7.98257  1
194    0
164 14.7516  1
194    0
165 6.85522  1
174    56.8818
166 11.0701  1
194    0
167 14.8337  1
194    0
168 7.12348  1
174    46.4893
169 11.946  1
194    0
170 7.69387  1
194    0
171 13.8086  1
194    0
172 13.7762  1
194    0
173 13.6703  1
194    0
174 13.3245  1
194    0
175 12.1953  1
194    0
176 8.5081  1
194    0
177 6.46733  1
194    0
178 9.80331  1
194    0
179 10.6969  1
194    0
180 13.6151  1
194    0
181 13.1442  1
194    0
182 11.6063  1
194    0
183 6.58452  1
194    0
184 10.186  1
194    0
185 11.9466  1
194    0
186 7.6957  1
194    0
187 13.8147  1
194    0
188 13.796  1
194    0
189 13.7353  1
194    0
190 13.5369  1
194    0
191 12.889  1
194    0
192 10.7732  1
194    0
193 13.8641  1
194    0
194 0  0
