61
0 11.1055  1
1    54.7678
1 14.9493  9
2    39.586
3    50.0105
4    54.0518
5    37.2486
6    42.3775
7    59.1267
39    42.449
44    46.2394
49    48.704
2 7.50099  8
8    53.8211
9    36.4951
10    39.9174
11    51.0936
12    57.5886
13    48.7974
14    50.0902
23    55.8545
3 13.179  1
60    0
4 11.7202  2
15    38.0973
30    61.7507
5 6.95624  1
60    0
6 11.3997  2
23    50.5626
39    56.1576
7 5.90976  4
16    45.1498
30    52.3681
39    41.4684
44    41.7367
8 7.98257  2
30    42.2411
44    35.0375
9 14.7516  1
14    54.3118
10 6.85522  1
30    58.6818
11 11.0701  1
60    0
12 14.8337  1
60    0
13 7.12348  1
60    0
14 11.946  2
23    48.9421
39    64.8315
15 7.69387  1
44    57.0338
16 13.8086  6
17    38.1788
18    45.4154
19    39.0458
20    48.2472
21    48.2939
22    48.4458
17 13.7762  1
50    53.3166
18 13.6703  1
23    43.1347
19 13.3245  7
32    42.2109
33    58.5829
34    52.0449
35    60.6951
36    58.9427
37    53.2196
38    64.5312
20 12.1953  2
31    55.5716
44    47.6182
21 8.5081  7
24    61.8963
25    62.8649
26    36.0273
27    38.3894
28    46.1029
29    41.2917
39    44.1244
22 6.46733  1
23    61.5996
23 9.80331  4
40    59.3602
41    54.5828
42    38.9827
43    48.0403
24 10.6969  1
60    0
25 13.6151  1
60    0
26 13.1442  1
30    62.3898
27 11.6063  2
30    55.5808
44    35.0009
28 6.58452  1
31    41.2889
29 10.186  1
31    64.4763
30 11.9466  1
60    0
31 7.6957  1
44    44.1766
32 13.8147  1
60    0
33 13.796  7
53    59.5369
54    55.1605
55    40.8687
56    54.1992
57    37.7293
58    43.9477
59    64.2547
34 13.7353  1
60    0
35 13.5369  1
60    0
36 12.889  1
44    46.9865
37 10.7732  1
60    0
38 13.8641  2
51    64.848
52    42.503
39 13.9575  1
60    0
40 14.2624  1
49    39.1859
41 5.25758  1
60    0
42 5.85269  1
60    0
43 7.79611  5
45    35.1575
46    35.5493
47    36.8284
48    41.0051
49    54.6451
44 14.1424  1
50    49.7853
45 14.8663  1
60    0
46 7.22999  1
60    0
47 12.2939  1
60    0
48 8.82977  1
60    0
49 7.51778  1
60    0
50 13.2336  1
60    0
51 11.8984  1
60    0
52 7.53822  1
60    0
53 13.3004  1
60    0
54 12.1166  1
60    0
55 8.25083  1
60    0
56 5.62716  1
60    0
57 7.05969  1
60    0
58 11.7379  1
60    0
59 7.01422  1
60    0
60 0  0
