123
0 13.3004  4
1    1.25574
5    0.833799
6    0.852293
15    1.00021
1 12.1166  9
2    0.715455
3    0.751161
5    1.13764
6    0.929786
15    1.08104
29    1.2573
49    0.878954
50    1.29002
63    0.715455
2 8.25083  6
4    0.867766
6    1.19803
39    1.29663
50    1.11676
63    1.13764
91    1.17364
3 5.62716  6
5    1.29198
6    1.1139
13    1.09536
15    1.02187
29    0.720545
48    0.974081
4 7.05969  4
5    1.24855
6    1.19402
39    1.29062
50    0.811313
5 11.7379  7
6    0.851067
15    0.744972
29    0.825834
39    0.829368
40    0.779653
60    1.18865
63    1.29198
6 7.01422  7
7    1.127
15    1.18253
18    0.908307
40    0.952364
47    0.700751
73    0.79172
91    0.844823
7 11.5893  8
8    0.89505
9    0.737629
10    0.823582
11    1.10427
12    0.820853
15    0.798349
18    1.08624
47    0.736567
8 6.52867  3
15    1.07642
48    1.29696
62    1.21222
9 10.0035  1
18    0.761946
10 11.3506  3
15    0.729902
48    1.0929
60    1.09638
11 5.74953  3
14    0.79172
15    0.847551
40    0.848979
12 7.45918  1
18    0.763576
13 13.0422  5
15    1.15177
40    1.1872
60    1.04181
73    1.10427
79    1.02187
14 11.2737  3
16    0.975948
17    1.0018
73    0.820853
15 5.49837  10
19    0.780917
20    0.964943
21    0.965877
22    0.968917
23    0.978841
24    1.01125
25    1.11709
26    0.862694
27    1.23199
28    1.23793
16 6.63915  4
18    0.902997
29    0.844823
60    0.795071
101    0.882488
17 10.3645  1
122    0
18 12.5295  3
48    1.10321
50    0.827409
91    1.04736
19 9.59914  4
29    1.04736
39    0.882488
48    0.783718
63    1.24855
20 10.0301  1
49    0.817374
21 11.4373  1
29    0.767788
22 6.03244  2
29    1.17364
48    0.820103
23 8.38328  2
40    0.960805
49    1.28509
24 6.0596  1
29    1.11162
25 8.47179  1
48    0.995706
26 6.34861  1
122    0
27 9.41572  10
30    1.23501
31    1.24779
32    1.28953
33    0.825779
34    1.11143
35    0.844218
36    1.17166
37    1.0409
38    1.2139
62    1.25574
28 9.43129  1
29    0.922059
29 9.48195  1
91    1.24779
30 9.64736  3
40    1.09166
62    1.23745
73    1.00021
31 10.1875  3
48    0.85006
60    1.2169
62    1.17334
32 11.9515  6
39    1.12315
47    0.710987
50    1.06421
61    0.861742
90    0.922059
91    1.11162
33 7.71157  2
47    0.703149
49    1.08398
34 13.8665  2
63    0.751161
73    1.09536
35 13.9654  1
39    1.06439
36 14.2883  6
41    0.924787
42    0.834733
43    1.14068
44    0.939729
45    0.883532
46    0.700018
37 5.34242  4
39    1.17885
61    1.22888
62    1.22412
91    1.23501
38 6.1298  1
61    1.22776
39 8.70098  1
63    0.929786
40 7.09723  4
64    0.851067
65    1.19402
82    0.908307
91    0.825834
41 11.8603  1
60    1.1168
42 7.41371  2
60    1.01116
101    1.29062
43 12.8939  1
48    1.19074
44 10.7894  1
48    1.06633
45 13.9169  1
49    0.754585
46 14.1299  10
51    0.861632
52    1.22851
53    1.22657
54    1.22022
55    1.19947
56    1.13172
57    0.910486
58    0.78804
59    0.988198
82    0.763576
47 14.8254  2
80    1.0018
81    1.08624
48 7.09632  1
122    0
49 11.8572  1
122    0
50 7.40364  2
63    0.833799
73    1.08104
51 12.861  1
122    0
52 10.6816  1
63    0.867766
53 13.565  1
101    1.12315
54 12.9809  1
122    0
55 11.0732  1
82    0.964943
56 14.8437  2
62    1.23185
82    0.965877
57 7.15613  1
122    0
58 12.0525  1
62    1.04639
59 8.04147  1
122    0
60 14.9438  1
74    0.847551
61 7.48299  1
122    0
62 13.1201  7
66    1.1139
67    0.852293
68    1.19803
69    1.127
70    0.89505
71    0.737629
72    0.823582
63 11.5276  1
122    0
64 6.32756  1
122    0
65 9.34675  1
82    0.968917
66 9.20606  1
79    0.975948
67 8.74645  1
122    0
68 7.24555  2
73    0.744972
82    0.761946
69 12.3446  3
87    1.2573
88    0.720545
89    0.767788
70 8.99548  1
122    0
71 8.05887  1
82    1.01125
72 5.00031  1
82    0.978841
73 5.01251  1
122    0
74 5.05249  5
75    1.18253
76    1.07642
77    0.729902
78    0.798349
101    0.829368
75 5.18311  1
122    0
76 5.60945  1
122    0
77 7.00171  4
83    1.11709
84    0.862694
85    1.23199
86    1.23793
78 11.5484  2
79    1.15177
82    0.902997
79 6.39531  1
122    0
80 9.56801  1
82    0.780917
81 9.92843  1
122    0
82 11.1055  1
122    0
83 14.9493  1
122    0
84 7.50099  1
122    0
85 13.179  1
122    0
86 11.7202  1
122    0
87 6.95624  1
122    0
88 11.3997  1
122    0
89 5.90976  1
122    0
90 7.98257  9
92    1.28953
93    0.825779
94    1.11143
95    0.844218
96    1.17166
97    1.0409
98    1.2139
99    1.17885
100    1.06439
91 14.7516  1
122    0
92 6.85522  1
122    0
93 11.0701  1
122    0
94 14.8337  1
122    0
95 7.12348  1
122    0
96 11.946  1
122    0
97 7.69387  1
122    0
98 13.8086  10
102    1.29663
103    0.848979
104    1.1872
105    1.09166
106    0.779653
107    0.960805
108    0.952364
109    0.924787
110    0.834733
111    1.14068
99 13.7762  1
122    0
100 13.6703  1
122    0
101 13.3245  1
122    0
102 12.1953  1
122    0
103 8.5081  1
122    0
104 6.46733  10
112    0.939729
113    0.883532
114    0.700018
115    0.700751
116    0.703149
117    0.710987
118    0.736567
119    0.820103
120    1.0929
121    0.783718
105 9.80331  1
122    0
106 10.6969  1
122    0
107 13.6151  1
122    0
108 13.1442  1
122    0
109 11.6063  1
122    0
110 6.58452  1
122    0
111 10.186  1
122    0
112 11.9466  1
122    0
113 7.6957  1
122    0
114 13.8147  1
122    0
115 13.796  1
122    0
116 13.7353  1
122    0
117 13.5369  1
122    0
118 12.889  1
122    0
119 10.7732  1
122    0
120 13.8641  1
122    0
121 13.9575  1
122    0
122 0  0
