176
0 9.64736  5
1    4.69865
20    6.13286
35    5.23196
54    3.81788
166    4.94099
1 10.1875  5
2    4.41766
20    4.30816
89    4.05657
114    4.64893
167    5.94325
2 11.9515  7
3    3.50009
4    3.50375
5    3.51575
6    3.55493
7    3.68284
8    3.91859
88    6.4848
3 7.71157  10
11    5.95369
12    5.51605
13    4.08687
14    5.41992
15    3.77293
16    4.39477
17    6.42547
18    4.05657
19    5.32104
42    3.9586
4 13.8665  5
8    4.10051
9    5.33166
10    4.2503
35    3.57727
42    4.11791
5 13.9654  2
8    5.46451
90    4.13704
6 14.2883  4
9    6.4848
20    6.14257
89    5.41992
148    4.41244
7 5.34242  4
8    4.8704
9    4.97853
20    5.99736
54    5.05626
8 6.1298  6
21    3.9402
22    4.94099
23    5.20907
24    6.08452
25    5.94325
26    5.4819
9 8.70098  4
35    6.15923
42    5.52136
114    5.56952
115    3.68815
10 7.09723  8
27    3.97536
28    5.0558
29    5.58399
30    4.30871
31    6.1444
32    6.13881
43    3.72486
90    6.14257
11 11.8603  3
35    5.86671
88    4.97853
114    5.68818
12 7.41371  3
20    4.55243
41    4.26147
54    4.82939
13 12.8939  4
35    6.27871
54    4.54154
75    6.45312
99    4.30871
14 10.7894  2
20    4.13704
149    5.45828
15 13.9169  2
20    5.6586
115    4.47525
16 14.1299  2
20    6.10109
42    5.00105
17 14.8254  4
20    6.4501
42    4.10427
76    5.61576
169    3.57727
18 7.09632  3
20    5.5838
41    5.56952
132    4.82939
19 11.8572  1
43    5.91267
20 7.40364  3
38    4.64893
39    4.25533
80    4.69865
21 12.861  3
35    4.33883
42    5.99013
168    5.86671
22 10.6816  4
42    4.47525
76    5.93602
88    5.33166
131    3.80973
23 13.565  3
33    6.12059
34    6.06108
90    6.13286
24 12.9809  5
36    4.169
37    5.68818
42    5.47678
54    4.84458
89    4.08687
25 11.0732  3
40    5.97008
42    3.68815
115    5.99013
26 14.8437  1
35    6.4599
27 7.15613  2
52    3.80973
76    4.2449
28 12.0525  1
175    0
29 8.04147  1
35    3.75581
30 14.9438  1
175    0
31 7.48299  1
131    4.51498
32 13.1201  3
55    4.31347
98    3.97536
132    4.82472
33 11.5276  4
35    6.18725
42    5.63498
89    5.51605
151    3.91859
34 6.32756  1
35    6.24273
35 9.34675  1
175    0
36 9.20606  3
88    4.8704
131    4.54154
150    4.69865
37 8.74645  1
75    6.06951
38 7.24555  5
159    3.77293
160    4.39477
161    6.42547
162    4.05657
163    5.32104
39 12.3446  1
43    5.40518
40 8.99548  5
53    4.51498
142    5.86818
149    6.48315
150    5.70338
164    5.5838
41 8.05887  4
43    4.23775
89    4.39477
90    6.10109
143    4.12889
42 5.00031  10
56    6.15996
57    6.18963
58    6.28649
59    3.60273
60    3.83894
61    4.61029
62    4.12917
63    5.55808
64    4.22411
89    4.2503
43 5.01251  10
44    5.38211
45    3.64951
46    3.99174
47    5.10936
48    5.75886
49    4.87974
50    5.00902
51    5.43118
54    3.90458
79    4.62394
44 5.05249  1
89    5.95369
45 5.18311  1
175    0
46 5.60945  10
65    5.86818
66    5.23681
67    6.17507
68    6.23898
69    6.44763
70    4.12889
71    5.55716
72    4.22109
73    5.85829
74    5.20449
47 7.00171  5
54    4.89421
75    5.32196
81    4.41766
150    4.17367
165    4.30816
48 11.5484  2
89    3.77293
115    5.63498
49 6.39531  5
54    4.82472
79    4.76182
80    4.17367
90    5.6586
148    4.14684
50 9.56801  3
75    5.89427
89    6.42547
131    5.43118
51 9.92843  2
55    5.58545
166    6.10109
52 11.1055  2
76    6.48315
149    4.76182
53 14.9493  1
175    0
54 7.50099  1
175    0
55 13.179  2
81    3.50375
114    4.169
56 11.7202  2
86    5.46451
87    3.91859
57 6.95624  2
115    5.52136
143    6.44763
58 11.3997  3
115    4.11791
150    4.41766
167    6.08452
59 5.90976  2
90    5.5838
143    6.23898
60 7.98257  1
175    0
61 14.7516  1
90    4.30816
62 6.85522  3
81    3.50009
90    5.99736
149    4.80403
63 11.0701  1
75    4.14684
64 14.8337  1
98    5.58399
65 7.12348  4
82    3.51575
83    3.55493
84    3.68284
85    4.10051
66 11.946  1
132    4.84458
67 7.69387  2
76    4.41244
79    4.80403
68 13.8086  2
80    5.70338
90    6.4501
69 13.7762  1
175    0
70 13.6703  1
175    0
71 13.3245  8
91    4.55243
92    3.9402
93    4.94099
94    5.20907
95    6.08452
96    5.94325
97    5.4819
143    5.55716
72 12.1953  1
175    0
73 8.5081  4
77    5.45828
78    3.89827
149    4.62394
169    6.27871
74 6.46733  1
149    3.89827
75 9.80331  8
124    5.38211
125    3.64951
126    3.99174
127    5.10936
128    5.75886
129    4.87974
130    5.00902
168    6.06108
76 10.6969  2
90    5.32104
169    3.75581
77 13.6151  2
142    6.17507
151    4.10051
78 13.1442  1
175    0
79 11.6063  1
151    5.46451
80 6.58452  2
98    5.0558
151    3.55493
81 10.186  2
151    3.50009
169    6.15923
82 11.9466  1
151    3.51575
83 7.6957  1
148    5.61576
84 13.8147  10
100    6.1444
101    6.13881
102    6.12059
103    6.06108
104    5.86671
105    5.23196
106    6.15923
107    6.18725
108    6.27871
109    3.57727
85 13.796  1
175    0
86 13.7353  1
175    0
87 13.5369  1
175    0
88 12.889  2
144    6.06951
145    5.89427
89 10.7732  1
115    4.26147
90 13.8641  1
175    0
91 13.9575  2
142    5.55808
167    3.97536
92 14.2624  1
131    3.81788
93 5.25758  1
175    0
94 5.85269  1
166    5.6586
95 7.79611  2
146    5.32196
147    6.45312
96 14.1424  1
175    0
97 14.8663  1
175    0
98 7.22999  1
175    0
99 12.2939  2
151    4.8704
169    6.18725
100 8.82977  1
175    0
101 7.51778  10
133    5.58545
134    4.31347
135    6.15996
136    6.18963
137    6.28649
138    3.60273
139    3.83894
140    4.61029
141    4.12917
149    5.93602
102 13.2336  1
166    6.13286
103 11.8984  1
175    0
104 7.53822  1
114    5.97008
105 13.3004  1
142    4.22411
106 12.1166  1
175    0
107 8.25083  2
143    4.22109
151    3.50375
108 5.62716  1
175    0
109 7.05969  4
110    3.75581
111    4.33883
112    6.24273
113    6.4599
110 11.7379  1
166    4.55243
111 7.01422  2
114    4.25533
168    5.23196
112 11.5893  1
167    5.0558
113 6.52867  8
116    4.10427
117    5.47678
118    3.9586
119    5.00105
120    5.40518
121    3.72486
122    4.23775
123    5.91267
114 10.0035  1
175    0
115 11.3506  1
175    0
116 5.74953  1
164    6.4501
117 7.45918  1
175    0
118 13.0422  1
164    4.13704
119 11.2737  1
175    0
120 5.49837  1
175    0
121 6.63915  1
132    5.05626
122 10.3645  1
175    0
123 12.5295  1
170    4.33883
124 9.59914  1
132    4.89421
125 10.0301  1
143    5.20449
126 11.4373  2
153    6.4848
154    4.2503
127 6.03244  4
155    5.95369
156    5.51605
157    4.08687
158    5.41992
128 8.38328  1
149    4.2449
129 6.0596  1
175    0
130 8.47179  1
165    6.14257
131 6.34861  2
132    3.90458
142    5.23681
132 9.41572  1
175    0
133 9.43129  4
171    6.24273
172    6.4599
173    4.169
174    5.68818
134 9.48195  2
151    4.97853
166    5.20907
135 9.64736  1
175    0
136 10.1875  1
175    0
137 11.9515  1
175    0
138 7.71157  1
167    5.4819
139 13.8665  1
166    3.9402
140 13.9654  1
152    5.33166
141 14.2883  1
166    5.99736
142 5.34242  1
143    5.85829
143 6.1298  1
175    0
144 8.70098  1
168    6.13881
145 7.09723  1
175    0
146 11.8603  1
175    0
147 7.41371  1
175    0
148 12.8939  1
168    4.30871
149 10.7894  1
151    3.68284
150 13.9169  1
175    0
151 14.1299  1
175    0
152 14.8254  1
175    0
153 7.09632  1
175    0
154 11.8572  1
175    0
155 7.40364  1
175    0
156 12.861  1
175    0
157 10.6816  1
175    0
158 13.565  1
175    0
159 12.9809  1
168    6.12059
160 11.0732  1
175    0
161 14.8437  1
175    0
162 7.15613  1
175    0
163 12.0525  1
168    6.1444
164 8.04147  1
175    0
165 14.9438  1
175    0
166 7.48299  1
168    5.58399
167 13.1201  1
175    0
168 11.5276  1
175    0
169 6.32756  1
175    0
170 9.34675  1
175    0
171 9.20606  1
175    0
172 8.74645  1
175    0
173 7.24555  1
175    0
174 12.3446  1
175    0
175 0  0
