46
0 9.43129  9
1    7.00751
2    7.0315
3    7.10987
4    7.36567
5    8.20103
6    10.929
7    7.83718
8    9.74081
29    12.5574
1 9.48195  7
38    11.9402
39    11.139
40    8.52293
41    11.9803
42    11.27
43    8.9505
44    10.9536
2 9.64736  3
9    9.95706
10    10.6633
29    12.2412
3 10.1875  8
30    7.51161
31    8.67766
32    12.4855
33    12.9198
34    8.33799
35    11.3764
36    9.29786
37    8.51067
4 11.9515  1
45    0
5 7.71157  9
12    8.5006
13    11.9074
14    11.0321
15    8.17374
16    10.8398
17    7.54585
18    8.78954
28    12.2776
29    12.1222
6 13.8665  1
11    12.9696
7 13.9654  2
27    9.88198
28    11.168
8 14.2883  1
27    7.8804
9 5.34242  1
27    10.4181
10 6.1298  1
26    12.2851
11 8.70098  1
45    0
12 7.09723  1
26    12.2022
13 11.8603  1
45    0
14 7.41371  8
19    12.8509
20    8.11313
21    10.6421
22    12.9002
23    8.27409
24    11.1676
25    8.61632
26    11.9947
15 12.8939  2
28    10.9638
44    7.37629
16 10.7894  2
27    9.10486
29    7.15455
17 13.9169  2
29    12.3185
44    8.23582
18 14.1299  2
28    7.95071
44    10.0021
19 14.8254  2
27    12.169
29    12.3745
20 7.09632  3
26    11.3172
27    11.8865
29    11.7334
21 11.8572  1
45    0
22 7.40364  2
28    10.1116
44    7.44972
23 12.861  1
28    12.2888
24 10.6816  1
26    12.2657
25 13.565  1
45    0
26 12.9809  1
45    0
27 11.0732  2
28    8.61742
29    10.4639
28 14.8437  1
45    0
29 7.15613  1
45    0
30 12.0525  1
44    7.9172
31 8.04147  1
45    0
32 14.9438  1
44    10.8104
33 7.48299  1
45    0
34 13.1201  1
45    0
35 11.5276  1
45    0
36 6.32756  1
45    0
37 9.34675  1
44    8.20853
38 9.20606  1
45    0
39 8.74645  1
44    8.47551
40 7.24555  1
44    11.0427
41 12.3446  1
45    0
42 8.99548  1
45    0
43 8.05887  1
45    0
44 5.00031  1
45    0
45 0  0
