200
0 14.1299  10
1    0.795071
2    1.01116
3    0.861742
4    1.22412
10    1.29198
11    0.852293
13    0.823582
14    1.07642
15    1.08624
41    1.19074
1 14.8254  7
4    1.22888
10    0.929786
13    1.09536
15    1.15177
97    0.862694
151    1.23185
185    1.12315
2 7.09632  6
3    1.1168
4    1.22776
10    1.13764
14    0.729902
15    0.763576
63    0.867766
3 11.8572  5
4    1.21222
10    0.867766
11    1.127
15    0.761946
138    1.11676
4 7.40364  7
5    1.17334
6    1.04639
7    1.23185
8    1.23745
10    0.751161
11    1.19803
13    0.847551
5 12.861  4
10    0.851067
13    1.00021
15    0.902997
37    1.1872
6 10.6816  5
11    1.19402
13    0.744972
28    1.17364
38    0.834733
134    0.811313
7 13.565  6
9    1.25574
10    0.833799
13    0.79172
14    1.18253
55    1.09638
56    1.01116
8 12.9809  5
10    0.715455
11    1.1139
15    0.975948
55    1.13172
138    1.22657
9 11.0732  6
10    1.24855
11    0.89505
15    1.0018
39    0.783718
63    1.25574
72    0.79172
10 14.8437  1
13    1.10427
11 7.15613  5
12    0.737629
13    0.820853
28    0.825834
37    1.12315
41    1.29696
12 12.0525  4
13    1.08104
15    0.908307
55    0.988198
164    1.15177
13 8.04147  3
15    1.02187
38    0.924787
41    0.85006
14 14.9438  4
15    0.798349
37    1.09166
38    1.14068
103    1.11143
15 7.48299  4
16    0.780917
17    0.964943
18    0.965877
169    1.11709
16 13.1201  1
40    0.995706
17 11.5276  10
19    0.968917
20    0.978841
21    1.01125
22    1.11709
23    0.862694
24    1.23199
25    1.23793
26    1.2573
27    0.720545
38    0.939729
18 6.32756  6
28    0.844823
39    0.974081
41    0.817374
63    1.24855
71    1.127
139    1.2169
19 9.34675  4
36    1.0409
37    1.29062
38    0.952364
164    1.08624
20 9.20606  3
36    1.2139
39    0.700751
187    1.09166
21 8.74645  2
28    0.767788
39    0.703149
22 7.24555  9
29    1.04736
30    1.23501
31    1.24779
32    1.28953
33    0.825779
34    1.11143
35    0.844218
37    0.882488
72    1.09536
23 12.3446  1
37    0.829368
24 8.99548  2
28    0.922059
39    0.700018
25 8.05887  1
28    1.11162
26 5.00031  3
36    1.17166
71    0.89505
134    0.754585
27 5.01251  7
42    0.754585
43    0.878954
44    1.28509
45    0.811313
46    1.06421
55    1.2169
71    0.852293
28 5.05249  8
48    0.827409
49    1.11676
50    0.861632
51    1.22851
52    1.22657
53    1.22022
54    1.19947
152    1.25574
29 5.18311  3
36    1.17885
39    1.0929
55    0.78804
30 5.60945  3
37    0.960805
41    1.08398
178    1.23501
31 7.00171  2
39    0.736567
55    1.18865
32 11.5484  5
37    0.779653
71    0.737629
109    1.12315
110    0.848979
169    1.01125
33 6.39531  2
37    1.29663
71    0.820853
34 9.56801  4
39    0.883532
41    1.06633
134    1.28509
152    0.751161
35 9.92843  3
36    1.06439
39    0.820103
97    1.2573
36 11.1055  2
37    0.848979
56    0.795071
37 14.9493  3
39    0.710987
41    1.10321
152    0.715455
38 7.50099  2
57    1.22412
63    0.751161
39 13.179  1
180    1.2139
40 11.7202  3
94    0.978841
95    1.01125
96    1.11709
41 6.95624  10
124    1.0929
125    0.783718
126    0.974081
127    0.995706
128    1.06633
129    1.29696
130    0.85006
131    1.19074
132    1.10321
133    0.817374
42 11.3997  8
111    0.960805
112    0.952364
113    0.924787
114    0.834733
115    1.14068
116    0.939729
117    0.883532
118    0.700018
43 5.90976  1
199    0
44 7.98257  2
63    0.715455
97    0.720545
45 14.7516  2
56    1.22776
97    1.23199
46 6.85522  2
47    1.29002
187    1.1872
47 11.0701  2
55    1.04181
164    0.975948
48 14.8337  2
55    0.910486
134    0.878954
49 7.12348  4
58    1.21222
59    1.17334
60    1.04639
61    1.23185
50 11.946  2
56    1.22888
97    0.922059
51 7.69387  1
56    0.861742
52 13.8086  1
56    1.1168
53 13.7762  2
110    1.29663
187    0.779653
54 13.6703  1
139    0.78804
55 13.3245  6
73    1.00021
74    1.08104
75    0.744972
76    0.847551
77    1.18253
78    1.07642
56 12.1953  2
71    1.10427
152    1.13764
57 8.5081  2
71    0.823582
152    1.23745
58 6.46733  2
62    1.23745
187    0.848979
59 9.80331  9
87    0.902997
88    0.763576
89    0.908307
90    0.780917
91    0.964943
92    0.965877
93    0.968917
109    0.829368
138    1.19947
60 10.6969  1
164    0.798349
61 13.6151  9
64    1.29198
65    0.833799
66    1.13764
67    0.929786
68    0.851067
69    1.19402
70    1.1139
110    1.1872
164    1.18253
62 13.1442  1
97    1.23793
63 11.6063  1
199    0
64 6.58452  1
199    0
65 10.186  1
138    0.910486
66 11.9466  1
199    0
67 7.6957  1
110    0.779653
68 13.8147  2
97    0.767788
138    1.22022
69 13.796  1
199    0
70 13.7353  1
71    1.19803
71 13.5369  10
79    0.729902
80    0.798349
81    1.02187
82    1.15177
83    0.975948
84    1.0018
85    1.08624
86    0.761946
138    1.22851
152    0.929786
72 12.889  1
199    0
73 10.7732  1
199    0
74 13.8641  1
169    0.968917
75 13.9575  5
98    1.17364
99    1.04736
100    1.23501
101    1.24779
102    1.28953
76 14.2624  1
178    1.28953
77 5.25758  1
178    1.24779
78 5.85269  1
199    0
79 7.79611  1
179    0.844218
80 14.1424  1
103    0.825779
81 14.8663  1
169    0.964943
82 7.22999  1
199    0
83 12.2939  1
152    1.24855
84 8.82977  8
191    0.834733
192    1.14068
193    0.939729
194    0.883532
195    0.700018
196    0.700751
197    0.703149
198    0.710987
85 7.51778  3
138    0.861632
152    0.833799
169    0.978841
86 13.2336  1
139    0.988198
87 11.8984  2
97    1.11162
139    1.18865
88 7.53822  3
97    0.825834
110    1.09166
152    0.867766
89 13.3004  1
199    0
90 12.1166  5
104    1.17166
105    1.0409
106    1.2139
107    1.17885
108    1.06439
91 8.25083  1
97    0.844823
92 5.62716  1
199    0
93 7.05969  1
199    0
94 11.7379  1
164    1.02187
95 7.01422  1
134    1.08398
96 11.5893  1
153    1.19803
97 6.52867  1
110    0.882488
98 10.0035  2
103    0.844218
153    1.1139
99 11.3506  1
199    0
100 5.74953  1
199    0
101 7.45918  1
199    0
102 13.0422  1
199    0
103 11.2737  1
199    0
104 5.49837  1
199    0
105 6.63915  2
109    1.29062
164    1.07642
106 10.3645  1
199    0
107 12.5295  1
199    0
108 9.59914  1
199    0
109 10.0301  1
186    1.29663
110 11.4373  1
199    0
111 6.03244  6
119    0.700751
120    0.703149
121    0.710987
122    0.736567
123    0.820103
153    1.127
112 8.38328  1
199    0
113 6.0596  1
199    0
114 8.47179  4
165    0.761946
166    0.902997
167    0.763576
168    0.908307
115 6.34861  1
199    0
116 9.41572  5
159    0.79172
160    1.00021
161    1.08104
162    0.744972
163    0.847551
117 9.43129  2
138    1.13172
153    0.851067
118 9.48195  1
199    0
119 9.64736  3
188    0.960805
189    0.952364
190    0.924787
120 10.1875  1
199    0
121 11.9515  1
199    0
122 7.71157  2
178    1.17364
179    1.17166
123 13.8665  1
153    0.852293
124 13.9654  1
169    0.862694
125 14.2883  1
199    0
126 5.34242  1
199    0
127 6.1298  3
135    1.06421
136    1.29002
137    0.827409
128 8.70098  1
199    0
129 7.09723  1
199    0
130 11.8603  8
170    1.23199
171    1.23793
172    1.2573
173    0.720545
174    0.767788
175    0.922059
176    0.825834
177    1.11162
131 7.41371  1
199    0
132 12.8939  1
199    0
133 10.7894  1
153    0.89505
134 13.9169  2
139    1.04181
164    0.729902
135 14.1299  10
140    1.09638
141    0.795071
142    1.01116
143    1.1168
144    0.861742
145    1.22888
146    1.22776
147    1.22412
148    1.21222
149    1.17334
136 14.8254  1
199    0
137 7.09632  1
199    0
138 11.8572  1
199    0
139 7.40364  6
154    0.737629
155    0.823582
156    1.10427
157    0.820853
158    1.09536
178    1.04736
140 12.861  1
199    0
141 10.6816  1
199    0
142 13.565  1
153    1.19402
143 12.9809  2
183    1.29062
184    0.829368
144 11.0732  1
199    0
145 14.8437  1
179    1.0409
146 7.15613  1
199    0
147 12.0525  1
199    0
148 8.04147  2
169    0.780917
178    0.844823
149 14.9438  1
150    1.04639
150 7.48299  1
199    0
151 13.1201  1
152    1.29198
152 11.5276  1
199    0
153 6.32756  1
199    0
154 9.34675  2
181    1.17885
182    1.06439
155 9.20606  1
179    1.11143
156 8.74645  1
169    0.965877
157 7.24555  1
199    0
158 12.3446  1
164    1.0018
159 8.99548  1
199    0
160 8.05887  1
199    0
161 5.00031  1
199    0
162 5.01251  1
199    0
163 5.05249  1
199    0
164 5.18311  1
185    0.882488
165 5.60945  1
199    0
166 7.00171  1
199    0
167 11.5484  1
199    0
168 6.39531  1
199    0
169 9.56801  1
199    0
170 9.92843  1
199    0
171 11.1055  1
199    0
172 14.9493  1
199    0
173 7.50099  1
179    0.825779
174 13.179  1
199    0
175 11.7202  1
199    0
176 6.95624  1
199    0
177 11.3997  1
199    0
178 5.90976  1
199    0
179 7.98257  1
199    0
180 14.7516  1
199    0
181 6.85522  1
199    0
182 11.0701  1
199    0
183 14.8337  1
199    0
184 7.12348  1
199    0
185 11.946  1
199    0
186 7.69387  1
199    0
187 13.8086  1
199    0
188 13.7762  1
199    0
189 13.6703  1
199    0
190 13.3245  1
199    0
191 12.1953  1
199    0
192 8.5081  1
199    0
193 6.46733  1
199    0
194 9.80331  1
199    0
195 10.6969  1
199    0
196 13.6151  1
199    0
197 13.1442  1
199    0
198 11.6063  1
199    0
199 0  0
