97
0 8.5081  4
1    0.779653
8    0.700751
32    1.01116
74    1.11143
1 6.46733  10
2    0.960805
3    0.952364
4    0.924787
5    0.834733
6    1.14068
7    0.939729
8    0.736567
62    0.975948
74    1.17885
92    0.861632
2 9.80331  1
96    0
3 10.6969  2
8    0.700018
62    1.02187
4 13.6151  3
8    0.710987
49    1.19803
74    1.28953
5 13.1442  3
8    0.883532
76    0.924787
90    0.817374
6 11.6063  2
32    0.78804
72    0.862694
7 6.58452  1
8    0.703149
8 10.186  9
9    0.820103
10    1.0929
11    0.783718
12    0.974081
13    0.995706
14    1.06633
32    1.1168
74    1.06439
75    1.1872
9 11.9466  5
15    1.29696
16    0.85006
32    1.04181
49    0.737629
92    1.22851
10 7.6957  1
96    0
11 13.8147  1
96    0
12 13.796  8
17    1.19074
18    1.10321
19    0.817374
20    1.08398
32    0.795071
72    0.767788
76    0.834733
92    1.19947
13 13.7353  10
21    0.754585
22    0.878954
23    1.28509
24    0.811313
25    1.06421
26    1.29002
27    0.827409
28    1.11676
29    0.861632
30    1.22851
14 13.5369  1
50    0.823582
15 12.889  1
72    1.11709
16 10.7732  1
31    1.13172
17 13.8641  3
31    0.910486
76    1.14068
90    0.754585
18 13.9575  1
92    0.910486
19 14.2624  9
33    0.861742
34    1.22888
35    1.22776
36    1.22412
37    1.21222
38    1.17334
39    1.04639
48    1.13764
49    0.89505
20 5.25758  3
32    1.2169
49    1.19402
72    0.720545
21 5.85269  2
75    1.29062
90    0.878954
22 7.79611  2
31    1.22657
49    0.851067
23 14.1424  2
32    1.18865
49    0.852293
24 14.8663  1
96    0
25 7.22999  3
31    1.19947
73    1.23501
91    1.11676
26 12.2939  2
31    1.22022
49    1.127
27 8.82977  1
96    0
28 7.51778  3
32    1.09638
74    0.825779
90    1.08398
29 13.2336  1
96    0
30 11.8984  1
96    0
31 7.53822  1
32    0.988198
32 13.3004  1
40    1.23185
33 12.1166  2
48    0.833799
71    0.968917
34 8.25083  2
72    0.922059
75    1.12315
35 5.62716  2
72    1.23199
90    1.28509
36 7.05969  1
96    0
37 11.7379  1
71    0.978841
38 7.01422  9
41    1.23745
42    1.25574
43    0.715455
44    0.751161
45    0.867766
46    1.24855
47    1.29198
48    0.929786
62    1.15177
39 11.5893  2
75    0.848979
91    0.827409
40 6.52867  1
96    0
41 10.0035  3
49    1.1139
72    1.11162
73    1.17364
42 11.3506  10
63    1.08624
64    0.761946
65    0.902997
66    0.763576
67    0.908307
68    0.780917
69    0.964943
70    0.965877
75    0.829368
89    1.10321
43 5.74953  8
51    1.10427
52    0.820853
53    1.09536
54    0.79172
55    1.00021
56    1.08104
75    0.960805
89    0.85006
44 7.45918  1
74    1.2139
45 13.0422  2
62    1.0018
75    1.09166
46 11.2737  1
96    0
47 5.49837  1
96    0
48 6.63915  1
74    0.844218
49 10.3645  6
57    0.744972
58    0.847551
59    1.18253
60    1.07642
61    0.729902
71    1.01125
50 12.5295  1
96    0
51 9.59914  1
74    1.0409
52 10.0301  3
83    0.736567
84    0.820103
85    1.0929
53 11.4373  4
72    0.825834
73    1.04736
75    0.779653
91    1.06421
54 6.03244  1
91    1.29002
55 8.38328  1
62    0.798349
56 6.0596  2
73    0.844823
92    1.22657
57 8.47179  1
74    1.24779
58 6.34861  1
96    0
59 9.41572  1
96    0
60 9.43129  1
96    0
61 9.48195  6
77    0.939729
78    0.883532
79    0.700018
80    0.700751
81    0.703149
82    0.710987
62 9.64736  3
72    1.2573
76    0.952364
89    1.06633
63 10.1875  1
96    0
64 11.9515  1
96    0
65 7.71157  2
74    1.17166
75    0.882488
66 13.8665  1
96    0
67 13.9654  1
96    0
68 14.2883  2
72    1.23793
89    1.19074
69 5.34242  1
96    0
70 6.1298  1
75    1.29663
71 8.70098  1
96    0
72 7.09723  1
89    1.29696
73 11.8603  1
92    1.22022
74 7.41371  1
96    0
75 12.8939  3
86    0.783718
87    0.974081
88    0.995706
76 10.7894  1
91    0.811313
77 13.9169  1
96    0
78 14.1299  1
96    0
79 14.8254  1
96    0
80 7.09632  1
96    0
81 11.8572  1
96    0
82 7.40364  1
96    0
83 12.861  1
96    0
84 10.6816  1
92    1.13172
85 13.565  1
96    0
86 12.9809  1
96    0
87 11.0732  3
93    0.78804
94    0.988198
95    1.04181
88 14.8437  1
96    0
89 7.15613  1
96    0
90 12.0525  1
96    0
91 8.04147  1
96    0
92 14.9438  1
96    0
93 7.48299  1
96    0
94 13.1201  1
96    0
95 11.5276  1
96    0
96 0  0
