195
0 7.71157  5
1    0.811313
6    1.13172
21    0.751161
48    0.965877
90    0.703149
1 13.8665  7
2    1.06421
3    1.29002
4    0.827409
5    1.11676
6    1.22022
7    0.78804
21    1.23745
2 13.9654  3
6    1.19947
7    1.04181
92    0.817374
3 14.2883  3
6    1.22657
21    0.833799
110    0.929786
4 5.34242  2
6    1.22851
7    0.988198
5 6.1298  6
6    0.861632
7    1.2169
48    0.968917
109    1.24855
110    1.13764
184    0.910486
6 8.70098  2
7    0.910486
92    1.10321
7 7.09723  7
8    1.18865
9    1.09638
10    0.795071
11    1.01116
12    1.1168
21    1.29198
111    0.89505
8 11.8603  3
21    1.13764
23    0.851067
39    0.847551
9 7.41371  1
91    1.29696
10 12.8939  9
13    0.861742
14    1.22888
15    1.22776
16    1.22412
17    1.21222
18    1.17334
19    1.04639
20    1.23185
110    1.19803
11 10.7894  1
21    0.715455
12 13.9169  2
21    0.867766
40    0.798349
13 14.1299  3
40    1.15177
92    0.754585
172    0.710987
14 14.8254  1
21    1.24855
15 7.09632  5
21    1.25574
40    1.02187
91    0.995706
160    1.2139
185    1.22776
16 11.8572  1
110    0.851067
17 7.40364  1
40    0.729902
18 12.861  7
24    1.19402
25    1.1139
26    0.852293
27    1.19803
28    1.127
29    0.89505
172    0.995706
19 10.6816  2
22    0.929786
106    1.1168
20 13.565  1
194    0
21 12.9809  10
71    1.0409
72    1.2139
73    1.17885
74    1.06439
75    1.29062
76    0.829368
77    1.12315
78    0.882488
79    1.29663
80    0.848979
22 11.0732  4
40    1.18253
90    0.710987
110    1.127
188    0.751161
23 14.8437  6
41    1.08624
42    0.761946
43    0.902997
44    0.763576
45    0.908307
46    0.780917
24 7.15613  10
30    0.737629
31    0.823582
32    1.10427
33    0.820853
34    1.09536
35    0.79172
36    1.00021
37    1.08104
38    0.744972
104    1.2169
25 12.0525  3
40    1.0018
160    1.29062
172    0.974081
26 8.04147  1
105    0.795071
27 14.9438  2
47    0.964943
92    0.811313
28 7.48299  6
123    0.798349
124    1.02187
125    1.15177
126    0.975948
127    1.0018
128    1.08624
29 13.1201  1
194    0
30 11.5276  1
194    0
31 6.32756  8
49    0.978841
50    1.01125
51    1.11709
52    0.862694
53    1.23199
54    1.23793
55    1.2573
56    0.720545
32 9.34675  2
92    1.19074
193    0.852293
33 9.20606  8
57    0.767788
58    0.922059
59    0.825834
60    1.11162
61    0.844823
62    1.17364
63    1.04736
160    1.17885
34 8.74645  2
91    0.85006
184    0.78804
35 7.24555  1
90    0.820103
36 12.3446  1
185    1.09638
37 8.99548  2
40    0.975948
107    1.22776
38 8.05887  3
40    1.07642
92    0.878954
185    0.795071
39 5.00031  2
92    1.08398
185    1.21222
40 5.01251  1
106    1.22888
41 5.05249  1
193    1.1139
42 5.18311  1
194    0
43 5.60945  3
108    1.17334
175    0.817374
188    1.23745
44 7.00171  1
95    0.827409
45 11.5484  5
86    0.924787
87    0.834733
88    1.14068
89    0.939729
109    1.23745
46 6.39531  3
106    0.861742
109    0.715455
172    0.783718
47 9.56801  1
185    1.01116
48 9.92843  2
90    0.783718
162    1.09166
49 11.1055  10
114    1.09536
115    0.79172
116    1.00021
117    1.08104
118    0.744972
119    0.847551
120    1.18253
121    1.07642
122    0.729902
162    0.960805
50 14.9493  1
194    0
51 7.50099  8
64    1.23501
65    1.24779
66    1.28953
67    0.825779
68    1.11143
69    0.844218
70    1.17166
104    1.04181
52 13.179  1
194    0
53 11.7202  9
136    0.968917
137    0.978841
138    1.01125
139    1.11709
140    0.862694
141    1.23199
142    1.23793
143    1.2573
144    0.720545
54 6.95624  1
194    0
55 11.3997  1
110    0.852293
56 5.90976  1
194    0
57 7.98257  6
154    1.28953
155    0.825779
156    1.11143
157    0.844218
158    1.17166
159    1.0409
58 14.7516  1
91    1.06633
59 6.85522  1
194    0
60 11.0701  7
81    1.1872
82    1.09166
83    0.779653
84    0.960805
85    0.952364
110    1.19402
162    1.1872
61 14.8337  1
92    1.28509
62 7.12348  1
172    0.820103
63 11.946  2
91    0.974081
110    0.833799
64 7.69387  1
111    0.737629
65 13.8086  1
174    1.19074
66 13.7762  2
108    1.04639
193    1.19402
67 13.6703  1
104    1.18865
68 13.3245  1
194    0
69 12.1953  1
194    0
70 8.5081  1
188    0.715455
71 6.46733  2
90    0.736567
113    0.820853
72 9.80331  3
95    1.11676
105    1.01116
161    0.882488
73 10.6969  3
93    1.06421
94    1.29002
109    0.867766
74 13.6151  1
111    0.823582
75 13.1442  1
194    0
76 11.6063  1
172    0.736567
77 6.58452  1
107    1.21222
78 10.186  1
90    0.883532
79 11.9466  3
90    1.0929
107    1.22412
184    0.988198
80 7.6957  2
112    1.10427
193    1.19803
81 13.8147  1
194    0
82 13.796  1
194    0
83 13.7353  1
194    0
84 13.5369  2
95    0.861632
109    1.25574
85 12.889  1
194    0
86 10.7732  1
194    0
87 13.8641  1
90    0.700018
88 13.9575  3
90    0.700751
110    1.1139
185    0.861742
89 14.2624  1
194    0
90 5.25758  1
194    0
91 5.85269  1
183    0.861632
92 7.79611  1
194    0
93 14.1424  4
109    1.23185
183    1.22851
184    1.18865
185    1.22888
94 14.8663  1
194    0
95 7.22999  8
96    1.22851
97    1.22657
98    1.22022
99    1.19947
100    1.13172
101    0.910486
102    0.78804
103    0.988198
96 12.2939  1
173    1.06633
97 8.82977  1
194    0
98 7.51778  1
194    0
99 13.2336  1
183    1.11676
100 11.8984  1
109    0.751161
101 7.53822  1
104    1.09638
102 13.3004  1
194    0
103 12.1166  1
194    0
104 8.25083  1
194    0
105 5.62716  9
163    0.952364
164    0.924787
165    0.834733
166    1.14068
167    0.939729
168    0.883532
169    0.700018
170    0.700751
171    0.703149
106 7.05969  2
110    1.29198
173    0.85006
107 11.7379  9
145    0.767788
146    0.922059
147    0.825834
148    1.11162
149    0.844823
150    1.17364
151    1.04736
152    1.23501
153    1.24779
108 7.01422  1
194    0
109 11.5893  1
194    0
110 6.52867  1
173    1.29696
111 10.0035  1
194    0
112 11.3506  1
194    0
113 5.74953  1
194    0
114 7.45918  1
194    0
115 13.0422  1
194    0
116 11.2737  1
194    0
117 5.49837  1
194    0
118 6.63915  1
194    0
119 10.3645  1
194    0
120 12.5295  6
131    0.763576
132    0.908307
133    0.780917
134    0.964943
135    0.965877
162    0.779653
121 9.59914  1
194    0
122 10.0301  1
194    0
123 11.4373  2
160    1.06439
184    1.19947
124 6.03244  1
184    1.13172
125 8.38328  1
175    1.08398
126 6.0596  1
194    0
127 8.47179  3
129    0.761946
130    0.902997
172    1.0929
128 6.34861  1
194    0
129 9.41572  1
194    0
130 9.43129  1
160    1.12315
131 9.48195  1
194    0
132 9.64736  1
175    1.10321
133 10.1875  1
194    0
134 11.9515  1
194    0
135 7.71157  1
194    0
136 13.8665  1
194    0
137 13.9654  1
184    1.2169
138 14.2883  1
194    0
139 5.34242  2
183    1.22022
193    1.127
140 6.1298  1
194    0
141 8.70098  1
194    0
142 7.09723  1
194    0
143 11.8603  1
161    0.848979
144 7.41371  1
194    0
145 12.8939  2
160    0.829368
161    1.29663
146 10.7894  1
194    0
147 13.9169  1
194    0
148 14.1299  1
194    0
149 14.8254  1
194    0
150 7.09632  1
193    0.89505
151 11.8572  1
194    0
152 7.40364  1
194    0
153 12.861  1
194    0
154 10.6816  1
194    0
155 13.565  7
176    0.754585
177    0.878954
178    1.28509
179    0.811313
180    1.06421
181    1.29002
182    0.827409
156 12.9809  2
184    1.04181
188    1.24855
157 11.0732  1
188    1.25574
158 14.8437  2
183    1.22657
188    0.867766
159 7.15613  1
194    0
160 12.0525  4
189    0.833799
190    1.13764
191    0.929786
192    0.851067
161 8.04147  1
194    0
162 14.9438  1
194    0
163 7.48299  1
185    1.17334
164 13.1201  1
194    0
165 11.5276  1
194    0
166 6.32756  1
194    0
167 9.34675  1
194    0
168 9.20606  1
194    0
169 8.74645  1
194    0
170 7.24555  1
185    1.22412
171 12.3446  1
194    0
172 8.99548  1
194    0
173 8.05887  1
194    0
174 5.00031  1
194    0
175 5.01251  1
194    0
176 5.05249  1
194    0
177 5.18311  1
194    0
178 5.60945  2
186    1.04639
187    1.23185
179 7.00171  1
194    0
180 11.5484  1
194    0
181 6.39531  1
194    0
182 9.56801  1
188    1.29198
183 9.92843  1
185    1.1168
184 11.1055  1
194    0
185 14.9493  1
194    0
186 7.50099  1
194    0
187 13.179  1
194    0
188 11.7202  1
194    0
189 6.95624  1
194    0
190 11.3997  1
194    0
191 5.90976  1
194    0
192 7.98257  1
194    0
193 14.7516  1
194    0
194 0  0
