170
0 9.20606  7
1    6.10109
2    5.99736
3    4.94099
4    6.08452
5    5.94325
7    5.0558
15    5.56952
1 8.74645  8
2    5.6586
3    3.9402
4    5.20907
7    5.58399
15    4.25533
48    5.70338
92    6.24273
167    6.08452
2 7.24555  7
3    4.55243
7    4.30871
8    6.13881
16    5.00105
20    4.87974
43    6.44763
47    4.14684
3 12.3446  4
8    5.23196
16    5.40518
17    3.72486
43    5.20449
4 8.99548  4
8    6.06108
16    4.10427
43    6.17507
47    6.45312
5 8.05887  5
6    5.4819
7    3.97536
8    5.86671
16    5.63498
20    5.43118
6 5.00031  3
7    6.1444
8    6.12059
15    4.26147
7 5.01251  6
17    4.23775
43    6.23898
47    3.89827
109    4.31347
113    6.23898
166    4.94099
8 5.05249  9
9    6.15923
10    6.18725
11    6.27871
12    3.57727
13    3.75581
14    4.169
15    5.97008
16    3.68815
109    4.89421
9 5.18311  2
16    4.47525
47    4.41244
10 5.60945  3
14    4.33883
16    3.9586
100    3.99174
11 7.00171  4
14    5.68818
15    4.64893
16    4.11791
17    5.38211
12 11.5484  6
14    6.24273
15    5.99013
16    5.47678
17    3.64951
48    3.50009
167    5.94325
13 6.39531  2
14    6.4599
17    5.91267
14 9.56801  8
35    3.60273
36    3.83894
37    4.61029
38    4.12917
39    5.55808
40    4.22411
41    5.86818
42    5.23681
15 9.92843  2
16    5.52136
100    5.00902
16 11.1055  1
89    6.15923
17 14.9493  4
18    3.99174
19    5.10936
20    5.00902
100    5.38211
18 7.50099  2
20    5.75886
47    4.80403
19 13.179  3
20    3.80973
48    4.41766
94    4.11791
20 11.7202  6
21    4.51498
22    3.81788
23    4.54154
24    3.90458
25    4.82472
47    5.45828
21 6.95624  2
45    5.89427
48    4.17367
22 11.3997  5
95    5.47678
96    3.9586
97    5.00105
98    5.40518
99    3.72486
23 5.90976  9
26    4.82939
27    4.84458
28    4.89421
29    5.05626
30    5.58545
31    4.31347
32    6.15996
33    6.18963
34    6.28649
24 7.98257  1
93    5.63498
25 14.7516  3
162    5.99736
163    5.6586
164    4.55243
26 6.85522  1
47    5.61576
27 11.0701  5
43    4.12889
47    4.2449
93    4.169
94    4.10427
109    5.05626
28 14.8337  1
43    5.55716
29 7.12348  1
113    5.23681
30 11.946  2
46    5.32196
114    5.55716
31 7.69387  1
169    0
32 13.8086  5
58    5.33166
59    6.4848
60    4.2503
61    5.95369
110    6.28649
33 13.7762  2
43    4.22109
47    6.48315
34 13.6703  1
169    0
35 13.3245  3
44    6.06951
92    4.33883
93    5.97008
36 12.1953  1
100    5.91267
37 8.5081  9
49    3.50375
50    3.51575
51    3.55493
52    3.68284
53    4.10051
54    5.46451
55    3.91859
56    4.8704
57    4.97853
38 6.46733  1
48    4.76182
39 9.80331  3
102    4.51498
103    3.81788
104    4.54154
40 10.6969  1
169    0
41 13.6151  1
169    0
42 13.1442  1
43    5.85829
43 11.6063  1
89    6.06108
44 6.58452  1
48    4.69865
45 10.186  2
47    5.93602
48    4.62394
46 11.9466  1
169    0
47 7.6957  4
89    6.13881
101    3.80973
111    3.83894
113    5.86818
48 13.8147  2
93    5.56952
109    5.58545
49 13.796  1
169    0
50 13.7353  9
62    5.51605
63    4.08687
64    5.41992
65    3.77293
66    4.39477
67    6.42547
68    4.05657
69    5.32104
70    6.4501
51 13.5369  1
94    3.68815
52 12.889  9
73    4.30816
74    6.14257
75    6.13286
76    6.10109
77    5.99736
78    5.6586
79    4.55243
80    3.9402
81    4.94099
53 10.7732  2
71    4.13704
72    5.5838
54 13.8641  1
169    0
55 13.9575  1
169    0
56 14.2624  2
93    4.64893
100    3.64951
57 5.25758  1
92    3.75581
58 5.85269  2
90    6.18725
91    6.27871
59 7.79611  1
169    0
60 14.1424  1
169    0
61 14.8663  8
137    3.68284
138    4.10051
139    5.46451
140    3.91859
141    4.8704
142    4.97853
143    5.33166
144    6.4848
62 7.22999  1
169    0
63 12.2939  1
94    4.47525
64 8.82977  1
169    0
65 7.51778  1
169    0
66 13.2336  8
82    5.20907
83    6.08452
84    5.94325
85    5.4819
86    3.97536
87    5.0558
88    5.58399
111    3.60273
67 11.8984  1
169    0
68 7.53822  2
94    5.52136
100    5.75886
69 13.3004  1
169    0
70 12.1166  1
89    5.23196
71 8.25083  2
92    3.57727
100    5.10936
72 5.62716  1
93    5.99013
73 7.05969  1
100    4.23775
74 11.7379  2
100    4.87974
113    6.44763
75 7.01422  2
93    4.25533
161    6.10109
76 11.5893  1
92    6.4599
77 6.52867  1
89    5.86671
78 10.0035  2
89    4.30871
93    5.68818
79 11.3506  1
169    0
80 5.74953  1
113    4.12889
81 7.45918  2
89    6.1444
167    5.4819
82 13.0422  1
123    5.93602
83 11.2737  1
89    6.12059
84 5.49837  1
93    4.26147
85 6.63915  1
169    0
86 10.3645  1
111    4.61029
87 12.5295  1
110    6.15996
88 9.59914  1
168    4.30871
89 10.0301  1
110    6.18963
90 11.4373  7
154    5.32104
155    6.4501
156    4.13704
157    5.5838
158    4.30816
159    6.14257
160    6.13286
91 6.03244  1
169    0
92 8.38328  1
169    0
93 6.0596  1
169    0
94 8.47179  1
123    4.2449
95 6.34861  1
169    0
96 9.41572  8
115    5.85829
116    5.20449
117    6.06951
118    5.89427
119    5.32196
120    6.45312
121    4.14684
122    5.61576
97 9.43129  1
169    0
98 9.48195  1
111    4.12917
99 9.64736  1
100    5.43118
100 10.1875  1
114    4.22109
101 11.9515  1
169    0
102 7.71157  1
169    0
103 13.8665  1
112    5.55808
104 13.9654  4
105    3.90458
106    4.82472
107    4.82939
108    4.84458
105 14.2883  2
113    6.17507
124    5.45828
106 5.34242  10
125    3.89827
126    4.80403
127    4.76182
128    4.62394
129    4.17367
130    5.70338
131    4.69865
132    4.41766
133    3.50009
134    3.50375
107 6.1298  1
169    0
108 8.70098  1
169    0
109 7.09723  1
169    0
110 11.8603  1
113    4.22411
111 7.41371  1
123    4.41244
112 12.8939  1
169    0
113 10.7894  1
169    0
114 13.9169  1
169    0
115 14.1299  9
145    4.2503
146    5.95369
147    5.51605
148    4.08687
149    5.41992
150    3.77293
151    4.39477
152    6.42547
153    4.05657
116 14.8254  1
169    0
117 7.09632  1
169    0
118 11.8572  1
169    0
119 7.40364  1
169    0
120 12.861  1
123    6.48315
121 10.6816  1
169    0
122 13.565  1
169    0
123 12.9809  1
169    0
124 11.0732  1
169    0
125 14.8437  1
169    0
126 7.15613  1
169    0
127 12.0525  1
169    0
128 8.04147  2
135    3.51575
136    3.55493
129 14.9438  1
169    0
130 7.48299  1
169    0
131 13.1201  1
169    0
132 11.5276  1
169    0
133 6.32756  1
169    0
134 9.34675  1
169    0
135 9.20606  1
169    0
136 8.74645  1
169    0
137 7.24555  1
169    0
138 12.3446  1
168    5.58399
139 8.99548  1
169    0
140 8.05887  1
169    0
141 5.00031  1
165    3.9402
142 5.01251  1
169    0
143 5.05249  1
169    0
144 5.18311  1
169    0
145 5.60945  1
169    0
146 7.00171  1
169    0
147 11.5484  1
169    0
148 6.39531  1
169    0
149 9.56801  1
169    0
150 9.92843  1
169    0
151 11.1055  1
169    0
152 14.9493  1
167    3.97536
153 7.50099  1
169    0
154 13.179  1
169    0
155 11.7202  1
169    0
156 6.95624  1
169    0
157 11.3997  1
169    0
158 5.90976  1
167    5.0558
159 7.98257  1
169    0
160 14.7516  1
169    0
161 6.85522  1
169    0
162 11.0701  1
169    0
163 14.8337  1
169    0
164 7.12348  1
169    0
165 11.946  1
167    5.20907
166 7.69387  1
169    0
167 13.8086  1
169    0
168 13.7762  1
169    0
169 0  0
