229
0 6.1298  8
1    8.51067
4    8.9505
6    11.0427
7    10.9536
15    10.2187
16    9.68917
49    8.11313
52    11.3172
1 8.70098  9
2    11.9402
3    11.139
4    11.9803
6    8.23582
7    8.20853
8    7.9172
16    10.1125
29    12.139
96    10.409
2 7.09723  5
4    8.52293
5    7.37629
15    10.018
54    12.169
132    12.2022
3 11.8603  4
4    11.27
16    8.62694
54    10.9638
173    10.1125
4 7.41371  5
8    10.0021
15    7.61946
79    7.61946
97    10.6439
170    11.8253
5 12.8939  7
13    7.29902
14    7.98349
15    10.8624
16    9.64943
29    11.7166
49    12.8509
71    10.8104
6 10.7894  6
9    10.8104
15    7.63576
16    9.08307
30    11.2315
48    8.5006
71    11.0427
7 13.9169  4
29    10.409
48    11.9074
50    12.2657
55    12.2888
8 14.1299  2
9    7.44972
16    7.80917
9 14.8254  5
10    8.47551
11    11.8253
12    10.7642
29    10.6439
71    7.37629
10 7.09632  2
15    11.5177
48    10.6633
11 11.8572  4
16    11.1709
17    12.3199
50    12.2851
71    8.20853
12 7.40364  6
15    9.02997
16    9.78841
29    12.9062
49    10.8398
50    8.27409
200    12.2022
13 12.861  3
15    9.75948
16    9.65877
79    9.68917
14 10.6816  1
17    12.573
15 13.565  10
18    7.20545
19    7.67788
20    9.22059
21    8.25834
22    11.1162
23    8.44823
24    11.7364
25    10.4736
26    12.3501
132    12.2851
16 12.9809  5
17    12.3793
29    8.44218
78    10.8624
147    12.3185
197    7.0315
17 11.0732  7
27    12.478
28    12.8953
49    7.54585
50    12.9002
123    11.0321
132    9.10486
173    8.62694
18 14.8437  8
72    8.47551
73    11.8253
74    10.7642
75    7.29902
76    7.98349
77    10.2187
78    10.018
200    12.2657
19 7.15613  10
31    11.872
32    10.9166
33    7.79653
34    9.60805
35    9.52364
36    9.24787
37    8.34733
50    10.6421
79    9.78841
97    12.139
20 12.0525  3
29    11.1143
30    8.82488
55    12.1222
21 8.04147  1
147    12.5574
22 14.9438  2
48    8.17374
197    8.83532
23 7.48299  3
29    11.7885
198    8.20103
200    8.27409
24 13.1201  10
38    11.4068
39    9.39729
40    8.83532
41    7.00018
42    7.00751
43    7.0315
44    7.10987
45    7.36567
54    11.8865
79    9.64943
25 11.5276  5
108    9.39729
109    8.83532
110    7.00018
111    7.00751
112    7.0315
26 6.32756  2
30    8.48979
50    12.2022
27 9.34675  6
29    8.25779
50    11.1676
55    8.61742
78    11.5177
197    7.10987
218    7.37629
28 9.20606  3
29    8.29368
30    12.9663
48    9.74081
29 8.74645  5
53    9.88198
55    11.168
70    11.139
79    7.80917
97    11.2315
30 7.24555  1
177    12.8953
31 12.3446  8
83    12.3199
84    12.3793
85    12.573
86    7.20545
87    7.67788
88    9.22059
89    8.25834
90    11.1162
32 8.99548  1
54    10.4181
33 8.05887  2
55    12.2412
132    12.2657
34 5.00031  10
56    10.4639
57    12.3185
58    12.3745
59    12.5574
60    7.15455
61    7.51161
62    8.67766
63    12.4855
64    12.9198
201    11.3172
35 5.01251  1
48    7.83718
36 5.05249  2
50    8.61632
55    11.7334
37 5.18311  1
97    12.9062
38 5.60945  4
46    8.20103
47    10.929
48    9.95706
78    9.75948
39 7.00171  1
71    8.23582
40 11.5484  2
70    8.52293
218    11.27
41 6.39531  3
49    8.78954
71    8.9505
199    8.17374
42 9.56801  5
65    8.33799
66    11.3764
67    9.29786
68    8.51067
69    11.9402
43 9.92843  6
48    11.0321
52    9.10486
55    10.1116
70    11.9803
198    8.5006
199    10.8398
44 11.1055  1
133    9.88198
45 14.9493  3
48    12.9696
79    9.08307
96    11.7166
46 7.50099  2
55    7.95071
199    7.54585
47 13.179  3
53    7.8804
55    12.2776
71    10.0021
48 11.7202  1
228    0
49 6.95624  1
71    7.44972
50 11.3997  1
51    11.9947
51 5.90976  10
98    12.9663
99    8.48979
100    11.872
101    10.9166
102    7.79653
103    9.60805
104    9.52364
105    9.24787
106    8.34733
107    11.4068
52 7.98257  2
97    8.82488
201    9.88198
53 14.7516  1
200    8.61632
54 6.85522  1
228    0
55 11.0701  1
228    0
56 14.8337  1
228    0
57 7.12348  4
70    11.27
171    9.08307
173    11.1709
218    11.3764
58 11.946  1
200    11.9947
59 7.69387  1
79    9.02997
60 13.8086  1
200    11.1676
61 13.7762  1
228    0
62 13.6703  8
203    10.1116
204    11.168
205    8.61742
206    12.2888
207    12.2776
208    12.2412
209    12.1222
210    11.7334
63 13.3245  1
71    10.9536
64 12.1953  1
199    8.11313
65 8.5081  1
171    9.65877
66 6.46733  2
147    7.51161
170    9.75948
67 9.80331  2
79    9.65877
218    11.139
68 10.6969  1
170    11.5177
69 13.6151  1
199    8.78954
70 13.1442  2
71    7.9172
95    8.44218
71 11.6063  10
113    7.10987
114    7.36567
115    8.20103
116    10.929
117    7.83718
118    9.74081
119    9.95706
120    10.6633
121    12.9696
122    8.5006
72 6.58452  1
147    12.3745
73 10.186  1
79    7.63576
74 11.9466  4
80    10.1125
81    11.1709
82    8.62694
198    7.83718
75 7.6957  2
91    8.44823
92    11.7364
76 13.8147  3
132    7.8804
173    7.20545
177    12.3501
77 13.796  3
147    7.15455
202    7.95071
218    8.9505
78 13.7353  3
123    11.9074
132    11.3172
177    11.1143
79 13.5369  1
228    0
80 12.889  1
228    0
81 10.7732  1
228    0
82 13.8641  2
123    8.17374
170    10.8624
83 13.9575  9
151    8.33799
152    11.3764
153    9.29786
154    8.51067
155    11.9402
156    11.139
157    8.52293
158    11.9803
159    11.27
84 14.2624  1
172    9.78841
85 5.25758  2
173    12.3199
177    12.478
86 5.85269  2
149    12.4855
150    12.9198
87 7.79611  3
93    10.4736
94    12.3501
218    8.51067
88 14.1424  3
95    11.1143
132    8.61632
199    12.9002
89 14.8663  2
97    8.29368
171    7.80917
90 7.22999  8
134    10.4181
135    12.169
136    11.8865
137    10.9638
138    7.95071
139    10.1116
140    11.168
177    10.4736
91 12.2939  1
95    12.8953
92 8.82977  1
95    8.25779
93 7.51778  2
95    12.478
171    7.63576
94 13.2336  1
228    0
95 11.8984  2
97    11.7885
170    10.7642
96 7.53822  1
211    10.4639
97 13.3004  2
170    7.98349
218    11.9402
98 12.1166  1
228    0
99 8.25083  9
124    7.54585
125    8.78954
126    12.8509
127    8.11313
128    10.6421
129    12.9002
130    8.27409
131    11.1676
198    7.36567
100 5.62716  1
228    0
101 7.05969  3
170    8.47551
197    9.39729
198    11.9074
102 11.7379  1
228    0
103 7.01422  1
217    8.33799
104 11.5893  2
171    7.61946
173    12.573
105 6.52867  1
123    10.8398
106 10.0035  1
148    8.67766
107 11.3506  6
141    8.61742
142    12.2888
143    12.2776
144    12.2412
145    12.1222
146    11.7334
108 5.74953  2
198    10.929
199    12.8509
109 7.45918  1
172    9.68917
110 13.0422  1
198    12.9696
111 11.2737  1
202    11.8865
112 5.49837  1
228    0
113 6.63915  3
174    8.25834
175    11.1162
176    8.44823
114 10.3645  1
228    0
115 12.5295  1
228    0
116 9.59914  1
228    0
117 10.0301  1
199    11.0321
118 11.4373  2
132    11.9947
197    7.00018
119 6.03244  1
147    10.4639
120 8.38328  1
228    0
121 6.0596  10
187    8.82488
188    12.9663
189    8.48979
190    11.872
191    10.9166
192    7.79653
193    9.60805
194    9.52364
195    9.24787
196    8.34733
122 8.47179  1
228    0
123 6.34861  1
170    10.018
124 9.41572  1
228    0
125 9.43129  1
173    7.67788
126 9.48195  1
228    0
127 9.64736  1
177    11.7364
128 10.1875  1
171    9.02997
129 11.9515  1
228    0
130 7.71157  1
202    10.4181
131 13.8665  1
171    9.64943
132 13.9654  1
228    0
133 14.2883  1
228    0
134 5.34242  1
211    12.3185
135 6.1298  1
198    9.74081
136 8.70098  1
177    8.25779
137 7.09723  10
160    8.9505
161    7.37629
162    8.23582
163    11.0427
164    8.20853
165    10.9536
166    7.9172
167    10.0021
168    10.8104
170    7.29902
138 11.8603  1
228    0
139 7.41371  1
228    0
140 12.8939  1
200    12.2851
141 10.7894  1
170    10.2187
142 13.9169  1
228    0
143 14.1299  1
228    0
144 14.8254  1
228    0
145 7.09632  1
173    9.22059
146 11.8572  1
198    9.95706
147 7.40364  1
199    10.6421
148 12.861  1
202    12.169
149 10.6816  2
197    7.00751
211    12.3745
150 13.565  1
228    0
151 12.9809  1
228    0
152 11.0732  1
201    7.8804
153 14.8437  1
228    0
154 7.15613  1
228    0
155 12.0525  1
228    0
156 8.04147  1
228    0
157 14.9438  1
228    0
158 7.48299  1
228    0
159 13.1201  1
228    0
160 11.5276  1
228    0
161 6.32756  1
173    12.3793
162 9.34675  1
218    8.52293
163 9.20606  1
228    0
164 8.74645  1
228    0
165 7.24555  1
228    0
166 12.3446  9
178    8.44218
179    11.7166
180    10.409
181    12.139
182    11.7885
183    10.6439
184    12.9062
185    8.29368
186    11.2315
167 8.99548  1
228    0
168 8.05887  1
169    7.44972
169 5.00031  1
228    0
170 5.01251  1
218    9.29786
171 5.05249  1
228    0
172 5.18311  5
212    7.15455
213    7.51161
214    8.67766
215    12.4855
216    12.9198
173 5.60945  1
228    0
174 7.00171  1
228    0
175 11.5484  1
228    0
176 6.39531  1
228    0
177 9.56801  1
228    0
178 9.92843  1
228    0
179 11.1055  1
197    11.4068
180 14.9493  1
228    0
181 7.50099  1
228    0
182 13.179  1
228    0
183 11.7202  1
202    10.9638
184 6.95624  1
228    0
185 11.3997  1
228    0
186 5.90976  1
228    0
187 7.98257  1
228    0
188 14.7516  1
228    0
189 6.85522  1
198    10.6633
190 11.0701  1
228    0
191 14.8337  1
228    0
192 7.12348  1
228    0
193 11.946  1
218    11.9803
194 7.69387  1
228    0
195 13.8086  1
228    0
196 13.7762  1
228    0
197 13.6703  1
228    0
198 13.3245  1
228    0
199 12.1953  1
201    9.10486
200 8.5081  1
228    0
201 6.46733  1
228    0
202 9.80331  1
228    0
203 10.6969  1
228    0
204 13.6151  1
228    0
205 13.1442  1
228    0
206 11.6063  1
228    0
207 6.58452  1
228    0
208 10.186  1
228    0
209 11.9466  1
211    12.5574
210 7.6957  1
228    0
211 13.8147  1
228    0
212 13.796  1
228    0
213 13.7353  1
228    0
214 13.5369  1
228    0
215 12.889  1
228    0
216 10.7732  9
219    8.23582
220    11.0427
221    8.20853
222    10.9536
223    7.9172
224    10.0021
225    10.8104
226    7.44972
227    8.47551
217 13.8641  1
228    0
218 13.9575  1
228    0
219 14.2624  1
228    0
220 5.25758  1
228    0
221 5.85269  1
228    0
222 7.79611  1
228    0
223 14.1424  1
228    0
224 14.8663  1
228    0
225 7.22999  1
228    0
226 12.2939  1
228    0
227 8.82977  1
228    0
228 0  0
