106
0 7.79611  10
1    8.27409
2    11.1676
3    12.2657
5    7.8804
7    12.169
8    12.2412
9    7.51161
10    11.3764
15    10.9536
16    7.44972
1 14.1424  9
2    8.61632
3    12.2022
8    10.1116
9    12.5574
10    11.9402
15    10.0021
40    12.139
48    9.39729
60    7.54585
2 14.8663  8
3    12.2851
4    11.3172
7    11.8865
9    10.4639
10    9.29786
22    9.65877
39    11.1143
59    11.9074
3 7.22999  5
4    11.9947
7    10.4181
8    12.2776
9    12.3185
10    11.139
4 12.2939  8
5    9.10486
6    9.88198
7    10.9638
8    8.61742
9    8.67766
10    12.9198
16    7.29902
102    8.47551
5 8.82977  7
8    12.2888
9    12.1222
10    8.33799
15    8.20853
16    11.8253
21    9.08307
48    9.24787
6 7.51778  5
7    7.95071
8    11.168
9    11.7334
10    12.4855
16    11.5177
7 13.2336  4
9    7.15455
10    8.52293
15    11.0427
21    7.63576
8 11.8984  8
9    12.3745
10    11.9803
16    9.75948
39    11.7166
48    8.83532
93    12.9198
102    10.8104
104    9.75948
9 7.53822  4
10    8.51067
15    7.9172
16    10.8104
40    12.9062
10 13.3004  6
11    11.27
12    8.9505
13    7.37629
14    8.23582
16    7.98349
40    10.409
11 12.1166  1
16    8.47551
12 8.25083  1
16    10.7642
13 5.62716  3
16    10.2187
39    12.8953
48    7.00751
14 7.05969  5
17    10.018
18    10.8624
19    7.61946
21    7.80917
40    11.7885
15 11.7379  8
23    9.68917
24    9.78841
25    10.1125
26    11.1709
27    8.62694
28    12.3199
29    12.3793
30    12.573
16 7.01422  5
61    8.11313
62    10.6421
63    12.9002
64    8.27409
65    11.1676
17 11.5893  3
40    8.29368
48    7.00018
59    11.0321
18 6.52867  2
20    9.02997
22    9.64943
19 10.0035  2
40    11.2315
93    7.51161
20 11.3506  10
31    7.20545
32    7.67788
33    9.22059
34    8.25834
35    11.1162
36    8.44823
37    11.7364
38    10.4736
39    12.3501
40    8.82488
21 5.74953  1
105    0
22 7.45918  1
105    0
23 13.0422  1
39    8.25779
24 11.2737  1
105    0
25 5.49837  4
66    8.61632
67    12.2851
68    12.2657
104    10.2187
26 6.63915  1
39    12.478
27 10.3645  1
105    0
28 12.5295  7
41    12.9663
42    8.48979
43    11.872
44    10.9166
45    7.79653
46    9.60805
47    9.52364
29 9.59914  1
40    10.6439
30 10.0301  10
83    12.2888
84    12.2776
85    12.2412
86    12.1222
87    11.7334
88    10.4639
89    12.3185
90    12.3745
91    12.5574
92    7.15455
31 11.4373  2
39    8.44218
104    10.018
32 6.03244  1
105    0
33 8.38328  1
60    8.17374
34 6.0596  2
48    11.4068
104    11.5177
35 8.47179  1
105    0
36 6.34861  2
60    10.8398
101    7.9172
37 9.41572  1
105    0
38 9.43129  1
105    0
39 9.48195  1
105    0
40 9.64736  1
60    8.78954
41 10.1875  1
93    12.4855
42 11.9515  1
48    8.34733
43 7.71157  1
105    0
44 13.8665  3
48    7.0315
101    11.27
104    7.63576
45 13.9654  1
69    12.2022
46 14.2883  1
105    0
47 5.34242  8
70    11.9947
71    11.3172
72    9.10486
73    7.8804
74    9.88198
75    10.4181
76    12.169
77    11.8865
48 6.1298  10
49    7.10987
50    7.36567
51    8.20103
52    10.929
53    7.83718
54    9.74081
55    9.95706
56    10.6633
57    12.9696
58    8.5006
49 8.70098  4
78    10.9638
79    7.95071
80    10.1116
81    11.168
50 7.09723  1
100    11.9803
51 11.8603  1
60    12.8509
52 7.41371  1
105    0
53 12.8939  1
105    0
54 10.7894  1
104    7.98349
55 13.9169  1
105    0
56 14.1299  1
105    0
57 14.8254  1
105    0
58 7.09632  1
105    0
59 11.8572  1
101    8.23582
60 7.40364  1
105    0
61 12.861  1
105    0
62 10.6816  6
94    11.3764
95    9.29786
96    8.51067
97    11.9402
98    11.139
99    8.52293
63 13.565  1
101    10.0021
64 12.9809  1
105    0
65 11.0732  1
105    0
66 14.8437  1
105    0
67 7.15613  1
105    0
68 12.0525  1
105    0
69 8.04147  1
101    8.20853
70 14.9438  2
101    7.37629
104    7.29902
71 7.48299  1
105    0
72 13.1201  1
101    10.9536
73 11.5276  1
105    0
74 6.32756  2
93    8.33799
101    8.9505
75 9.34675  1
105    0
76 9.20606  1
105    0
77 8.74645  1
105    0
78 7.24555  2
101    11.0427
104    9.02997
79 12.3446  1
105    0
80 8.99548  1
82    8.61742
81 8.05887  1
105    0
82 5.00031  1
105    0
83 5.01251  1
105    0
84 5.05249  1
105    0
85 5.18311  1
105    0
86 5.60945  1
105    0
87 7.00171  2
93    8.67766
104    7.61946
88 11.5484  1
105    0
89 6.39531  1
105    0
90 9.56801  1
102    7.44972
91 9.92843  1
105    0
92 11.1055  1
105    0
93 14.9493  1
105    0
94 7.50099  1
105    0
95 13.179  1
105    0
96 11.7202  1
103    10.7642
97 6.95624  1
105    0
98 11.3997  1
104    10.8624
99 5.90976  1
105    0
100 7.98257  1
105    0
101 14.7516  1
103    11.8253
102 6.85522  1
105    0
103 11.0701  1
105    0
104 14.8337  1
105    0
105 0  0
