221
0 6.85522  10
1    0.844823
2    1.17364
3    1.04736
4    1.23501
5    1.24779
6    1.28953
7    0.825779
8    1.11143
10    1.17166
40    1.29002
1 11.0701  2
9    0.844218
67    1.18253
2 14.8337  6
39    0.817374
53    0.861742
61    0.751161
71    0.761946
80    0.767788
208    1.15177
3 7.12348  3
10    1.17885
167    0.703149
178    0.861632
4 11.946  10
26    0.939729
27    0.883532
28    0.700018
29    0.700751
30    0.703149
31    0.710987
40    1.06421
88    1.09166
198    1.24855
209    1.01125
5 7.69387  2
10    1.2139
209    0.968917
6 13.8086  3
39    0.85006
61    0.833799
71    0.902997
7 13.7762  1
67    1.00021
8 13.6703  1
10    1.0409
9 13.3245  10
11    1.06439
12    1.29062
13    0.829368
14    1.12315
15    0.882488
16    1.29663
17    0.848979
18    1.1872
19    1.09166
20    0.779653
10 12.1953  2
66    1.1139
89    0.700751
11 8.5081  4
51    1.04181
66    1.10427
67    0.744972
71    1.08624
12 6.46733  2
51    0.795071
81    1.17364
13 9.80331  7
21    0.960805
22    0.952364
23    0.924787
24    0.834733
25    1.14068
142    1.08624
160    1.11143
14 10.6969  4
47    1.19947
48    1.13172
49    0.910486
50    0.78804
15 13.6151  3
61    0.715455
71    0.780917
88    0.960805
16 13.1442  4
40    1.28509
66    0.737629
140    1.18253
179    0.78804
17 11.6063  3
87    0.829368
89    0.939729
152    1.11162
18 6.58452  1
220    0
19 10.186  1
220    0
20 11.9466  1
220    0
21 7.6957  1
220    0
22 13.8147  3
39    1.10321
51    1.01116
209    1.11709
23 13.796  10
32    0.736567
33    0.820103
34    1.0929
35    0.783718
36    0.974081
37    0.995706
38    1.06633
53    1.22888
60    1.23745
85    0.825779
24 13.7353  1
51    1.09638
25 13.5369  4
51    0.988198
66    0.823582
119    1.01116
200    0.929786
26 12.889  2
39    0.878954
167    0.700018
27 10.7732  5
51    1.2169
67    0.798349
80    1.2573
119    0.861742
161    0.779653
28 13.8641  2
88    1.29663
142    1.02187
29 13.9575  9
41    0.827409
42    1.11676
43    0.861632
44    1.22851
45    1.22657
46    1.22022
60    1.25574
160    0.844218
200    0.851067
30 14.2624  2
84    1.24779
142    0.975948
31 5.25758  8
72    0.964943
73    0.965877
74    0.968917
75    0.978841
76    1.01125
77    1.11709
78    0.862694
79    1.23199
32 5.85269  3
39    0.754585
89    1.14068
152    0.922059
33 7.79611  8
190    1.22776
191    1.22412
192    1.21222
193    1.17334
194    1.04639
195    1.23185
196    1.23745
197    1.25574
34 14.1424  3
87    1.12315
140    1.09536
167    0.700751
35 14.8663  1
39    1.19074
36 7.22999  2
39    1.29696
66    0.89505
37 12.2939  5
39    1.08398
40    0.811313
52    1.1168
89    0.924787
208    0.975948
38 8.82977  4
69    1.15177
70    0.975948
87    1.2139
88    0.882488
39 7.51778  2
61    0.867766
108    1.22657
40 13.2336  2
61    1.24855
71    0.908307
41 11.8984  8
54    1.22776
55    1.22412
56    1.21222
57    1.17334
58    1.04639
59    1.23185
61    1.29198
88    0.779653
42 7.53822  5
67    0.847551
87    1.29062
89    0.710987
140    0.744972
152    0.767788
43 13.3004  3
89    0.703149
179    1.13172
206    1.09536
44 12.1166  3
66    1.19803
142    0.780917
160    0.829368
45 8.25083  2
89    0.952364
143    0.964943
46 5.62716  2
66    1.127
67    0.79172
47 7.05969  2
108    1.22851
142    0.902997
48 11.7379  2
71    0.763576
119    1.22776
49 7.01422  2
80    0.922059
161    1.09166
50 11.5893  2
51    1.18865
119    1.22412
51 6.52867  2
67    0.729902
160    1.06439
52 10.0035  1
80    1.11162
53 11.3506  3
80    0.720545
140    0.79172
160    1.17885
54 5.74953  4
88    1.1872
140    1.00021
200    1.13764
208    1.08624
55 7.45918  5
62    1.13764
63    0.929786
64    0.851067
65    1.19402
133    1.1139
56 13.0422  1
220    0
57 11.2737  2
86    0.844218
206    1.00021
58 5.49837  1
143    0.968917
59 6.63915  1
67    1.07642
60 10.3645  4
66    0.820853
67    1.08104
140    1.08104
207    1.18253
61 12.5295  6
96    1.06633
97    1.29696
98    0.85006
99    1.19074
100    1.10321
140    0.847551
62 9.59914  2
66    0.852293
177    0.811313
63 10.0301  1
67    1.09536
64 11.4373  2
89    0.883532
119    1.21222
65 6.03244  3
68    1.02187
71    1.0018
85    1.11143
66 8.38328  1
85    1.28953
67 6.0596  2
161    1.29663
198    0.751161
68 8.47179  3
80    1.23793
86    1.0409
89    0.834733
69 6.34861  3
82    1.04736
83    1.23501
133    0.852293
70 9.41572  1
220    0
71 9.43129  8
90    0.736567
91    0.820103
92    1.0929
93    0.783718
94    0.974081
95    0.995706
160    1.12315
199    1.29198
72 9.48195  1
80    0.825834
73 9.64736  2
86    1.17166
143    0.965877
74 10.1875  1
88    0.848979
75 11.9515  1
220    0
76 7.71157  1
220    0
77 13.8665  1
220    0
78 13.9654  1
220    0
79 14.2883  3
80    0.844823
89    0.700018
167    0.974081
80 5.34242  2
109    1.19947
167    0.995706
81 6.1298  2
87    1.06439
208    0.902997
82 8.70098  1
160    1.17166
83 7.09723  1
220    0
84 11.8603  1
87    1.17885
85 7.41371  9
124    1.25574
125    0.715455
126    0.751161
127    0.867766
128    1.24855
129    1.29198
130    0.833799
131    1.13764
132    0.929786
86 12.8939  1
220    0
87 10.7894  1
161    0.960805
88 13.9169  1
220    0
89 14.1299  1
220    0
90 14.8254  1
200    1.127
91 7.09632  1
220    0
92 11.8572  2
101    0.817374
102    1.08398
93 7.40364  1
108    0.827409
94 12.861  10
144    0.978841
145    1.01125
146    1.11709
147    0.862694
148    1.23199
149    1.23793
150    1.2573
151    0.720545
161    0.882488
208    0.763576
95 10.6816  4
162    0.952364
163    0.924787
164    0.834733
165    1.14068
96 13.565  9
110    1.13172
111    0.910486
112    0.78804
113    0.988198
114    1.04181
115    1.2169
116    1.18865
117    1.09638
118    0.795071
97 12.9809  1
141    0.798349
98 11.0732  1
220    0
99 14.8437  2
200    1.19803
208    0.761946
100 7.15613  1
108    0.861632
101 12.0525  5
120    1.17334
121    1.04639
122    1.23185
123    1.23745
142    1.15177
102 8.04147  6
103    0.754585
104    0.878954
105    1.28509
106    0.811313
107    1.06421
141    1.07642
103 14.9438  1
108    1.11676
104 7.48299  3
141    0.729902
160    1.2139
208    1.0018
105 13.1201  1
108    1.22022
106 11.5276  1
142    0.761946
107 6.32756  1
108    1.29002
108 9.34675  1
178    0.827409
109 9.20606  1
119    1.22888
110 8.74645  1
209    0.965877
111 7.24555  1
166    0.939729
112 12.3446  1
220    0
113 8.99548  3
133    1.19402
180    0.988198
209    0.780917
114 8.05887  1
220    0
115 5.00031  1
200    0.833799
116 5.01251  1
160    1.29062
117 5.05249  1
220    0
118 5.18311  1
119    1.1168
119 5.60945  1
198    0.715455
120 7.00171  6
134    1.19803
135    1.127
136    0.89505
137    0.737629
138    0.823582
139    1.10427
121 11.5484  1
178    1.22657
122 6.39531  2
140    0.820853
167    0.710987
123 9.56801  3
178    1.11676
198    0.867766
209    0.964943
124 9.92843  1
207    0.729902
125 11.1055  1
142    1.0018
126 14.9493  1
220    0
127 7.50099  1
200    1.19402
128 13.179  1
220    0
129 11.7202  1
220    0
130 6.95624  1
142    0.908307
131 11.3997  1
133    0.851067
132 5.90976  2
178    1.22022
209    0.908307
133 7.98257  1
220    0
134 14.7516  1
220    0
135 6.85522  1
142    0.763576
136 11.0701  1
220    0
137 14.8337  2
160    1.0409
167    0.820103
138 7.12348  1
168    1.06633
139 11.946  1
152    0.825834
140 7.69387  1
220    0
141 13.8086  1
167    1.0929
142 13.7762  1
220    0
143 13.6703  2
167    0.783718
206    0.79172
144 13.3245  1
220    0
145 12.1953  1
167    0.736567
146 8.5081  1
220    0
147 6.46733  9
181    1.04181
182    1.2169
183    1.18865
184    1.09638
185    0.795071
186    1.01116
187    1.1168
188    0.861742
189    1.22888
148 9.80331  7
153    0.844823
154    1.17364
155    1.04736
156    1.23501
157    1.24779
158    1.28953
159    0.825779
149 10.6969  1
220    0
150 13.6151  1
179    0.910486
151 13.1442  1
166    0.883532
152 11.6063  1
161    1.1872
153 6.58452  1
220    0
154 10.186  2
200    1.1139
208    0.798349
155 11.9466  10
210    0.862694
211    1.23199
212    1.23793
213    1.2573
214    0.720545
215    0.767788
216    0.922059
217    0.825834
218    1.11162
219    0.844823
156 7.6957  1
207    1.07642
157 13.8147  1
206    1.08104
158 13.796  1
220    0
159 13.7353  1
220    0
160 13.5369  1
161    0.848979
161 12.889  1
220    0
162 10.7732  2
177    1.06421
179    1.19947
163 13.8641  8
169    1.29696
170    0.85006
171    1.19074
172    1.10321
173    0.817374
174    1.08398
175    0.754585
176    0.878954
164 13.9575  1
220    0
165 14.2624  1
220    0
166 5.25758  1
177    1.28509
167 5.85269  1
178    1.22851
168 7.79611  2
177    1.29002
200    0.852293
169 14.1424  1
220    0
170 14.8663  1
220    0
171 7.22999  1
220    0
172 12.2939  1
220    0
173 8.82977  1
220    0
174 7.51778  1
220    0
175 13.2336  1
220    0
176 11.8984  1
220    0
177 7.53822  1
220    0
178 13.3004  1
220    0
179 12.1166  1
220    0
180 8.25083  1
220    0
181 5.62716  1
220    0
182 7.05969  1
220    0
183 11.7379  1
220    0
184 7.01422  1
220    0
185 11.5893  1
220    0
186 6.52867  1
220    0
187 10.0035  1
220    0
188 11.3506  1
220    0
189 5.74953  1
220    0
190 7.45918  1
220    0
191 13.0422  1
220    0
192 11.2737  1
206    0.744972
193 5.49837  1
208    1.02187
194 6.63915  5
201    0.89505
202    0.737629
203    0.823582
204    1.10427
205    0.820853
195 10.3645  1
206    0.847551
196 12.5295  1
220    0
197 9.59914  1
220    0
198 10.0301  1
220    0
199 11.4373  1
220    0
200 6.03244  1
220    0
201 8.38328  1
220    0
202 6.0596  1
220    0
203 8.47179  1
220    0
204 6.34861  1
220    0
205 9.41572  1
220    0
206 9.43129  1
220    0
207 9.48195  1
209    0.978841
208 9.64736  1
220    0
209 10.1875  1
220    0
210 11.9515  1
220    0
211 7.71157  1
220    0
212 13.8665  1
220    0
213 13.9654  1
220    0
214 14.2883  1
220    0
215 5.34242  1
220    0
216 6.1298  1
220    0
217 8.70098  1
220    0
218 7.09723  1
220    0
219 11.8603  1
220    0
220 0  0
