56
0 5.34242  2
1    8.11313
23    11.9803
1 6.1298  7
2    10.6421
3    12.9002
4    8.27409
5    11.1676
6    8.61632
21    8.61742
22    7.15455
2 8.70098  2
9    12.2022
21    12.1222
3 7.09723  1
23    8.52293
4 11.8603  8
10    11.9947
11    11.3172
12    9.10486
13    7.8804
14    9.88198
15    10.4181
21    12.2776
24    7.9172
5 7.41371  4
7    12.2851
8    12.2657
21    12.3185
24    10.0021
6 12.8939  6
43    9.65877
44    9.68917
45    9.78841
46    10.1125
47    11.1709
48    8.62694
7 10.7894  5
16    12.169
17    11.8865
18    10.9638
19    7.95071
20    10.1116
8 13.9169  1
22    8.33799
9 14.1299  2
22    11.3764
24    7.37629
10 14.8254  3
21    12.2888
22    7.51161
23    11.27
11 7.09632  1
49    7.67788
12 11.8572  1
55    0
13 7.40364  1
22    12.9198
14 12.861  3
21    12.2412
22    12.5574
23    8.51067
15 10.6816  1
23    11.9402
16 13.565  1
24    8.9505
17 12.9809  4
21    11.7334
22    8.67766
24    10.9536
49    12.3199
18 11.0732  3
21    10.4639
23    11.139
24    8.20853
19 14.8437  3
22    12.3745
23    9.29786
24    8.23582
20 7.15613  1
21    11.168
21 12.0525  2
22    12.4855
24    11.0427
22 8.04147  1
55    0
23 14.9438  8
25    10.8104
26    7.44972
27    8.47551
28    11.8253
29    10.7642
30    7.29902
31    7.98349
32    10.2187
24 7.48299  1
55    0
25 13.1201  5
50    9.22059
51    8.25834
52    11.1162
53    8.44823
54    11.7364
26 11.5276  1
55    0
27 6.32756  1
55    0
28 9.34675  10
33    11.5177
34    9.75948
35    10.018
36    10.8624
37    7.61946
38    9.02997
39    7.63576
40    9.08307
41    7.80917
42    9.64943
29 9.20606  1
55    0
30 8.74645  1
55    0
31 7.24555  1
55    0
32 12.3446  1
55    0
33 8.99548  1
55    0
34 8.05887  1
55    0
35 5.00031  1
49    7.20545
36 5.01251  1
55    0
37 5.05249  1
49    12.3793
38 5.18311  1
55    0
39 5.60945  1
55    0
40 7.00171  1
55    0
41 11.5484  1
55    0
42 6.39531  1
55    0
43 9.56801  1
55    0
44 9.92843  1
55    0
45 11.1055  1
49    12.573
46 14.9493  1
55    0
47 7.50099  1
55    0
48 13.179  1
55    0
49 11.7202  1
55    0
50 6.95624  1
55    0
51 11.3997  1
55    0
52 5.90976  1
55    0
53 7.98257  1
55    0
54 14.7516  1
55    0
55 0  0
