51
0 11.2737  3
1    3.89827
14    4.8704
43    6.13881
1 5.49837  10
2    4.80403
3    4.76182
4    4.62394
5    4.17367
6    5.70338
7    4.69865
8    4.41766
9    3.50009
10    3.50375
14    5.33166
2 6.63915  2
14    4.97853
49    4.26147
3 10.3645  3
14    6.4848
43    3.57727
49    5.56952
4 12.5295  2
11    3.51575
14    5.51605
5 9.59914  1
50    0
6 10.0301  1
50    0
7 11.4373  1
14    4.2503
8 6.03244  3
40    5.58399
41    4.30871
42    6.1444
9 8.38328  1
14    5.46451
10 6.0596  1
14    5.95369
11 8.47179  3
12    3.55493
13    3.68284
14    3.91859
12 6.34861  1
14    4.10051
13 9.41572  7
15    4.08687
16    5.41992
17    3.77293
18    4.39477
19    6.42547
47    4.169
49    5.97008
14 9.43129  1
50    0
15 9.48195  2
31    4.55243
32    3.9402
16 9.64736  6
20    4.05657
21    5.32104
22    6.4501
23    4.13704
24    5.5838
43    6.15923
17 10.1875  1
49    4.25533
18 11.9515  1
50    0
19 7.71157  1
50    0
20 13.8665  1
50    0
21 13.9654  7
33    4.94099
34    5.20907
35    6.08452
36    5.94325
37    5.4819
38    3.97536
39    5.0558
22 14.2883  6
25    4.30816
26    6.14257
27    6.13286
28    6.10109
29    5.99736
30    5.6586
23 5.34242  1
43    6.12059
24 6.1298  1
50    0
25 8.70098  1
49    4.47525
26 7.09723  1
50    0
27 11.8603  1
50    0
28 7.41371  3
44    3.75581
45    4.33883
46    6.24273
29 12.8939  1
50    0
30 10.7894  1
43    6.27871
31 13.9169  2
43    5.23196
49    5.63498
32 14.1299  1
50    0
33 14.8254  1
50    0
34 7.09632  1
48    4.64893
35 11.8572  1
47    6.4599
36 7.40364  1
43    6.06108
37 12.861  1
47    5.68818
38 10.6816  1
43    5.86671
39 13.565  1
50    0
40 12.9809  1
50    0
41 11.0732  1
50    0
42 14.8437  1
43    6.18725
43 7.15613  1
50    0
44 12.0525  1
50    0
45 8.04147  1
50    0
46 14.9438  1
50    0
47 7.48299  1
50    0
48 13.1201  1
49    5.99013
49 11.5276  1
50    0
50 0  0
