45
0 10.7732  5
1    48.2939
2    48.4458
3    48.9421
18    55.5716
34    39.1859
1 13.8641  10
4    55.8545
5    43.1347
6    61.5996
7    61.8963
8    62.8649
9    36.0273
10    38.3894
11    46.1029
12    41.2917
13    55.5808
2 13.9575  2
3    50.5626
33    35.0009
3 14.2624  9
19    53.2196
20    64.5312
21    41.4684
22    56.1576
23    44.1244
24    64.8315
25    42.449
26    59.3602
38    43.9477
4 5.25758  1
18    60.6951
5 5.85269  1
18    62.3898
6 7.79611  1
33    35.0375
7 14.1424  2
18    58.5829
42    61.0109
8 14.8663  1
38    55.1605
9 7.22999  3
18    41.2889
33    54.6451
38    40.8687
10 12.2939  6
14    42.2411
15    58.6818
16    52.3681
17    61.7507
38    54.1992
42    59.9736
11 8.82977  2
18    64.4763
33    35.1575
12 7.51778  3
18    52.0449
34    48.704
38    53.2104
13 13.2336  1
18    58.9427
14 11.8984  2
18    42.2109
42    39.402
15 7.53822  1
44    0
16 13.3004  1
38    37.7293
17 12.1166  1
44    0
18 8.25083  6
27    54.5828
28    38.9827
29    48.0403
30    47.6182
31    46.2394
32    41.7367
19 5.62716  1
38    40.5657
20 7.05969  3
33    57.0338
42    45.5243
43    60.8452
21 11.7379  1
33    36.8284
22 7.01422  4
35    64.848
36    42.503
37    59.5369
38    41.3704
23 11.5893  2
33    44.1766
34    53.3166
24 6.52867  1
33    41.0051
25 10.0035  1
44    0
26 11.3506  1
44    0
27 5.74953  1
34    49.7853
28 7.45918  1
38    64.2547
29 13.0422  1
44    0
30 11.2737  1
42    61.3286
31 5.49837  2
33    46.9865
38    64.501
32 6.63915  1
33    35.5493
33 10.3645  1
42    56.586
34 12.5295  1
42    52.0907
35 9.59914  1
44    0
36 10.0301  3
39    55.838
40    43.0816
41    61.4257
37 11.4373  1
44    0
38 6.03244  1
42    49.4099
39 8.38328  1
44    0
40 6.0596  1
44    0
41 8.47179  1
44    0
42 6.34861  1
44    0
43 9.41572  1
44    0
44 0  0
