206
0 5.62716  2
1    7.00751
2    7.0315
1 7.05969  4
2    7.10987
33    12.1222
67    10.1125
125    8.61742
2 11.7379  5
3    7.36567
4    8.20103
5    10.929
6    7.83718
61    10.8624
3 7.01422  9
152    7.61946
153    9.02997
154    7.63576
155    9.08307
156    7.80917
157    9.64943
158    9.65877
159    9.68917
160    9.78841
4 11.5893  8
28    11.9947
29    11.3172
30    9.10486
31    7.8804
33    8.61742
44    11.9803
68    8.62694
125    11.8865
5 6.52867  4
7    9.74081
21    12.9002
33    12.2776
61    9.75948
6 10.0035  10
8    9.95706
9    10.6633
10    12.9696
11    8.5006
12    11.9074
13    11.0321
14    8.17374
15    10.8398
44    11.9402
61    7.63576
7 11.3506  8
22    8.27409
23    11.1676
24    8.61632
25    12.2851
26    12.2657
27    12.2022
33    10.1116
59    7.98349
8 5.74953  2
163    8.62694
164    12.3501
9 7.45918  2
32    12.169
44    8.52293
10 13.0422  7
52    7.9172
53    10.0021
54    10.8104
55    7.44972
56    8.47551
57    11.8253
58    10.7642
11 11.2737  2
68    12.573
125    10.1116
12 5.49837  1
205    0
13 6.63915  1
32    10.4181
14 10.3645  2
33    10.9638
151    9.75948
15 12.5295  6
16    7.54585
17    8.78954
18    12.8509
19    8.11313
20    10.6421
61    10.018
16 9.59914  3
32    9.88198
33    12.2412
163    7.67788
17 10.0301  1
205    0
18 11.4373  1
44    11.139
19 6.03244  1
125    10.4181
20 8.38328  1
33    11.168
21 6.0596  9
34    11.7334
35    10.4639
36    12.3185
37    12.3745
38    12.5574
39    7.15455
124    9.88198
164    11.7364
165    8.25779
22 8.47179  2
33    11.8865
126    7.15455
23 6.34861  1
33    7.95071
24 9.41572  1
205    0
25 9.43129  1
44    9.29786
26 9.48195  1
205    0
27 9.64736  5
40    7.51161
41    8.67766
42    12.4855
43    12.9198
150    11.8253
28 10.1875  1
125    12.2776
29 11.9515  4
62    9.08307
63    7.80917
64    9.64943
65    9.65877
30 7.71157  2
33    12.2888
44    8.33799
31 13.8665  1
205    0
32 13.9654  1
205    0
33 14.2883  1
59    7.29902
34 5.34242  2
66    9.68917
126    12.3185
35 6.1298  1
124    9.10486
36 8.70098  1
118    7.54585
37 7.09723  2
126    10.4639
150    11.5177
38 11.8603  1
61    9.02997
39 7.41371  2
44    11.3764
68    12.3793
40 12.8939  8
45    11.27
46    8.9505
47    7.37629
48    8.23582
49    11.0427
50    8.20853
51    10.9536
60    11.5177
41 10.7894  2
67    9.78841
119    10.6421
42 13.9169  1
68    12.3199
43 14.1299  2
44    8.51067
69    7.67788
44 14.8254  9
70    9.22059
71    8.25834
72    11.1162
73    8.44823
74    11.7364
75    10.4736
76    12.3501
77    12.478
124    12.2657
45 7.09632  1
165    12.478
46 11.8572  2
60    10.2187
125    7.95071
47 7.40364  1
205    0
48 12.861  2
67    11.1709
150    10.2187
49 10.6816  1
150    7.98349
50 13.565  1
205    0
51 12.9809  1
118    8.17374
52 11.0732  1
69    7.20545
53 14.8437  1
163    12.3793
54 7.15613  1
124    12.2022
55 12.0525  2
61    7.61946
164    11.1162
56 8.04147  10
92    8.48979
93    11.872
94    10.9166
95    7.79653
96    9.60805
97    9.52364
98    9.24787
99    8.34733
100    11.4068
126    12.2412
57 14.9438  1
124    11.9947
58 7.48299  1
205    0
59 13.1201  2
118    10.8398
124    7.8804
60 11.5276  10
78    12.8953
79    8.25779
80    11.1143
81    8.44218
82    11.7166
83    10.409
84    12.139
85    11.7885
86    10.6439
87    12.9062
61 6.32756  1
205    0
62 9.34675  1
126    12.3745
63 9.20606  1
205    0
64 8.74645  2
161    10.1125
162    11.1709
65 7.24555  7
127    7.51161
128    8.67766
129    12.4855
130    12.9198
131    8.33799
132    11.3764
133    9.29786
66 12.3446  1
205    0
67 8.99548  1
164    8.44823
68 8.05887  4
88    8.29368
89    11.2315
90    8.82488
91    12.9663
69 5.00031  2
119    12.9002
165    12.8953
70 5.01251  1
205    0
71 5.05249  1
205    0
72 5.18311  1
205    0
73 5.60945  1
151    10.8624
74 7.00171  1
205    0
75 11.5484  1
205    0
76 6.39531  1
205    0
77 9.56801  1
205    0
78 9.92843  1
205    0
79 11.1055  1
205    0
80 14.9493  1
124    11.3172
81 7.50099  1
125    10.9638
82 13.179  1
205    0
83 11.7202  1
150    7.29902
84 6.95624  1
118    8.78954
85 11.3997  1
205    0
86 5.90976  1
126    12.5574
87 7.98257  1
205    0
88 14.7516  1
164    10.4736
89 6.85522  1
119    12.8509
90 11.0701  1
205    0
91 14.8337  1
205    0
92 7.12348  1
125    12.2888
93 11.946  1
205    0
94 7.69387  1
205    0
95 13.8086  1
126    12.1222
96 13.7762  1
205    0
97 13.6703  10
101    9.39729
102    8.83532
103    7.00018
104    7.00751
105    7.0315
106    7.10987
107    7.36567
108    8.20103
109    10.929
110    7.83718
98 13.3245  1
205    0
99 12.1953  1
205    0
100 8.5081  7
111    9.74081
112    9.95706
113    10.6633
114    12.9696
115    8.5006
116    11.9074
117    11.0321
101 6.46733  1
205    0
102 9.80331  1
163    7.20545
103 10.6969  4
120    8.27409
121    11.1676
122    8.61632
123    12.2851
104 13.6151  1
126    11.7334
105 13.1442  1
205    0
106 11.6063  1
205    0
107 6.58452  1
205    0
108 10.186  1
205    0
109 11.9466  9
175    12.9663
176    8.48979
177    11.872
178    10.9166
179    7.79653
180    9.60805
181    9.52364
182    9.24787
183    8.34733
110 7.6957  10
184    11.4068
185    9.39729
186    8.83532
187    7.00018
188    7.00751
189    7.0315
190    7.10987
191    7.36567
192    8.20103
193    10.929
111 13.8147  1
119    8.11313
112 13.796  1
205    0
113 13.7353  2
150    8.47551
151    10.018
114 13.5369  9
134    8.51067
135    11.9402
136    11.139
137    8.52293
138    11.9803
139    11.27
140    8.9505
141    7.37629
142    8.23582
115 12.889  1
164    8.25834
116 10.7732  1
205    0
117 13.8641  1
205    0
118 13.9575  7
143    11.0427
144    8.20853
145    10.9536
146    7.9172
147    10.0021
148    10.8104
149    7.44972
119 14.2624  1
205    0
120 5.25758  2
125    12.169
165    11.1143
121 5.85269  1
163    12.3199
122 7.79611  9
166    11.7166
167    10.409
168    12.139
169    11.7885
170    10.6439
171    12.9062
172    8.29368
173    11.2315
174    8.82488
123 14.1424  1
125    11.168
124 14.8663  1
205    0
125 7.22999  1
205    0
126 12.2939  1
205    0
127 8.82977  1
163    9.22059
128 7.51778  1
205    0
129 13.2336  1
163    12.573
130 11.8984  1
205    0
131 7.53822  1
205    0
132 13.3004  2
150    10.7642
165    8.44218
133 12.1166  1
205    0
134 8.25083  1
205    0
135 5.62716  1
205    0
136 7.05969  1
205    0
137 11.7379  1
205    0
138 7.01422  1
205    0
139 11.5893  1
205    0
140 6.52867  1
205    0
141 10.0035  1
205    0
142 11.3506  1
205    0
143 5.74953  1
205    0
144 7.45918  1
205    0
145 13.0422  1
205    0
146 11.2737  1
205    0
147 5.49837  1
205    0
148 6.63915  1
205    0
149 10.3645  1
205    0
150 12.5295  1
205    0
151 9.59914  1
205    0
152 10.0301  1
205    0
153 11.4373  1
205    0
154 6.03244  1
205    0
155 8.38328  1
205    0
156 6.0596  1
205    0
157 8.47179  1
205    0
158 6.34861  1
205    0
159 9.41572  1
205    0
160 9.43129  6
194    7.83718
195    9.74081
196    9.95706
197    10.6633
198    12.9696
199    8.5006
161 9.48195  1
205    0
162 9.64736  1
205    0
163 10.1875  1
205    0
164 11.9515  1
205    0
165 7.71157  1
205    0
166 13.8665  1
205    0
167 13.9654  1
205    0
168 14.2883  1
205    0
169 5.34242  1
205    0
170 6.1298  1
205    0
171 8.70098  1
205    0
172 7.09723  5
200    11.9074
201    11.0321
202    8.17374
203    10.8398
204    7.54585
173 11.8603  1
205    0
174 7.41371  1
205    0
175 12.8939  1
205    0
176 10.7894  1
205    0
177 13.9169  1
205    0
178 14.1299  1
205    0
179 14.8254  1
205    0
180 7.09632  1
205    0
181 11.8572  1
205    0
182 7.40364  1
205    0
183 12.861  1
205    0
184 10.6816  1
205    0
185 13.565  1
205    0
186 12.9809  1
205    0
187 11.0732  1
205    0
188 14.8437  1
205    0
189 7.15613  1
205    0
190 12.0525  1
205    0
191 8.04147  1
205    0
192 14.9438  1
205    0
193 7.48299  1
205    0
194 13.1201  1
205    0
195 11.5276  1
205    0
196 6.32756  1
205    0
197 9.34675  1
205    0
198 9.20606  1
205    0
199 8.74645  1
205    0
200 7.24555  1
205    0
201 12.3446  1
205    0
202 8.99548  1
205    0
203 8.05887  1
205    0
204 5.00031  1
205    0
205 0  0
