55
0 9.56801  10
1    0.852293
2    1.19803
3    1.127
4    0.89505
5    0.737629
6    0.823582
7    1.10427
8    0.820853
9    1.09536
19    0.902997
1 9.92843  7
31    1.17885
32    1.06439
33    1.29062
34    0.829368
35    1.12315
36    0.882488
37    1.29663
2 11.1055  3
20    0.780917
21    1.23199
30    0.844218
3 14.9493  2
20    0.964943
21    1.11709
4 7.50099  10
10    0.79172
11    1.00021
12    1.08104
13    0.744972
14    0.847551
15    1.18253
16    1.07642
17    0.729902
18    0.798349
19    1.08624
5 13.179  2
20    0.978841
21    1.2573
6 11.7202  1
19    1.15177
7 6.95624  1
19    1.02187
8 11.3997  2
19    1.0018
21    0.720545
9 5.90976  2
19    0.761946
21    1.23793
10 7.98257  1
21    1.11162
11 14.7516  2
20    0.965877
38    1.1872
12 6.85522  1
20    1.01125
13 11.0701  3
19    0.763576
21    0.862694
30    1.17166
14 14.8337  1
21    0.825834
15 7.12348  2
19    0.975948
20    0.968917
16 11.946  1
20    0.908307
17 7.69387  1
54    0
18 13.8086  2
21    0.767788
30    1.0409
19 13.7762  1
40    0.960805
20 13.6703  2
21    0.922059
30    1.2139
21 13.3245  6
22    0.844823
23    1.17364
24    1.04736
25    1.23501
26    1.24779
27    1.28953
22 12.1953  1
38    0.848979
23 8.5081  1
39    1.09166
24 6.46733  2
28    0.825779
29    1.11143
25 9.80331  1
54    0
26 10.6969  1
54    0
27 13.6151  10
44    1.14068
45    0.939729
46    0.883532
47    0.700018
48    0.700751
49    0.703149
50    0.710987
51    0.736567
52    0.820103
53    1.0929
28 13.1442  1
54    0
29 11.6063  1
54    0
30 6.58452  1
54    0
31 10.186  1
54    0
32 11.9466  1
54    0
33 7.6957  1
40    0.779653
34 13.8147  1
54    0
35 13.796  3
41    0.952364
42    0.924787
43    0.834733
36 13.7353  1
54    0
37 13.5369  1
54    0
38 12.889  1
54    0
39 10.7732  1
54    0
40 13.8641  1
54    0
41 13.9575  1
54    0
42 14.2624  1
54    0
43 5.25758  1
54    0
44 5.85269  1
54    0
45 7.79611  1
54    0
46 14.1424  1
54    0
47 14.8663  1
54    0
48 7.22999  1
54    0
49 12.2939  1
54    0
50 8.82977  1
54    0
51 7.51778  1
54    0
52 13.2336  1
54    0
53 11.8984  1
54    0
54 0  0
