49
0 11.7379  6
1    60.6951
2    58.9427
26    49.7853
30    52.0907
31    59.4325
32    61.444
1 7.01422  2
28    54.1992
47    37.2486
2 11.5893  10
3    53.2196
4    64.5312
5    41.4684
6    56.1576
7    44.1244
8    64.8315
9    42.449
10    59.3602
11    54.5828
12    38.9827
3 6.52867  1
44    56.3498
4 10.0035  3
26    48.704
28    53.2104
46    50.0105
5 11.3506  1
45    44.7525
6 5.74953  3
30    49.4099
32    61.5923
47    53.8211
7 7.45918  1
33    37.5581
8 13.0422  5
13    48.0403
14    47.6182
15    46.2394
29    43.0816
33    43.3883
9 11.2737  1
30    39.402
10 5.49837  1
30    56.586
11 6.63915  1
32    55.8399
12 10.3645  5
26    39.1859
27    40.8687
28    64.501
30    59.9736
32    58.6671
13 12.5295  3
28    40.5657
29    55.838
33    35.7727
14 9.59914  10
16    41.7367
17    57.0338
18    46.9865
19    44.1766
20    35.0009
21    35.0375
22    35.1575
23    35.5493
24    36.8284
25    41.0051
15 10.0301  2
26    64.848
28    43.9477
16 11.4373  1
48    0
17 6.03244  5
28    37.7293
31    54.819
32    50.558
45    36.8815
47    42.3775
18 8.38328  2
28    41.3704
32    43.0871
19 6.0596  3
26    54.6451
28    64.2547
30    61.0109
20 8.47179  3
27    55.1605
32    61.3881
45    55.2136
21 6.34861  1
27    42.503
22 9.41572  4
30    61.3286
32    61.2059
33    62.7871
47    54.0518
23 9.43129  2
26    53.3166
30    45.5243
24 9.48195  1
48    0
25 9.64736  2
27    59.5369
33    61.8725
26 10.1875  2
31    60.8452
32    52.3196
27 11.9515  1
48    0
28 7.71157  1
29    61.4257
29 13.8665  3
31    39.7536
32    60.6108
45    41.1791
30 13.9654  1
48    0
31 14.2883  1
48    0
32 5.34242  10
34    62.4273
35    64.599
36    41.69
37    56.8818
38    46.4893
39    42.5533
40    59.7008
41    55.6952
42    42.6147
43    59.9013
33 6.1298  2
46    41.0427
47    59.1267
34 8.70098  1
48    0
35 7.09723  1
48    0
36 11.8603  1
48    0
37 7.41371  1
46    39.586
38 12.8939  1
48    0
39 10.7894  1
48    0
40 13.9169  2
46    54.7678
47    36.4951
41 14.1299  1
48    0
42 14.8254  1
48    0
43 7.09632  1
48    0
44 11.8572  1
48    0
45 7.40364  1
48    0
46 12.861  1
48    0
47 10.6816  1
48    0
48 0  0
