190
0 5.60945  6
1    9.29786
2    8.51067
3    11.139
4    11.27
71    11.27
144    12.3745
1 7.00171  7
3    11.9402
4    8.9505
14    9.75948
25    8.44218
27    11.7885
45    8.20103
108    12.9062
2 11.5484  6
3    8.52293
4    11.9803
14    9.08307
22    12.3199
25    12.8953
26    10.409
3 6.39531  7
4    7.37629
13    8.47551
14    7.61946
22    12.573
45    7.10987
48    8.27409
92    10.1125
4 9.56801  10
5    8.23582
6    11.0427
7    8.20853
8    10.9536
9    7.9172
10    10.0021
11    10.8104
12    7.44972
14    10.2187
71    11.9402
5 9.92843  3
14    11.5177
48    10.6421
142    9.88198
6 11.1055  3
14    7.63576
70    8.67766
108    8.82488
7 14.9493  4
14    9.02997
22    7.67788
107    11.7885
143    12.2888
8 7.50099  3
13    11.8253
14    10.018
23    8.44823
9 13.179  2
24    12.478
142    10.1116
10 11.7202  5
13    10.7642
14    7.80917
22    8.25834
107    10.6439
108    11.2315
11 6.95624  4
13    7.98349
14    10.8624
23    11.7364
47    8.78954
12 11.3997  2
13    7.29902
49    7.8804
13 5.90976  5
25    11.1143
35    11.872
48    8.11313
49    9.10486
71    8.52293
14 7.98257  8
15    9.64943
16    9.65877
17    9.68917
18    9.78841
19    10.1125
20    11.1709
23    12.3501
92    9.68917
15 14.7516  1
27    12.139
16 6.85522  7
22    9.22059
23    11.1162
35    7.79653
49    11.3172
95    7.67788
142    7.95071
157    11.0427
17 11.0701  4
22    7.20545
92    11.1709
144    12.1222
177    9.78841
18 14.8337  4
26    11.7166
45    7.36567
47    7.54585
107    10.409
19 7.12348  5
21    8.62694
25    8.25779
36    9.52364
71    8.9505
92    8.62694
20 11.946  10
28    10.6439
29    12.9062
30    8.29368
31    11.2315
32    8.82488
33    12.9663
34    8.48979
35    10.9166
47    10.8398
48    12.9002
21 7.69387  4
22    12.3793
23    10.4736
48    11.1676
108    10.9166
22 13.8086  2
70    12.4855
122    7.83718
23 13.7762  4
47    8.5006
48    12.2657
71    11.9803
117    7.00751
24 13.6703  1
49    11.9947
25 13.3245  2
70    9.29786
144    12.2412
26 12.1953  2
134    8.27409
135    11.1676
27 8.5081  2
47    10.6633
108    12.9663
28 6.46733  1
48    8.61632
29 9.80331  6
37    9.24787
38    8.34733
39    11.4068
40    9.39729
47    9.95706
178    7.20545
30 10.6969  7
53    11.8865
54    10.9638
55    7.95071
56    10.1116
57    11.168
92    9.78841
142    10.4181
31 13.6151  1
36    9.60805
32 13.1442  1
45    10.929
33 11.6063  2
46    7.83718
144    11.7334
34 6.58452  10
72    7.37629
73    8.23582
74    11.0427
75    8.20853
76    10.9536
77    7.9172
78    10.0021
79    10.8104
80    7.44972
143    8.61742
35 10.186  1
47    8.17374
36 11.9466  1
70    11.3764
37 7.6957  3
46    9.74081
48    12.2851
91    7.63576
38 13.8147  1
91    7.80917
39 13.796  3
50    9.88198
51    10.4181
52    12.169
40 13.7353  5
41    8.83532
42    7.00018
43    7.00751
44    7.0315
92    9.64943
41 13.5369  2
105    11.1143
106    8.44218
42 12.889  3
47    12.9696
92    12.3199
108    8.29368
43 10.7732  2
47    11.9074
70    12.9198
44 13.8641  5
47    11.0321
71    8.51067
108    11.872
142    12.169
157    7.37629
45 13.9575  1
92    9.65877
46 14.2624  2
70    8.33799
122    9.95706
47 5.25758  3
48    12.8509
49    12.2022
142    11.8865
48 5.85269  9
58    8.61742
59    12.2888
60    12.2776
61    12.2412
62    12.1222
63    11.7334
64    10.4639
65    12.3185
144    10.4639
49 7.79611  1
189    0
50 14.1424  10
81    8.47551
82    11.8253
83    10.7642
84    7.29902
85    7.98349
86    10.2187
87    11.5177
88    9.75948
89    10.018
90    10.8624
51 14.8663  1
91    9.08307
52 7.22999  1
142    9.10486
53 12.2939  1
189    0
54 8.82977  1
178    12.573
55 7.51778  1
177    9.68917
56 13.2336  5
66    12.3745
67    12.5574
68    7.15455
69    7.51161
178    10.1125
57 11.8984  9
109    9.60805
110    9.52364
111    9.24787
112    8.34733
113    11.4068
114    9.39729
115    8.83532
116    7.00018
157    10.9536
58 7.53822  1
94    12.573
59 13.3004  1
71    11.139
60 12.1166  1
93    12.3793
61 8.25083  1
122    9.74081
62 5.62716  1
143    11.168
63 7.05969  1
177    9.64943
64 11.7379  1
189    0
65 7.01422  1
144    12.5574
66 11.5893  4
118    7.10987
119    7.36567
120    8.20103
121    10.929
67 6.52867  10
163    11.8253
164    10.7642
165    7.29902
166    7.98349
167    10.2187
168    11.5177
169    9.75948
170    10.018
171    10.8624
178    8.62694
68 10.0035  4
172    7.61946
173    9.02997
174    7.63576
175    9.08307
69 11.3506  1
107    11.7166
70 5.74953  1
189    0
71 7.45918  2
91    9.02997
142    10.9638
72 13.0422  2
95    9.22059
178    12.3793
73 11.2737  1
189    0
74 5.49837  1
189    0
75 6.63915  1
122    10.6633
76 10.3645  1
189    0
77 12.5295  1
108    8.48979
78 9.59914  2
145    7.51161
146    8.67766
79 10.0301  10
96    8.25834
97    11.1162
98    8.44823
99    11.7364
100    10.4736
101    12.3501
102    12.478
103    12.8953
144    12.3185
178    12.3199
80 11.4373  1
95    7.20545
81 6.03244  1
179    9.22059
82 8.38328  1
91    7.61946
83 6.0596  1
189    0
84 8.47179  1
122    12.9696
85 6.34861  1
143    12.2776
86 9.41572  1
189    0
87 9.43129  1
189    0
88 9.48195  1
189    0
89 9.64736  1
189    0
90 10.1875  1
157    8.20853
91 11.9515  1
189    0
92 7.71157  6
136    8.61632
137    12.2851
138    12.2657
139    12.2022
140    11.9947
141    11.3172
93 13.8665  1
189    0
94 13.9654  1
189    0
95 14.2883  1
189    0
96 5.34242  1
189    0
97 6.1298  1
189    0
98 8.70098  1
189    0
99 7.09723  1
104    8.25779
100 11.8603  2
107    12.139
142    7.8804
101 7.41371  1
108    7.79653
102 12.8939  1
189    0
103 10.7894  1
189    0
104 13.9169  1
189    0
105 14.1299  1
189    0
106 14.8254  1
189    0
107 7.09632  1
189    0
108 11.8572  1
189    0
109 7.40364  4
123    8.5006
124    11.9074
125    11.0321
126    8.17374
110 12.861  1
189    0
111 10.6816  1
189    0
112 13.565  1
189    0
113 12.9809  1
189    0
114 11.0732  1
117    7.0315
115 14.8437  7
127    10.8398
128    7.54585
129    8.78954
130    12.8509
131    8.11313
132    10.6421
133    12.9002
116 7.15613  1
189    0
117 12.0525  1
189    0
118 8.04147  1
189    0
119 14.9438  1
189    0
120 7.48299  1
189    0
121 13.1201  1
177    9.65877
122 11.5276  1
189    0
123 6.32756  1
189    0
124 9.34675  1
189    0
125 9.20606  1
189    0
126 8.74645  1
189    0
127 7.24555  1
189    0
128 12.3446  1
189    0
129 8.99548  1
189    0
130 8.05887  1
189    0
131 5.00031  1
189    0
132 5.01251  1
189    0
133 5.05249  1
189    0
134 5.18311  1
157    8.9505
135 5.60945  1
157    11.27
136 7.00171  1
189    0
137 11.5484  1
189    0
138 6.39531  1
189    0
139 9.56801  1
144    7.15455
140 9.92843  1
189    0
141 11.1055  1
189    0
142 14.9493  1
189    0
143 7.50099  10
147    12.4855
148    12.9198
149    8.33799
150    11.3764
151    9.29786
152    8.51067
153    11.9402
154    11.139
155    8.52293
156    11.9803
144 13.179  1
189    0
145 11.7202  1
189    0
146 6.95624  1
189    0
147 11.3997  1
189    0
148 5.90976  1
189    0
149 7.98257  6
158    7.9172
159    10.0021
160    10.8104
161    7.44972
162    8.47551
176    7.80917
150 14.7516  1
189    0
151 6.85522  1
189    0
152 11.0701  1
189    0
153 14.8337  1
189    0
154 7.12348  1
189    0
155 11.946  1
157    8.23582
156 7.69387  1
189    0
157 13.8086  1
189    0
158 13.7762  1
189    0
159 13.6703  1
189    0
160 13.3245  1
189    0
161 12.1953  1
189    0
162 8.5081  1
189    0
163 6.46733  1
189    0
164 9.80331  1
178    11.1709
165 10.6969  1
189    0
166 13.6151  1
189    0
167 13.1442  1
189    0
168 11.6063  9
180    8.25834
181    11.1162
182    8.44823
183    11.7364
184    10.4736
185    12.3501
186    12.478
187    12.8953
188    8.25779
169 6.58452  1
189    0
170 10.186  1
189    0
171 11.9466  1
189    0
172 7.6957  1
189    0
173 13.8147  1
189    0
174 13.796  1
189    0
175 13.7353  1
189    0
176 13.5369  1
179    7.67788
177 12.889  1
189    0
178 10.7732  1
189    0
179 13.8641  1
189    0
180 13.9575  1
189    0
181 14.2624  1
189    0
182 5.25758  1
189    0
183 5.85269  1
189    0
184 7.79611  1
189    0
185 14.1424  1
189    0
186 14.8663  1
189    0
187 7.22999  1
189    0
188 12.2939  1
189    0
189 0  0
