44
0 8.25083  8
1    12.3501
2    12.478
3    12.8953
4    8.25779
5    10.409
8    9.60805
9    7.00751
10    7.10987
1 5.62716  4
5    11.7166
6    8.29368
9    7.00018
10    9.74081
2 7.05969  5
5    12.139
6    11.7885
8    7.79653
9    9.52364
10    10.929
3 11.7379  5
5    11.1143
6    11.2315
7    8.82488
8    11.872
9    8.34733
4 7.01422  3
5    8.44218
6    12.9062
9    9.24787
5 11.5893  4
6    10.6439
7    12.9663
9    9.39729
10    8.20103
6 6.52867  3
8    8.48979
9    11.4068
10    7.36567
7 10.0035  3
8    10.9166
9    8.83532
10    7.83718
8 11.3506  2
9    7.0315
10    9.95706
9 5.74953  8
11    10.6633
12    12.9696
13    8.5006
14    11.9074
15    11.0321
16    8.17374
17    10.8398
18    7.54585
10 7.45918  10
19    8.78954
20    12.8509
21    8.11313
22    10.6421
23    12.9002
24    8.27409
25    11.1676
26    8.61632
27    12.2851
28    12.2657
11 13.0422  1
43    0
12 11.2737  1
43    0
13 5.49837  1
43    0
14 6.63915  1
43    0
15 10.3645  1
43    0
16 12.5295  1
29    11.9947
17 9.59914  1
43    0
18 10.0301  1
43    0
19 11.4373  1
43    0
20 6.03244  1
43    0
21 8.38328  1
43    0
22 6.0596  1
29    12.2022
23 8.47179  1
43    0
24 6.34861  1
43    0
25 9.41572  1
43    0
26 9.43129  1
43    0
27 9.48195  5
38    7.95071
39    10.1116
40    11.168
41    8.61742
42    12.2888
28 9.64736  1
43    0
29 10.1875  8
30    11.3172
31    9.10486
32    7.8804
33    9.88198
34    10.4181
35    12.169
36    11.8865
37    10.9638
30 11.9515  1
43    0
31 7.71157  1
43    0
32 13.8665  1
43    0
33 13.9654  1
43    0
34 14.2883  1
43    0
35 5.34242  1
43    0
36 6.1298  1
43    0
37 8.70098  1
43    0
38 7.09723  1
43    0
39 11.8603  1
43    0
40 7.41371  1
43    0
41 12.8939  1
43    0
42 10.7894  1
43    0
43 0  0
