178
0 13.8147  8
1    5.43118
18    5.23681
21    4.22109
32    5.45828
48    4.13704
67    6.24273
74    5.91267
137    5.00105
1 13.796  4
2    3.80973
18    6.23898
33    3.50375
94    3.55493
2 13.7353  5
3    4.51498
4    3.81788
5    4.54154
6    3.90458
7    4.82472
3 13.5369  5
8    4.82939
9    4.84458
18    3.83894
33    4.69865
77    5.55808
4 12.889  9
41    5.51605
42    4.08687
43    5.41992
44    3.77293
45    4.39477
46    6.42547
47    4.05657
72    4.10427
77    3.60273
5 10.7732  7
10    4.89421
11    5.05626
12    5.58545
13    4.31347
14    6.15996
32    4.76182
74    5.38211
6 13.8641  2
18    4.22411
48    5.32104
7 13.9575  10
22    5.85829
23    5.20449
24    6.06951
25    5.89427
26    5.32196
27    6.45312
28    4.14684
29    5.61576
30    4.41244
31    6.48315
8 14.2624  5
18    4.12917
32    3.89827
33    4.10051
77    4.12917
82    5.32196
9 5.25758  2
32    5.93602
77    6.15996
10 5.85269  1
75    5.10936
11 7.79611  2
18    5.55808
72    3.68815
12 14.1424  7
15    6.18963
16    6.28649
17    3.60273
21    5.55716
33    5.46451
81    5.89427
88    5.45828
13 14.8663  5
19    6.44763
20    4.12889
75    4.87974
104    5.32104
140    5.00902
14 7.22999  1
177    0
15 12.2939  4
18    5.86818
32    4.80403
33    3.50009
82    4.14684
16 8.82977  4
18    6.17507
94    3.68284
137    5.52136
152    4.12917
17 7.51778  3
18    4.61029
76    4.84458
141    3.90458
18 13.2336  8
34    3.91859
35    4.8704
36    4.97853
37    5.33166
38    6.4848
39    4.2503
40    5.95369
75    3.99174
19 11.8984  1
177    0
20 7.53822  3
33    4.41766
67    4.169
165    5.61576
21 13.3004  6
50    5.99736
51    5.6586
52    4.55243
53    3.9402
54    4.94099
72    4.11791
22 12.1166  2
67    4.25533
72    3.9586
23 8.25083  1
48    5.5838
24 5.62716  1
33    5.70338
25 7.05969  3
33    3.55493
81    6.44763
105    5.5838
26 11.7379  1
177    0
27 7.01422  3
32    4.17367
75    5.00902
105    5.99736
28 11.5893  6
33    3.51575
55    6.08452
67    5.97008
75    3.80973
105    4.30816
140    5.75886
29 6.52867  3
32    4.62394
94    3.50009
105    5.6586
30 10.0035  4
32    4.2449
76    4.89421
81    5.85829
141    4.82472
31 11.3506  3
77    4.61029
81    4.12889
135    4.26147
32 5.74953  3
33    3.68284
72    5.00105
77    6.18963
33 7.45918  1
177    0
34 13.0422  1
56    5.58399
35 11.2737  4
48    6.4501
56    5.94325
75    5.75886
135    5.99013
36 5.49837  1
67    4.64893
37 6.63915  3
67    5.56952
76    4.54154
104    6.42547
38 10.3645  2
49    6.14257
55    5.20907
39 12.5295  2
67    5.68818
104    5.41992
40 9.59914  2
49    4.30816
57    6.1444
41 10.0301  4
89    3.89827
90    4.80403
91    4.76182
92    4.62394
42 11.4373  5
68    4.26147
69    5.99013
70    5.63498
71    4.47525
72    5.47678
43 6.03244  2
57    6.12059
67    6.4599
44 8.38328  1
49    6.13286
45 6.0596  1
56    5.0558
46 8.47179  4
49    6.10109
57    4.30871
72    5.40518
76    5.05626
47 6.34861  1
76    3.90458
48 9.41572  9
113    3.97536
114    5.0558
115    5.58399
116    4.30871
117    6.1444
118    6.13881
119    6.12059
120    6.06108
121    5.86671
49 9.43129  3
56    3.97536
74    3.64951
76    3.81788
50 9.48195  1
177    0
51 9.64736  1
94    3.50375
52 10.1875  2
56    5.4819
137    3.9586
53 11.9515  1
73    4.23775
54 7.71157  2
77    4.22411
104    6.4501
55 13.8665  2
57    6.13881
152    4.61029
56 13.9654  2
77    6.28649
141    4.54154
57 14.2883  10
58    6.06108
59    5.86671
60    5.23196
61    6.15923
62    6.18725
63    6.27871
64    3.57727
65    3.75581
66    4.33883
140    5.10936
58 5.34242  3
76    4.82939
105    6.14257
140    4.87974
59 6.1298  2
93    4.17367
104    5.51605
60 8.70098  3
76    4.31347
81    5.55716
165    6.48315
61 7.09723  1
104    3.77293
62 11.8603  5
83    5.61576
84    4.41244
85    6.48315
86    4.2449
87    5.93602
63 7.41371  1
82    6.45312
64 12.8939  1
72    5.52136
65 10.7894  4
77    3.83894
81    4.22109
94    4.69865
141    3.80973
66 13.9169  1
177    0
67 14.1299  3
72    3.72486
75    4.51498
94    5.70338
68 14.8254  4
76    5.58545
81    5.20449
140    5.91267
141    4.51498
69 7.09632  4
78    5.23681
79    6.17507
80    6.23898
104    4.39477
70 11.8572  4
75    5.43118
77    5.86818
94    4.41766
135    5.97008
71 7.40364  2
76    4.82472
152    3.83894
72 12.861  10
142    4.82939
143    4.84458
144    4.89421
145    5.05626
146    5.58545
147    4.31347
148    6.15996
149    6.18963
150    6.28649
151    3.60273
73 10.6816  1
177    0
74 13.565  1
177    0
75 12.9809  2
105    4.13704
137    5.40518
76 11.0732  2
81    6.06951
94    3.51575
77 14.8437  1
177    0
78 7.15613  1
137    4.10427
79 12.0525  1
177    0
80 8.04147  2
136    5.63498
140    3.99174
81 14.9438  1
152    5.55808
82 7.48299  10
95    4.10051
96    5.46451
97    3.91859
98    4.8704
99    4.97853
100    5.33166
101    6.4848
102    4.2503
103    5.95369
105    6.13286
83 13.1201  1
104    4.08687
84 11.5276  1
177    0
85 6.32756  1
140    3.64951
86 9.34675  1
105    6.10109
87 9.20606  1
177    0
88 8.74645  1
141    3.81788
89 7.24555  1
177    0
90 12.3446  1
177    0
91 8.99548  1
177    0
92 8.05887  1
104    4.05657
93 5.00031  1
177    0
94 5.01251  1
122    5.23196
95 5.05249  1
177    0
96 5.18311  5
123    6.15923
124    6.18725
125    6.27871
126    3.57727
137    5.47678
97 5.60945  1
177    0
98 7.00171  1
152    5.23681
99 11.5484  8
106    4.55243
107    3.9402
108    4.94099
109    5.20907
110    6.08452
111    5.94325
112    5.4819
137    4.47525
100 6.39531  1
137    3.68815
101 9.56801  2
166    5.93602
167    5.45828
102 9.92843  1
177    0
103 11.1055  1
177    0
104 14.9493  1
177    0
105 7.50099  1
177    0
106 13.179  1
177    0
107 11.7202  1
177    0
108 6.95624  1
137    4.11791
109 11.3997  1
177    0
110 5.90976  1
165    4.2449
111 7.98257  1
177    0
112 14.7516  2
138    3.72486
139    4.23775
113 6.85522  1
177    0
114 11.0701  1
177    0
115 14.8337  1
140    5.43118
116 7.12348  1
177    0
117 11.946  1
177    0
118 7.69387  1
177    0
119 13.8086  1
177    0
120 13.7762  1
177    0
121 13.6703  1
177    0
122 13.3245  1
152    6.17507
123 12.1953  8
127    3.75581
128    4.33883
129    6.24273
130    6.4599
131    4.169
132    5.68818
133    4.64893
134    4.25533
124 8.5081  1
177    0
125 6.46733  1
165    4.41244
126 9.80331  1
177    0
127 10.6969  1
177    0
128 13.6151  1
177    0
129 13.1442  1
177    0
130 11.6063  2
135    5.56952
152    5.86818
131 6.58452  1
177    0
132 10.186  1
177    0
133 11.9466  1
140    5.38211
134 7.6957  1
177    0
135 13.8147  1
177    0
136 13.796  1
177    0
137 13.7353  1
177    0
138 13.5369  1
177    0
139 12.889  1
177    0
140 10.7732  1
177    0
141 13.8641  1
177    0
142 13.9575  1
177    0
143 14.2624  8
157    4.22109
158    5.85829
159    5.20449
160    6.06951
161    5.89427
162    5.32196
163    6.45312
164    4.14684
144 5.25758  1
177    0
145 5.85269  1
177    0
146 7.79611  4
153    6.23898
154    6.44763
155    4.12889
156    5.55716
147 14.1424  1
152    4.22411
148 14.8663  1
177    0
149 7.22999  1
177    0
150 12.2939  1
177    0
151 8.82977  1
177    0
152 7.51778  1
177    0
153 13.2336  1
177    0
154 11.8984  1
177    0
155 7.53822  1
177    0
156 13.3004  1
177    0
157 12.1166  1
177    0
158 8.25083  1
177    0
159 5.62716  1
177    0
160 7.05969  1
177    0
161 11.7379  9
168    3.89827
169    4.80403
170    4.76182
171    4.62394
172    4.17367
173    5.70338
174    4.69865
175    4.41766
176    3.50009
162 7.01422  1
177    0
163 11.5893  1
177    0
164 6.52867  1
177    0
165 10.0035  1
177    0
166 11.3506  1
177    0
167 5.74953  1
177    0
168 7.45918  1
177    0
169 13.0422  1
177    0
170 11.2737  1
177    0
171 5.49837  1
177    0
172 6.63915  1
177    0
173 10.3645  1
177    0
174 12.5295  1
177    0
175 9.59914  1
177    0
176 10.0301  1
177    0
177 0  0
