94
0 5.25758  7
1    4.97853
2    5.33166
3    6.4848
33    3.99174
48    5.61576
50    4.41766
53    4.39477
1 5.85269  8
3    5.95369
8    6.4501
9    4.30816
30    4.169
32    4.11791
39    4.61029
49    5.70338
81    5.75886
2 7.79611  6
3    4.2503
8    4.05657
9    6.10109
30    4.64893
38    4.54154
81    4.87974
3 14.1424  8
4    5.51605
5    4.08687
6    5.41992
7    3.77293
8    4.13704
9    5.99736
20    5.58399
56    5.5838
4 14.8663  4
8    4.39477
31    3.68815
32    5.47678
38    4.84458
5 7.22999  4
8    5.32104
20    6.06108
30    5.63498
32    5.40518
6 12.2939  7
8    5.5838
9    6.13286
20    6.13881
32    4.10427
50    3.51575
56    6.10109
82    5.00902
7 8.82977  3
8    6.42547
9    6.14257
38    4.51498
8 7.51778  3
39    6.15996
48    5.32196
50    3.55493
9 13.2336  10
10    5.6586
11    4.55243
12    3.9402
13    4.94099
14    5.20907
15    6.08452
16    5.94325
17    5.4819
18    3.97536
19    5.0558
10 11.8984  2
20    5.86671
51    4.2503
11 7.53822  1
48    6.45312
12 13.3004  4
20    6.1444
30    4.47525
38    4.82939
39    4.12917
13 12.1166  4
32    5.00105
33    5.10936
52    4.08687
56    6.4501
14 8.25083  5
38    3.81788
39    5.05626
48    4.41244
50    3.50375
52    3.77293
15 5.62716  5
30    4.25533
39    4.31347
49    3.89827
51    5.33166
56    5.99736
16 7.05969  5
20    6.12059
30    4.26147
32    5.91267
33    5.38211
67    6.12059
17 11.7379  1
49    4.80403
18 7.01422  10
21    5.23196
22    6.15923
23    6.18725
24    6.27871
25    3.57727
26    3.75581
27    4.33883
28    6.24273
29    6.4599
30    5.56952
19 11.5893  4
20    4.30871
47    5.20449
51    5.95369
67    5.23196
20 6.52867  6
32    4.23775
38    3.80973
39    3.60273
65    6.1444
67    3.57727
68    6.24273
21 10.0035  4
30    5.68818
39    3.83894
47    5.85829
65    3.97536
22 11.3506  2
65    4.30871
67    5.86671
23 5.74953  5
34    5.75886
35    4.87974
36    5.00902
37    5.43118
47    5.55716
24 7.45918  6
38    4.89421
49    5.45828
50    4.10051
51    4.8704
67    6.15923
81    3.64951
25 13.0422  6
30    5.97008
32    5.52136
39    6.28649
48    4.14684
53    6.42547
80    5.00105
26 11.2737  3
47    4.22109
49    4.62394
68    4.169
27 5.49837  2
30    5.99013
33    3.64951
28 6.63915  1
32    3.72486
29 10.3645  4
32    3.9586
48    5.93602
68    3.75581
80    5.40518
30 12.5295  3
50    3.50009
68    6.4599
80    5.47678
31 9.59914  3
38    3.90458
39    5.58545
48    6.48315
32 10.0301  2
50    5.46451
51    4.97853
33 11.4373  7
40    5.55808
41    4.22411
42    5.86818
43    5.23681
44    6.17507
45    6.23898
46    6.44763
34 6.03244  1
51    6.4848
35 8.38328  2
38    4.82472
56    4.30816
36 6.0596  1
93    0
37 8.47179  1
93    0
38 6.34861  3
39    6.18963
50    3.91859
56    4.13704
39 9.41572  5
48    5.89427
49    4.17367
52    5.41992
56    6.14257
69    4.64893
40 9.43129  4
47    4.12889
49    4.76182
80    4.10427
82    5.43118
41 9.48195  1
93    0
42 9.64736  1
48    4.2449
43 10.1875  2
68    4.33883
81    5.38211
44 11.9515  8
57    5.6586
58    4.55243
59    3.9402
60    4.94099
61    5.20907
62    6.08452
63    5.94325
67    6.18725
45 7.71157  1
81    3.99174
46 13.8665  1
47    6.06951
47 13.9654  2
54    4.05657
55    5.32104
48 14.2883  1
49    4.69865
49 5.34242  4
50    3.68284
52    5.51605
67    6.27871
80    3.9586
50 6.1298  1
93    0
51 8.70098  1
93    0
52 7.09723  1
56    6.13286
53 11.8603  2
80    3.72486
82    3.80973
54 7.41371  1
66    6.13881
55 12.8939  1
64    5.4819
56 10.7894  1
93    0
57 13.9169  7
73    4.26147
74    5.99013
75    5.63498
76    4.47525
77    3.68815
78    4.11791
79    5.52136
58 14.1299  2
65    5.58399
81    4.23775
59 14.8254  3
65    5.0558
68    5.68818
81    5.91267
60 7.09632  1
93    0
61 11.8572  1
93    0
62 7.40364  1
93    0
63 12.861  1
67    6.06108
64 10.6816  1
93    0
65 13.565  1
93    0
66 12.9809  1
93    0
67 11.0732  3
70    4.25533
71    5.97008
72    5.56952
68 14.8437  1
93    0
69 7.15613  1
93    0
70 12.0525  1
93    0
71 8.04147  1
93    0
72 14.9438  1
81    5.10936
73 7.48299  1
93    0
74 13.1201  1
93    0
75 11.5276  10
83    4.51498
84    3.81788
85    4.54154
86    3.90458
87    4.82472
88    4.82939
89    4.84458
90    4.89421
91    5.05626
92    5.58545
76 6.32756  1
93    0
77 9.34675  1
93    0
78 9.20606  1
93    0
79 8.74645  1
93    0
80 7.24555  1
93    0
81 12.3446  1
93    0
82 8.99548  1
93    0
83 8.05887  1
93    0
84 5.00031  1
93    0
85 5.01251  1
93    0
86 5.05249  1
93    0
87 5.18311  1
93    0
88 5.60945  1
93    0
89 7.00171  1
93    0
90 11.5484  1
93    0
91 6.39531  1
93    0
92 9.56801  1
93    0
93 0  0
