48
0 13.8147  5
1    39.0458
2    48.2472
4    48.9421
5    43.1347
18    42.449
1 13.796  3
2    48.2939
5    50.5626
16    42.2109
2 13.7353  3
3    48.4458
16    58.9427
17    64.5312
3 13.5369  3
5    55.8545
16    64.4763
17    56.1576
4 12.889  1
5    61.5996
5 10.7732  4
6    61.8963
7    62.8649
8    36.0273
9    38.3894
6 13.8641  2
16    55.5716
17    41.4684
7 13.9575  1
47    0
8 14.2624  3
10    46.1029
11    41.2917
16    58.5829
9 5.25758  5
12    55.5808
13    42.2411
14    58.6818
15    52.3681
16    41.2889
10 5.85269  1
16    52.0449
11 7.79611  2
16    62.3898
17    64.8315
12 14.1424  1
17    44.1244
13 14.8663  1
40    64.848
14 7.22999  2
16    61.7507
17    53.2196
15 12.2939  2
16    60.6951
40    42.503
16 8.82977  4
19    59.3602
20    54.5828
21    38.9827
22    48.0403
17 7.51778  1
47    0
18 13.2336  1
47    0
19 11.8984  1
47    0
20 7.53822  6
23    47.6182
24    46.2394
25    41.7367
26    57.0338
27    46.9865
28    44.1766
21 13.3004  1
40    59.5369
22 12.1166  1
47    0
23 8.25083  1
47    0
24 5.62716  1
47    0
25 7.05969  7
29    35.0009
30    35.0375
31    35.1575
32    35.5493
33    36.8284
34    41.0051
40    55.1605
26 11.7379  1
47    0
27 7.01422  1
40    40.8687
28 11.5893  1
47    0
29 6.52867  1
47    0
30 10.0035  5
35    54.6451
36    39.1859
37    48.704
38    49.7853
39    53.3166
31 11.3506  1
47    0
32 5.74953  1
40    54.1992
33 7.45918  6
41    43.9477
42    64.2547
43    40.5657
44    53.2104
45    64.501
46    41.3704
34 13.0422  1
47    0
35 11.2737  1
47    0
36 5.49837  1
47    0
37 6.63915  1
47    0
38 10.3645  1
40    37.7293
39 12.5295  1
47    0
40 9.59914  1
47    0
41 10.0301  1
47    0
42 11.4373  1
47    0
43 6.03244  1
47    0
44 8.38328  1
47    0
45 6.0596  1
47    0
46 8.47179  1
47    0
47 0  0
