179
0 6.03244  3
1    9.60805
2    9.52364
55    9.08307
1 8.38328  4
3    9.24787
30    11.3172
40    11.9803
151    8.83532
2 6.0596  2
55    11.1709
154    12.9002
3 8.47179  10
4    8.34733
5    11.4068
6    9.39729
7    8.83532
8    7.00018
9    7.00751
10    7.0315
11    7.10987
12    7.36567
16    10.6633
4 6.34861  3
16    8.5006
37    12.5574
40    8.9505
5 9.41572  6
16    11.9074
31    9.88198
32    8.61742
37    7.15455
58    9.22059
108    11.168
6 9.43129  4
17    8.17374
18    10.8398
19    7.54585
161    8.33799
7 9.48195  10
20    8.78954
21    12.8509
22    8.11313
23    10.6421
24    12.9002
25    8.27409
26    11.1676
27    8.61632
28    12.2851
29    12.2657
8 9.64736  4
16    11.0321
31    9.10486
40    8.52293
56    12.573
9 10.1875  4
31    12.169
32    10.1116
41    8.20853
157    10.9638
10 11.9515  7
13    8.20103
14    10.929
15    7.83718
37    8.67766
41    7.37629
154    8.11313
159    11.7334
11 7.71157  2
37    12.4855
157    11.8865
12 13.8665  5
16    12.9696
37    8.33799
58    8.25834
123    8.20853
126    7.61946
13 13.9654  4
32    11.168
33    12.2776
40    11.9402
112    12.3745
14 14.2883  3
16    9.95706
149    7.79653
153    11.9074
15 5.34242  3
16    9.74081
41    7.9172
123    7.9172
16 6.1298  2
41    8.23582
56    12.3793
17 8.70098  4
31    11.8865
37    11.3764
58    7.67788
153    8.17374
18 7.09723  4
37    12.9198
96    11.9074
149    11.2315
157    12.169
19 11.8603  2
97    11.1676
123    7.44972
20 7.41371  6
32    12.2888
37    12.3745
40    11.139
56    12.3199
97    12.2851
158    12.2412
21 12.8939  6
34    11.7334
35    10.4639
36    12.3185
108    8.61742
124    11.5177
161    11.139
22 10.7894  1
178    0
23 13.9169  3
30    11.9947
31    10.4181
123    8.23582
24 14.1299  3
33    12.2412
55    9.65877
124    7.98349
25 14.8254  2
30    12.2022
55    10.1125
26 7.09632  4
40    11.27
59    8.44823
156    10.4181
160    7.15455
27 11.8572  10
46    7.29902
47    7.98349
48    10.2187
49    11.5177
50    9.75948
51    10.018
52    10.8624
53    7.61946
54    9.02997
126    9.02997
28 7.40364  3
31    7.8804
55    7.63576
152    10.6633
29 12.861  1
32    7.95071
30 10.6816  3
109    12.1222
110    11.7334
111    10.4639
31 13.565  4
32    10.9638
33    12.1222
41    10.9536
124    8.47551
32 12.9809  2
37    7.51161
112    12.3185
33 11.0732  3
41    10.0021
112    7.15455
154    10.6421
34 14.8437  1
55    9.78841
35 7.15613  4
38    9.29786
39    8.51067
41    11.0427
55    8.62694
36 12.0525  2
59    10.4736
161    11.9402
37 8.04147  4
42    7.44972
43    8.47551
44    11.8253
45    10.7642
38 14.9438  3
41    10.8104
97    12.9002
124    10.7642
39 7.48299  1
126    7.63576
40 13.1201  3
59    11.7364
124    10.2187
143    12.8953
41 11.5276  3
97    8.78954
112    8.67766
153    10.8398
42 6.32756  1
178    0
43 9.34675  8
60    12.3501
61    12.478
62    12.8953
63    8.25779
64    11.1143
65    8.44218
66    11.7166
67    10.409
44 9.20606  3
96    10.8398
104    12.169
153    8.5006
45 8.74645  1
55    9.68917
46 7.24555  1
97    12.8509
47 12.3446  2
108    12.2412
123    10.0021
48 8.99548  10
85    9.39729
86    8.83532
87    7.00018
88    7.00751
89    7.0315
90    7.10987
91    7.36567
92    8.20103
93    10.929
96    9.95706
49 8.05887  2
57    7.20545
59    11.1162
50 5.00031  4
55    9.64943
125    10.8624
150    9.24787
155    8.61632
51 5.01251  2
55    7.80917
158    12.2888
52 5.05249  1
178    0
53 5.18311  1
178    0
54 5.60945  1
161    12.9198
55 7.00171  1
178    0
56 11.5484  1
151    7.36567
57 6.39531  3
82    9.24787
83    8.34733
84    11.4068
58 9.56801  2
94    7.83718
95    9.74081
59 9.92843  5
144    12.139
145    11.7885
146    10.6439
147    12.9062
148    8.29368
60 11.1055  2
104    9.88198
143    10.4736
61 14.9493  3
123    11.0427
134    12.3793
161    9.29786
62 7.50099  10
68    12.139
69    11.7885
70    10.6439
71    12.9062
72    8.29368
73    11.2315
74    8.82488
75    12.9663
76    8.48979
108    10.1116
63 13.179  3
97    8.61632
143    8.25779
149    8.82488
64 11.7202  1
178    0
65 6.95624  7
127    9.65877
128    9.68917
129    9.78841
130    10.1125
131    11.1709
132    8.62694
133    12.3199
66 11.3997  1
155    11.1676
67 5.90976  5
105    11.8865
106    10.9638
107    7.95071
159    12.3745
161    8.51067
68 7.98257  2
151    7.0315
160    8.67766
69 14.7516  7
77    11.872
78    10.9166
79    7.79653
80    9.60805
81    9.52364
97    8.11313
108    12.2776
70 6.85522  1
123    7.37629
71 11.0701  1
96    10.6633
72 14.8337  1
97    8.27409
73 7.12348  6
113    8.33799
114    11.3764
115    9.29786
116    8.51067
117    11.9402
118    11.139
74 11.946  2
155    11.3172
158    12.2776
75 7.69387  5
96    12.9696
124    11.8253
126    9.08307
143    10.409
150    8.34733
76 13.8086  1
178    0
77 13.7762  1
151    7.00018
78 13.6703  1
112    12.9198
79 13.3245  1
178    0
80 12.1953  1
159    12.3185
81 8.5081  1
178    0
82 6.46733  1
151    7.10987
83 9.80331  1
97    7.54585
84 10.6969  1
112    12.5574
85 13.6151  1
178    0
86 13.1442  1
151    7.00751
87 11.6063  2
112    12.4855
155    12.2657
88 6.58452  3
96    8.17374
124    10.018
153    11.0321
89 10.186  4
97    10.6421
108    12.2888
149    10.9166
154    8.27409
90 11.9466  1
178    0
91 7.6957  6
96    11.0321
123    10.8104
143    11.7166
151    8.20103
154    8.78954
159    12.1222
92 13.8147  2
96    8.5006
123    10.9536
93 13.796  7
98    12.2657
99    12.2022
100    11.9947
101    11.3172
102    9.10486
103    7.8804
126    9.64943
94 13.7353  1
178    0
95 13.5369  3
104    10.4181
150    11.4068
155    9.10486
96 12.889  1
178    0
97 10.7732  5
119    8.52293
120    11.9803
121    11.27
122    8.9505
155    7.8804
98 13.8641  2
151    9.39729
161    12.4855
99 13.9575  1
178    0
100 14.2624  1
178    0
101 5.25758  1
178    0
102 5.85269  2
124    7.29902
155    9.88198
103 7.79611  1
155    12.2851
104 14.1424  1
150    9.52364
105 14.8663  1
112    7.51161
106 7.22999  2
124    9.75948
149    11.872
107 12.2939  1
178    0
108 8.82977  1
178    0
109 7.51778  1
152    9.74081
110 13.2336  1
178    0
111 11.8984  2
143    8.44218
152    7.83718
112 7.53822  10
135    12.573
136    7.20545
137    7.67788
138    9.22059
139    8.25834
140    11.1162
141    8.44823
142    11.7364
143    11.1143
158    8.61742
113 13.3004  1
178    0
114 12.1166  1
158    11.168
115 8.25083  1
178    0
116 5.62716  1
159    10.4639
117 7.05969  1
152    10.929
118 11.7379  2
149    8.48979
153    7.54585
119 7.01422  1
178    0
120 11.5893  1
178    0
121 6.52867  1
149    12.9663
122 10.0035  1
155    12.2022
123 11.3506  3
143    12.478
149    9.60805
152    9.95706
124 5.74953  1
178    0
125 7.45918  2
126    7.80917
158    10.1116
126 13.0422  1
178    0
127 11.2737  1
152    12.9696
128 5.49837  1
159    12.5574
129 6.63915  1
178    0
130 10.3645  1
178    0
131 12.5295  1
178    0
132 9.59914  1
178    0
133 10.0301  1
178    0
134 11.4373  1
178    0
135 6.03244  1
178    0
136 8.38328  1
178    0
137 6.0596  1
178    0
138 8.47179  1
155    11.9947
139 6.34861  1
143    12.3501
140 9.41572  1
178    0
141 9.43129  1
178    0
142 9.48195  1
178    0
143 9.64736  1
178    0
144 10.1875  1
178    0
145 11.9515  1
161    11.3764
146 7.71157  1
178    0
147 13.8665  1
160    7.51161
148 13.9654  1
178    0
149 14.2883  1
154    12.8509
150 5.34242  1
178    0
151 6.1298  1
178    0
152 8.70098  1
158    7.95071
153 7.09723  1
178    0
154 11.8603  8
162    8.52293
163    11.9803
164    11.27
165    8.9505
166    7.37629
167    8.23582
168    11.0427
169    8.20853
155 7.41371  1
178    0
156 12.8939  8
170    10.9536
171    7.9172
172    10.0021
173    10.8104
174    7.44972
175    8.47551
176    11.8253
177    10.7642
157 10.7894  1
178    0
158 13.9169  1
178    0
159 14.1299  1
178    0
160 14.8254  1
178    0
161 7.09632  1
178    0
162 11.8572  1
178    0
163 7.40364  1
178    0
164 12.861  1
178    0
165 10.6816  1
178    0
166 13.565  1
178    0
167 12.9809  1
178    0
168 11.0732  1
178    0
169 14.8437  1
178    0
170 7.15613  1
178    0
171 12.0525  1
178    0
172 8.04147  1
178    0
173 14.9438  1
178    0
174 7.48299  1
178    0
175 13.1201  1
178    0
176 11.5276  1
178    0
177 6.32756  1
178    0
178 0  0
