62
0 5.01251  1
1    42.6147
1 5.05249  3
2    59.9013
12    54.0518
41    60.6951
2 5.18311  9
3    56.3498
4    44.7525
5    36.8815
6    41.1791
7    55.2136
8    41.0427
9    54.7678
10    39.586
11    50.0105
3 5.60945  1
12    59.1267
4 7.00171  1
12    39.9174
5 11.5484  2
12    51.0936
37    55.5716
6 6.39531  1
61    0
7 9.56801  2
12    42.3775
37    61.7507
8 9.92843  1
12    53.8211
9 11.1055  1
12    37.2486
10 14.9493  1
12    57.5886
11 7.50099  2
12    36.4951
41    58.9427
12 13.179  6
13    48.7974
14    50.0902
15    54.3118
16    38.0973
17    45.1498
41    44.1244
13 11.7202  1
61    0
14 6.95624  1
61    0
15 11.3997  2
37    62.3898
41    56.1576
16 5.90976  8
18    38.1788
19    45.4154
20    39.0458
21    48.2472
22    48.2939
23    48.4458
24    48.9421
25    50.5626
17 7.98257  1
37    52.3681
18 14.7516  1
37    64.4763
19 6.85522  1
41    53.2196
20 11.0701  1
41    41.4684
21 14.8337  9
26    55.8545
27    43.1347
28    61.5996
29    61.8963
30    62.8649
31    36.0273
32    38.3894
33    46.1029
34    41.2917
22 7.12348  1
61    0
23 11.946  1
41    64.8315
24 7.69387  1
61    0
25 13.8086  9
52    44.1766
53    35.0009
54    35.0375
55    35.1575
56    35.5493
57    36.8284
58    41.0051
59    54.6451
60    39.1859
26 13.7762  1
61    0
27 13.6703  3
38    42.2109
39    58.5829
40    52.0449
28 13.3245  2
35    55.5808
36    42.2411
29 12.1953  1
61    0
30 8.5081  1
61    0
31 6.46733  1
41    64.5312
32 9.80331  1
37    41.2889
33 10.6969  2
50    57.0338
51    46.9865
34 13.6151  1
37    58.6818
35 13.1442  8
42    42.449
43    59.3602
44    54.5828
45    38.9827
46    48.0403
47    47.6182
48    46.2394
49    41.7367
36 11.6063  1
61    0
37 6.58452  1
61    0
38 10.186  1
61    0
39 11.9466  1
61    0
40 7.6957  1
61    0
41 13.8147  1
61    0
42 13.796  1
61    0
43 13.7353  1
61    0
44 13.5369  1
61    0
45 12.889  1
61    0
46 10.7732  1
61    0
47 13.8641  1
61    0
48 13.9575  1
61    0
49 14.2624  1
61    0
50 5.25758  1
61    0
51 5.85269  1
61    0
52 7.79611  1
61    0
53 14.1424  1
61    0
54 14.8663  1
61    0
55 7.22999  1
61    0
56 12.2939  1
61    0
57 8.82977  1
61    0
58 7.51778  1
61    0
59 13.2336  1
61    0
60 11.8984  1
61    0
61 0  0
