96
0 10.0301  2
1    1.22776
2    1.21222
1 11.4373  4
2    1.22412
8    1.24855
66    0.848979
83    1.22888
2 6.03244  7
3    1.17334
4    1.04639
5    1.23185
6    1.23745
7    1.25574
8    0.867766
67    0.700751
3 8.38328  1
85    0.715455
4 6.0596  9
9    1.29198
10    0.833799
11    1.13764
12    0.929786
13    0.851067
14    1.19402
15    1.1139
69    0.995706
83    1.18865
5 8.47179  5
8    0.751161
19    0.79172
21    1.18253
69    0.974081
75    1.22022
6 6.34861  1
8    0.715455
7 9.41572  1
67    1.14068
8 9.43129  1
19    0.823582
9 9.48195  4
19    1.09536
21    0.744972
66    1.29663
68    0.710987
10 9.64736  2
19    0.820853
85    1.25574
11 10.1875  2
19    1.10427
20    1.00021
12 11.9515  5
16    0.852293
17    1.19803
18    1.127
67    0.939729
71    1.19074
13 7.71157  4
78    0.910486
79    0.78804
80    0.988198
81    1.04181
14 13.8665  1
21    1.08104
15 13.9654  1
75    1.22851
16 14.2883  1
95    0
17 5.34242  2
19    0.737629
21    0.847551
18 6.1298  2
19    0.89505
69    1.06633
19 8.70098  1
69    1.29696
20 7.09723  7
22    1.07642
23    0.729902
24    0.798349
25    1.02187
26    1.15177
27    0.975948
67    0.834733
21 11.8603  4
28    1.0018
29    1.08624
30    0.761946
83    1.22776
22 7.41371  1
95    0
23 12.8939  1
67    0.883532
24 10.7894  1
95    0
25 13.9169  10
38    0.978841
39    1.01125
40    1.11709
41    0.862694
42    1.23199
43    1.23793
44    1.2573
45    0.720545
46    0.767788
84    1.04639
26 14.1299  1
83    1.09638
27 14.8254  1
69    0.736567
28 7.09632  8
31    0.902997
32    0.763576
33    0.908307
34    0.780917
35    0.964943
36    0.965877
37    0.968917
85    0.851067
29 11.8572  2
67    0.700018
85    0.867766
30 7.40364  3
70    0.85006
71    0.754585
75    1.29002
31 12.861  1
66    1.1872
32 10.6816  1
84    1.23185
33 13.565  3
47    0.922059
67    0.924787
68    0.703149
34 12.9809  2
56    0.825779
57    1.11143
35 11.0732  1
83    1.21222
36 14.8437  1
66    0.882488
37 7.15613  3
72    0.878954
73    1.28509
74    0.811313
38 12.0525  9
48    0.825834
49    1.11162
50    0.844823
51    1.17364
52    1.04736
53    1.23501
54    1.24779
55    1.28953
71    1.10321
39 8.04147  1
95    0
40 14.9438  1
95    0
41 7.48299  1
95    0
42 13.1201  1
95    0
43 11.5276  1
95    0
44 6.32756  1
84    1.23745
45 9.34675  2
76    1.19947
77    1.13172
46 9.20606  1
95    0
47 8.74645  2
75    1.22657
84    1.17334
48 7.24555  1
67    0.960805
49 12.3446  1
71    0.817374
50 8.99548  3
69    1.0929
75    0.827409
83    0.795071
51 8.05887  8
58    0.844218
59    1.17166
60    1.0409
61    1.2139
62    1.17885
63    1.06439
64    1.29062
65    0.829368
52 5.00031  2
75    0.861632
85    1.13764
53 5.01251  1
95    0
54 5.05249  1
95    0
55 5.18311  1
67    0.779653
56 5.60945  1
95    0
57 7.00171  3
66    1.12315
67    0.952364
83    1.1168
58 11.5484  2
69    0.820103
85    0.929786
59 6.39531  1
95    0
60 9.56801  1
71    1.08398
61 9.92843  1
83    1.01116
62 11.1055  9
86    1.19402
87    1.1139
88    0.852293
89    1.19803
90    1.127
91    0.89505
92    0.737629
93    0.823582
94    1.10427
63 14.9493  1
66    1.09166
64 7.50099  1
95    0
65 13.179  1
95    0
66 11.7202  2
69    0.783718
75    1.11676
67 6.95624  1
95    0
68 11.3997  1
85    0.833799
69 5.90976  1
95    0
70 7.98257  1
95    0
71 14.7516  2
82    1.2169
85    0.751161
72 6.85522  1
95    0
73 11.0701  1
75    1.06421
74 14.8337  1
85    1.29198
75 7.12348  1
95    0
76 11.946  1
83    1.22412
77 7.69387  1
95    0
78 13.8086  1
95    0
79 13.7762  1
95    0
80 13.6703  1
85    1.24855
81 13.3245  1
95    0
82 12.1953  1
83    0.861742
83 8.5081  1
95    0
84 6.46733  1
95    0
85 9.80331  1
95    0
86 10.6969  1
95    0
87 13.6151  1
95    0
88 13.1442  1
95    0
89 11.6063  1
95    0
90 6.58452  1
95    0
91 10.186  1
95    0
92 11.9466  1
95    0
93 7.6957  1
95    0
94 13.8147  1
95    0
95 0  0
