102
0 8.47179  8
1    62.4273
2    64.599
3    41.69
4    56.8818
5    46.4893
6    42.5533
27    50.0902
57    53.2104
1 6.34861  4
18    39.586
28    55.8545
30    42.2411
97    50.0105
2 9.41572  1
101    0
3 9.43129  1
30    52.3681
4 9.48195  8
10    59.9013
11    56.3498
12    44.7525
13    36.8815
14    41.1791
15    55.2136
16    41.0427
17    54.7678
5 9.64736  1
29    36.0273
6 10.1875  5
7    59.7008
8    55.6952
9    42.6147
29    61.5996
30    55.5808
7 11.9515  2
27    45.1498
30    61.7507
8 7.71157  3
30    46.1029
41    64.8315
48    49.7853
9 13.8665  9
19    50.0105
20    54.0518
21    37.2486
22    42.3775
23    59.1267
24    53.8211
25    36.4951
26    39.9174
48    41.0051
10 13.9654  1
27    48.7974
11 14.2883  1
58    43.0816
12 5.34242  2
28    48.4458
58    61.0109
13 6.1298  3
28    48.2472
41    64.5312
46    35.0375
14 8.70098  3
28    43.1347
57    64.2547
97    54.0518
15 7.09723  5
37    52.0449
38    60.6951
39    58.9427
40    53.2196
41    59.3602
16 11.8603  3
42    47.6182
43    46.2394
44    41.7367
17 7.41371  3
27    57.5886
29    61.8963
58    55.838
18 12.8939  4
27    38.0973
28    39.0458
46    35.0009
97    42.3775
19 10.7894  4
41    44.1244
48    36.8284
58    59.9736
97    41.0427
20 13.9169  1
27    54.3118
21 14.1299  1
41    41.4684
22 14.8254  2
28    50.5626
58    61.3286
23 7.09632  1
30    58.6818
24 11.8572  4
27    38.1788
28    45.4154
29    62.8649
46    44.1766
25 7.40364  2
28    48.9421
30    38.3894
26 12.861  4
27    51.0936
28    48.2939
41    48.0403
45    57.0338
27 10.6816  2
30    41.2917
41    56.1576
28 13.565  1
101    0
29 12.9809  6
31    62.3898
32    64.4763
33    41.2889
34    55.5716
35    42.2109
36    58.5829
30 11.0732  1
48    35.5493
31 14.8437  2
48    39.1859
57    40.5657
32 7.15613  2
41    54.5828
45    46.9865
33 12.0525  1
41    38.9827
34 8.04147  1
101    0
35 14.9438  1
48    48.704
36 7.48299  1
101    0
37 13.1201  4
78    61.8725
79    62.7871
80    35.7727
90    55.6952
38 11.5276  1
58    61.4257
39 6.32756  1
41    42.449
40 9.34675  5
52    59.5369
53    55.1605
54    40.8687
55    54.1992
58    41.3704
41 9.20606  3
49    53.3166
50    64.848
51    42.503
42 8.74645  1
101    0
43 7.24555  2
57    43.9477
97    54.7678
44 12.3446  1
101    0
45 8.99548  2
48    54.6451
57    64.501
46 8.05887  1
47    35.1575
47 5.00031  1
101    0
48 5.01251  1
56    37.7293
49 5.05249  1
101    0
50 5.18311  1
101    0
51 5.60945  7
71    61.444
72    61.3881
73    61.2059
74    60.6108
75    58.6671
76    52.3196
77    61.5923
52 7.00171  6
59    56.586
60    45.5243
61    39.402
62    49.4099
63    52.0907
64    60.8452
53 11.5484  9
81    37.5581
82    43.3883
83    62.4273
84    64.599
85    41.69
86    56.8818
87    46.4893
88    42.5533
89    59.7008
54 6.39531  1
101    0
55 9.56801  1
70    43.0871
56 9.92843  1
101    0
57 11.1055  1
101    0
58 14.9493  1
101    0
59 7.50099  1
101    0
60 13.179  1
101    0
61 11.7202  1
101    0
62 6.95624  1
90    42.6147
63 11.3997  5
65    59.4325
66    54.819
67    39.7536
68    50.558
69    55.8399
64 5.90976  1
101    0
65 7.98257  1
101    0
66 14.7516  1
101    0
67 6.85522  1
101    0
68 11.0701  1
101    0
69 14.8337  1
101    0
70 7.12348  1
101    0
71 11.946  1
101    0
72 7.69387  1
101    0
73 13.8086  1
101    0
74 13.7762  1
101    0
75 13.6703  1
101    0
76 13.3245  1
101    0
77 12.1953  1
101    0
78 8.5081  1
97    39.586
79 6.46733  1
101    0
80 9.80331  1
101    0
81 10.6969  1
101    0
82 13.6151  1
101    0
83 13.1442  1
101    0
84 11.6063  1
97    37.2486
85 6.58452  1
101    0
86 10.186  3
98    59.1267
99    53.8211
100    36.4951
87 11.9466  1
101    0
88 7.6957  1
101    0
89 13.8147  1
101    0
90 13.796  6
91    59.9013
92    56.3498
93    44.7525
94    36.8815
95    41.1791
96    55.2136
91 13.7353  1
101    0
92 13.5369  1
101    0
93 12.889  1
101    0
94 10.7732  1
101    0
95 13.8641  1
101    0
96 13.9575  1
101    0
97 14.2624  1
101    0
98 5.25758  1
101    0
99 5.85269  1
101    0
100 7.79611  1
101    0
101 0  0
