49
0 13.3245  2
1    10.7642
11    7.63576
1 12.1953  10
2    7.29902
3    7.98349
4    10.2187
5    11.5177
6    9.75948
7    10.018
8    10.8624
9    7.61946
10    9.02997
11    7.80917
2 8.5081  1
11    9.68917
3 6.46733  6
12    8.62694
13    12.3199
14    12.3793
15    12.573
16    7.20545
17    7.67788
4 9.80331  1
11    9.64943
5 10.6969  1
11    9.65877
6 13.6151  2
11    11.1709
22    12.3501
7 13.1442  1
11    10.1125
8 11.6063  1
11    9.08307
9 6.58452  1
11    9.78841
10 10.186  1
36    8.82488
11 11.9466  1
22    11.7364
12 7.6957  1
48    0
13 13.8147  1
48    0
14 13.796  5
37    9.24787
38    8.34733
39    11.4068
40    9.39729
41    8.83532
15 13.7353  5
18    9.22059
19    8.25834
20    11.1162
21    8.44823
36    9.52364
16 13.5369  5
31    11.7885
32    10.6439
33    12.9062
34    8.29368
35    11.2315
17 12.889  1
36    11.872
18 10.7732  8
23    12.478
24    12.8953
25    8.25779
26    11.1143
27    8.44218
28    11.7166
29    10.409
36    10.9166
19 13.8641  1
48    0
20 13.9575  2
22    10.4736
30    12.139
21 14.2624  1
48    0
22 5.25758  1
48    0
23 5.85269  1
48    0
24 7.79611  1
48    0
25 14.1424  1
48    0
26 14.8663  1
48    0
27 7.22999  1
48    0
28 12.2939  6
42    7.00018
43    7.00751
44    7.0315
45    7.10987
46    7.36567
47    8.20103
29 8.82977  1
48    0
30 7.51778  1
36    8.48979
31 13.2336  1
48    0
32 11.8984  1
48    0
33 7.53822  1
36    12.9663
34 13.3004  1
36    9.60805
35 12.1166  1
36    7.79653
36 8.25083  1
48    0
37 5.62716  1
48    0
38 7.05969  1
48    0
39 11.7379  1
48    0
40 7.01422  1
48    0
41 11.5893  1
48    0
42 6.52867  1
48    0
43 10.0035  1
48    0
44 11.3506  1
48    0
45 5.74953  1
48    0
46 7.45918  1
48    0
47 13.0422  1
48    0
48 0  0
