56
0 13.1201  2
1    60.6108
14    46.4893
1 11.5276  5
2    58.6671
3    52.3196
25    51.0936
32    50.5626
51    47.6182
2 6.32756  7
4    61.5923
5    61.8725
6    62.7871
7    35.7727
8    37.5581
9    43.3883
14    55.6952
3 9.34675  6
26    57.5886
27    48.7974
28    50.0902
29    54.3118
30    38.0973
33    61.8963
4 9.20606  1
51    41.7367
5 8.74645  3
25    54.0518
32    48.9421
41    42.2109
6 7.24555  1
14    42.5533
7 12.3446  5
10    62.4273
11    64.599
12    41.69
13    56.8818
14    59.7008
8 8.99548  1
55    0
9 8.05887  1
55    0
10 5.00031  3
37    42.2411
38    58.6818
39    52.3681
11 5.01251  3
15    59.9013
16    56.3498
41    64.4763
12 5.05249  2
14    42.6147
32    48.2472
13 5.18311  1
32    48.4458
14 5.60945  3
17    44.7525
18    36.8815
33    61.5996
15 7.00171  4
25    42.3775
31    45.1498
33    55.8545
41    41.2889
16 11.5484  1
31    38.1788
17 6.39531  2
33    38.3894
41    60.6951
18 9.56801  10
19    41.1791
20    55.2136
21    41.0427
22    54.7678
23    39.586
24    50.0105
25    37.2486
32    48.2939
33    62.8649
41    52.0449
19 9.92843  1
25    53.8211
20 11.1055  1
55    0
21 14.9493  3
34    46.1029
35    41.2917
36    55.5808
22 7.50099  2
25    59.1267
41    55.5716
23 13.179  2
25    39.9174
32    39.0458
24 11.7202  2
25    36.4951
33    36.0273
25 6.95624  1
55    0
26 11.3997  2
31    45.4154
41    58.5829
27 5.90976  2
33    43.1347
51    46.2394
28 7.98257  1
41    58.9427
29 14.7516  8
43    64.5312
44    41.4684
45    56.1576
46    44.1244
47    64.8315
48    42.449
49    59.3602
50    54.5828
30 6.85522  1
55    0
31 11.0701  1
40    62.3898
32 14.8337  1
55    0
33 7.12348  1
55    0
34 11.946  1
40    61.7507
35 7.69387  1
55    0
36 13.8086  1
51    48.0403
37 13.7762  1
55    0
38 13.6703  1
55    0
39 13.3245  1
42    53.2196
40 12.1953  1
55    0
41 8.5081  1
55    0
42 6.46733  3
52    57.0338
53    46.9865
54    44.1766
43 9.80331  1
55    0
44 10.6969  1
51    38.9827
45 13.6151  1
55    0
46 13.1442  1
55    0
47 11.6063  1
55    0
48 6.58452  1
55    0
49 10.186  1
55    0
50 11.9466  1
55    0
51 7.6957  1
55    0
52 13.8147  1
55    0
53 13.796  1
55    0
54 13.7353  1
55    0
55 0  0
