168
0 6.1298  6
1    46.9865
2    44.1766
23    53.2104
30    39.7536
31    52.3196
46    50.0902
1 8.70098  10
3    35.0009
4    35.0375
5    35.1575
6    35.5493
7    36.8284
8    41.0051
9    54.6451
10    39.1859
11    48.704
12    49.7853
2 7.09723  2
32    35.7727
53    61.5996
3 11.8603  3
23    61.4257
30    50.558
46    48.7974
4 7.41371  10
13    53.3166
14    64.848
15    42.503
16    59.5369
17    55.1605
18    40.8687
19    54.1992
20    37.7293
21    43.9477
22    64.2547
5 12.8939  3
23    40.5657
61    41.2889
91    59.9736
6 10.7894  6
23    41.3704
30    52.0907
31    61.8725
32    42.5533
64    64.8315
152    44.1244
7 13.9169  1
32    43.3883
8 14.1299  10
33    59.7008
34    55.6952
35    42.6147
36    59.9013
37    56.3498
38    44.7525
39    36.8815
40    41.1791
101    43.0871
139    48.4458
9 14.8254  2
62    52.0449
64    44.1244
10 7.09632  1
30    55.8399
11 11.8572  3
31    60.6108
46    53.8211
139    61.5996
12 7.40364  3
30    59.4325
64    47.6182
65    57.0338
13 12.861  4
23    55.838
32    41.69
53    55.8545
155    35.0009
14 10.6816  5
23    61.3286
32    46.4893
42    39.586
62    60.6951
140    38.3894
15 13.565  4
30    43.0871
32    37.5581
63    41.4684
65    35.1575
16 12.9809  2
46    36.4951
53    43.1347
17 11.0732  4
31    61.2059
41    55.2136
61    55.5716
62    42.2109
18 14.8437  3
32    62.4273
42    41.0427
152    64.5312
19 7.15613  8
24    61.0109
25    59.9736
26    56.586
27    45.5243
28    39.402
29    49.4099
46    38.0973
139    48.2472
20 12.0525  2
23    43.0816
30    61.444
21 8.04147  1
23    64.501
22 14.9438  4
30    60.8452
46    51.0936
65    44.1766
112    55.6952
23 7.48299  6
70    48.704
71    49.7853
72    53.3166
73    64.848
74    42.503
152    60.6951
24 13.1201  3
31    61.3881
32    56.8818
61    62.3898
25 11.5276  3
31    62.7871
64    38.9827
65    35.0009
26 6.32756  3
53    48.9421
61    64.4763
102    35.7727
27 9.34675  3
30    54.819
53    50.5626
63    64.5312
28 9.20606  1
31    61.5923
29 8.74645  3
46    57.5886
91    45.5243
102    61.8725
30 7.24555  2
31    58.6671
32    64.599
31 12.3446  1
167    0
32 8.99548  1
167    0
33 8.05887  1
53    62.8649
34 5.00031  1
167    0
35 5.01251  2
42    54.7678
53    61.8963
36 5.05249  7
47    45.1498
48    38.1788
49    45.4154
50    39.0458
51    48.2472
52    48.2939
53    38.3894
37 5.18311  1
64    59.3602
38 5.60945  5
57    42.2411
58    58.6818
59    52.3681
60    61.7507
63    58.9427
39 7.00171  3
42    50.0105
46    54.3118
53    48.4458
40 11.5484  2
46    39.9174
153    38.9827
41 6.39531  1
46    59.1267
42 9.56801  3
43    54.0518
44    37.2486
45    42.3775
43 9.92843  2
53    36.0273
101    61.2059
44 11.1055  1
64    48.0403
45 14.9493  5
66    36.8284
67    41.0051
68    54.6451
69    39.1859
139    43.1347
46 7.50099  1
64    46.2394
47 13.179  1
167    0
48 11.7202  1
102    60.6108
49 6.95624  3
102    62.7871
139    48.2939
152    58.9427
50 11.3997  1
64    56.1576
51 5.90976  3
54    46.1029
55    41.2917
56    55.5808
52 7.98257  1
64    42.449
53 14.7516  1
114    56.3498
54 6.85522  2
65    35.0375
155    35.0375
55 11.0701  2
62    58.5829
64    54.5828
56 14.8337  10
123    54.0518
124    37.2486
125    42.3775
126    59.1267
127    53.8211
128    36.4951
129    39.9174
130    51.0936
139    48.9421
155    36.8284
57 7.12348  2
65    41.7367
101    61.3881
58 11.946  1
167    0
59 7.69387  1
152    41.4684
60 13.8086  2
63    53.2196
65    46.9865
61 13.7762  1
167    0
62 13.6703  5
162    55.1605
163    40.8687
164    54.1992
165    37.7293
166    43.9477
63 13.3245  9
92    39.402
93    49.4099
94    52.0907
95    60.8452
96    59.4325
97    54.819
98    39.7536
99    50.558
100    55.8399
64 12.1953  2
65    35.5493
154    57.0338
65 8.5081  1
167    0
66 6.46733  6
135    38.0973
136    45.1498
137    38.1788
138    45.4154
153    42.449
155    39.1859
67 9.80331  1
101    61.444
68 10.6969  1
113    42.6147
69 13.6151  9
103    37.5581
104    43.3883
105    62.4273
106    64.599
107    41.69
108    56.8818
109    46.4893
110    42.5533
111    59.7008
70 13.1442  1
167    0
71 11.6063  9
75    59.5369
76    55.1605
77    40.8687
78    54.1992
79    37.7293
80    43.9477
81    64.2547
82    40.5657
152    53.2196
72 6.58452  1
155    54.6451
73 10.186  1
167    0
74 11.9466  1
91    56.586
75 7.6957  8
83    53.2104
84    64.501
85    41.3704
86    55.838
87    43.0816
88    61.4257
89    61.3286
90    61.0109
76 13.8147  1
167    0
77 13.796  2
102    52.3196
139    50.5626
78 13.7353  1
167    0
79 13.5369  1
167    0
80 12.889  2
140    46.1029
153    59.3602
81 10.7732  1
167    0
82 13.8641  1
154    46.2394
83 13.9575  1
167    0
84 14.2624  1
167    0
85 5.25758  2
139    39.0458
152    64.8315
86 5.85269  1
167    0
87 7.79611  1
167    0
88 14.1424  3
141    55.5808
142    42.2411
155    35.1575
89 14.8663  1
167    0
90 7.22999  1
167    0
91 12.2939  1
167    0
92 8.82977  1
167    0
93 7.51778  1
167    0
94 13.2336  1
140    36.0273
95 11.8984  2
102    61.5923
155    35.5493
96 7.53822  2
114    59.9013
154    46.9865
97 13.3004  1
102    58.6671
98 12.1166  1
167    0
99 8.25083  1
167    0
100 5.62716  1
140    62.8649
101 7.05969  1
167    0
102 11.7379  1
167    0
103 7.01422  1
140    61.8963
104 11.5893  2
139    55.8545
140    41.2917
105 6.52867  1
167    0
106 10.0035  1
154    48.0403
107 11.3506  1
167    0
108 5.74953  8
115    44.7525
116    36.8815
117    41.1791
118    55.2136
119    41.0427
120    54.7678
121    39.586
122    50.0105
109 7.45918  1
167    0
110 13.0422  1
167    0
111 11.2737  1
167    0
112 5.49837  1
167    0
113 6.63915  1
155    41.0051
114 10.3645  1
167    0
115 12.5295  1
167    0
116 9.59914  1
167    0
117 10.0301  1
153    54.5828
118 11.4373  1
167    0
119 6.03244  1
167    0
120 8.38328  1
167    0
121 6.0596  1
167    0
122 8.47179  1
167    0
123 6.34861  1
167    0
124 9.41572  6
156    48.704
157    49.7853
158    53.3166
159    64.848
160    42.503
161    59.5369
125 9.43129  1
167    0
126 9.48195  4
131    57.5886
132    48.7974
133    50.0902
134    54.3118
127 9.64736  1
167    0
128 10.1875  1
167    0
129 11.9515  1
167    0
130 7.71157  1
167    0
131 13.8665  1
167    0
132 13.9654  1
167    0
133 14.2883  1
167    0
134 5.34242  1
154    47.6182
135 6.1298  1
167    0
136 8.70098  1
167    0
137 7.09723  1
167    0
138 11.8603  1
154    44.1766
139 7.41371  1
167    0
140 12.8939  1
167    0
141 10.7894  1
167    0
142 13.9169  9
143    58.6818
144    52.3681
145    61.7507
146    62.3898
147    64.4763
148    41.2889
149    55.5716
150    42.2109
151    58.5829
143 14.1299  1
167    0
144 14.8254  1
167    0
145 7.09632  1
167    0
146 11.8572  1
152    52.0449
147 7.40364  2
152    56.1576
154    41.7367
148 12.861  1
167    0
149 10.6816  1
167    0
150 13.565  1
167    0
151 12.9809  1
167    0
152 11.0732  1
167    0
153 14.8437  1
167    0
154 7.15613  1
167    0
155 12.0525  1
167    0
156 8.04147  1
167    0
157 14.9438  1
167    0
158 7.48299  1
167    0
159 13.1201  1
167    0
160 11.5276  1
167    0
161 6.32756  1
167    0
162 9.34675  1
167    0
163 9.20606  1
167    0
164 8.74645  1
167    0
165 7.24555  1
167    0
166 12.3446  1
167    0
167 0  0
