186
0 5.01251  8
1    0.715455
8    1.127
10    1.10427
21    0.763576
26    0.844823
53    0.910486
141    1.22776
173    0.834733
1 5.05249  9
2    0.751161
3    0.867766
4    1.24855
8    0.929786
21    0.964943
25    0.767788
35    1.09166
36    0.710987
96    0.844218
2 5.18311  5
5    1.29198
6    0.833799
8    1.19402
11    0.744972
36    0.700751
3 5.60945  6
8    0.851067
21    1.08624
89    0.965877
140    1.18865
143    0.929786
172    1.06439
4 7.00171  5
10    1.09536
11    1.00021
21    0.965877
67    1.10427
172    0.844218
5 11.5484  5
7    1.13764
8    1.19803
21    0.761946
42    0.85006
181    1.22022
6 6.39531  5
8    0.852293
10    0.823582
11    0.79172
43    1.08398
145    0.823582
7 9.56801  8
8    1.1139
10    0.820853
25    1.2573
26    1.04736
27    0.844218
46    1.06421
149    1.15177
179    1.10321
8 9.92843  6
9    0.89505
10    0.737629
11    1.08104
35    0.834733
149    0.729902
151    0.965877
9 11.1055  10
12    0.847551
13    1.18253
14    1.07642
15    0.729902
16    0.798349
17    1.02187
18    1.15177
19    0.975948
20    1.0018
25    1.23199
10 14.9493  4
25    0.862694
27    1.0409
97    1.06439
108    0.883532
11 7.50099  7
21    0.902997
25    1.11709
27    1.11143
93    1.2573
97    1.2139
145    1.10427
181    0.910486
12 13.179  5
35    0.952364
97    1.0409
141    1.1168
145    0.737629
180    0.754585
13 11.7202  5
26    1.11162
42    1.19074
65    0.833799
123    1.10321
149    0.847551
14 6.95624  5
25    0.720545
26    0.825834
53    1.2169
65    0.867766
141    1.22888
15 11.3997  6
21    0.908307
26    0.922059
35    0.848979
65    1.25574
179    0.85006
181    1.13172
16 5.90976  2
26    1.24779
36    0.883532
17 7.98257  3
27    0.825779
67    0.823582
183    1.01116
18 14.7516  5
21    0.780917
27    1.2139
36    0.820103
97    1.29062
174    0.883532
19 6.85522  2
36    0.736567
180    1.06421
20 11.0701  1
35    1.14068
21 14.8337  4
22    0.968917
23    0.978841
24    1.01125
25    1.23793
22 7.12348  2
36    0.700018
53    1.18865
23 11.946  4
27    1.17166
57    0.861742
66    1.19803
183    1.22888
24 7.69387  2
26    1.17364
94    0.844823
25 13.8086  5
26    1.23501
27    1.28953
35    0.960805
93    1.23793
95    1.17364
26 13.7762  4
35    1.1872
67    0.820853
150    0.761946
181    0.827409
27 13.6703  10
28    1.17885
29    1.06439
30    1.29062
31    0.829368
32    1.12315
33    0.882488
34    1.29663
53    0.78804
66    0.852293
94    0.767788
28 13.3245  10
37    1.0929
38    0.783718
39    0.974081
40    0.995706
41    1.06633
42    1.29696
43    0.878954
65    0.715455
66    1.19402
142    0.715455
29 12.1953  4
175    0.736567
176    0.820103
177    1.0929
178    0.783718
30 8.5081  2
35    0.924787
173    1.29663
31 6.46733  2
53    1.13172
65    1.29198
32 9.80331  6
36    0.703149
43    0.754585
53    0.988198
57    1.22888
65    1.24855
66    0.929786
33 10.6969  5
35    0.779653
53    1.04181
65    0.751161
95    1.24779
141    1.01116
34 13.6151  3
35    0.939729
42    0.817374
66    1.1139
35 13.1442  2
174    0.939729
181    1.22851
36 11.6063  3
44    1.28509
45    0.811313
179    1.19074
37 6.58452  4
42    1.10321
66    0.851067
93    1.23199
140    0.78804
38 10.186  7
47    1.29002
48    0.827409
49    1.11676
50    0.861632
51    1.22851
52    1.22657
172    1.17166
39 11.9466  1
94    1.11162
40 7.6957  1
180    0.878954
41 13.8147  6
118    0.995706
119    1.06633
120    1.29696
121    0.85006
122    1.19074
182    1.2169
42 13.796  4
53    1.22022
66    0.737629
149    1.08104
151    0.964943
43 13.7353  10
81    1.0018
82    1.08624
83    0.761946
84    0.902997
85    0.763576
86    0.908307
87    0.780917
88    0.964943
150    1.0018
181    0.861632
44 13.5369  1
96    1.17166
45 12.889  1
185    0
46 10.7732  10
68    1.09536
69    0.79172
70    1.00021
71    1.08104
72    0.744972
73    0.847551
74    1.18253
141    0.795071
149    0.744972
179    0.995706
47 13.8641  2
141    0.861742
151    0.780917
48 13.9575  4
57    1.1168
65    1.13764
66    0.89505
182    1.18865
49 14.2624  2
53    1.19947
66    1.127
50 5.25758  4
54    1.09638
55    0.795071
56    1.01116
149    1.18253
51 5.85269  6
75    1.07642
76    0.729902
77    0.798349
78    1.02187
79    1.15177
80    0.975948
52 7.79611  7
58    1.22776
59    1.22412
60    1.21222
61    1.17334
62    1.04639
63    1.23185
64    1.23745
53 14.1424  1
95    0.825779
54 14.8663  1
185    0
55 7.22999  2
172    1.2139
173    0.924787
56 12.2939  1
185    0
57 8.82977  1
149    1.02187
58 7.51778  2
95    1.23501
144    1.19402
59 13.2336  2
140    1.04181
142    1.04639
60 11.8984  1
185    0
61 7.53822  1
185    0
62 13.3004  1
185    0
63 12.1166  1
144    1.19803
64 8.25083  7
124    0.817374
125    1.08398
126    0.754585
127    0.878954
128    1.28509
129    0.811313
130    1.06421
65 5.62716  1
183    0.861742
66 7.05969  1
185    0
67 11.7379  1
143    0.867766
68 7.01422  1
150    1.08624
69 11.5893  2
89    0.968917
149    1.07642
70 6.52867  2
144    0.851067
174    0.703149
71 10.0035  1
185    0
72 11.3506  4
95    1.28953
140    1.2169
142    0.751161
179    0.974081
73 5.74953  1
185    0
74 7.45918  2
173    0.960805
184    1.22776
75 13.0422  1
183    0.795071
76 11.2737  1
143    0.833799
77 5.49837  2
96    1.11143
173    1.1872
78 6.63915  1
185    0
79 10.3645  4
90    1.01125
91    1.11709
92    0.862694
108    1.14068
80 12.5295  1
185    0
81 9.59914  1
185    0
82 10.0301  1
185    0
83 11.4373  1
185    0
84 6.03244  5
89    0.978841
94    0.922059
108    0.939729
151    0.968917
173    1.09166
85 8.38328  1
97    1.17885
86 6.0596  1
94    0.825834
87 8.47179  1
185    0
88 6.34861  1
185    0
89 9.41572  4
95    1.04736
97    0.829368
143    1.24855
173    0.848979
90 9.43129  2
140    0.988198
145    0.89505
91 9.48195  10
109    0.700018
110    0.700751
111    0.703149
112    0.710987
113    0.736567
114    0.820103
115    1.0929
116    0.783718
117    0.974081
173    0.882488
92 9.64736  10
98    1.12315
99    0.882488
100    1.29663
101    0.848979
102    1.1872
103    1.09166
104    0.779653
105    0.960805
106    0.952364
107    0.924787
93 10.1875  1
94    0.720545
94 11.9515  2
174    1.14068
182    1.04181
95 7.71157  2
140    0.910486
141    1.21222
96 13.8665  2
149    1.00021
150    0.975948
97 13.9654  1
185    0
98 14.2883  1
174    0.710987
99 5.34242  1
182    0.988198
100 6.1298  2
144    1.1139
182    0.78804
101 8.70098  1
174    0.700751
102 7.09723  1
185    0
103 11.8603  1
108    0.834733
104 7.41371  1
142    1.23745
105 12.8939  2
143    1.29198
183    1.1168
106 10.7894  1
185    0
107 13.9169  1
185    0
108 14.1299  1
185    0
109 14.8254  1
140    1.09638
110 7.09632  1
185    0
111 11.8572  2
145    1.127
150    0.902997
112 7.40364  1
172    1.0409
113 12.861  1
185    0
114 10.6816  1
185    0
115 13.565  3
144    0.852293
173    0.779653
181    1.11676
116 12.9809  9
131    1.29002
132    0.827409
133    1.11676
134    0.861632
135    1.22851
136    1.22657
137    1.22022
138    1.19947
139    1.13172
117 11.0732  1
149    0.798349
118 14.8437  2
173    0.952364
179    1.29696
119 7.15613  1
185    0
120 12.0525  1
185    0
121 8.04147  1
185    0
122 14.9438  1
174    0.700018
123 7.48299  1
172    1.17885
124 13.1201  1
185    0
125 11.5276  1
141    1.22412
126 6.32756  1
185    0
127 9.34675  1
185    0
128 9.20606  2
150    0.763576
180    0.811313
129 8.74645  3
146    0.820853
147    1.09536
148    0.79172
130 7.24555  2
172    1.12315
179    1.06633
131 12.3446  1
143    1.13764
132 8.99548  1
185    0
133 8.05887  1
185    0
134 5.00031  1
141    1.17334
135 5.01251  1
185    0
136 5.05249  1
142    1.25574
137 5.18311  1
142    1.23185
138 5.60945  1
185    0
139 7.00171  1
185    0
140 11.5484  1
185    0
141 6.39531  1
181    1.19947
142 9.56801  1
183    1.09638
143 9.92843  1
185    0
144 11.1055  1
180    1.28509
145 14.9493  1
185    0
146 7.50099  1
151    0.908307
147 13.179  1
185    0
148 11.7202  10
152    0.978841
153    1.01125
154    1.11709
155    0.862694
156    1.23199
157    1.23793
158    1.2573
159    0.720545
160    0.767788
161    0.922059
149 6.95624  1
185    0
150 11.3997  10
162    0.825834
163    1.11162
164    0.844823
165    1.17364
166    1.04736
167    1.23501
168    1.24779
169    1.28953
170    0.825779
171    1.11143
151 5.90976  1
185    0
152 7.98257  1
185    0
153 14.7516  1
185    0
154 6.85522  1
179    1.08398
155 11.0701  1
185    0
156 14.8337  1
179    0.817374
157 7.12348  1
185    0
158 11.946  1
185    0
159 7.69387  1
185    0
160 13.8086  1
185    0
161 13.7762  1
185    0
162 13.6703  1
172    0.829368
163 13.3245  1
185    0
164 12.1953  1
185    0
165 8.5081  1
185    0
166 6.46733  1
185    0
167 9.80331  1
185    0
168 10.6969  1
185    0
169 13.6151  1
172    1.29062
170 13.1442  1
185    0
171 11.6063  1
181    1.22657
172 6.58452  1
180    1.29002
173 10.186  1
185    0
174 11.9466  1
185    0
175 7.6957  1
185    0
176 13.8147  1
185    0
177 13.796  1
185    0
178 13.7353  1
185    0
179 13.5369  1
185    0
180 12.889  1
185    0
181 10.7732  1
185    0
182 13.8641  1
185    0
183 13.9575  1
185    0
184 14.2624  1
185    0
185 0  0
