65
0 7.41371  10
1    52.0907
2    60.8452
3    59.4325
4    54.819
5    39.7536
6    50.558
7    55.8399
8    43.0871
9    61.444
10    61.3881
1 12.8939  3
13    61.5923
16    44.7525
42    42.2411
2 10.7894  5
11    61.2059
12    60.6108
13    58.6671
15    56.8818
40    55.8545
3 13.9169  2
13    61.8725
15    56.3498
4 14.1299  9
17    36.8815
18    41.1791
19    55.2136
20    41.0427
21    54.7678
22    39.586
23    50.0105
24    54.0518
42    41.2917
5 14.8254  1
13    52.3196
6 7.09632  1
15    42.6147
7 11.8572  4
13    35.7727
14    64.599
15    55.6952
40    43.1347
8 7.40364  1
13    62.4273
9 12.861  2
13    62.7871
15    59.7008
10 10.6816  1
15    46.4893
11 13.565  2
13    37.5581
15    41.69
12 12.9809  1
13    43.3883
13 11.0732  2
15    42.5533
40    48.2939
14 14.8437  1
15    59.9013
15 7.15613  1
64    0
16 12.0525  1
64    0
17 8.04147  1
64    0
18 14.9438  1
42    38.3894
19 7.48299  1
64    0
20 13.1201  4
25    37.2486
26    42.3775
27    59.1267
28    53.8211
21 11.5276  2
40    48.4458
42    61.8963
22 6.32756  1
41    61.5996
23 9.34675  1
64    0
24 9.20606  10
29    36.4951
30    39.9174
31    51.0936
32    57.5886
33    48.7974
34    50.0902
35    54.3118
36    38.0973
37    45.1498
42    62.8649
25 8.74645  9
43    58.6818
44    52.3681
45    61.7507
46    62.3898
47    64.4763
48    41.2889
49    55.5716
50    42.2109
51    58.5829
26 7.24555  3
52    52.0449
53    60.6951
54    58.9427
27 12.3446  1
42    55.5808
28 8.99548  1
64    0
29 8.05887  1
42    36.0273
30 5.00031  2
39    39.0458
40    48.2472
31 5.01251  1
64    0
32 5.05249  1
40    50.5626
33 5.18311  1
64    0
34 5.60945  1
38    38.1788
35 7.00171  1
40    48.9421
36 11.5484  1
39    45.4154
37 6.39531  1
64    0
38 9.56801  1
42    46.1029
39 9.92843  1
64    0
40 11.1055  1
64    0
41 14.9493  1
64    0
42 7.50099  1
64    0
43 13.179  9
55    53.2196
56    64.5312
57    41.4684
58    56.1576
59    44.1244
60    64.8315
61    42.449
62    59.3602
63    54.5828
44 11.7202  1
64    0
45 6.95624  1
64    0
46 11.3997  1
64    0
47 5.90976  1
64    0
48 7.98257  1
64    0
49 14.7516  1
64    0
50 6.85522  1
64    0
51 11.0701  1
64    0
52 14.8337  1
64    0
53 7.12348  1
64    0
54 11.946  1
64    0
55 7.69387  1
64    0
56 13.8086  1
64    0
57 13.7762  1
64    0
58 13.6703  1
64    0
59 13.3245  1
64    0
60 12.1953  1
64    0
61 8.5081  1
64    0
62 6.46733  1
64    0
63 9.80331  1
64    0
64 0  0
