226
0 10.0301  4
1    3.97536
2    5.0558
3    5.58399
11    6.27871
1 11.4373  2
11    4.33883
85    5.32104
2 6.03244  9
4    4.30871
5    6.1444
6    6.13881
7    6.12059
8    6.06108
9    5.86671
10    5.23196
11    6.4599
59    4.76182
3 8.38328  5
11    6.15923
12    4.25533
32    4.84458
85    5.5838
209    5.00105
4 6.0596  1
11    5.68818
5 8.47179  2
11    3.75581
203    5.97008
6 6.34861  3
12    4.26147
32    4.54154
147    5.85829
7 9.41572  5
11    4.169
12    5.97008
31    5.00902
32    4.82939
86    5.99736
8 9.43129  4
11    6.18725
12    5.56952
32    4.89421
33    4.12917
9 9.48195  4
11    6.24273
12    4.64893
31    5.75886
203    4.25533
10 9.64736  3
11    3.57727
31    5.43118
33    6.18963
11 10.1875  1
32    3.81788
12 11.9515  10
13    5.99013
14    5.63498
15    4.47525
16    3.68815
17    4.11791
18    5.52136
19    4.10427
20    5.47678
33    3.83894
126    3.99174
13 7.71157  10
49    6.45312
50    4.14684
51    5.61576
52    4.41244
53    6.48315
54    4.2449
55    5.93602
56    5.45828
57    3.89827
58    4.80403
14 13.8665  1
97    4.30871
15 13.9654  2
33    4.31347
126    5.75886
16 14.2883  2
33    5.05626
163    3.50009
17 5.34242  2
31    4.87974
209    3.9586
18 6.1298  1
33    5.58545
19 8.70098  10
21    3.9586
22    5.00105
23    5.40518
24    3.72486
25    4.23775
26    5.91267
27    5.38211
28    3.64951
29    3.99174
30    5.10936
20 7.09723  1
209    4.23775
21 11.8603  5
204    4.26147
205    5.99013
206    5.63498
207    4.47525
208    3.68815
22 7.41371  1
225    0
23 12.8939  3
33    6.28649
126    5.38211
127    4.54154
24 10.7894  2
39    6.23898
97    5.58399
25 13.9169  2
33    3.60273
85    6.4501
26 14.1299  3
32    3.90458
33    6.15996
97    6.13881
27 14.8254  1
98    6.18725
28 7.09632  1
31    3.80973
29 11.8572  1
32    4.51498
30 7.40364  8
34    5.55808
35    4.22411
36    5.86818
37    5.23681
38    6.17507
86    6.13286
147    5.89427
163    5.46451
31 12.861  1
32    4.82472
32 10.6816  3
33    4.61029
86    6.10109
219    4.82939
33 13.565  10
40    6.44763
41    4.12889
42    5.55716
43    4.22109
44    5.85829
45    5.20449
46    6.06951
47    5.89427
48    5.32196
171    4.39477
34 12.9809  10
60    4.17367
61    5.70338
62    4.69865
63    4.41766
64    3.50009
65    3.50375
66    3.51575
67    3.55493
68    3.68284
69    4.10051
35 11.0732  10
70    5.46451
71    3.91859
72    4.8704
73    4.97853
74    5.33166
75    6.4848
76    4.2503
77    5.95369
78    5.51605
79    4.08687
36 14.8437  1
225    0
37 7.15613  1
225    0
38 12.0525  10
182    5.99736
183    5.6586
184    4.55243
185    3.9402
186    4.94099
187    5.20907
188    6.08452
189    5.94325
190    5.4819
191    3.97536
39 8.04147  1
98    5.86671
40 14.9438  1
225    0
41 7.48299  1
127    4.51498
42 13.1201  1
225    0
43 11.5276  1
98    6.12059
44 6.32756  1
225    0
45 9.34675  1
225    0
46 9.20606  1
225    0
47 8.74645  1
127    3.80973
48 7.24555  3
82    4.39477
83    6.42547
84    4.05657
49 12.3446  1
59    4.62394
50 8.99548  2
127    4.82939
201    6.18725
51 8.05887  6
120    3.9586
121    5.00105
122    5.40518
123    3.72486
124    4.23775
125    5.91267
52 5.00031  10
87    5.6586
88    4.55243
89    3.9402
90    4.94099
91    5.20907
92    6.08452
93    5.94325
94    5.4819
95    3.97536
96    5.0558
53 5.01251  1
163    4.41766
54 5.05249  1
225    0
55 5.18311  1
126    3.64951
56 5.60945  1
225    0
57 7.00171  1
225    0
58 11.5484  1
163    3.68284
59 6.39531  1
203    4.64893
60 9.56801  4
85    4.13704
86    6.14257
163    3.51575
219    5.58545
61 9.92843  3
80    5.41992
81    3.77293
127    3.81788
62 11.1055  1
225    0
63 14.9493  2
86    4.30816
147    5.20449
64 7.50099  3
220    3.60273
221    3.83894
222    4.61029
65 13.179  7
99    6.27871
100    3.57727
101    3.75581
102    4.33883
103    6.24273
104    6.4599
105    4.169
66 11.7202  1
225    0
67 6.95624  1
225    0
68 11.3997  1
219    5.05626
69 5.90976  1
225    0
70 7.98257  3
132    6.15996
133    6.18963
219    4.89421
71 14.7516  7
148    5.32196
149    6.45312
150    4.14684
151    5.61576
152    4.41244
153    6.48315
154    4.2449
72 6.85522  1
225    0
73 11.0701  1
98    6.06108
74 14.8337  1
225    0
75 7.12348  2
163    4.10051
223    5.55808
76 11.946  1
225    0
77 7.69387  1
127    4.82472
78 13.8086  1
97    6.1444
79 13.7762  3
126    5.10936
202    4.33883
209    4.10427
80 13.6703  1
210    5.91267
81 13.3245  8
106    5.68818
107    4.64893
108    4.25533
109    5.97008
110    5.56952
111    4.26147
112    5.99013
113    5.63498
82 12.1953  1
127    3.90458
83 8.5081  1
98    5.23196
84 6.46733  1
225    0
85 9.80331  8
155    5.93602
156    5.45828
157    3.89827
158    4.80403
159    4.76182
160    4.62394
161    4.17367
162    5.70338
86 10.6969  1
211    5.38211
87 13.6151  1
209    4.11791
88 13.1442  9
134    6.28649
135    3.60273
136    3.83894
137    4.61029
138    4.12917
139    5.55808
140    4.22411
141    5.86818
142    5.23681
89 11.6063  1
225    0
90 6.58452  1
225    0
91 10.186  2
163    3.55493
201    6.27871
92 11.9466  1
225    0
93 7.6957  1
163    3.50375
94 13.8147  1
225    0
95 13.796  6
114    4.47525
115    3.68815
116    4.11791
117    5.52136
118    4.10427
119    5.47678
96 13.7353  1
98    6.15923
97 13.5369  1
225    0
98 12.889  1
219    6.18963
99 10.7732  1
225    0
100 13.8641  1
126    5.00902
101 13.9575  1
126    4.87974
102 14.2624  1
225    0
103 5.25758  1
225    0
104 5.85269  4
128    4.89421
129    5.05626
130    5.58545
131    4.31347
105 7.79611  1
225    0
106 14.1424  1
126    5.43118
107 14.8663  1
223    4.22411
108 7.22999  1
171    5.41992
109 12.2939  1
225    0
110 8.82977  1
209    5.52136
111 7.51778  1
225    0
112 13.2336  1
225    0
113 11.8984  1
225    0
114 7.53822  1
171    5.51605
115 13.3004  1
203    5.68818
116 12.1166  1
209    3.72486
117 8.25083  1
225    0
118 5.62716  1
225    0
119 7.05969  1
147    5.55716
120 11.7379  1
225    0
121 7.01422  2
163    4.69865
209    5.40518
122 11.5893  1
225    0
123 6.52867  2
127    4.84458
218    3.90458
124 10.0035  1
225    0
125 11.3506  1
225    0
126 5.74953  3
143    6.17507
144    6.23898
145    6.44763
127 7.45918  1
225    0
128 13.0422  7
172    6.42547
173    4.05657
174    5.32104
175    6.4501
176    4.13704
177    5.5838
178    4.30816
129 11.2737  1
225    0
130 5.49837  1
225    0
131 6.63915  1
146    4.12889
132 10.3645  1
225    0
133 12.5295  1
225    0
134 9.59914  1
225    0
135 10.0301  1
225    0
136 11.4373  1
147    6.06951
137 6.03244  1
225    0
138 8.38328  2
147    4.22109
211    3.64951
139 6.0596  1
203    5.56952
140 8.47179  3
179    6.14257
180    6.13286
181    6.10109
141 6.34861  1
201    3.57727
142 9.41572  1
225    0
143 9.43129  1
202    6.24273
144 9.48195  1
225    0
145 9.64736  1
203    4.169
146 10.1875  1
225    0
147 11.9515  1
225    0
148 7.71157  1
225    0
149 13.8665  1
225    0
150 13.9654  1
225    0
151 14.2883  1
209    5.47678
152 5.34242  1
225    0
153 6.1298  1
201    6.15923
154 8.70098  1
225    0
155 7.09723  1
225    0
156 11.8603  7
164    3.91859
165    4.8704
166    4.97853
167    5.33166
168    6.4848
169    4.2503
170    5.95369
157 7.41371  1
225    0
158 12.8939  1
225    0
159 10.7894  1
225    0
160 13.9169  1
225    0
161 14.1299  6
212    5.10936
213    5.75886
214    4.87974
215    5.00902
216    5.43118
217    4.51498
162 14.8254  1
219    6.15996
163 7.09632  1
225    0
164 11.8572  1
225    0
165 7.40364  1
201    3.75581
166 12.861  1
225    0
167 10.6816  1
171    3.77293
168 13.565  1
171    4.08687
169 12.9809  1
225    0
170 11.0732  1
219    4.84458
171 14.8437  1
225    0
172 7.15613  1
225    0
173 12.0525  2
202    6.4599
218    4.54154
174 8.04147  1
225    0
175 14.9438  1
225    0
176 7.48299  1
225    0
177 13.1201  1
225    0
178 11.5276  1
217    3.80973
179 6.32756  1
225    0
180 9.34675  1
225    0
181 9.20606  1
225    0
182 8.74645  1
225    0
183 7.24555  1
223    4.12917
184 12.3446  1
225    0
185 8.99548  1
225    0
186 8.05887  10
192    5.0558
193    5.58399
194    4.30871
195    6.1444
196    6.13881
197    6.12059
198    6.06108
199    5.86671
200    5.23196
219    6.28649
187 5.00031  1
225    0
188 5.01251  1
225    0
189 5.05249  1
225    0
190 5.18311  1
225    0
191 5.60945  1
225    0
192 7.00171  1
219    4.31347
193 11.5484  1
225    0
194 6.39531  1
225    0
195 9.56801  1
211    3.99174
196 9.92843  1
217    3.81788
197 11.1055  1
225    0
198 14.9493  1
225    0
199 7.50099  1
225    0
200 13.179  1
224    5.23681
201 11.7202  1
225    0
202 6.95624  1
225    0
203 11.3997  1
225    0
204 5.90976  1
225    0
205 7.98257  1
225    0
206 14.7516  1
225    0
207 6.85522  1
224    5.86818
208 11.0701  1
225    0
209 14.8337  1
225    0
210 7.12348  1
225    0
211 11.946  1
225    0
212 7.69387  1
225    0
213 13.8086  1
225    0
214 13.7762  1
225    0
215 13.6703  1
225    0
216 13.3245  1
218    4.82472
217 12.1953  1
225    0
218 8.5081  1
224    6.17507
219 6.46733  1
224    6.23898
220 9.80331  1
225    0
221 10.6969  1
225    0
222 13.6151  1
225    0
223 13.1442  1
225    0
224 11.6063  1
225    0
225 0  0
