114
0 5.01251  10
1    1.17166
2    1.0409
3    1.2139
4    1.17885
5    1.06439
6    1.29062
7    0.829368
8    1.12315
9    1.29663
10    0.960805
1 5.05249  4
9    0.882488
10    0.834733
30    0.910486
32    1.22412
2 5.18311  3
10    0.924787
94    0.85006
98    0.78804
3 5.60945  4
10    0.952364
31    1.09638
42    1.19402
96    1.22022
4 7.00171  2
13    0.883532
22    1.29696
5 11.5484  6
9    0.848979
10    1.09166
22    0.85006
30    0.78804
46    1.10427
95    1.11676
6 6.39531  2
23    1.19074
95    1.22851
7 9.56801  5
11    1.14068
12    0.939729
14    0.700018
29    1.19947
30    0.988198
8 9.92843  7
10    1.1872
44    1.127
45    0.823582
47    1.09536
70    1.11162
94    0.817374
103    1.24855
9 11.1055  3
10    0.779653
14    0.700751
23    0.754585
10 14.9493  8
21    0.974081
22    1.06633
23    1.28509
32    1.22888
42    1.1139
47    1.00021
70    0.922059
93    1.0929
11 7.50099  10
15    0.703149
16    0.710987
17    0.736567
18    0.820103
19    1.0929
20    0.783718
22    0.995706
23    0.878954
29    1.22657
36    1.23185
12 13.179  3
31    1.18865
32    1.1168
42    0.852293
13 11.7202  6
23    1.10321
32    0.861742
42    1.13764
45    0.89505
91    0.952364
102    1.25574
14 6.95624  4
32    1.22776
42    0.929786
47    0.79172
91    0.960805
15 11.3997  1
23    0.817374
16 5.90976  1
94    0.754585
17 7.98257  5
24    1.29002
25    0.827409
26    1.11676
27    0.861632
32    1.01116
18 14.7516  5
23    1.08398
29    1.22022
31    1.2169
47    0.847551
91    0.939729
19 6.85522  1
23    0.811313
20 11.0701  2
23    1.06421
30    1.13172
21 14.8337  1
102    1.22412
22 7.12348  5
36    1.23745
47    1.18253
91    0.924787
94    1.10321
100    1.1168
23 11.946  2
31    0.795071
94    0.878954
24 7.69387  2
43    1.19803
103    1.13764
25 13.8086  1
28    1.22851
26 13.7762  6
37    1.25574
38    0.715455
39    0.751161
40    0.867766
41    1.24855
96    1.19947
27 13.6703  4
33    1.21222
34    1.17334
35    1.04639
91    0.834733
28 13.3245  3
31    1.04181
47    0.729902
102    1.23745
29 12.1953  2
47    1.07642
103    0.867766
30 8.5081  2
70    0.844823
105    1.127
31 6.46733  2
42    0.833799
91    0.700018
32 9.80331  1
45    0.737629
33 10.6969  3
42    1.29198
47    0.744972
95    1.22657
34 13.6151  1
113    0
35 13.1442  2
46    0.820853
47    1.08104
36 11.6063  1
100    0.861742
37 6.58452  1
42    0.851067
38 10.186  1
98    1.2169
39 11.9466  7
55    0.763576
56    0.908307
57    0.780917
58    0.964943
59    0.965877
60    0.968917
61    0.978841
40 7.6957  5
62    1.01125
63    1.11709
64    0.862694
65    1.23199
93    0.703149
41 13.8147  8
48    1.02187
49    1.15177
50    0.975948
51    1.0018
52    1.08624
53    0.761946
54    0.902997
98    0.988198
42 13.796  1
70    1.17364
43 13.7353  2
93    0.710987
98    1.04181
44 13.5369  1
47    0.798349
45 12.889  1
113    0
46 10.7732  1
93    0.820103
47 13.8641  1
113    0
48 13.9575  1
92    0.700751
49 14.2624  2
73    1.28953
94    1.08398
50 5.25758  1
113    0
51 5.85269  1
93    1.06633
52 7.79611  1
73    1.24779
53 14.1424  2
95    0.861632
102    1.04639
54 14.8663  5
66    1.23793
67    1.2573
68    0.720545
69    0.767788
102    1.21222
55 7.22999  1
101    1.22888
56 12.2939  10
81    1.06439
82    1.29062
83    0.829368
84    1.12315
85    0.882488
86    1.29663
87    0.848979
88    1.1872
89    1.09166
90    0.779653
57 8.82977  1
70    0.825834
58 7.51778  1
71    1.04736
59 13.2336  3
72    1.23501
93    0.783718
102    0.751161
60 11.8984  1
95    0.827409
61 7.53822  1
102    1.22776
62 13.3004  1
105    0.852293
63 12.1166  1
113    0
64 8.25083  1
113    0
65 5.62716  1
94    1.19074
66 7.05969  2
99    1.09638
105    1.19402
67 11.7379  1
113    0
68 7.01422  1
113    0
69 11.5893  1
91    0.883532
70 6.52867  2
93    0.736567
105    1.19803
71 10.0035  1
113    0
72 11.3506  1
100    1.01116
73 5.74953  7
74    0.825779
75    1.11143
76    0.844218
77    1.17166
78    1.0409
79    1.2139
80    1.17885
74 7.45918  2
93    0.995706
95    1.29002
75 13.0422  1
94    1.28509
76 11.2737  1
102    1.23185
77 5.49837  1
93    0.974081
78 6.63915  1
104    0.929786
79 10.3645  2
97    0.910486
105    0.851067
80 12.5295  1
113    0
81 9.59914  1
95    1.06421
82 10.0301  1
113    0
83 11.4373  1
113    0
84 6.03244  1
113    0
85 8.38328  1
95    0.811313
86 6.0596  2
91    1.14068
99    0.795071
87 8.47179  1
113    0
88 6.34861  1
94    1.29696
89 9.41572  1
102    1.17334
90 9.43129  1
113    0
91 9.48195  1
113    0
92 9.64736  1
113    0
93 10.1875  1
113    0
94 11.9515  1
96    1.13172
95 7.71157  3
98    1.18865
102    0.715455
105    1.1139
96 13.8665  1
113    0
97 13.9654  1
113    0
98 14.2883  1
113    0
99 5.34242  1
103    0.833799
100 6.1298  1
103    1.29198
101 8.70098  1
113    0
102 7.09723  7
106    0.89505
107    0.737629
108    0.823582
109    1.10427
110    0.820853
111    1.09536
112    0.79172
103 11.8603  1
113    0
104 7.41371  1
113    0
105 12.8939  1
113    0
106 10.7894  1
113    0
107 13.9169  1
113    0
108 14.1299  1
113    0
109 14.8254  1
113    0
110 7.09632  1
113    0
111 11.8572  1
113    0
112 7.40364  1
113    0
113 0  0
