93
0 5.25758  7
1    9.74081
2    9.95706
3    10.6633
4    12.9696
5    8.5006
6    11.9074
7    11.0321
1 5.85269  3
34    8.33799
36    11.8253
43    12.8953
2 7.79611  2
34    12.9198
54    9.52364
3 14.1424  5
18    9.88198
34    8.67766
38    7.80917
54    9.60805
58    9.74081
4 14.8663  5
18    10.4181
34    8.51067
42    7.20545
43    11.7166
56    11.4068
5 7.22999  10
8    8.17374
9    10.8398
10    7.54585
11    8.78954
12    12.8509
13    8.11313
14    10.6421
15    12.9002
16    8.27409
17    11.1676
6 12.2939  3
34    12.4855
35    8.20853
37    10.2187
7 8.82977  4
18    11.3172
37    7.29902
43    8.44218
58    10.6633
8 7.51778  2
18    8.61632
37    11.5177
9 13.2336  3
36    10.9536
37    9.75948
43    11.1143
10 11.8984  4
18    12.2657
35    11.9803
38    9.78841
77    12.2412
11 7.53822  3
18    9.10486
38    9.64943
58    8.5006
12 13.3004  4
18    12.2022
34    7.51161
42    11.7364
56    7.36567
13 12.1166  8
26    12.2888
27    12.2776
28    12.2412
29    12.1222
30    11.7334
31    10.4639
32    12.3185
33    12.3745
14 8.25083  3
18    7.8804
42    8.44823
56    8.20103
15 5.62716  10
19    12.169
20    11.8865
21    10.9638
22    7.95071
23    10.1116
24    11.168
25    8.61742
35    8.9505
36    7.44972
38    7.61946
16 7.05969  4
18    12.2851
34    11.3764
35    11.0427
67    12.2851
17 11.7379  2
18    11.9947
42    12.3793
18 7.01422  1
77    10.1116
19 11.5893  4
35    7.37629
38    9.65877
42    8.25834
43    8.25779
20 6.52867  2
37    10.018
56    9.39729
21 10.0035  4
35    8.52293
36    7.9172
42    12.573
56    7.00751
22 11.3506  1
38    9.68917
23 5.74953  2
43    12.478
54    10.9166
24 7.45918  5
34    12.5574
35    11.9402
36    10.0021
56    8.83532
58    11.0321
25 13.0422  2
34    7.15455
38    7.63576
26 11.2737  2
67    8.61632
77    11.7334
27 5.49837  4
34    9.29786
36    8.47551
38    9.02997
77    12.2776
28 6.63915  1
92    0
29 10.3645  5
35    8.23582
36    10.8104
42    9.22059
55    9.24787
56    7.00018
30 12.5295  1
92    0
31 9.59914  4
35    11.139
37    7.98349
56    7.10987
77    12.1222
32 10.0301  3
37    10.8624
42    7.67788
67    12.2022
33 11.4373  3
35    11.27
38    10.1125
56    7.0315
34 6.03244  4
39    11.1709
40    8.62694
41    12.3199
67    11.1676
35 8.38328  2
36    10.7642
43    12.3501
36 6.0596  2
38    9.08307
67    12.2657
37 8.47179  1
42    11.1162
38 6.34861  1
54    7.79653
39 9.41572  1
92    0
40 9.43129  2
57    7.83718
58    11.9074
41 9.48195  8
59    10.8398
60    7.54585
61    8.78954
62    12.8509
63    8.11313
64    10.6421
65    12.9002
66    8.27409
42 9.64736  2
43    10.4736
77    11.168
43 10.1875  10
44    10.409
45    12.139
46    11.7885
47    10.6439
48    12.9062
49    8.29368
50    11.2315
51    8.82488
52    12.9663
53    8.48979
44 11.9515  1
92    0
45 7.71157  1
56    8.34733
46 13.8665  1
92    0
47 13.9654  1
92    0
48 14.2883  1
92    0
49 5.34242  1
77    10.4639
50 6.1298  3
54    11.872
57    10.929
58    8.17374
51 8.70098  1
92    0
52 7.09723  1
77    8.61742
53 11.8603  1
92    0
54 7.41371  1
92    0
55 12.8939  1
58    9.95706
56 10.7894  1
92    0
57 13.9169  1
58    12.9696
58 14.1299  1
92    0
59 14.8254  1
92    0
60 7.09632  1
92    0
61 11.8572  1
92    0
62 7.40364  1
92    0
63 12.861  1
77    7.95071
64 10.6816  1
92    0
65 13.565  1
77    12.2888
66 12.9809  8
68    11.9947
69    11.3172
70    9.10486
71    7.8804
72    9.88198
73    10.4181
74    12.169
75    11.8865
67 11.0732  6
78    12.3185
79    12.3745
80    12.5574
81    7.15455
82    7.51161
83    8.67766
68 14.8437  1
92    0
69 7.15613  1
92    0
70 12.0525  1
76    10.9638
71 8.04147  1
92    0
72 14.9438  1
92    0
73 7.48299  1
92    0
74 13.1201  1
92    0
75 11.5276  1
92    0
76 6.32756  1
92    0
77 9.34675  1
92    0
78 9.20606  1
92    0
79 8.74645  8
84    12.4855
85    12.9198
86    8.33799
87    11.3764
88    9.29786
89    8.51067
90    11.9402
91    11.139
80 7.24555  1
92    0
81 12.3446  1
92    0
82 8.99548  1
92    0
83 8.05887  1
92    0
84 5.00031  1
92    0
85 5.01251  1
92    0
86 5.05249  1
92    0
87 5.18311  1
92    0
88 5.60945  1
92    0
89 7.00171  1
92    0
90 11.5484  1
92    0
91 6.39531  1
92    0
92 0  0
