60
0 6.85522  10
1    7.98349
2    10.2187
3    11.5177
4    9.75948
5    10.018
6    10.8624
7    7.61946
8    9.02997
9    7.63576
19    8.25779
1 11.0701  5
12    7.20545
13    7.67788
14    9.22059
20    10.409
41    12.2657
2 14.8337  3
9    9.64943
11    12.3793
19    12.8953
3 7.12348  3
9    9.65877
11    12.573
40    8.11313
4 11.946  3
9    7.80917
10    9.78841
40    8.5006
5 7.69387  3
10    10.1125
20    8.44218
31    8.83532
6 13.8086  3
9    9.68917
11    11.1709
40    12.8509
7 13.7762  4
9    9.08307
11    12.3199
19    12.478
41    12.9002
8 13.6703  2
11    8.62694
20    11.7166
9 13.3245  2
18    12.3501
20    12.9062
10 12.1953  1
19    11.1143
11 8.5081  2
18    10.4736
31    7.0315
12 6.46733  5
15    8.25834
16    11.1162
17    8.44823
20    10.6439
41    8.61632
13 9.80331  1
59    0
14 10.6969  2
31    9.39729
40    8.78954
15 13.6151  3
18    11.7364
31    7.00018
41    8.27409
16 13.1442  2
20    12.139
31    7.10987
17 11.6063  2
20    11.7885
31    8.34733
18 6.58452  1
40    11.9074
19 10.186  1
20    8.29368
20 11.9466  5
21    11.2315
22    8.82488
23    12.9663
24    8.48979
31    11.4068
21 7.6957  6
25    11.872
26    10.9166
27    7.79653
28    9.60805
29    9.52364
41    11.1676
22 13.8147  1
40    7.54585
23 13.796  1
59    0
24 13.7353  1
30    9.24787
25 13.5369  1
59    0
26 12.889  1
40    11.0321
27 10.7732  1
31    7.00751
28 13.8641  1
59    0
29 13.9575  1
59    0
30 14.2624  9
32    7.36567
33    8.20103
34    10.929
35    7.83718
36    9.74081
37    9.95706
38    10.6633
39    12.9696
40    8.17374
31 5.25758  1
41    12.2851
32 5.85269  1
59    0
33 7.79611  1
59    0
34 14.1424  1
41    10.6421
35 14.8663  1
40    10.8398
36 7.22999  1
59    0
37 12.2939  1
41    12.2022
38 8.82977  1
59    0
39 7.51778  1
59    0
40 13.2336  9
42    11.9947
43    11.3172
44    9.10486
45    7.8804
46    9.88198
47    10.4181
48    12.169
49    11.8865
50    10.9638
41 11.8984  1
59    0
42 7.53822  1
59    0
43 13.3004  1
59    0
44 12.1166  1
59    0
45 8.25083  1
59    0
46 5.62716  1
59    0
47 7.05969  1
59    0
48 11.7379  1
59    0
49 7.01422  8
51    7.95071
52    10.1116
53    11.168
54    8.61742
55    12.2888
56    12.2776
57    12.2412
58    12.1222
50 11.5893  1
59    0
51 6.52867  1
59    0
52 10.0035  1
59    0
53 11.3506  1
59    0
54 5.74953  1
59    0
55 7.45918  1
59    0
56 13.0422  1
59    0
57 11.2737  1
59    0
58 5.49837  1
59    0
59 0  0
