210
0 7.45918  5
1    11.0321
17    10.1116
42    12.573
43    12.478
136    11.8865
1 13.0422  8
2    8.17374
3    10.8398
4    7.54585
40    10.8624
45    12.9663
48    7.00751
51    12.2851
71    8.67766
2 11.2737  4
17    12.169
38    7.44972
40    10.018
52    9.88198
3 5.49837  3
5    8.78954
36    7.37629
51    12.9002
4 6.63915  6
17    11.8865
37    11.0427
38    7.29902
42    12.3199
47    8.83532
84    7.44972
5 10.3645  10
6    12.8509
7    8.11313
8    10.6421
9    12.9002
10    8.27409
11    11.1676
12    8.61632
13    12.2851
14    12.2657
27    8.67766
6 12.5295  3
49    11.9074
94    9.22059
175    8.44823
7 9.59914  4
15    9.88198
41    9.78841
46    8.48979
50    12.8509
8 10.0301  6
15    7.8804
38    10.0021
42    8.62694
47    11.4068
52    9.10486
157    8.47551
9 11.4373  8
15    9.10486
16    10.4181
17    7.95071
44    10.6439
51    11.9947
84    10.8104
98    11.7885
135    12.2657
10 6.03244  4
15    12.2022
44    8.25779
52    7.8804
84    10.0021
11 8.38328  5
15    11.3172
44    11.1143
49    9.95706
158    7.29902
208    8.61632
12 6.0596  6
15    11.9947
17    8.61742
39    11.5177
41    7.80917
44    12.139
47    9.39729
13 8.47179  5
17    10.9638
45    11.2315
47    8.34733
71    9.29786
94    12.573
14 6.34861  10
18    12.2888
19    12.2776
20    12.2412
21    12.1222
22    11.7334
23    10.4639
24    12.3185
25    12.3745
26    12.5574
38    10.7642
15 9.41572  3
17    11.168
27    12.4855
38    11.8253
16 9.43129  9
33    11.9803
34    11.27
35    8.9505
44    12.9062
46    9.60805
48    8.20103
94    11.1162
157    10.0021
158    10.7642
17 9.48195  5
27    7.15455
38    10.8104
42    12.3793
50    10.6421
93    9.68917
18 9.64736  2
39    7.98349
44    11.7885
19 10.1875  1
175    7.67788
20 11.9515  7
28    9.29786
29    8.51067
30    11.9402
31    11.139
32    8.52293
48    10.929
85    9.75948
21 7.71157  8
27    11.3764
36    8.23582
41    9.02997
44    8.29368
51    11.1676
52    10.4181
93    9.78841
135    12.2851
22 13.8665  8
27    7.51161
38    8.20853
41    10.1125
42    9.22059
45    8.82488
50    8.11313
189    9.60805
200    10.6633
23 13.9654  4
41    11.1709
44    8.44218
85    10.2187
98    12.8953
24 14.2883  4
27    12.9198
38    8.47551
41    9.08307
93    8.62694
25 5.34242  5
27    8.33799
39    10.2187
43    8.25834
49    11.0321
135    8.61632
26 6.1298  3
38    7.9172
49    8.5006
158    11.5177
27 8.70098  4
41    7.63576
50    10.8398
51    8.27409
157    10.8104
28 7.09723  3
43    8.44823
71    8.51067
136    10.4181
29 11.8603  4
38    10.9536
41    9.65877
43    12.8953
50    8.78954
30 7.41371  9
53    12.169
54    11.8865
55    10.9638
56    7.95071
57    10.1116
58    11.168
59    8.61742
60    12.2888
145    12.3745
31 12.8939  4
50    8.17374
98    10.409
145    8.33799
200    9.95706
32 10.7894  5
42    7.20545
48    7.83718
49    10.6633
71    11.3764
93    11.1709
33 13.9169  1
48    7.00018
34 14.1299  2
40    9.75948
41    9.68917
35 14.8254  3
43    11.1162
51    12.2022
71    12.9198
36 7.09632  2
43    12.3501
48    7.36567
37 11.8572  2
46    11.872
85    10.8624
38 7.40364  3
42    7.67788
44    10.409
46    9.24787
39 12.861  3
40    7.61946
46    9.52364
48    9.74081
40 10.6816  4
41    9.64943
43    10.4736
84    8.47551
94    7.67788
41 13.565  2
43    11.7364
52    11.3172
42 12.9809  1
209    0
43 11.0732  5
44    11.7166
48    7.0315
51    12.2657
157    7.44972
158    11.8253
44 14.8437  2
46    10.9166
48    7.10987
45 7.15613  4
46    7.79653
85    7.98349
93    12.3793
135    9.88198
46 12.0525  5
50    7.54585
51    8.61632
94    8.25834
98    12.139
175    8.25834
47 8.04147  1
209    0
48 14.9438  1
49    12.9696
49 7.48299  2
136    12.169
188    8.82488
50 13.1201  10
125    8.17374
126    10.8398
127    7.54585
128    8.78954
129    12.8509
130    8.11313
131    10.6421
132    12.9002
133    8.27409
134    11.1676
51 11.5276  1
188    8.29368
52 6.32756  2
71    8.33799
94    8.44823
53 9.34675  10
72    11.9402
73    11.139
74    8.52293
75    11.9803
76    11.27
77    8.9505
78    7.37629
79    8.23582
80    11.0427
81    8.20853
54 9.20606  1
85    7.29902
55 8.74645  2
106    11.872
145    12.4855
56 7.24555  2
71    12.4855
98    8.25779
57 12.3446  1
209    0
58 8.99548  10
115    8.83532
116    7.00018
117    7.00751
118    7.0315
119    7.10987
120    7.36567
121    8.20103
122    10.929
123    7.83718
135    11.3172
59 8.05887  1
189    10.9166
60 5.00031  10
61    12.2776
62    12.2412
63    12.1222
64    11.7334
65    10.4639
66    12.3185
67    12.3745
68    12.5574
69    7.15455
70    7.51161
61 5.01251  1
145    12.5574
62 5.05249  1
85    10.7642
63 5.18311  1
124    11.9074
64 5.60945  1
85    11.5177
65 7.00171  7
86    7.61946
87    9.02997
88    7.63576
89    9.08307
90    7.80917
91    9.64943
92    9.65877
66 11.5484  1
209    0
67 6.39531  1
85    11.8253
68 9.56801  3
93    12.3199
98    11.1143
124    8.5006
69 9.92843  2
82    10.9536
83    7.9172
70 11.1055  3
85    10.018
135    9.10486
136    10.1116
71 14.9493  1
98    11.7166
72 7.50099  1
209    0
73 13.179  1
158    10.018
74 11.7202  1
209    0
75 6.95624  7
99    10.6439
100    12.9062
101    8.29368
102    11.2315
103    8.82488
104    12.9663
105    8.48979
76 11.3997  2
124    10.6633
208    12.2851
77 5.90976  1
94    7.20545
78 7.98257  1
209    0
79 14.7516  1
209    0
80 6.85522  1
93    10.1125
81 11.0701  1
209    0
82 14.8337  1
98    8.44218
83 7.12348  3
190    11.4068
191    9.39729
201    11.0321
84 11.946  3
95    10.4736
96    12.3501
97    12.478
85 7.69387  1
136    10.9638
86 13.8086  2
147    11.9402
148    11.139
87 13.7762  1
124    9.74081
88 13.6703  2
94    11.7364
136    11.168
89 13.3245  1
188    8.48979
90 12.1953  2
124    12.9696
201    8.17374
91 8.5081  1
209    0
92 6.46733  1
157    10.9536
93 9.80331  1
209    0
94 10.6969  1
209    0
95 13.6151  1
124    11.0321
96 13.1442  9
179    8.25779
180    11.1143
181    8.44218
182    11.7166
183    10.409
184    12.139
185    11.7885
186    10.6439
187    12.9062
97 11.6063  1
209    0
98 6.58452  1
209    0
99 10.186  1
146    8.51067
100 11.9466  1
209    0
101 7.6957  1
200    7.83718
102 13.8147  9
107    10.9166
108    7.79653
109    9.60805
110    9.52364
111    9.24787
112    8.34733
113    11.4068
114    9.39729
158    7.98349
103 13.796  1
209    0
104 13.7353  1
209    0
105 13.5369  1
209    0
106 12.889  5
195    7.0315
196    7.10987
197    7.36567
198    8.20103
199    10.929
107 10.7732  1
209    0
108 13.8641  1
146    11.3764
109 13.9575  1
209    0
110 14.2624  1
209    0
111 5.25758  9
137    8.61742
138    12.2888
139    12.2776
140    12.2412
141    12.1222
142    11.7334
143    10.4639
144    12.3185
188    11.2315
112 5.85269  1
157    7.9172
113 7.79611  1
209    0
114 14.1424  1
136    7.95071
115 14.8663  4
162    7.63576
163    9.08307
164    7.80917
208    12.2657
116 7.22999  1
135    7.8804
117 12.2939  1
209    0
118 8.82977  1
175    7.20545
119 7.51778  1
209    0
120 13.2336  1
209    0
121 11.8984  1
124    9.95706
122 7.53822  1
209    0
123 13.3004  1
145    7.15455
124 12.1166  1
175    9.22059
125 8.25083  1
209    0
126 5.62716  4
135    11.9947
145    7.51161
188    11.872
208    8.27409
127 7.05969  1
209    0
128 11.7379  1
209    0
129 7.01422  1
135    12.2022
130 11.5893  1
209    0
131 6.52867  1
209    0
132 10.0035  1
145    12.9198
133 11.3506  1
209    0
134 5.74953  1
209    0
135 7.45918  1
209    0
136 13.0422  2
145    8.67766
146    9.29786
137 11.2737  1
175    11.7364
138 5.49837  10
165    9.64943
166    9.65877
167    9.68917
168    9.78841
169    10.1125
170    11.1709
171    8.62694
172    12.3199
173    12.3793
174    12.573
139 6.63915  1
209    0
140 10.3645  1
209    0
141 12.5295  3
176    12.3501
177    12.478
178    12.8953
142 9.59914  1
209    0
143 10.0301  1
209    0
144 11.4373  9
149    8.52293
150    11.9803
151    11.27
152    8.9505
153    7.37629
154    8.23582
155    11.0427
156    8.20853
200    9.74081
145 6.03244  1
209    0
146 8.38328  1
209    0
147 6.0596  1
209    0
148 8.47179  1
209    0
149 6.34861  1
209    0
150 9.41572  1
158    9.75948
151 9.43129  1
209    0
152 9.48195  1
209    0
153 9.64736  3
159    10.8624
160    7.61946
161    9.02997
154 10.1875  2
158    10.2187
200    12.9696
155 11.9515  1
209    0
156 7.71157  1
209    0
157 13.8665  1
208    11.9947
158 13.9654  1
189    8.34733
159 14.2883  2
175    11.1162
189    9.52364
160 5.34242  1
209    0
161 6.1298  1
209    0
162 8.70098  1
209    0
163 7.09723  1
209    0
164 11.8603  1
209    0
165 7.41371  1
209    0
166 12.8939  1
200    11.9074
167 10.7894  1
200    8.5006
168 13.9169  1
188    12.9663
169 14.1299  1
209    0
170 14.8254  1
175    10.4736
171 7.09632  2
189    9.24787
208    12.2022
172 11.8572  1
209    0
173 7.40364  3
192    8.83532
193    7.00018
194    7.00751
174 12.861  1
209    0
175 10.6816  1
201    10.8398
176 13.565  1
209    0
177 12.9809  1
209    0
178 11.0732  1
209    0
179 14.8437  1
209    0
180 7.15613  1
209    0
181 12.0525  1
209    0
182 8.04147  1
209    0
183 14.9438  1
209    0
184 7.48299  1
189    7.79653
185 13.1201  1
209    0
186 11.5276  1
209    0
187 6.32756  1
209    0
188 9.34675  1
209    0
189 9.20606  1
209    0
190 8.74645  1
209    0
191 7.24555  1
209    0
192 12.3446  6
202    7.54585
203    8.78954
204    12.8509
205    8.11313
206    10.6421
207    12.9002
193 8.99548  1
208    11.1676
194 8.05887  1
209    0
195 5.00031  1
209    0
196 5.01251  1
209    0
197 5.05249  1
209    0
198 5.18311  1
209    0
199 5.60945  1
209    0
200 7.00171  1
209    0
201 11.5484  1
209    0
202 6.39531  1
209    0
203 9.56801  1
209    0
204 9.92843  1
209    0
205 11.1055  1
209    0
206 14.9493  1
209    0
207 7.50099  1
209    0
208 13.179  1
209    0
209 0  0
