177
0 11.0701  7
1    4.26147
2    5.99013
3    5.63498
4    4.47525
5    3.68815
58    3.51575
81    5.23196
1 14.8337  3
6    5.52136
128    5.93602
134    6.14257
2 7.12348  1
176    0
3 11.946  3
41    6.44763
59    4.8704
60    5.95369
4 7.69387  3
6    4.11791
41    5.23681
83    4.33883
5 13.8086  3
6    4.10427
47    5.61576
57    3.50009
6 13.7762  9
7    5.47678
8    3.9586
9    5.00105
10    5.40518
11    3.72486
12    4.23775
13    5.91267
59    4.97853
130    3.51575
7 13.6703  2
47    5.32196
62    4.05657
8 13.3245  7
33    6.18963
59    5.46451
84    4.25533
101    3.81788
127    4.41244
132    5.33166
134    4.30816
9 12.1953  10
14    5.38211
15    3.64951
16    3.99174
17    5.10936
18    5.75886
19    4.87974
20    5.00902
21    5.43118
22    3.80973
41    6.17507
10 8.5081  10
23    4.51498
24    3.81788
25    4.54154
26    3.90458
27    4.82472
28    4.82939
29    4.84458
30    4.89421
31    5.05626
32    5.58545
11 6.46733  7
42    4.22109
43    5.85829
44    5.20449
45    6.06951
46    5.89427
57    4.69865
59    4.10051
12 9.80331  2
82    6.27871
84    4.64893
13 10.6969  1
176    0
14 13.6151  4
81    6.15923
101    4.54154
127    4.14684
135    5.6586
15 13.1442  10
63    5.5838
64    4.30816
65    6.14257
66    6.13286
67    6.10109
68    5.99736
69    5.6586
70    4.55243
71    3.9402
72    4.94099
16 11.6063  1
121    6.17507
17 6.58452  1
132    4.2503
18 10.186  3
60    4.08687
82    6.18725
131    5.46451
19 11.9466  9
73    5.20907
74    6.08452
75    5.94325
76    5.4819
77    3.97536
78    5.0558
79    5.58399
80    4.30871
130    4.41766
20 7.6957  1
176    0
21 13.8147  1
176    0
22 13.796  10
48    6.48315
49    4.2449
50    5.93602
51    5.45828
52    3.89827
53    4.80403
54    4.76182
55    4.62394
56    4.17367
101    3.80973
23 13.7353  3
41    5.86818
84    4.26147
127    5.85829
24 13.5369  8
34    6.28649
35    3.60273
36    3.83894
37    4.61029
38    4.12917
39    5.55808
40    4.22411
47    6.45312
25 12.889  2
33    4.31347
128    4.2449
26 10.7732  2
41    6.23898
47    4.14684
27 13.8641  2
33    6.15996
83    4.169
28 13.9575  1
41    5.55716
29 14.2624  1
127    5.32196
30 5.25758  5
107    5.05626
108    5.58545
109    4.31347
110    6.15996
111    6.18963
31 5.85269  3
62    6.4501
133    5.41992
135    4.55243
32 7.79611  1
60    5.51605
33 14.1424  1
176    0
34 14.8663  2
59    3.68284
61    3.77293
35 7.22999  3
58    3.55493
62    4.13704
112    6.28649
36 12.2939  2
41    4.12889
116    4.12917
37 8.82977  1
134    6.10109
38 7.51778  1
176    0
39 13.2336  5
117    5.55808
118    4.22411
119    5.86818
120    5.23681
131    4.8704
40 11.8984  1
47    4.41244
41 7.53822  4
82    3.57727
84    5.63498
133    4.08687
136    3.97536
42 13.3004  4
57    4.41766
59    5.33166
62    6.42547
83    6.24273
43 12.1166  1
81    6.06108
44 8.25083  4
90    5.47678
91    3.9586
92    5.00105
132    6.4848
45 5.62716  3
60    4.2503
83    5.68818
136    4.30871
46 7.05969  2
81    6.13881
134    6.13286
47 11.7379  2
59    6.4848
101    4.51498
48 7.01422  4
84    5.99013
113    3.60273
133    6.42547
136    5.94325
49 11.5893  2
130    5.70338
131    4.10051
50 6.52867  3
58    3.50375
84    5.97008
133    3.77293
51 10.0035  3
57    5.70338
127    6.45312
130    3.50009
52 11.3506  5
85    4.47525
86    3.68815
87    4.11791
88    5.52136
89    4.10427
53 5.74953  2
59    3.91859
134    4.13704
54 7.45918  1
176    0
55 13.0422  1
176    0
56 11.2737  3
62    5.32104
84    5.56952
131    4.97853
57 5.49837  1
176    0
58 6.63915  2
61    4.39477
131    3.55493
59 10.3645  1
176    0
60 12.5295  2
61    5.41992
81    6.1444
61 9.59914  1
129    4.17367
62 10.0301  1
176    0
63 11.4373  1
176    0
64 6.03244  1
176    0
65 8.38328  1
176    0
66 6.0596  1
176    0
67 8.47179  2
83    6.4599
127    5.89427
68 6.34861  1
176    0
69 9.41572  1
176    0
70 9.43129  1
132    5.95369
71 9.48195  1
101    4.87974
72 9.64736  1
134    5.5838
73 10.1875  2
81    6.12059
127    5.20449
74 11.9515  10
151    4.169
152    5.68818
153    4.64893
154    4.25533
155    5.97008
156    5.56952
157    4.26147
158    5.99013
159    5.63498
160    4.47525
75 7.71157  3
81    5.86671
134    5.32104
135    5.99736
76 13.8665  1
136    5.4819
77 13.9654  1
134    6.4501
78 14.2883  2
82    3.75581
136    6.08452
79 5.34242  1
176    0
80 6.1298  9
93    5.40518
94    3.72486
95    4.23775
96    5.91267
97    5.38211
98    3.64951
99    3.99174
100    5.10936
101    5.75886
81 8.70098  1
176    0
82 7.09723  1
129    4.62394
83 11.8603  1
176    0
84 7.41371  1
176    0
85 12.8939  1
135    4.94099
86 10.7894  1
101    5.00902
87 13.9169  1
176    0
88 14.1299  1
128    4.80403
89 14.8254  1
176    0
90 7.09632  5
122    6.23898
123    6.44763
124    4.12889
125    5.55716
126    4.22109
91 11.8572  1
135    5.20907
92 7.40364  1
133    4.05657
93 12.861  1
176    0
94 10.6816  5
102    3.90458
103    4.82472
104    4.82939
105    4.84458
106    4.89421
95 13.565  1
176    0
96 12.9809  1
175    5.00902
97 11.0732  1
176    0
98 14.8437  1
135    3.9402
99 7.15613  1
101    5.43118
100 12.0525  1
176    0
101 8.04147  1
176    0
102 14.9438  1
176    0
103 7.48299  4
114    3.83894
115    4.61029
129    4.76182
175    5.75886
104 13.1201  1
176    0
105 11.5276  1
130    4.69865
106 6.32756  1
176    0
107 9.34675  1
176    0
108 9.20606  1
176    0
109 8.74645  1
176    0
110 7.24555  1
131    3.68284
111 12.3446  2
127    6.06951
128    5.45828
112 8.99548  1
132    5.51605
113 8.05887  1
176    0
114 5.00031  1
176    0
115 5.01251  1
176    0
116 5.05249  1
176    0
117 5.18311  1
176    0
118 5.60945  1
131    3.91859
119 7.00171  2
130    3.50375
136    5.58399
120 11.5484  1
133    4.39477
121 6.39531  1
176    0
122 9.56801  1
176    0
123 9.92843  1
128    3.89827
124 11.1055  6
145    6.27871
146    3.57727
147    3.75581
148    4.33883
149    6.24273
150    6.4599
125 14.9493  1
176    0
126 7.50099  2
127    5.61576
128    6.48315
127 13.179  8
161    3.68815
162    4.11791
163    5.52136
164    4.10427
165    5.47678
166    3.9586
167    5.00105
168    5.40518
128 11.7202  1
176    0
129 6.95624  1
176    0
130 11.3997  1
136    5.0558
131 5.90976  1
176    0
132 7.98257  1
176    0
133 14.7516  1
176    0
134 6.85522  8
137    6.1444
138    6.13881
139    6.12059
140    6.06108
141    5.86671
142    5.23196
143    6.15923
144    6.18725
135 11.0701  1
176    0
136 14.8337  1
176    0
137 7.12348  1
176    0
138 11.946  1
176    0
139 7.69387  1
176    0
140 13.8086  1
176    0
141 13.7762  1
176    0
142 13.6703  1
176    0
143 13.3245  1
176    0
144 12.1953  1
176    0
145 8.5081  7
169    3.72486
170    4.23775
171    5.91267
172    5.38211
173    3.64951
174    3.99174
175    5.10936
146 6.46733  1
176    0
147 9.80331  1
176    0
148 10.6969  1
176    0
149 13.6151  1
176    0
150 13.1442  1
176    0
151 11.6063  1
176    0
152 6.58452  1
176    0
153 10.186  1
176    0
154 11.9466  1
176    0
155 7.6957  1
176    0
156 13.8147  1
176    0
157 13.796  1
176    0
158 13.7353  1
176    0
159 13.5369  1
176    0
160 12.889  1
176    0
161 10.7732  1
176    0
162 13.8641  1
176    0
163 13.9575  1
176    0
164 14.2624  1
176    0
165 5.25758  1
176    0
166 5.85269  1
175    4.87974
167 7.79611  1
176    0
168 14.1424  1
176    0
169 14.8663  1
176    0
170 7.22999  1
176    0
171 12.2939  1
176    0
172 8.82977  1
176    0
173 7.51778  1
176    0
174 13.2336  1
176    0
175 11.8984  1
176    0
176 0  0
