190
0 13.3004  5
1    1.17885
30    1.08398
65    1.127
121    1.09638
153    0.902997
1 12.1166  5
2    1.06439
3    1.29062
4    0.829368
65    0.852293
118    0.974081
2 8.25083  2
34    1.22657
121    1.18865
3 5.62716  10
6    0.882488
7    1.29663
8    0.848979
9    1.1872
10    1.09166
11    0.779653
12    0.960805
13    0.952364
14    0.924787
15    0.834733
4 7.05969  2
5    1.12315
118    1.19074
5 11.7379  2
34    1.11676
65    1.1139
6 7.01422  10
36    0.910486
37    0.78804
38    0.988198
39    1.04181
40    1.2169
41    1.18865
42    1.09638
43    0.795071
44    1.01116
45    1.1168
7 11.5893  1
189    0
8 6.52867  1
30    0.878954
9 10.0035  1
30    0.85006
10 11.3506  2
30    0.811313
118    0.995706
11 5.74953  10
16    1.14068
17    0.939729
18    0.883532
19    0.700018
20    0.700751
21    0.703149
22    0.710987
23    0.736567
24    0.820103
25    1.0929
12 7.45918  1
34    1.22022
13 13.0422  2
70    0.744972
120    1.22022
14 11.2737  2
30    1.10321
118    1.29696
15 5.49837  1
189    0
16 6.63915  2
70    1.00021
120    1.04181
17 10.3645  2
30    0.754585
153    0.780917
18 12.5295  5
26    0.783718
27    0.974081
28    0.995706
29    1.06633
119    0.827409
19 9.59914  10
46    0.861742
47    1.22888
48    1.22776
49    1.22412
50    1.21222
51    1.17334
52    1.04639
53    1.23185
54    1.23745
55    1.25574
20 10.0301  1
30    1.28509
21 11.4373  4
31    1.06421
32    1.29002
33    0.827409
85    0.978841
22 6.03244  9
76    1.15177
77    0.975948
78    1.0018
79    1.08624
80    0.761946
81    0.902997
82    0.763576
83    0.908307
86    0.825834
23 8.38328  1
34    0.861632
24 6.0596  3
30    1.19074
65    0.89505
117    1.0929
25 8.47179  1
189    0
26 6.34861  3
30    1.29696
155    0.978841
169    1.23501
27 9.41572  2
34    1.22851
118    0.85006
28 9.43129  2
30    0.817374
120    0.78804
29 9.48195  1
34    1.19947
30 9.64736  1
189    0
31 10.1875  1
35    1.13172
32 11.9515  2
68    1.10427
69    0.820853
33 7.71157  1
189    0
34 13.8665  1
65    1.19803
35 13.9654  1
70    0.79172
36 14.2883  2
85    0.968917
119    1.06421
37 5.34242  3
70    1.09536
120    0.988198
170    1.28953
38 6.1298  1
86    1.2573
39 8.70098  2
119    0.861632
153    0.761946
40 7.09723  1
189    0
41 11.8603  1
189    0
42 7.41371  1
112    0.939729
43 12.8939  7
87    1.04736
88    1.23501
89    1.24779
90    1.28953
91    0.825779
92    1.11143
170    0.825779
44 10.7894  1
189    0
45 13.9169  9
136    0.89505
137    0.737629
138    0.823582
139    1.10427
140    0.820853
141    1.09536
142    0.79172
143    1.00021
144    1.08104
46 14.1299  1
189    0
47 14.8254  1
124    0.867766
48 7.09632  2
121    1.22888
155    1.01125
49 11.8572  1
86    0.720545
50 7.40364  1
56    0.715455
51 12.861  1
124    1.21222
52 10.6816  1
189    0
53 13.565  2
66    0.737629
67    0.823582
54 12.9809  9
57    0.751161
58    0.867766
59    1.24855
60    1.29198
61    0.833799
62    1.13764
63    0.929786
64    0.851067
86    0.844823
55 11.0732  1
189    0
56 14.8437  1
189    0
57 7.15613  1
189    0
58 12.0525  1
189    0
59 8.04147  2
65    1.19402
125    1.24855
60 14.9438  1
124    0.751161
61 7.48299  1
189    0
62 13.1201  1
189    0
63 11.5276  2
71    0.847551
124    1.17334
64 6.32756  1
119    1.28509
65 9.34675  3
71    1.18253
85    0.964943
86    1.17364
66 9.20606  1
117    0.736567
67 8.74645  1
189    0
68 7.24555  3
70    1.08104
84    0.780917
117    0.783718
69 12.3446  1
85    1.11709
70 8.99548  5
72    1.07642
73    0.729902
74    0.798349
75    1.02187
124    1.23185
71 8.05887  2
118    0.817374
119    1.08398
72 5.00031  1
118    1.06633
73 5.01251  1
189    0
74 5.05249  1
86    1.23793
75 5.18311  1
189    0
76 5.60945  2
85    0.965877
120    1.22657
77 7.00171  1
189    0
78 11.5484  1
121    0.861742
79 6.39531  4
113    0.700018
114    0.700751
115    0.703149
116    0.710987
80 9.56801  1
85    1.01125
81 9.92843  1
120    0.910486
82 11.1055  3
86    1.23199
119    0.811313
121    1.1168
83 14.9493  4
85    0.862694
86    1.11162
121    1.2169
124    1.04639
84 7.50099  1
86    0.922059
85 13.179  1
86    0.767788
86 11.7202  3
109    0.952364
110    0.924787
111    0.834733
87 6.95624  2
112    0.883532
124    1.25574
88 11.3997  7
93    0.844218
94    1.17166
95    1.0409
96    1.2139
97    1.17885
98    1.06439
120    1.19947
89 5.90976  1
119    1.29002
90 7.98257  10
99    1.29062
100    0.829368
101    1.12315
102    0.882488
103    1.29663
104    0.848979
105    1.1872
106    1.09166
107    0.779653
108    0.960805
91 14.7516  1
189    0
92 6.85522  2
118    1.10321
119    0.878954
93 11.0701  1
189    0
94 14.8337  1
121    0.795071
95 7.12348  1
189    0
96 11.946  1
153    0.908307
97 7.69387  1
189    0
98 13.8086  10
126    1.29198
127    0.833799
128    1.13764
129    0.929786
130    0.851067
131    1.19402
132    1.1139
133    0.852293
134    1.19803
135    1.127
99 13.7762  1
189    0
100 13.6703  1
189    0
101 13.3245  1
189    0
102 12.1953  2
120    1.22851
170    1.24779
103 8.5081  1
189    0
104 6.46733  1
189    0
105 9.80331  5
171    0.844218
172    1.17166
173    1.0409
174    1.2139
175    1.17885
106 10.6969  1
119    1.11676
107 13.6151  2
112    1.14068
121    1.01116
108 13.1442  1
124    1.23745
109 11.6063  1
124    0.715455
110 6.58452  2
120    1.13172
145    1.18253
111 10.186  2
122    1.22776
123    1.22412
112 11.9466  1
189    0
113 7.6957  1
189    0
114 13.8147  1
189    0
115 13.796  1
189    0
116 13.7353  1
117    0.820103
117 13.5369  1
189    0
118 12.889  1
119    0.754585
119 10.7732  1
189    0
120 13.8641  1
189    0
121 13.9575  1
189    0
122 14.2624  1
189    0
123 5.25758  7
146    1.07642
147    0.729902
148    0.798349
149    1.02187
150    1.15177
151    0.975948
152    1.0018
124 5.85269  1
189    0
125 7.79611  1
189    0
126 14.1424  1
189    0
127 14.8663  1
189    0
128 7.22999  1
145    0.744972
129 12.2939  1
189    0
130 8.82977  1
189    0
131 7.51778  1
145    0.847551
132 13.2336  1
189    0
133 11.8984  4
185    0.779653
186    0.960805
187    0.952364
188    0.924787
134 7.53822  1
189    0
135 13.3004  8
177    1.29062
178    0.829368
179    1.12315
180    0.882488
181    1.29663
182    0.848979
183    1.1872
184    1.09166
136 12.1166  1
189    0
137 8.25083  1
154    0.968917
138 5.62716  1
189    0
139 7.05969  1
189    0
140 11.7379  1
189    0
141 7.01422  1
153    0.965877
142 11.5893  1
189    0
143 6.52867  1
189    0
144 10.0035  1
153    0.763576
145 11.3506  5
156    1.11709
157    0.862694
158    1.23199
159    1.23793
160    1.2573
146 5.74953  1
176    1.06439
147 7.45918  1
189    0
148 13.0422  1
153    1.08624
149 11.2737  1
189    0
150 5.49837  1
189    0
151 6.63915  2
153    0.964943
170    1.11143
152 10.3645  8
161    0.720545
162    0.767788
163    0.922059
164    0.825834
165    1.11162
166    0.844823
167    1.17364
168    1.04736
153 12.5295  1
189    0
154 9.59914  1
189    0
155 10.0301  1
189    0
156 11.4373  1
189    0
157 6.03244  1
189    0
158 8.38328  1
189    0
159 6.0596  1
189    0
160 8.47179  1
189    0
161 6.34861  1
189    0
162 9.41572  1
189    0
163 9.43129  1
189    0
164 9.48195  1
189    0
165 9.64736  1
189    0
166 10.1875  1
189    0
167 11.9515  1
189    0
168 7.71157  1
189    0
169 13.8665  1
189    0
170 13.9654  1
189    0
171 14.2883  1
189    0
172 5.34242  1
189    0
173 6.1298  1
189    0
174 8.70098  1
189    0
175 7.09723  1
189    0
176 11.8603  1
189    0
177 7.41371  1
189    0
178 12.8939  1
189    0
179 10.7894  1
189    0
180 13.9169  1
189    0
181 14.1299  1
189    0
182 14.8254  1
189    0
183 7.09632  1
189    0
184 11.8572  1
189    0
185 7.40364  1
189    0
186 12.861  1
189    0
187 10.6816  1
189    0
188 13.565  1
189    0
189 0  0
