51
0 13.3245  3
1    7.98349
2    10.2187
20    8.25834
1 12.1953  1
22    10.409
2 8.5081  8
3    11.5177
4    9.75948
5    10.018
6    10.8624
7    7.61946
8    9.02997
9    7.63576
10    9.08307
3 6.46733  1
20    12.3501
4 9.80331  3
11    7.80917
20    11.1162
22    12.8953
5 10.6969  2
31    10.9166
32    9.52364
6 13.6151  1
22    8.44218
7 13.1442  1
20    7.20545
8 11.6063  3
11    9.64943
20    7.67788
33    8.83532
9 6.58452  1
20    11.7364
10 10.186  1
22    11.1143
11 11.9466  9
12    9.65877
13    9.68917
14    9.78841
15    10.1125
16    11.1709
17    8.62694
18    12.3199
19    12.3793
20    12.573
12 7.6957  1
22    11.7885
13 13.8147  8
23    10.6439
24    12.9062
25    8.29368
26    11.2315
27    8.82488
28    12.9663
29    8.48979
30    11.872
14 13.796  1
22    12.139
15 13.7353  1
22    8.25779
16 13.5369  2
20    9.22059
33    8.34733
17 12.889  1
22    11.7166
18 10.7732  2
20    10.4736
32    7.79653
19 13.8641  1
20    8.44823
20 13.9575  1
21    12.478
21 14.2624  1
50    0
22 5.25758  1
50    0
23 5.85269  1
50    0
24 7.79611  1
50    0
25 14.1424  1
50    0
26 14.8663  2
32    9.24787
33    9.39729
27 7.22999  1
32    9.60805
28 12.2939  9
34    7.00018
35    7.00751
36    7.0315
37    7.10987
38    7.36567
39    8.20103
40    10.929
41    7.83718
42    9.74081
29 8.82977  1
50    0
30 7.51778  3
47    11.9074
48    11.0321
49    8.17374
31 13.2336  1
50    0
32 11.8984  1
33    11.4068
33 7.53822  1
50    0
34 13.3004  1
50    0
35 12.1166  1
50    0
36 8.25083  4
43    9.95706
44    10.6633
45    12.9696
46    8.5006
37 5.62716  1
50    0
38 7.05969  1
50    0
39 11.7379  1
50    0
40 7.01422  1
50    0
41 11.5893  1
50    0
42 6.52867  1
50    0
43 10.0035  1
50    0
44 11.3506  1
50    0
45 5.74953  1
50    0
46 7.45918  1
50    0
47 13.0422  1
50    0
48 11.2737  1
50    0
49 5.49837  1
50    0
50 0  0
