226
0 5.34242  6
1    6.4599
2    4.169
3    5.68818
4    4.64893
5    4.25533
6    5.97008
1 6.1298  6
7    5.56952
8    4.26147
9    5.99013
10    5.63498
11    4.47525
12    3.68815
2 8.70098  2
22    3.64951
93    4.30816
3 7.09723  1
225    0
4 11.8603  6
17    3.9586
18    5.00105
19    5.40518
20    3.72486
81    4.8704
113    3.68815
5 7.41371  4
23    4.87974
24    5.00902
192    6.1444
193    5.86671
6 12.8939  8
25    5.43118
26    3.80973
27    4.51498
28    3.81788
29    4.54154
30    3.90458
31    4.82472
32    4.82939
7 10.7894  2
94    3.97536
184    4.08687
8 13.9169  7
39    6.18963
40    6.28649
41    3.60273
42    3.83894
43    4.61029
44    4.12917
196    4.25533
9 14.1299  1
22    5.75886
10 14.8254  3
22    5.91267
93    5.5838
113    4.26147
11 7.09632  1
80    5.46451
12 11.8572  6
13    4.11791
14    5.52136
15    4.10427
16    5.47678
22    5.10936
209    6.28649
13 7.40364  1
225    0
14 12.861  5
82    4.2503
83    5.95369
84    5.51605
85    4.08687
86    5.41992
15 10.6816  1
225    0
16 13.565  1
225    0
17 12.9809  2
22    3.99174
193    6.15923
18 11.0732  2
21    4.23775
94    5.58399
19 14.8437  1
22    5.38211
20 7.15613  1
183    4.97853
21 12.0525  10
63    4.2449
64    5.93602
65    5.45828
66    3.89827
67    4.80403
68    4.76182
69    4.62394
70    4.17367
71    5.70338
72    4.69865
22 8.04147  3
93    3.9402
95    6.12059
201    5.40518
23 14.9438  7
33    4.84458
34    4.89421
35    5.05626
36    5.58545
37    4.31347
38    6.15996
189    4.55243
24 7.48299  1
154    5.55716
25 13.1201  1
225    0
26 11.5276  1
94    4.30871
27 6.32756  2
94    6.08452
193    6.06108
28 9.34675  3
78    3.68284
79    4.10051
81    3.91859
29 9.20606  3
93    6.13286
201    3.72486
208    6.15996
30 8.74645  10
174    5.70338
175    4.69865
176    4.41766
177    3.50009
178    3.50375
179    3.51575
180    3.55493
181    3.68284
182    4.10051
202    5.43118
31 7.24555  2
62    4.41244
184    6.42547
32 12.3446  1
208    4.31347
33 8.99548  1
113    5.52136
34 8.05887  10
52    4.12889
53    5.55716
54    4.22109
55    5.85829
56    5.20449
57    6.06951
58    5.89427
59    5.32196
60    6.45312
61    4.14684
35 5.00031  1
113    4.47525
36 5.01251  6
88    6.42547
89    4.05657
90    5.32104
91    6.4501
92    4.13704
183    4.8704
37 5.05249  4
87    4.39477
193    3.75581
208    5.05626
209    4.12917
38 5.18311  1
225    0
39 5.60945  9
45    5.55808
46    4.22411
47    5.86818
48    5.23681
49    6.17507
50    6.23898
51    6.44763
81    5.33166
87    3.77293
40 7.00171  1
93    4.94099
41 11.5484  1
189    6.14257
42 6.39531  2
73    4.41766
93    6.14257
43 9.56801  1
225    0
44 9.92843  1
189    6.10109
45 11.1055  4
81    6.4848
94    5.0558
185    4.05657
192    5.58399
46 14.9493  1
184    5.41992
47 7.50099  1
125    5.75886
48 13.179  1
225    0
49 11.7202  10
98    5.23196
99    6.15923
100    6.18725
101    6.27871
102    3.57727
103    3.75581
104    4.33883
105    6.24273
106    6.4599
107    4.169
50 6.95624  1
81    4.97853
51 11.3997  8
145    3.83894
146    4.61029
147    4.12917
148    5.55808
149    4.22411
150    5.86818
151    5.23681
152    6.17507
52 5.90976  4
74    3.50009
75    3.50375
76    3.51575
77    3.55493
53 7.98257  1
225    0
54 14.7516  1
201    5.91267
55 6.85522  1
225    0
56 11.0701  1
225    0
57 14.8337  1
62    6.48315
58 7.12348  1
94    6.1444
59 11.946  1
62    5.61576
60 7.69387  1
225    0
61 13.8086  4
141    6.15996
142    6.18963
143    6.28649
144    3.60273
62 13.7762  1
225    0
63 13.6703  5
155    4.22109
156    5.85829
157    5.20449
158    6.06951
159    5.89427
64 13.3245  1
113    5.63498
65 12.1953  3
94    5.20907
184    3.77293
193    6.13881
66 8.5081  1
225    0
67 6.46733  1
93    5.6586
68 9.80331  1
125    5.10936
69 10.6969  1
225    0
70 13.6151  1
94    5.4819
71 13.1442  3
190    6.08452
191    5.94325
201    4.23775
72 11.6063  2
94    5.94325
202    5.38211
73 6.58452  1
225    0
74 10.186  5
169    3.89827
170    4.80403
171    4.76182
172    4.62394
173    4.17367
75 11.9466  3
186    6.4501
187    4.13704
188    5.5838
76 7.6957  1
225    0
77 13.8147  3
160    5.32196
161    6.45312
162    4.14684
78 13.796  1
225    0
79 13.7353  3
164    4.41244
165    6.48315
166    4.2449
80 13.5369  2
94    6.13881
189    6.13286
81 12.889  1
93    4.55243
82 10.7732  1
225    0
83 13.8641  1
225    0
84 13.9575  7
218    5.55716
219    4.22109
220    5.85829
221    5.20449
222    6.06951
223    5.89427
224    5.32196
85 14.2624  1
225    0
86 5.25758  1
225    0
87 5.85269  1
113    5.99013
88 7.79611  1
225    0
89 14.1424  7
114    4.10427
115    5.47678
116    3.9586
117    5.00105
118    5.40518
119    3.72486
184    4.39477
90 14.8663  1
93    5.99736
91 7.22999  1
93    6.10109
92 12.2939  2
96    6.06108
97    5.86671
93 8.82977  3
126    4.87974
127    5.00902
128    5.43118
94 7.51778  1
201    4.10427
95 13.2336  9
129    3.80973
130    4.51498
131    3.81788
132    4.54154
133    3.90458
134    4.82472
135    4.82939
189    3.9402
193    5.23196
96 11.8984  1
225    0
97 7.53822  1
202    5.00902
98 13.3004  1
154    6.44763
99 12.1166  1
225    0
100 8.25083  1
225    0
101 5.62716  1
225    0
102 7.05969  1
225    0
103 11.7379  5
120    4.23775
121    5.91267
122    5.38211
123    3.64951
124    3.99174
104 7.01422  2
192    5.0558
202    4.51498
105 11.5893  7
108    5.68818
109    4.64893
110    4.25533
111    5.97008
112    5.56952
189    4.94099
192    4.30871
106 6.52867  1
113    4.11791
107 10.0035  2
193    6.18725
209    3.60273
108 11.3506  1
225    0
109 5.74953  3
194    4.33883
195    6.24273
197    5.99013
110 7.45918  1
183    5.33166
111 13.0422  3
192    3.97536
208    4.89421
209    4.61029
112 11.2737  5
136    4.84458
137    4.89421
138    5.05626
139    5.58545
140    4.31347
113 5.49837  1
196    5.97008
114 6.63915  1
193    6.12059
115 10.3645  1
225    0
116 12.5295  4
210    5.55808
211    4.22411
212    5.86818
213    5.23681
117 9.59914  1
198    4.47525
118 10.0301  1
225    0
119 11.4373  1
225    0
120 6.03244  1
225    0
121 8.38328  1
225    0
122 6.0596  1
225    0
123 8.47179  1
193    3.57727
124 6.34861  1
225    0
125 9.41572  1
184    6.4848
126 9.43129  1
184    4.2503
127 9.48195  1
189    5.99736
128 9.64736  1
225    0
129 10.1875  1
209    3.83894
130 11.9515  1
225    0
131 7.71157  1
225    0
132 13.8665  1
207    4.84458
133 13.9654  1
225    0
134 14.2883  1
193    6.27871
135 5.34242  2
183    3.91859
201    5.00105
136 6.1298  3
154    4.12889
197    5.56952
214    6.17507
137 8.70098  1
225    0
138 7.09723  1
201    5.47678
139 11.8603  1
196    6.4599
140 7.41371  1
184    5.51605
141 12.8939  3
163    5.61576
185    5.32104
197    4.26147
142 10.7894  1
202    3.80973
143 13.9169  2
153    6.23898
206    4.82939
144 14.1299  1
183    5.46451
145 14.8254  1
225    0
146 7.09632  2
201    3.9586
202    3.99174
147 11.8572  1
225    0
148 7.40364  1
225    0
149 12.861  1
189    4.30816
150 10.6816  1
197    5.63498
151 13.565  1
225    0
152 12.9809  1
184    5.95369
153 11.0732  1
196    5.68818
154 14.8437  1
225    0
155 7.15613  1
208    6.18963
156 12.0525  1
225    0
157 8.04147  1
225    0
158 14.9438  1
189    5.20907
159 7.48299  1
225    0
160 13.1201  1
189    5.6586
161 11.5276  1
225    0
162 6.32756  2
167    5.93602
168    5.45828
163 9.34675  1
225    0
164 9.20606  1
225    0
165 8.74645  1
225    0
166 7.24555  1
225    0
167 12.3446  1
225    0
168 8.99548  1
208    5.58545
169 8.05887  1
225    0
170 5.00031  1
225    0
171 5.01251  1
206    4.82472
172 5.05249  1
225    0
173 5.18311  2
199    4.11791
200    5.52136
174 5.60945  1
225    0
175 7.00171  1
225    0
176 11.5484  1
202    5.10936
177 6.39531  1
225    0
178 9.56801  1
198    3.68815
179 9.92843  1
196    4.169
180 11.1055  1
202    3.64951
181 14.9493  1
225    0
182 7.50099  1
196    4.64893
183 13.179  1
225    0
184 11.7202  1
225    0
185 6.95624  1
192    5.4819
186 11.3997  1
205    3.90458
187 5.90976  1
225    0
188 7.98257  1
225    0
189 14.7516  1
225    0
190 6.85522  1
225    0
191 11.0701  1
225    0
192 14.8337  1
225    0
193 7.12348  1
202    4.87974
194 11.946  1
225    0
195 7.69387  1
225    0
196 13.8086  1
225    0
197 13.7762  1
225    0
198 13.6703  2
203    3.81788
204    4.54154
199 13.3245  1
225    0
200 12.1953  1
225    0
201 8.5081  1
202    5.75886
202 6.46733  1
225    0
203 9.80331  1
225    0
204 10.6969  1
225    0
205 13.6151  1
225    0
206 13.1442  1
225    0
207 11.6063  3
215    6.23898
216    6.44763
217    4.12889
208 6.58452  1
225    0
209 10.186  1
225    0
210 11.9466  1
225    0
211 7.6957  1
225    0
212 13.8147  1
225    0
213 13.796  1
225    0
214 13.7353  1
225    0
215 13.5369  1
225    0
216 12.889  1
225    0
217 10.7732  1
225    0
218 13.8641  1
225    0
219 13.9575  1
225    0
220 14.2624  1
225    0
221 5.25758  1
225    0
222 5.85269  1
225    0
223 7.79611  1
225    0
224 14.1424  1
225    0
225 0  0
