225
0 7.98257  10
1    1.04736
2    1.23501
3    1.24779
4    1.28953
5    0.825779
6    1.11143
7    0.844218
8    1.17166
20    0.960805
22    0.700018
1 14.7516  1
224    0
2 6.85522  1
22    0.939729
3 11.0701  6
9    1.0409
10    1.2139
11    1.17885
12    1.06439
22    1.14068
168    0.798349
4 14.8337  1
39    1.29002
5 7.12348  3
20    0.779653
73    1.08104
164    0.823582
6 11.946  1
22    0.883532
7 7.69387  1
142    1.04181
8 13.8086  3
161    1.127
162    0.89505
163    0.737629
9 13.7762  3
21    0.834733
22    0.820103
48    0.910486
10 13.6703  5
20    0.924787
22    0.703149
48    0.988198
69    1.19803
121    0.883532
11 13.3245  7
13    1.29062
14    0.829368
15    1.12315
16    0.882488
17    1.29663
18    0.848979
19    1.1872
12 12.1953  1
159    0.867766
13 8.5081  3
20    0.952364
69    1.19402
140    1.22851
14 6.46733  2
140    0.861632
207    1.12315
15 9.80331  1
22    0.736567
16 10.6969  1
22    0.710987
17 13.6151  1
20    1.09166
18 13.1442  3
70    0.89505
71    0.737629
72    0.823582
19 11.6063  1
61    1.25574
20 6.58452  1
22    0.700751
21 10.186  10
23    1.0929
24    0.783718
25    0.974081
26    0.995706
27    1.06633
28    1.29696
29    0.85006
30    1.19074
31    1.10321
32    0.817374
22 11.9466  1
48    1.18865
23 7.6957  7
122    0.700018
123    0.700751
124    0.703149
125    0.710987
126    0.736567
127    0.820103
128    1.0929
24 13.8147  2
73    0.847551
117    0.960805
25 13.796  10
50    0.795071
51    1.01116
52    1.1168
53    0.861742
54    1.22888
55    1.22776
56    1.22412
57    1.21222
58    1.17334
59    1.04639
26 13.7353  1
69    0.852293
27 13.5369  4
45    1.22022
46    1.19947
47    1.13172
69    1.127
28 12.889  1
224    0
29 10.7732  1
60    1.23185
30 13.8641  1
73    1.07642
31 13.9575  2
33    1.08398
141    1.22022
32 14.2624  1
224    0
33 5.25758  5
34    0.754585
35    0.878954
36    1.28509
37    0.811313
38    1.06421
34 5.85269  10
89    0.978841
90    1.01125
91    1.11709
92    0.862694
93    1.23199
94    1.23793
95    1.2573
96    0.720545
97    0.767788
117    1.12315
35 7.79611  1
73    0.744972
36 14.1424  2
61    1.23745
121    0.939729
37 14.8663  2
48    1.2169
135    0.817374
38 7.22999  6
129    0.783718
130    0.974081
131    0.995706
132    1.06633
133    1.29696
134    0.85006
39 12.2939  7
40    0.827409
41    1.11676
42    0.861632
43    1.22851
44    1.22657
48    0.78804
140    1.29002
40 8.82977  1
73    0.820853
41 7.51778  2
73    0.79172
207    1.1872
42 13.2336  2
48    1.04181
73    1.00021
43 11.8984  4
190    0.825834
191    1.11162
192    0.844823
193    1.17364
44 7.53822  2
49    1.09638
168    1.07642
45 13.3004  1
73    1.18253
46 12.1166  1
224    0
47 8.25083  1
224    0
48 5.62716  1
164    1.10427
49 7.05969  3
135    1.10321
164    0.820853
168    0.847551
50 11.7379  1
224    0
51 7.01422  6
218    0.703149
219    0.710987
220    0.736567
221    0.820103
222    1.0929
223    0.783718
52 11.5893  1
168    0.729902
53 6.52867  1
224    0
54 10.0035  1
224    0
55 11.3506  1
224    0
56 5.74953  1
224    0
57 7.45918  8
62    0.715455
63    0.751161
64    0.867766
65    1.24855
66    1.29198
67    0.833799
68    1.13764
73    1.10427
58 13.0422  1
224    0
59 11.2737  1
69    0.929786
60 5.49837  1
69    0.851067
61 6.63915  1
73    1.09536
62 10.3645  1
117    0.882488
63 12.5295  1
117    0.779653
64 9.59914  2
159    0.751161
183    0.862694
65 10.0301  2
69    1.1139
140    0.827409
66 11.4373  7
82    0.902997
83    0.763576
84    0.908307
85    0.780917
86    0.964943
87    0.965877
88    0.968917
67 6.03244  1
224    0
68 8.38328  1
160    0.851067
69 6.0596  1
224    0
70 8.47179  5
74    0.729902
75    0.798349
76    1.02187
77    1.15177
78    0.975948
71 6.34861  1
159    0.715455
72 9.41572  1
117    1.09166
73 9.43129  9
209    0.960805
210    0.952364
211    0.924787
212    0.834733
213    1.14068
214    0.939729
215    0.883532
216    0.700018
217    0.700751
74 9.48195  2
117    1.1872
159    1.29198
75 9.64736  3
143    1.2169
144    1.18865
145    1.09638
76 10.1875  1
141    1.13172
77 11.9515  1
224    0
78 7.71157  3
79    1.0018
80    1.08624
81    0.761946
79 13.8665  1
224    0
80 13.9654  2
107    0.825779
140    1.22657
81 14.2883  1
117    0.848979
82 5.34242  1
224    0
83 6.1298  1
224    0
84 8.70098  1
224    0
85 7.09723  1
135    1.19074
86 11.8603  9
98    0.922059
99    0.825834
100    1.11162
101    0.844823
102    1.17364
103    1.04736
104    1.23501
105    1.24779
106    1.28953
87 7.41371  7
146    0.795071
147    1.01116
148    1.1168
149    0.861742
150    1.22888
151    1.22776
206    0.829368
88 12.8939  1
224    0
89 10.7894  9
108    1.11143
109    0.844218
110    1.17166
111    1.0409
112    1.2139
113    1.17885
114    1.06439
115    1.29062
116    0.829368
90 13.9169  2
168    1.18253
207    1.09166
91 14.1299  2
140    1.11676
160    0.852293
92 14.8254  1
224    0
93 7.09632  7
152    1.22412
153    1.21222
154    1.17334
155    1.04639
156    1.23185
157    1.23745
158    1.25574
94 11.8572  1
141    0.78804
95 7.40364  1
160    0.833799
96 12.861  1
224    0
97 10.6816  1
117    0.952364
98 13.565  2
141    1.19947
160    1.19803
99 12.9809  2
140    1.06421
141    0.910486
100 11.0732  1
224    0
101 14.8437  1
224    0
102 7.15613  1
224    0
103 12.0525  2
194    1.04736
195    1.23501
104 8.04147  1
224    0
105 14.9438  1
224    0
106 7.48299  1
224    0
107 13.1201  1
160    1.13764
108 11.5276  1
118    0.924787
109 6.32756  1
207    0.848979
110 9.34675  1
224    0
111 9.20606  1
183    1.11709
112 8.74645  3
165    1.09536
166    0.79172
167    1.00021
113 7.24555  1
140    0.811313
114 12.3446  1
117    1.29663
115 8.99548  1
224    0
116 8.05887  1
160    0.929786
117 5.00031  2
119    0.834733
120    1.14068
118 5.01251  4
136    1.08398
137    0.754585
138    0.878954
139    1.28509
119 5.05249  1
224    0
120 5.18311  1
224    0
121 5.60945  1
224    0
122 7.00171  1
224    0
123 11.5484  1
224    0
124 6.39531  1
224    0
125 9.56801  1
141    0.988198
126 9.92843  1
224    0
127 11.1055  1
224    0
128 14.9493  1
224    0
129 7.50099  1
160    1.1139
130 13.179  1
224    0
131 11.7202  1
207    1.29663
132 6.95624  1
224    0
133 11.3997  1
224    0
134 5.90976  1
224    0
135 7.98257  1
224    0
136 14.7516  6
184    1.23199
185    1.23793
186    1.2573
187    0.720545
188    0.767788
189    0.922059
137 6.85522  1
224    0
138 11.0701  1
224    0
139 14.8337  1
224    0
140 7.12348  1
224    0
141 11.946  1
224    0
142 7.69387  1
224    0
143 13.8086  1
224    0
144 13.7762  1
224    0
145 13.6703  1
224    0
146 13.3245  1
224    0
147 12.1953  1
224    0
148 8.5081  1
224    0
149 6.46733  1
224    0
150 9.80331  9
174    0.902997
175    0.763576
176    0.908307
177    0.780917
178    0.964943
179    0.965877
180    0.968917
181    0.978841
182    1.01125
151 10.6969  1
224    0
152 13.6151  1
159    1.24855
153 13.1442  1
224    0
154 11.6063  1
224    0
155 6.58452  1
168    1.02187
156 10.186  1
224    0
157 11.9466  1
224    0
158 7.6957  1
224    0
159 13.8147  1
160    1.19402
160 13.796  1
168    0.744972
161 13.7353  5
169    1.15177
170    0.975948
171    1.0018
172    1.08624
173    0.761946
162 13.5369  1
224    0
163 12.889  1
224    0
164 10.7732  1
168    1.08104
165 13.8641  1
224    0
166 13.9575  1
224    0
167 14.2624  1
224    0
168 5.25758  1
224    0
169 5.85269  1
224    0
170 7.79611  1
224    0
171 14.1424  1
224    0
172 14.8663  1
224    0
173 7.22999  1
224    0
174 12.2939  1
224    0
175 8.82977  1
224    0
176 7.51778  1
224    0
177 13.2336  1
224    0
178 11.8984  1
224    0
179 7.53822  1
224    0
180 13.3004  1
224    0
181 12.1166  1
224    0
182 8.25083  10
196    1.24779
197    1.28953
198    0.825779
199    1.11143
200    0.844218
201    1.17166
202    1.0409
203    1.2139
204    1.17885
205    1.06439
183 5.62716  1
224    0
184 7.05969  1
224    0
185 11.7379  1
224    0
186 7.01422  1
224    0
187 11.5893  1
224    0
188 6.52867  1
224    0
189 10.0035  1
224    0
190 11.3506  1
224    0
191 5.74953  1
224    0
192 7.45918  1
224    0
193 13.0422  1
224    0
194 11.2737  1
224    0
195 5.49837  1
206    1.29062
196 6.63915  1
224    0
197 10.3645  1
224    0
198 12.5295  1
224    0
199 9.59914  1
207    0.882488
200 10.0301  1
224    0
201 11.4373  1
208    0.779653
202 6.03244  1
224    0
203 8.38328  1
224    0
204 6.0596  1
224    0
205 8.47179  1
224    0
206 6.34861  1
224    0
207 9.41572  1
224    0
208 9.43129  1
224    0
209 9.48195  1
224    0
210 9.64736  1
224    0
211 10.1875  1
224    0
212 11.9515  1
224    0
213 7.71157  1
224    0
214 13.8665  1
224    0
215 13.9654  1
224    0
216 14.2883  1
224    0
217 5.34242  1
224    0
218 6.1298  1
224    0
219 8.70098  1
224    0
220 7.09723  1
224    0
221 11.8603  1
224    0
222 7.41371  1
224    0
223 12.8939  1
224    0
224 0  0
