84
0 9.41572  10
1    0.795071
2    1.01116
3    1.1168
4    0.861742
5    1.22888
6    1.22776
7    1.22412
8    1.21222
9    1.17334
10    1.04639
1 9.43129  3
11    1.24855
15    1.127
19    0.908307
2 9.48195  3
11    0.715455
46    0.829368
52    0.700751
3 9.64736  5
11    0.867766
15    0.89505
18    1.0018
51    1.14068
52    0.710987
4 10.1875  4
11    1.23745
17    0.847551
18    0.761946
46    1.09166
5 11.9515  4
11    1.29198
15    1.09536
18    0.975948
52    0.883532
6 7.71157  4
11    0.751161
15    0.737629
16    0.79172
19    0.763576
7 13.8665  2
11    0.833799
15    1.1139
8 13.9654  6
11    1.13764
15    0.823582
17    1.08104
18    1.08624
19    0.965877
46    1.06439
9 14.2883  1
11    1.23185
10 5.34242  3
11    1.25574
15    0.852293
17    1.00021
11 6.1298  5
12    0.929786
13    0.851067
14    1.19402
17    0.744972
19    0.902997
12 8.70098  3
15    1.19803
17    1.07642
18    1.02187
13 7.09723  1
15    1.10427
14 11.8603  3
15    0.820853
17    0.729902
19    0.780917
15 7.41371  2
18    1.15177
46    0.848979
16 12.8939  1
17    1.18253
17 10.7894  2
18    0.798349
19    0.964943
18 13.9169  1
83    0
19 14.1299  7
20    0.968917
21    0.978841
22    1.01125
23    1.11709
24    0.862694
25    1.23199
26    1.23793
20 14.8254  5
53    0.736567
54    0.820103
55    1.0929
56    0.783718
57    0.974081
21 7.09632  3
27    1.2573
28    0.720545
29    0.767788
22 11.8572  1
52    0.700018
23 7.40364  7
30    0.922059
31    0.825834
32    1.11162
33    0.844823
34    1.17364
35    1.04736
36    1.23501
24 12.861  1
83    0
25 10.6816  1
46    1.12315
26 13.565  1
83    0
27 12.9809  1
83    0
28 11.0732  1
83    0
29 14.8437  1
83    0
30 7.15613  1
83    0
31 12.0525  1
51    0.834733
32 8.04147  1
46    1.29663
33 14.9438  10
37    1.24779
38    1.28953
39    0.825779
40    1.11143
41    0.844218
42    1.17166
43    1.0409
44    1.2139
45    1.17885
46    1.29062
34 7.48299  1
83    0
35 13.1201  1
83    0
36 11.5276  1
46    0.882488
37 6.32756  1
82    1.09638
38 9.34675  1
83    0
39 9.20606  1
83    0
40 8.74645  1
83    0
41 7.24555  1
83    0
42 12.3446  1
46    1.1872
43 8.99548  5
47    0.779653
48    0.960805
49    0.952364
50    0.924787
52    0.939729
44 8.05887  1
82    0.988198
45 5.00031  1
83    0
46 5.01251  1
82    1.04181
47 5.05249  1
83    0
48 5.18311  1
83    0
49 5.60945  1
83    0
50 7.00171  1
83    0
51 11.5484  1
52    0.703149
52 6.39531  1
83    0
53 9.56801  1
83    0
54 9.92843  10
58    0.995706
59    1.06633
60    1.29696
61    0.85006
62    1.19074
63    1.10321
64    0.817374
65    1.08398
66    0.754585
67    0.878954
55 11.1055  1
83    0
56 14.9493  1
83    0
57 7.50099  10
68    1.28509
69    0.811313
70    1.06421
71    1.29002
72    0.827409
73    1.11676
74    0.861632
75    1.22851
76    1.22657
77    1.22022
58 13.179  4
78    1.19947
79    1.13172
80    0.910486
81    0.78804
59 11.7202  1
83    0
60 6.95624  1
83    0
61 11.3997  1
83    0
62 5.90976  1
83    0
63 7.98257  1
83    0
64 14.7516  1
83    0
65 6.85522  1
83    0
66 11.0701  1
83    0
67 14.8337  1
83    0
68 7.12348  1
82    1.18865
69 11.946  1
83    0
70 7.69387  1
83    0
71 13.8086  1
83    0
72 13.7762  1
83    0
73 13.6703  1
83    0
74 13.3245  1
82    1.2169
75 12.1953  1
83    0
76 8.5081  1
83    0
77 6.46733  1
83    0
78 9.80331  1
83    0
79 10.6969  1
83    0
80 13.6151  1
83    0
81 13.1442  1
83    0
82 11.6063  1
83    0
83 0  0
