48
0 13.9575  3
1    0.862694
2    1.23793
29    1.29002
1 14.2624  3
2    1.23199
3    1.2573
24    1.29663
2 5.25758  1
28    0.754585
3 5.85269  9
4    0.720545
5    0.767788
6    0.922059
7    0.825834
8    1.11162
9    0.844823
10    1.17364
11    1.04736
27    1.0929
4 7.79611  8
14    1.28953
15    0.825779
16    1.11143
17    0.844218
18    1.17166
19    1.0409
20    1.2139
24    0.882488
5 14.1424  4
12    1.23501
13    1.24779
25    0.924787
28    1.28509
6 14.8663  4
21    1.17885
22    1.06439
23    1.29062
28    0.85006
7 7.22999  2
25    0.883532
29    0.811313
8 12.2939  3
24    0.848979
25    0.779653
28    1.29696
9 8.82977  1
28    0.878954
10 7.51778  2
24    1.1872
26    0.700018
11 13.2336  2
27    0.703149
28    1.10321
12 11.8984  1
47    0
13 7.53822  2
25    0.952364
27    0.736567
14 13.3004  3
24    1.12315
25    0.939729
27    0.974081
15 12.1166  1
27    1.06633
16 8.25083  2
25    1.09166
27    0.820103
17 5.62716  2
24    0.829368
27    0.700751
18 7.05969  1
28    0.817374
19 11.7379  1
47    0
20 7.01422  3
27    0.783718
28    1.19074
29    1.11676
21 11.5893  1
25    1.14068
22 6.52867  2
25    0.960805
29    0.827409
23 10.0035  7
30    0.861632
31    1.22851
32    1.22657
33    1.22022
34    1.19947
35    1.13172
36    0.910486
24 11.3506  2
25    0.834733
27    0.710987
25 5.74953  2
28    1.08398
29    1.06421
26 7.45918  1
27    0.995706
27 13.0422  1
47    0
28 11.2737  1
47    0
29 5.49837  1
47    0
30 6.63915  1
47    0
31 10.3645  1
47    0
32 12.5295  10
37    0.78804
38    0.988198
39    1.04181
40    1.2169
41    1.18865
42    1.09638
43    0.795071
44    1.01116
45    1.1168
46    0.861742
33 9.59914  1
47    0
34 10.0301  1
47    0
35 11.4373  1
47    0
36 6.03244  1
47    0
37 8.38328  1
47    0
38 6.0596  1
47    0
39 8.47179  1
47    0
40 6.34861  1
47    0
41 9.41572  1
47    0
42 9.43129  1
47    0
43 9.48195  1
47    0
44 9.64736  1
47    0
45 10.1875  1
47    0
46 11.9515  1
47    0
47 0  0
