53
0 11.1055  7
1    4.26147
2    5.99013
3    5.63498
4    4.47525
5    3.68815
6    4.11791
39    4.2449
1 14.9493  2
28    5.58545
29    6.28649
2 7.50099  2
29    4.61029
43    5.95369
3 13.179  1
43    6.4848
4 11.7202  9
7    5.52136
8    4.10427
9    5.47678
10    3.9586
11    5.00105
12    5.40518
13    3.72486
14    4.23775
29    3.83894
5 6.95624  1
52    0
6 11.3997  2
28    4.82939
29    6.18963
7 5.90976  2
28    4.89421
40    4.62394
8 7.98257  5
23    5.43118
24    3.80973
25    4.51498
26    3.81788
44    4.08687
9 14.7516  4
28    4.82472
39    5.93602
41    3.50375
42    4.8704
10 6.85522  4
28    3.90458
38    5.89427
43    4.2503
45    6.4501
11 11.0701  2
29    6.15996
42    5.46451
12 14.8337  2
38    5.20449
41    4.41766
13 7.12348  8
15    5.91267
16    5.38211
17    3.64951
18    3.99174
19    5.10936
20    5.75886
21    4.87974
22    5.00902
14 11.946  1
38    6.06951
15 7.69387  1
44    5.51605
16 13.8086  1
52    0
17 13.7762  2
38    6.45312
45    4.13704
18 13.6703  2
28    4.31347
29    5.55808
19 13.3245  3
28    5.05626
29    5.86818
39    5.45828
20 12.1953  3
29    3.60273
41    4.10051
42    3.91859
21 8.5081  4
39    5.61576
41    3.50009
42    4.97853
45    5.5838
22 6.46733  1
45    3.77293
23 9.80331  2
27    4.54154
29    4.12917
24 10.6969  2
28    4.84458
38    5.32196
25 13.6151  1
41    3.51575
26 13.1442  9
30    5.23681
31    6.17507
32    6.23898
33    6.44763
34    4.12889
35    5.55716
36    4.22109
37    5.85829
41    4.69865
27 11.6063  1
29    4.22411
28 6.58452  1
52    0
29 10.186  1
39    3.89827
30 11.9466  4
40    4.17367
41    3.68284
44    5.41992
45    4.05657
31 7.6957  2
39    6.48315
40    4.76182
32 13.8147  6
46    4.30816
47    6.14257
48    6.13286
49    6.10109
50    5.99736
51    5.6586
33 13.796  1
39    4.80403
34 13.7353  3
39    4.14684
40    5.70338
42    5.33166
35 13.5369  2
39    4.41244
45    6.42547
36 12.889  1
52    0
37 10.7732  1
41    3.55493
38 13.8641  1
52    0
39 13.9575  1
45    4.39477
40 14.2624  1
52    0
41 5.25758  1
52    0
42 5.85269  1
52    0
43 7.79611  1
52    0
44 14.1424  1
45    5.32104
45 14.8663  1
52    0
46 7.22999  1
52    0
47 12.2939  1
52    0
48 8.82977  1
52    0
49 7.51778  1
52    0
50 13.2336  1
52    0
51 11.8984  1
52    0
52 0  0
