100
0 11.1055  10
1    62.3898
2    64.4763
3    41.2889
4    55.5716
5    42.2109
6    58.5829
7    52.0449
8    60.6951
54    62.7871
63    59.1267
1 14.9493  9
28    64.848
29    42.503
30    59.5369
31    55.1605
32    40.8687
33    54.1992
34    37.7293
35    43.9477
36    64.2547
2 7.50099  2
17    44.1766
63    54.0518
3 13.179  1
84    46.1029
4 11.7202  2
42    56.586
55    43.3883
5 6.95624  1
17    35.0009
6 11.3997  3
16    38.9827
55    46.4893
56    55.6952
7 5.90976  1
99    0
8 7.98257  9
9    58.9427
10    53.2196
11    64.5312
12    41.4684
13    56.1576
14    44.1244
15    64.8315
16    42.449
17    47.6182
9 14.7516  3
54    61.8725
55    56.8818
63    37.2486
10 6.85522  1
17    41.7367
11 11.0701  1
99    0
12 14.8337  2
16    54.5828
17    57.0338
13 7.12348  4
17    46.2394
54    35.7727
56    59.9013
63    36.4951
14 11.946  1
17    48.0403
15 7.69387  2
16    59.3602
17    46.9865
16 13.8086  10
18    35.0375
19    35.1575
20    35.5493
21    36.8284
22    41.0051
23    54.6451
24    39.1859
25    48.704
26    49.7853
27    53.3166
17 13.7762  4
64    48.7974
65    50.0902
66    54.3118
67    38.0973
18 13.6703  2
42    49.4099
55    62.4273
19 13.3245  1
42    59.9736
20 12.1953  6
37    40.5657
38    53.2104
39    64.501
40    41.3704
41    55.838
42    61.0109
21 8.5081  1
56    42.5533
22 6.46733  2
42    45.5243
54    60.6108
23 9.80331  8
43    52.0907
44    60.8452
45    59.4325
46    54.819
47    39.7536
48    50.558
49    55.8399
86    64.4763
24 10.6969  2
42    61.4257
54    58.6671
25 13.6151  1
99    0
26 13.1442  1
56    42.6147
27 11.6063  2
42    39.402
84    55.5808
28 6.58452  1
99    0
29 10.186  1
99    0
30 11.9466  1
56    59.7008
31 7.6957  1
99    0
32 13.8147  1
63    51.0936
33 13.796  6
57    41.1791
58    55.2136
59    41.0427
60    54.7678
61    39.586
62    50.0105
34 13.7353  2
42    43.0816
63    53.8211
35 13.5369  6
78    43.1347
79    61.5996
80    61.8963
81    62.8649
82    36.0273
83    38.3894
36 12.889  2
54    37.5581
86    58.6818
37 10.7732  8
70    45.4154
71    39.0458
72    48.2472
73    48.2939
74    48.4458
75    48.9421
76    50.5626
77    55.8545
38 13.8641  2
55    41.69
56    44.7525
39 13.9575  1
99    0
40 14.2624  2
42    61.3286
85    42.2411
41 5.25758  1
56    56.3498
42 5.85269  1
99    0
43 7.79611  1
54    52.3196
44 14.1424  2
56    36.8815
86    41.2889
45 14.8663  5
50    43.0871
51    61.444
52    61.3881
53    61.2059
54    61.5923
46 7.22999  1
55    64.599
47 12.2939  1
99    0
48 8.82977  1
63    39.9174
49 7.51778  2
68    45.1498
69    38.1788
50 13.2336  1
99    0
51 11.8984  1
99    0
52 7.53822  1
99    0
53 13.3004  1
63    42.3775
54 12.1166  1
99    0
55 8.25083  1
99    0
56 5.62716  1
99    0
57 7.05969  1
99    0
58 11.7379  1
99    0
59 7.01422  1
99    0
60 11.5893  1
63    57.5886
61 6.52867  3
87    42.2109
88    58.5829
89    52.0449
62 10.0035  1
99    0
63 11.3506  1
99    0
64 5.74953  1
99    0
65 7.45918  1
99    0
66 13.0422  1
99    0
67 11.2737  1
99    0
68 5.49837  1
99    0
69 6.63915  1
99    0
70 10.3645  1
99    0
71 12.5295  1
86    52.3681
72 9.59914  1
99    0
73 10.0301  1
99    0
74 11.4373  1
99    0
75 6.03244  1
86    61.7507
76 8.38328  1
99    0
77 6.0596  1
99    0
78 8.47179  1
99    0
79 6.34861  1
99    0
80 9.41572  1
99    0
81 9.43129  1
99    0
82 9.48195  2
84    41.2917
86    55.5716
83 9.64736  1
86    62.3898
84 10.1875  9
90    60.6951
91    58.9427
92    53.2196
93    64.5312
94    41.4684
95    56.1576
96    44.1244
97    64.8315
98    42.449
85 11.9515  1
99    0
86 7.71157  1
99    0
87 13.8665  1
99    0
88 13.9654  1
99    0
89 14.2883  1
99    0
90 5.34242  1
99    0
91 6.1298  1
99    0
92 8.70098  1
99    0
93 7.09723  1
99    0
94 11.8603  1
99    0
95 7.41371  1
99    0
96 12.8939  1
99    0
97 10.7894  1
99    0
98 13.9169  1
99    0
99 0  0
