193
0 14.1299  4
1    45.5243
22    37.5581
57    58.9427
94    58.6671
1 14.8254  2
2    39.402
3    49.4099
2 7.09632  9
4    52.0907
5    60.8452
6    59.4325
7    54.819
8    39.7536
9    50.558
23    59.9013
26    39.586
148    39.1859
3 11.8572  1
150    40.5657
4 7.40364  5
18    61.5923
19    61.8725
20    62.7871
21    35.7727
23    36.8815
5 12.861  1
160    61.3881
6 10.6816  1
174    41.0427
7 13.565  3
15    60.6108
23    42.5533
94    61.8725
8 12.9809  8
10    55.8399
11    43.0871
12    61.444
13    61.3881
14    61.2059
23    56.8818
26    41.0427
125    61.5996
9 11.0732  1
22    64.599
10 14.8437  5
22    43.3883
23    44.7525
26    50.0105
48    41.2917
64    35.0009
11 7.15613  2
22    41.69
26    54.0518
12 12.0525  3
22    62.4273
23    55.6952
47    61.5996
13 8.04147  7
24    41.1791
25    55.2136
35    50.0902
125    48.2939
148    48.704
150    64.2547
151    53.2104
14 14.9438  5
16    58.6671
17    52.3196
35    48.7974
63    42.449
93    61.444
15 7.48299  10
37    45.1498
38    38.1788
39    45.4154
40    39.0458
41    48.2472
42    48.2939
43    48.4458
44    48.9421
45    50.5626
46    55.8545
16 13.1201  2
23    46.4893
26    54.7678
17 11.5276  2
23    59.7008
143    57.0338
18 6.32756  3
23    56.3498
76    59.5369
149    54.1992
19 9.34675  1
192    0
20 9.20606  10
65    35.0375
66    35.1575
67    35.5493
68    36.8284
69    41.0051
70    54.6451
71    39.1859
72    48.704
73    49.7853
148    53.3166
21 8.74645  10
27    37.2486
28    42.3775
29    59.1267
30    53.8211
31    36.4951
32    39.9174
33    51.0936
34    57.5886
125    43.1347
149    37.7293
22 7.24555  4
23    42.6147
57    53.2196
63    48.0403
83    61.4257
23 12.3446  1
47    62.8649
24 8.99548  1
192    0
25 8.05887  3
93    61.2059
131    41.2889
142    42.449
26 5.00031  3
160    43.0871
172    59.7008
174    44.7525
27 5.01251  1
76    37.7293
28 5.05249  1
131    55.5808
29 5.18311  1
36    38.0973
30 5.60945  1
35    54.3118
31 7.00171  6
58    64.5312
59    41.4684
60    56.1576
61    44.1244
62    64.8315
158    60.8452
32 11.5484  2
93    55.8399
131    52.3681
33 6.39531  2
63    38.9827
93    60.6108
34 9.56801  3
47    61.8963
63    59.3602
125    48.4458
35 9.92843  1
47    36.0273
36 11.1055  2
47    43.1347
131    58.6818
37 14.9493  3
63    41.7367
83    61.0109
125    61.8963
38 7.50099  1
48    42.2411
39 13.179  1
192    0
40 11.7202  3
48    46.1029
76    55.1605
143    35.0009
41 6.95624  2
76    64.2547
171    41.69
42 11.3997  4
144    35.0375
145    35.1575
146    35.5493
147    36.8284
43 5.90976  10
49    58.6818
50    52.3681
51    61.7507
52    62.3898
53    64.4763
54    41.2889
55    55.5716
56    42.2109
57    52.0449
125    55.8545
44 7.98257  3
64    44.1766
94    43.3883
149    55.1605
45 14.7516  1
48    38.3894
46 6.85522  4
48    55.5808
63    46.2394
93    39.7536
94    37.5581
47 11.0701  2
93    61.3881
171    56.8818
48 14.8337  3
57    60.6951
94    35.7727
158    49.4099
49 7.12348  2
94    61.5923
171    42.5533
50 11.946  5
57    58.5829
63    46.9865
83    61.3286
158    39.402
172    55.6952
51 7.69387  2
63    57.0338
173    56.3498
52 13.8086  1
148    41.0051
53 13.7762  2
63    47.6182
160    55.8399
54 13.6703  9
113    59.1267
114    53.8211
115    36.4951
116    39.9174
117    51.0936
118    57.5886
119    48.7974
120    50.0902
121    54.3118
55 13.3245  1
192    0
56 12.1953  2
143    48.0403
159    54.819
57 8.5081  1
192    0
58 6.46733  1
192    0
59 9.80331  1
63    54.5828
60 10.6969  1
192    0
61 13.6151  2
76    42.503
125    50.5626
62 13.1442  1
192    0
63 11.6063  1
158    59.4325
64 6.58452  2
76    40.8687
143    47.6182
65 10.186  1
76    54.1992
66 11.9466  4
108    41.1791
109    55.2136
110    41.0427
111    54.7678
67 7.6957  1
151    41.3704
68 13.8147  1
192    0
69 13.796  2
76    43.9477
131    64.4763
70 13.7353  1
93    50.558
71 13.5369  2
142    64.8315
158    45.5243
72 12.889  1
95    62.4273
73 10.7732  3
74    53.3166
75    64.848
125    48.2472
74 13.8641  2
131    42.2411
143    54.5828
75 13.9575  9
77    40.5657
78    53.2104
79    64.501
80    41.3704
81    55.838
82    43.0816
94    62.7871
150    43.9477
174    41.1791
76 14.2624  9
99    46.4893
100    42.5533
101    59.7008
102    55.6952
103    42.6147
104    59.9013
105    56.3498
106    44.7525
107    36.8815
77 5.25758  1
131    62.3898
78 5.85269  1
192    0
79 7.79611  1
173    59.9013
80 14.1424  6
126    62.8649
127    36.0273
128    38.3894
129    46.1029
130    41.2917
143    38.9827
81 14.8663  1
192    0
82 7.22999  1
192    0
83 12.2939  10
84    59.9736
85    56.586
86    45.5243
87    39.402
88    49.4099
89    52.0907
90    60.8452
91    59.4325
92    54.819
94    52.3196
84 8.82977  1
160    61.2059
85 7.51778  1
192    0
86 13.2336  1
192    0
87 11.8984  1
192    0
88 7.53822  2
93    43.0871
149    59.5369
89 13.3004  1
192    0
90 12.1166  1
192    0
91 8.25083  2
123    45.1498
174    36.8815
92 5.62716  4
96    64.599
97    41.69
98    56.8818
112    54.0518
93 7.05969  2
112    50.0105
171    64.599
94 11.7379  1
158    52.0907
95 7.01422  1
192    0
96 11.5893  1
124    38.1788
97 6.52867  2
112    37.2486
125    48.9421
98 10.0035  1
171    46.4893
99 11.3506  1
192    0
100 5.74953  2
151    55.838
174    54.7678
101 7.45918  1
192    0
102 13.0422  10
132    55.5716
133    42.2109
134    58.5829
135    52.0449
136    60.6951
137    58.9427
138    53.2196
139    64.5312
140    41.4684
141    56.1576
103 11.2737  1
142    44.1244
104 5.49837  1
160    61.444
105 6.63915  2
124    45.4154
173    42.6147
106 10.3645  2
112    42.3775
174    55.2136
107 12.5295  1
192    0
108 9.59914  2
112    39.586
143    46.9865
109 10.0301  1
192    0
110 11.4373  1
192    0
111 6.03244  1
192    0
112 8.38328  1
148    49.7853
113 6.0596  1
142    59.3602
114 8.47179  1
192    0
115 6.34861  1
192    0
116 9.41572  1
122    38.0973
117 9.43129  1
192    0
118 9.48195  1
125    39.0458
119 9.64736  5
182    36.4951
183    39.9174
184    51.0936
185    57.5886
186    48.7974
120 10.1875  5
187    50.0902
188    54.3118
189    38.0973
190    45.1498
191    38.1788
121 11.9515  1
192    0
122 7.71157  1
131    61.7507
123 13.8665  1
192    0
124 13.9654  1
148    42.503
125 14.2883  1
192    0
126 5.34242  1
192    0
127 6.1298  1
192    0
128 8.70098  1
148    64.848
129 7.09723  1
192    0
130 11.8603  2
143    44.1766
160    39.7536
131 7.41371  1
148    54.6451
132 12.8939  1
192    0
133 10.7894  1
192    0
134 13.9169  1
149    40.8687
135 14.1299  1
151    64.501
136 14.8254  1
143    46.2394
137 7.09632  1
192    0
138 11.8572  1
192    0
139 7.40364  1
192    0
140 12.861  7
152    43.0816
153    61.4257
154    61.3286
155    61.0109
156    59.9736
157    56.586
160    50.558
141 10.6816  1
143    41.7367
142 13.565  1
192    0
143 12.9809  1
192    0
144 11.0732  1
192    0
145 14.8437  1
192    0
146 7.15613  1
192    0
147 12.0525  1
192    0
148 8.04147  1
192    0
149 14.9438  1
192    0
150 7.48299  1
192    0
151 13.1201  1
192    0
152 11.5276  1
192    0
153 6.32756  1
192    0
154 9.34675  1
192    0
155 9.20606  1
192    0
156 8.74645  1
192    0
157 7.24555  7
175    39.586
176    50.0105
177    54.0518
178    37.2486
179    42.3775
180    59.1267
181    53.8211
158 12.3446  1
192    0
159 8.99548  1
192    0
160 8.05887  10
161    60.6108
162    58.6671
163    52.3196
164    61.5923
165    61.8725
166    62.7871
167    35.7727
168    37.5581
169    43.3883
170    62.4273
161 5.00031  1
192    0
162 5.01251  1
192    0
163 5.05249  1
192    0
164 5.18311  1
192    0
165 5.60945  1
192    0
166 7.00171  1
192    0
167 11.5484  1
192    0
168 6.39531  1
192    0
169 9.56801  1
192    0
170 9.92843  1
192    0
171 11.1055  1
192    0
172 14.9493  1
192    0
173 7.50099  1
192    0
174 13.179  1
192    0
175 11.7202  1
192    0
176 6.95624  1
192    0
177 11.3997  1
192    0
178 5.90976  1
192    0
179 7.98257  1
192    0
180 14.7516  1
192    0
181 6.85522  1
192    0
182 11.0701  1
192    0
183 14.8337  1
192    0
184 7.12348  1
192    0
185 11.946  1
192    0
186 7.69387  1
192    0
187 13.8086  1
192    0
188 13.7762  1
192    0
189 13.6703  1
192    0
190 13.3245  1
192    0
191 12.1953  1
192    0
192 0  0
