196
0 9.92843  4
1    0.820853
2    0.79172
3    0.744972
24    1.23793
1 11.1055  7
2    1.09536
3    1.00021
17    0.965877
31    0.825779
33    0.848979
58    1.08398
135    1.29002
2 14.9493  7
3    1.08104
24    0.720545
31    1.23501
32    1.17885
124    0.939729
129    0.85006
135    1.06421
3 7.50099  9
4    0.847551
5    1.18253
6    1.07642
7    0.729902
8    0.798349
9    1.02187
10    1.15177
11    0.975948
32    1.0409
4 13.179  7
40    1.14068
41    0.939729
42    0.883532
81    1.23745
84    0.823582
146    1.22776
184    1.11143
5 11.7202  3
31    1.17166
70    1.04181
84    0.79172
6 6.95624  2
17    0.908307
32    1.2139
7 11.3997  4
34    1.09166
35    0.779653
36    0.960805
146    1.1168
8 5.90976  9
18    0.968917
19    0.978841
20    1.01125
21    1.11709
22    0.862694
23    1.23199
58    0.817374
81    1.29198
113    1.11143
9 7.98257  3
70    1.2169
82    0.929786
104    0.965877
10 14.7516  6
12    1.0018
13    1.08624
14    0.761946
15    0.902997
24    1.2573
124    0.960805
11 6.85522  4
62    1.06421
82    1.1139
130    1.08398
146    0.795071
12 11.0701  1
195    0
13 14.8337  5
17    0.780917
31    1.24779
32    0.882488
33    1.1872
106    0.720545
14 7.12348  1
84    0.737629
15 11.946  4
16    0.763576
17    0.964943
81    1.24855
129    1.0929
16 7.69387  2
31    1.28953
148    1.24855
17 13.8086  4
81    0.751161
104    1.01125
145    0.988198
147    1.23185
18 13.7762  6
25    0.922059
26    0.825834
27    1.11162
28    0.844823
29    1.17364
124    1.09166
19 13.6703  2
32    1.06439
145    1.18865
20 13.3245  1
32    0.829368
21 12.1953  2
24    0.767788
31    1.11143
22 8.5081  1
62    0.811313
23 6.46733  3
32    1.12315
84    0.820853
160    1.0018
24 9.80331  1
147    1.04639
25 10.6969  3
37    0.952364
38    0.924787
105    1.2573
26 13.6151  5
32    1.29062
81    1.25574
84    1.09536
146    1.22888
185    0.960805
27 13.1442  2
39    0.834733
129    0.995706
28 11.6063  9
63    1.29002
64    0.827409
65    1.11676
66    0.861632
67    1.22851
68    1.22657
69    1.22022
81    0.867766
160    0.729902
29 6.58452  5
30    1.04736
31    0.844218
70    1.09638
82    1.19803
146    1.22412
30 10.186  3
32    1.29663
70    0.78804
146    1.17334
31 11.9466  2
113    1.17166
124    0.779653
32 7.6957  2
70    0.910486
147    1.25574
33 13.8147  1
84    1.10427
34 13.796  1
195    0
35 13.7353  4
50    0.783718
51    0.974081
82    0.833799
129    1.10321
36 13.5369  4
70    0.988198
129    0.783718
184    1.0409
185    1.29663
37 12.889  1
165    0.965877
38 10.7732  2
82    0.851067
148    1.1139
39 13.8641  1
195    0
40 13.9575  1
184    1.17885
41 14.2624  1
104    0.968917
42 5.25758  9
43    0.700018
44    0.700751
45    0.703149
46    0.710987
47    0.736567
48    0.820103
49    1.0929
124    1.14068
148    1.19402
43 5.85269  1
113    1.28953
44 7.79611  2
82    1.19402
160    1.07642
45 14.1424  2
106    0.922059
148    0.833799
46 14.8663  8
52    0.995706
53    1.06633
54    1.29696
55    0.85006
56    1.19074
57    1.10321
113    1.0409
147    1.23745
47 7.22999  10
90    1.07642
91    0.729902
92    0.798349
93    1.02187
94    1.15177
95    0.975948
96    1.0018
97    1.08624
98    0.761946
99    0.902997
48 12.2939  1
106    0.825834
49 8.82977  3
59    0.754585
60    0.878954
61    1.28509
50 7.51778  7
107    1.11162
108    0.844823
109    1.17364
110    1.04736
111    1.23501
112    1.24779
147    0.715455
51 13.2336  1
130    0.817374
52 11.8984  1
124    0.834733
53 7.53822  2
148    0.852293
184    0.829368
54 13.3004  1
160    1.18253
55 12.1166  1
195    0
56 8.25083  4
70    1.19947
81    0.715455
135    0.827409
148    1.19803
57 5.62716  2
70    1.13172
129    1.29696
58 7.05969  1
70    1.18865
59 11.7379  2
84    0.89505
104    0.978841
60 7.01422  10
71    0.795071
72    1.01116
73    1.1168
74    0.861742
75    1.22888
76    1.22776
77    1.22412
78    1.21222
79    1.17334
80    1.04639
61 11.5893  1
195    0
62 6.52867  3
106    0.767788
113    0.844218
129    1.06633
63 10.0035  2
105    1.23199
160    0.847551
64 11.3506  1
195    0
65 5.74953  9
115    1.17885
116    1.06439
117    1.29062
118    0.829368
119    1.12315
120    0.882488
121    1.29663
122    0.848979
123    1.1872
66 7.45918  1
104    1.11709
67 13.0422  1
124    0.952364
68 11.2737  1
114    1.2139
69 5.49837  3
125    0.700018
126    0.700751
127    0.703149
70 6.63915  1
195    0
71 10.3645  2
82    0.852293
160    1.15177
72 12.5295  2
133    1.28509
134    0.811313
73 9.59914  1
185    0.882488
74 10.0301  2
131    0.754585
132    0.878954
75 11.4373  2
81    1.23185
124    0.883532
76 6.03244  3
129    1.19074
160    1.02187
165    0.780917
77 8.38328  5
85    1.00021
86    1.08104
87    0.744972
88    0.847551
89    1.18253
78 6.0596  1
195    0
79 8.47179  4
100    0.763576
101    0.908307
102    0.780917
103    0.964943
80 6.34861  4
82    1.13764
145    1.04181
148    1.13764
165    0.978841
81 9.41572  1
185    0.848979
82 9.43129  2
83    1.127
105    0.862694
83 9.48195  2
129    0.820103
165    0.964943
84 9.64736  1
113    0.825779
85 10.1875  1
195    0
86 11.9515  1
128    0.710987
87 7.71157  2
181    1.24779
182    1.28953
88 13.8665  1
195    0
89 13.9654  1
185    1.09166
90 14.2883  1
195    0
91 5.34242  2
145    1.2169
146    1.21222
92 6.1298  2
124    0.924787
185    0.952364
93 8.70098  1
105    1.23793
94 7.09723  1
195    0
95 11.8603  1
195    0
96 7.41371  1
195    0
97 12.8939  1
195    0
98 10.7894  2
146    1.01116
165    0.968917
99 13.9169  2
145    1.09638
184    1.12315
100 14.1299  10
136    1.11676
137    0.861632
138    1.22851
139    1.22657
140    1.22022
141    1.19947
142    1.13172
143    0.910486
144    0.78804
148    0.929786
101 14.8254  1
195    0
102 7.09632  1
195    0
103 11.8572  1
160    1.08624
104 7.40364  1
129    0.974081
105 12.861  1
195    0
106 10.6816  1
147    0.751161
107 13.565  1
195    0
108 12.9809  2
168    0.862694
184    0.844218
109 11.0732  1
128    0.736567
110 14.8437  1
195    0
111 7.15613  1
195    0
112 12.0525  9
186    0.924787
187    0.834733
188    1.14068
189    0.939729
190    0.883532
191    0.700018
192    0.700751
193    0.703149
194    0.710987
113 8.04147  1
195    0
114 14.9438  1
195    0
115 7.48299  2
166    1.01125
167    1.11709
116 13.1201  2
169    1.23199
170    1.23793
117 11.5276  1
185    1.1872
118 6.32756  1
195    0
119 9.34675  1
195    0
120 9.20606  1
185    0.779653
121 8.74645  1
183    0.825779
122 7.24555  1
195    0
123 12.3446  1
171    1.2573
124 8.99548  1
195    0
125 8.05887  2
158    1.08104
159    0.744972
126 5.00031  1
195    0
127 5.01251  1
148    0.851067
128 5.05249  1
195    0
129 5.18311  1
184    1.17166
130 5.60945  1
195    0
131 7.00171  1
195    0
132 11.5484  1
195    0
133 6.39531  9
149    1.127
150    0.89505
151    0.737629
152    0.823582
153    1.10427
154    0.820853
155    1.09536
156    0.79172
157    1.00021
134 9.56801  1
195    0
135 9.92843  1
195    0
136 11.1055  1
147    0.867766
137 14.9493  1
195    0
138 7.50099  1
146    0.861742
139 13.179  1
195    0
140 11.7202  1
195    0
141 6.95624  1
184    1.06439
142 11.3997  1
195    0
143 5.90976  1
195    0
144 7.98257  1
160    0.798349
145 14.7516  1
195    0
146 6.85522  1
195    0
147 11.0701  1
148    1.29198
148 14.8337  1
195    0
149 7.12348  1
184    1.29062
150 11.946  1
195    0
151 7.69387  1
195    0
152 13.8086  1
195    0
153 13.7762  1
160    0.975948
154 13.6703  1
195    0
155 13.3245  1
195    0
156 12.1953  4
161    0.761946
162    0.902997
163    0.763576
164    0.908307
157 8.5081  1
195    0
158 6.46733  1
195    0
159 9.80331  1
195    0
160 10.6969  1
195    0
161 13.6151  1
195    0
162 13.1442  1
195    0
163 11.6063  1
195    0
164 6.58452  9
172    0.720545
173    0.767788
174    0.922059
175    0.825834
176    1.11162
177    0.844823
178    1.17364
179    1.04736
180    1.23501
165 10.186  1
195    0
166 11.9466  1
195    0
167 7.6957  1
195    0
168 13.8147  1
184    1.2139
169 13.796  1
195    0
170 13.7353  1
195    0
171 13.5369  1
195    0
172 12.889  1
195    0
173 10.7732  1
195    0
174 13.8641  1
195    0
175 13.9575  1
195    0
176 14.2624  1
195    0
177 5.25758  1
195    0
178 5.85269  1
195    0
179 7.79611  1
195    0
180 14.1424  1
195    0
181 14.8663  1
195    0
182 7.22999  1
195    0
183 12.2939  1
195    0
184 8.82977  1
195    0
185 7.51778  1
195    0
186 13.2336  1
195    0
187 11.8984  1
195    0
188 7.53822  1
195    0
189 13.3004  1
195    0
190 12.1166  1
195    0
191 8.25083  1
195    0
192 5.62716  1
195    0
193 7.05969  1
195    0
194 11.7379  1
195    0
195 0  0
