106
0 13.179  10
1    1.06439
2    1.29062
3    0.829368
4    1.12315
5    0.882488
6    1.29663
7    0.848979
8    1.1872
9    1.09166
46    1.22888
1 11.7202  10
13    1.14068
14    0.939729
15    0.883532
16    0.700018
17    0.700751
18    0.703149
19    0.710987
20    0.736567
21    0.820103
93    0.952364
2 6.95624  1
22    0.783718
3 11.3997  1
22    1.19074
4 5.90976  5
10    0.960805
22    0.974081
67    0.729902
69    0.965877
71    0.767788
5 7.98257  1
22    1.29696
6 14.7516  5
10    0.779653
22    0.995706
46    1.09638
69    1.08624
71    0.978841
7 6.85522  2
10    0.952364
22    1.06633
8 11.0701  1
105    0
9 14.8337  1
67    0.744972
10 7.12348  4
11    0.924787
12    0.834733
69    0.763576
71    1.01125
11 11.946  1
71    1.2573
12 7.69387  7
23    1.10321
24    0.817374
25    1.08398
26    0.754585
27    0.878954
28    1.28509
29    0.811313
13 13.8086  1
46    1.01116
14 13.7762  2
22    1.0929
65    1.1139
15 13.6703  1
105    0
16 13.3245  1
105    0
17 12.1953  1
66    1.127
18 8.5081  1
92    0.960805
19 6.46733  2
22    0.85006
69    0.761946
20 9.80331  6
40    0.910486
41    0.78804
42    0.988198
43    1.04181
44    1.2169
45    1.18865
21 10.6969  1
105    0
22 13.6151  1
96    0.820103
23 13.1442  1
105    0
24 11.6063  1
105    0
25 6.58452  1
93    1.14068
26 10.186  5
61    1.13764
62    0.929786
63    0.851067
64    1.19402
67    0.79172
27 11.9466  10
30    1.06421
31    1.29002
32    0.827409
33    1.11676
34    0.861632
35    1.22851
36    1.22657
37    1.22022
38    1.19947
39    1.13172
28 7.6957  1
105    0
29 13.8147  2
68    0.975948
71    1.23793
30 13.796  8
97    1.0929
98    0.783718
99    0.974081
100    0.995706
101    1.06633
102    1.29696
103    0.85006
104    1.19074
31 13.7353  1
105    0
32 13.5369  2
46    1.1168
71    0.862694
33 12.889  2
67    1.08104
69    0.902997
34 10.7732  8
53    1.23745
54    1.25574
55    0.715455
56    0.751161
57    0.867766
58    1.24855
59    1.29198
67    1.07642
35 13.8641  1
105    0
36 13.9575  6
76    1.17364
77    1.04736
78    1.23501
79    1.24779
80    1.28953
81    0.825779
37 14.2624  1
105    0
38 5.25758  8
47    1.22776
48    1.22412
49    1.21222
50    1.17334
51    1.04639
52    1.23185
66    0.820853
71    1.23199
39 5.85269  1
69    0.780917
40 7.79611  3
46    0.861742
66    0.737629
67    1.02187
41 14.1424  2
66    0.823582
93    0.924787
42 14.8663  1
71    0.720545
43 7.22999  1
46    0.795071
44 12.2939  4
72    0.922059
73    0.825834
74    1.11162
75    0.844823
45 8.82977  1
66    1.10427
46 7.51778  2
66    1.19803
92    1.1872
47 13.2336  1
105    0
48 11.8984  1
105    0
49 7.53822  1
66    1.09536
50 13.3004  1
92    1.29663
51 12.1166  1
60    0.833799
52 8.25083  3
66    0.89505
67    0.798349
93    0.939729
53 5.62716  2
68    1.15177
96    0.710987
54 7.05969  2
67    1.00021
71    1.11709
55 11.7379  1
105    0
56 7.01422  2
67    0.847551
69    0.964943
57 11.5893  1
105    0
58 6.52867  1
70    0.968917
59 10.0035  1
105    0
60 11.3506  2
65    0.852293
69    1.0018
61 5.74953  2
94    0.700018
95    0.700751
62 7.45918  1
69    0.908307
63 13.0422  1
67    1.18253
64 11.2737  1
96    0.703149
65 5.49837  1
105    0
66 6.63915  1
105    0
67 10.3645  1
92    0.848979
68 12.5295  1
105    0
69 9.59914  1
96    0.736567
70 10.0301  1
105    0
71 11.4373  1
105    0
72 6.03244  1
105    0
73 8.38328  1
105    0
74 6.0596  1
105    0
75 8.47179  10
82    1.11143
83    0.844218
84    1.17166
85    1.0409
86    1.2139
87    1.17885
88    1.06439
89    1.29062
90    0.829368
91    1.12315
76 6.34861  1
93    0.883532
77 9.41572  1
92    1.09166
78 9.43129  1
105    0
79 9.48195  1
105    0
80 9.64736  1
105    0
81 10.1875  1
92    0.779653
82 11.9515  1
105    0
83 7.71157  1
105    0
84 13.8665  1
92    0.882488
85 13.9654  1
105    0
86 14.2883  1
105    0
87 5.34242  1
105    0
88 6.1298  1
105    0
89 8.70098  1
105    0
90 7.09723  1
93    0.834733
91 11.8603  1
105    0
92 7.41371  1
105    0
93 12.8939  1
105    0
94 10.7894  1
105    0
95 13.9169  1
105    0
96 14.1299  1
105    0
97 14.8254  1
105    0
98 7.09632  1
105    0
99 11.8572  1
105    0
100 7.40364  1
105    0
101 12.861  1
105    0
102 10.6816  1
105    0
103 13.565  1
105    0
104 12.9809  1
105    0
105 0  0
