85
0 8.5081  5
1    1.0409
14    0.939729
15    1.06633
32    1.09638
60    0.761946
1 6.46733  3
2    1.2139
14    0.924787
77    0.844218
2 9.80331  10
3    1.17885
4    1.06439
5    1.29062
6    0.829368
7    1.12315
8    0.882488
9    1.29663
10    0.848979
11    1.1872
12    1.09166
3 10.6969  3
13    0.779653
14    1.14068
36    1.13764
4 13.6151  4
13    0.952364
14    0.700018
32    1.2169
60    1.08624
5 13.1442  9
17    1.10321
18    0.817374
19    1.08398
20    0.754585
21    0.878954
22    1.28509
23    0.811313
33    1.17334
36    0.851067
6 11.6063  1
15    1.0929
7 6.58452  3
15    0.710987
35    1.29198
68    0.922059
8 10.186  2
15    0.703149
33    1.01116
9 11.9466  3
14    0.700751
15    0.974081
34    0.867766
10 7.6957  5
13    0.960805
14    0.883532
15    0.820103
32    0.988198
35    1.24855
11 13.8147  6
14    0.834733
15    0.995706
33    1.22412
34    1.04639
36    0.929786
68    0.720545
12 13.796  4
15    0.783718
16    1.29696
32    1.13172
34    0.715455
13 13.7353  2
16    1.19074
33    0.861742
14 13.5369  2
15    0.736567
32    1.04181
15 12.889  2
16    0.85006
83    1.09166
16 10.7732  2
34    0.751161
35    0.833799
17 13.8641  1
33    1.21222
18 13.9575  3
32    0.910486
34    1.25574
83    0.848979
19 14.2624  2
33    0.795071
34    1.23745
20 5.25758  8
24    1.06421
25    1.29002
26    0.827409
27    1.11676
28    0.861632
29    1.22851
30    1.22657
31    1.22022
21 5.85269  1
77    1.0409
22 7.79611  1
33    1.1168
23 14.1424  5
78    1.17885
79    1.06439
80    1.29062
81    0.829368
82    1.12315
24 14.8663  2
33    1.22776
77    1.17166
25 7.22999  1
84    0
26 12.2939  2
32    1.18865
34    1.23185
27 8.82977  1
84    0
28 7.51778  7
54    1.07642
55    0.729902
56    0.798349
57    1.02187
58    1.15177
59    0.975948
68    1.23199
29 13.2336  1
32    1.19947
30 11.8984  2
32    0.78804
33    1.22888
31 7.53822  1
67    1.01125
32 13.3004  7
37    1.19402
38    1.1139
39    0.852293
40    1.19803
41    1.127
42    0.89505
67    0.968917
33 12.1166  4
43    0.737629
44    0.823582
45    1.10427
46    0.820853
34 8.25083  5
47    1.09536
48    0.79172
49    1.00021
50    1.08104
51    0.744972
35 5.62716  2
52    0.847551
53    1.18253
36 7.05969  1
84    0
37 11.7379  1
83    1.29663
38 7.01422  1
84    0
39 11.5893  1
84    0
40 6.52867  1
84    0
41 10.0035  1
77    1.11143
42 11.3506  1
69    0.825834
43 5.74953  1
83    1.1872
44 7.45918  1
84    0
45 13.0422  1
77    1.2139
46 11.2737  1
60    1.0018
47 5.49837  1
68    0.767788
48 6.63915  1
68    1.2573
49 10.3645  1
84    0
50 12.5295  1
84    0
51 9.59914  1
84    0
52 10.0301  1
84    0
53 11.4373  2
67    0.978841
68    1.23793
54 6.03244  1
84    0
55 8.38328  1
84    0
56 6.0596  3
68    0.862694
77    0.825779
83    0.882488
57 8.47179  1
84    0
58 6.34861  1
84    0
59 9.41572  6
61    0.902997
62    0.763576
63    0.908307
64    0.780917
65    0.964943
66    0.965877
60 9.43129  1
84    0
61 9.48195  1
84    0
62 9.64736  1
84    0
63 10.1875  1
67    1.11709
64 11.9515  1
84    0
65 7.71157  7
70    1.11162
71    0.844823
72    1.17364
73    1.04736
74    1.23501
75    1.24779
76    1.28953
66 13.8665  1
84    0
67 13.9654  1
84    0
68 14.2883  1
84    0
69 5.34242  1
84    0
70 6.1298  1
84    0
71 8.70098  1
84    0
72 7.09723  1
84    0
73 11.8603  1
84    0
74 7.41371  1
84    0
75 12.8939  1
84    0
76 10.7894  1
84    0
77 13.9169  1
84    0
78 14.1299  1
84    0
79 14.8254  1
84    0
80 7.09632  1
84    0
81 11.8572  1
84    0
82 7.40364  1
84    0
83 12.861  1
84    0
84 0  0
