65
0 11.8984  3
1    11.872
2    10.9166
39    12.2776
1 7.53822  9
3    7.79653
4    9.60805
5    9.52364
6    9.24787
7    8.34733
8    11.4068
9    9.39729
10    8.83532
34    9.10486
2 13.3004  2
14    7.36567
34    8.61632
3 12.1166  2
35    10.4181
36    12.169
4 8.25083  9
15    10.929
16    7.83718
17    9.74081
18    9.95706
19    10.6633
20    12.9696
21    8.5006
22    11.9074
34    11.9947
5 5.62716  1
39    7.95071
6 7.05969  6
11    7.00018
12    7.00751
13    7.0315
14    8.20103
38    10.9638
39    12.2412
7 11.7379  8
24    8.17374
25    10.8398
26    7.54585
27    8.78954
28    12.8509
29    8.11313
30    10.6421
31    12.9002
8 7.01422  1
34    12.2851
9 11.5893  1
64    0
10 6.52867  1
64    0
11 10.0035  1
64    0
12 11.3506  1
64    0
13 5.74953  1
14    7.10987
14 7.45918  1
34    7.8804
15 13.0422  2
34    12.2657
39    10.1116
16 11.2737  1
64    0
17 5.49837  1
64    0
18 6.63915  1
23    11.0321
19 10.3645  3
32    8.27409
33    11.1676
39    11.7334
20 12.5295  6
40    12.3185
41    12.3745
42    12.5574
43    7.15455
44    7.51161
45    8.67766
21 9.59914  1
37    11.8865
22 10.0301  2
34    11.3172
39    12.1222
23 11.4373  1
39    10.4639
24 6.03244  1
64    0
25 8.38328  1
34    9.88198
26 6.0596  8
46    12.4855
47    12.9198
48    8.33799
49    11.3764
50    9.29786
51    8.51067
52    11.9402
53    11.139
27 8.47179  1
64    0
28 6.34861  1
39    8.61742
29 9.41572  1
64    0
30 9.43129  1
64    0
31 9.48195  1
64    0
32 9.64736  1
34    12.2022
33 10.1875  1
64    0
34 11.9515  1
39    11.168
35 7.71157  1
64    0
36 13.8665  1
64    0
37 13.9654  1
39    12.2888
38 14.2883  1
64    0
39 5.34242  10
54    8.52293
55    11.9803
56    11.27
57    8.9505
58    7.37629
59    8.23582
60    11.0427
61    8.20853
62    10.9536
63    7.9172
40 6.1298  1
64    0
41 8.70098  1
64    0
42 7.09723  1
64    0
43 11.8603  1
64    0
44 7.41371  1
64    0
45 12.8939  1
64    0
46 10.7894  1
64    0
47 13.9169  1
64    0
48 14.1299  1
64    0
49 14.8254  1
64    0
50 7.09632  1
64    0
51 11.8572  1
64    0
52 7.40364  1
64    0
53 12.861  1
64    0
54 10.6816  1
64    0
55 13.565  1
64    0
56 12.9809  1
64    0
57 11.0732  1
64    0
58 14.8437  1
64    0
59 7.15613  1
64    0
60 12.0525  1
64    0
61 8.04147  1
64    0
62 14.9438  1
64    0
63 7.48299  1
64    0
64 0  0
