89
0 6.58452  10
1    1.09166
2    0.779653
3    0.960805
4    0.952364
5    0.924787
6    0.834733
7    1.14068
8    0.939729
9    0.883532
24    1.19947
1 10.186  2
23    1.28509
32    1.22412
2 11.9466  3
13    0.710987
24    1.22851
60    0.798349
3 7.6957  1
23    0.811313
4 13.8147  4
23    0.754585
24    1.22657
32    1.22888
60    0.729902
5 13.796  2
23    0.878954
24    0.861632
6 13.7353  7
33    1.21222
34    1.17334
35    1.04639
36    1.23185
37    1.23745
38    1.25574
78    0.720545
7 13.5369  4
10    0.700018
11    0.700751
12    0.703149
32    1.1168
8 12.889  1
32    1.22776
9 10.7732  8
14    0.736567
15    0.820103
16    1.0929
17    0.783718
18    0.974081
19    0.995706
20    1.06633
21    1.29696
10 13.8641  4
22    0.85006
23    1.08398
24    1.22022
78    1.17364
11 13.9575  7
68    0.908307
69    0.780917
70    0.964943
71    0.965877
72    0.968917
73    0.978841
74    1.01125
12 14.2624  1
23    1.29002
13 5.25758  1
32    1.01116
14 5.85269  1
24    0.827409
15 7.79611  1
23    1.06421
16 14.1424  1
78    1.11162
17 14.8663  1
60    1.07642
18 7.22999  3
23    1.10321
24    0.910486
32    0.861742
19 12.2939  1
24    1.13172
20 8.82977  2
22    1.19074
23    0.817374
21 7.51778  1
24    1.11676
22 13.2336  1
88    0
23 11.8984  1
88    0
24 7.53822  7
25    0.78804
26    0.988198
27    1.04181
28    1.2169
29    1.18865
30    1.09638
31    0.795071
25 13.3004  8
52    1.10427
53    0.820853
54    1.09536
55    0.79172
56    1.00021
57    1.08104
58    0.744972
59    0.847551
26 12.1166  1
88    0
27 8.25083  1
44    1.19402
28 5.62716  1
88    0
29 7.05969  9
79    1.23501
80    1.24779
81    1.28953
82    0.825779
83    1.11143
84    0.844218
85    1.17166
86    1.0409
87    1.2139
30 11.7379  4
40    0.751161
41    0.867766
42    1.24855
43    1.29198
31 7.01422  1
78    0.825834
32 11.5893  1
44    1.13764
33 6.52867  1
88    0
34 10.0035  2
45    1.1139
46    0.852293
35 11.3506  1
88    0
36 5.74953  1
44    0.851067
37 7.45918  1
88    0
38 13.0422  2
39    0.715455
78    0.844823
39 11.2737  1
44    0.929786
40 5.49837  1
44    0.833799
41 6.63915  3
75    1.11709
76    0.862694
77    1.23199
42 10.3645  5
47    1.19803
48    1.127
49    0.89505
50    0.737629
51    0.823582
43 12.5295  1
88    0
44 9.59914  1
88    0
45 10.0301  1
88    0
46 11.4373  1
88    0
47 6.03244  1
88    0
48 8.38328  1
60    1.18253
49 6.0596  1
78    1.04736
50 8.47179  1
88    0
51 6.34861  1
88    0
52 9.41572  1
88    0
53 9.43129  1
88    0
54 9.48195  1
88    0
55 9.64736  1
61    1.15177
56 10.1875  1
61    1.02187
57 11.9515  1
88    0
58 7.71157  1
88    0
59 13.8665  1
78    0.922059
60 13.9654  6
62    0.975948
63    1.0018
64    1.08624
65    0.761946
66    0.902997
67    0.763576
61 14.2883  1
88    0
62 5.34242  1
88    0
63 6.1298  1
88    0
64 8.70098  1
88    0
65 7.09723  1
78    0.767788
66 11.8603  1
88    0
67 7.41371  1
88    0
68 12.8939  1
78    1.23793
69 10.7894  1
88    0
70 13.9169  1
88    0
71 14.1299  1
88    0
72 14.8254  1
88    0
73 7.09632  1
88    0
74 11.8572  1
88    0
75 7.40364  1
88    0
76 12.861  1
78    1.2573
77 10.6816  1
88    0
78 13.565  1
88    0
79 12.9809  1
88    0
80 11.0732  1
88    0
81 14.8437  1
88    0
82 7.15613  1
88    0
83 12.0525  1
88    0
84 8.04147  1
88    0
85 14.9438  1
88    0
86 7.48299  1
88    0
87 13.1201  1
88    0
88 0  0
