215
0 14.9493  10
1    9.64943
2    9.65877
3    9.68917
4    9.78841
5    10.1125
9    11.1143
34    8.20103
37    8.17374
44    12.2657
80    7.61946
1 7.50099  2
6    12.3199
7    8.25834
2 13.179  8
6    11.1709
7    7.20545
9    10.4736
35    12.9696
61    10.4639
71    8.47551
80    7.80917
192    7.54585
3 11.7202  5
7    12.573
9    8.25779
71    11.0427
180    11.1143
182    11.872
4 6.95624  6
6    8.62694
7    9.22059
8    8.44823
9    12.3501
82    8.62694
106    9.74081
5 11.3997  6
6    12.3793
7    11.1162
9    8.44218
37    7.54585
61    12.2412
183    10.9166
6 5.90976  5
7    7.67788
35    8.5006
103    8.34733
182    8.48979
192    12.8509
7 7.98257  3
8    11.7364
9    12.8953
37    8.78954
8 14.7516  1
9    12.478
9 6.85522  10
10    11.7166
11    10.409
12    12.139
13    11.7885
14    10.6439
15    12.9062
16    8.29368
17    11.2315
18    8.82488
80    9.78841
10 11.0701  7
19    12.9663
20    8.48979
21    11.872
22    10.9166
23    7.79653
24    9.60805
163    9.02997
11 14.8337  1
163    7.61946
12 7.12348  3
61    12.1222
106    10.929
191    11.9074
13 11.946  1
62    7.51161
14 7.69387  2
106    8.20103
154    8.47551
15 13.8086  5
34    7.36567
37    12.8509
152    11.139
180    8.25779
193    12.2851
16 13.7762  2
71    7.9172
194    7.8804
17 13.6703  10
25    9.52364
26    9.24787
27    8.34733
28    11.4068
29    9.39729
30    8.83532
31    7.00018
32    7.00751
33    7.0315
34    10.929
18 13.3245  1
61    11.7334
19 12.1953  3
34    7.83718
80    9.68917
102    12.9663
20 8.5081  2
71    10.8104
151    11.9402
21 6.46733  1
214    0
22 9.80331  2
71    8.20853
205    12.3745
23 10.6969  5
34    9.95706
35    10.6633
37    10.8398
81    10.1125
151    9.29786
24 13.6151  4
34    7.10987
37    8.11313
151    8.33799
184    7.10987
25 13.1442  8
45    12.2022
46    11.9947
47    11.3172
48    9.10486
49    7.8804
50    9.88198
51    10.4181
82    12.3199
26 11.6063  2
62    12.5574
80    9.65877
27 6.58452  3
37    11.0321
102    8.48979
182    12.139
28 10.186  1
103    9.52364
29 11.9466  2
61    12.3745
62    8.33799
30 7.6957  3
34    9.74081
106    7.00018
182    11.7885
31 13.8147  2
62    12.9198
103    11.4068
32 13.796  3
38    10.6421
39    12.9002
71    11.8253
33 13.7353  2
71    7.44972
106    7.36567
34 13.5369  2
80    9.64943
183    8.83532
35 12.889  2
36    11.9074
182    12.9062
36 10.7732  2
62    12.4855
205    12.4855
37 13.8641  1
182    12.9663
38 13.9575  6
40    8.27409
41    11.1676
42    8.61632
43    12.2851
106    7.10987
193    8.27409
39 14.2624  1
83    12.573
40 5.25758  10
133    7.95071
134    10.1116
135    11.168
136    8.61742
137    12.2888
138    12.2776
139    12.2412
140    12.1222
141    11.7334
142    10.4639
41 5.85269  1
214    0
42 7.79611  2
62    8.51067
153    8.20853
43 14.1424  1
214    0
44 14.8663  1
61    12.3185
45 7.22999  1
62    7.15455
46 12.2939  1
62    9.29786
47 8.82977  1
214    0
48 7.51778  1
71    10.0021
49 13.2336  2
62    8.67766
102    12.9062
50 11.8984  10
52    12.169
53    11.8865
54    10.9638
55    7.95071
56    10.1116
57    11.168
58    8.61742
59    12.2888
60    12.2776
62    11.3764
51 7.53822  1
214    0
52 13.3004  1
184    7.0315
53 12.1166  2
102    10.6439
171    11.1709
54 8.25083  2
151    8.51067
153    8.9505
55 5.62716  10
72    10.7642
73    7.29902
74    7.98349
75    10.2187
76    11.5177
77    9.75948
78    10.018
79    10.8624
152    11.27
182    8.29368
56 7.05969  3
82    11.1709
102    11.2315
106    7.83718
57 11.7379  8
63    11.9402
64    11.139
65    8.52293
66    11.9803
67    11.27
68    8.9505
69    7.37629
70    8.23582
58 7.01422  1
193    12.2657
59 11.5893  4
82    12.3793
152    8.52293
153    10.9536
205    8.67766
60 6.52867  1
214    0
61 10.0035  1
80    9.02997
62 11.3506  1
71    10.9536
63 5.74953  1
125    12.2022
64 7.45918  1
214    0
65 13.0422  1
80    7.63576
66 11.2737  1
171    10.1125
67 5.49837  1
214    0
68 6.63915  2
106    7.00751
183    11.4068
69 10.3645  2
182    10.6439
191    8.5006
70 12.5295  1
80    9.08307
71 9.59914  1
214    0
72 10.0301  8
94    12.8953
95    8.25779
96    11.1143
97    8.44218
98    11.7166
99    10.409
100    12.139
101    11.7885
73 11.4373  2
154    7.44972
163    10.8624
74 6.03244  3
154    10.8104
183    7.00018
193    8.61632
75 8.38328  8
126    9.10486
127    7.8804
128    9.88198
129    10.4181
130    12.169
131    11.8865
132    10.9638
153    11.0427
76 6.0596  2
104    9.39729
105    8.83532
77 8.47179  1
183    7.79653
78 6.34861  1
214    0
79 9.41572  1
102    10.9166
80 9.43129  1
214    0
81 9.48195  10
84    7.20545
85    7.67788
86    9.22059
87    8.25834
88    11.1162
89    8.44823
90    11.7364
91    10.4736
92    12.3501
93    12.478
82 9.64736  1
102    8.82488
83 10.1875  1
183    9.39729
84 11.9515  1
214    0
85 7.71157  2
106    7.0315
182    11.2315
86 13.8665  1
214    0
87 13.9654  1
214    0
88 14.2883  1
214    0
89 5.34242  1
102    8.29368
90 6.1298  8
107    10.6633
108    12.9696
109    8.5006
110    11.9074
111    11.0321
112    8.17374
113    10.8398
114    7.54585
91 8.70098  1
153    7.9172
92 7.09723  1
214    0
93 11.8603  4
103    9.24787
171    12.3199
183    9.60805
194    12.169
94 7.41371  1
214    0
95 12.8939  1
185    8.20103
96 10.7894  1
103    7.79653
97 13.9169  1
192    10.8398
98 14.1299  3
102    11.872
103    9.60805
184    7.00751
99 14.8254  1
171    12.3793
100 7.09632  1
183    8.34733
101 11.8572  9
115    8.78954
116    12.8509
117    8.11313
118    10.6421
119    12.9002
120    8.27409
121    11.1676
151    11.3764
153    10.0021
102 7.40364  3
106    9.95706
180    11.7166
194    10.4181
103 12.861  1
182    8.82488
104 10.6816  1
214    0
105 13.565  1
194    11.3172
106 12.9809  1
214    0
107 11.0732  1
125    11.9947
108 14.8437  1
125    11.3172
109 7.15613  1
214    0
110 12.0525  1
214    0
111 8.04147  3
122    8.61632
123    12.2851
124    12.2657
112 14.9438  1
214    0
113 7.48299  1
214    0
114 13.1201  1
214    0
115 11.5276  1
214    0
116 6.32756  1
214    0
117 9.34675  9
143    12.3185
144    12.3745
145    12.5574
146    7.15455
147    7.51161
148    8.67766
149    12.4855
150    12.9198
180    12.8953
118 9.20606  1
214    0
119 8.74645  1
214    0
120 7.24555  1
214    0
121 12.3446  1
184    7.36567
122 8.99548  1
214    0
123 8.05887  1
180    12.3501
124 5.00031  1
214    0
125 5.01251  1
214    0
126 5.05249  1
152    11.9803
127 5.18311  1
214    0
128 5.60945  1
205    7.51161
129 7.00171  1
214    0
130 11.5484  1
214    0
131 6.39531  2
191    8.17374
192    8.78954
132 9.56801  1
194    11.9947
133 9.92843  1
153    8.23582
134 11.1055  1
214    0
135 14.9493  1
214    0
136 7.50099  8
172    7.20545
173    7.67788
174    9.22059
175    8.25834
176    11.1162
177    8.44823
178    11.7364
179    10.4736
137 13.179  3
155    11.8253
156    10.7642
157    7.29902
138 11.7202  1
214    0
139 6.95624  1
214    0
140 11.3997  5
158    7.98349
159    10.2187
160    11.5177
161    9.75948
162    10.018
141 5.90976  1
171    12.573
142 7.98257  1
214    0
143 14.7516  1
214    0
144 6.85522  1
214    0
145 11.0701  1
214    0
146 14.8337  1
214    0
147 7.12348  1
214    0
148 11.946  2
181    10.409
183    9.24787
149 7.69387  1
214    0
150 13.8086  1
153    7.37629
151 13.7762  7
164    7.63576
165    9.08307
166    7.80917
167    9.64943
168    9.65877
169    9.68917
170    9.78841
152 13.6703  1
193    12.9002
153 13.3245  2
171    8.62694
193    10.6421
154 12.1953  1
214    0
155 8.5081  1
180    12.478
156 6.46733  1
214    0
157 9.80331  2
180    8.44218
186    7.83718
158 10.6969  1
214    0
159 13.6151  2
191    11.0321
205    7.15455
160 13.1442  1
183    9.52364
161 11.6063  1
214    0
162 6.58452  1
214    0
163 10.186  1
214    0
164 11.9466  1
214    0
165 7.6957  1
214    0
166 13.8147  1
194    9.10486
167 13.796  1
193    8.11313
168 13.7353  1
214    0
169 13.5369  1
194    10.9638
170 12.889  1
214    0
171 10.7732  1
214    0
172 13.8641  1
214    0
173 13.9575  4
187    9.74081
188    9.95706
189    10.6633
190    12.9696
174 14.2624  1
205    12.5574
175 5.25758  1
194    11.8865
176 5.85269  1
214    0
177 7.79611  1
214    0
178 14.1424  1
193    11.1676
179 14.8663  1
214    0
180 7.22999  1
214    0
181 12.2939  1
193    12.2022
182 8.82977  1
214    0
183 7.51778  1
186    10.929
184 13.2336  1
214    0
185 11.8984  1
214    0
186 7.53822  1
214    0
187 13.3004  1
214    0
188 12.1166  1
194    7.95071
189 8.25083  1
214    0
190 5.62716  10
195    10.1116
196    11.168
197    8.61742
198    12.2888
199    12.2776
200    12.2412
201    12.1222
202    11.7334
203    10.4639
204    12.3185
191 7.05969  1
214    0
192 11.7379  1
214    0
193 7.01422  1
194    9.88198
194 11.5893  1
214    0
195 6.52867  1
214    0
196 10.0035  1
214    0
197 11.3506  8
206    12.9198
207    8.33799
208    11.3764
209    9.29786
210    8.51067
211    11.9402
212    11.139
213    8.52293
198 5.74953  1
214    0
199 7.45918  1
214    0
200 13.0422  1
214    0
201 11.2737  1
214    0
202 5.49837  1
214    0
203 6.63915  1
214    0
204 10.3645  1
214    0
205 12.5295  1
214    0
206 9.59914  1
214    0
207 10.0301  1
214    0
208 11.4373  1
214    0
209 6.03244  1
214    0
210 8.38328  1
214    0
211 6.0596  1
214    0
212 8.47179  1
214    0
213 6.34861  1
214    0
214 0  0
