110
0 13.1201  2
1    6.28649
4    4.12917
1 11.5276  6
2    3.60273
3    3.83894
5    5.55808
27    3.55493
37    5.51605
70    3.80973
2 6.32756  10
16    5.89427
17    5.32196
18    6.45312
19    4.14684
20    5.61576
21    4.41244
22    6.48315
23    4.2449
24    5.93602
25    5.45828
3 9.34675  5
4    4.61029
5    4.22411
26    4.80403
41    6.10109
56    4.33883
4 9.20606  2
5    5.86818
98    3.68284
5 8.74645  10
6    5.23681
7    6.17507
8    6.23898
9    6.44763
10    4.12889
11    5.55716
12    4.22109
13    5.85829
14    5.20449
15    6.06951
6 7.24555  3
26    3.89827
27    5.70338
56    6.4599
7 12.3446  3
27    3.51575
28    3.68284
64    3.68815
8 8.99548  3
41    4.55243
70    3.64951
72    5.58545
9 8.05887  1
109    0
10 5.00031  2
39    5.32104
90    5.93602
11 5.01251  1
37    3.77293
12 5.05249  3
38    4.05657
50    6.12059
56    4.169
13 5.18311  3
27    3.50009
37    5.41992
72    6.15996
14 5.60945  2
26    4.76182
27    4.69865
15 7.00171  1
70    4.51498
16 11.5484  2
40    4.30816
71    3.90458
17 6.39531  2
27    4.41766
72    4.89421
18 9.56801  2
26    4.62394
40    4.13704
19 9.92843  2
27    4.17367
98    3.51575
20 11.1055  3
28    4.10051
56    6.24273
103    4.05657
21 14.9493  1
109    0
22 7.50099  9
29    5.46451
30    3.91859
31    4.8704
32    4.97853
33    5.33166
34    6.4848
35    4.2503
36    5.95369
37    4.39477
23 13.179  2
27    3.50375
98    4.10051
24 11.7202  2
64    5.47678
90    6.48315
25 6.95624  1
56    3.57727
26 11.3997  1
37    4.08687
27 5.90976  3
37    6.42547
41    5.99736
72    3.60273
28 7.98257  1
40    6.14257
29 14.7516  1
50    5.58399
30 6.85522  1
72    6.18963
31 11.0701  1
40    6.13286
32 14.8337  2
50    6.1444
72    6.28649
33 7.12348  3
41    5.6586
64    4.10427
91    3.89827
34 11.946  6
51    6.06108
52    5.86671
53    5.23196
54    6.15923
55    6.18725
64    4.11791
35 7.69387  9
42    3.9402
43    4.94099
44    5.20907
45    6.08452
46    5.94325
47    5.4819
48    3.97536
49    5.0558
70    3.99174
36 13.8086  2
40    5.5838
71    4.84458
37 13.7762  2
40    6.4501
90    4.2449
38 13.6703  1
64    5.52136
39 13.3245  7
65    5.40518
66    3.72486
67    4.23775
68    5.91267
69    5.38211
70    5.00902
72    3.83894
40 12.1953  1
109    0
41 8.5081  2
64    5.63498
71    4.54154
42 6.46733  1
50    4.30871
43 9.80331  1
64    5.00105
44 10.6969  4
56    3.75581
70    5.75886
71    3.81788
103    4.08687
45 13.6151  2
72    4.61029
98    3.55493
46 13.1442  1
109    0
47 11.6063  1
109    0
48 6.58452  2
50    6.13881
90    5.45828
49 10.186  1
109    0
50 11.9466  7
57    5.68818
58    4.64893
59    4.25533
60    5.97008
61    5.56952
62    4.26147
63    5.99013
51 7.6957  1
64    3.9586
52 13.8147  3
70    5.10936
71    4.82472
91    4.76182
53 13.796  1
90    4.41244
54 13.7353  1
56    6.27871
55 13.5369  1
109    0
56 12.889  7
84    5.85829
85    5.20449
86    6.06951
87    5.89427
88    5.32196
89    6.45312
91    4.80403
57 10.7732  1
109    0
58 13.8641  2
70    5.43118
72    5.05626
59 13.9575  1
70    4.87974
60 14.2624  1
64    4.47525
61 5.25758  1
90    5.61576
62 5.85269  1
103    5.95369
63 7.79611  1
109    0
64 14.1424  1
72    4.31347
65 14.8663  1
103    4.39477
66 7.22999  1
109    0
67 12.2939  1
109    0
68 8.82977  2
71    4.82939
103    5.51605
69 7.51778  8
73    4.12917
74    5.55808
75    4.22411
76    5.86818
77    5.23681
78    6.17507
79    6.23898
80    6.44763
70 13.2336  6
92    4.17367
93    5.70338
94    4.69865
95    4.41766
96    3.50009
97    3.50375
71 11.8984  1
109    0
72 7.53822  1
103    6.42547
73 13.3004  1
109    0
74 12.1166  1
109    0
75 8.25083  1
90    4.14684
76 5.62716  1
109    0
77 7.05969  2
98    5.46451
103    3.77293
78 11.7379  1
109    0
79 7.01422  4
81    4.12889
82    5.55716
83    4.22109
91    4.62394
80 11.5893  1
109    0
81 6.52867  1
103    6.4848
82 10.0035  5
104    5.32104
105    6.4501
106    4.13704
107    5.5838
108    4.30816
83 11.3506  1
109    0
84 5.74953  1
109    0
85 7.45918  4
99    3.91859
100    4.8704
101    4.97853
102    5.33166
86 13.0422  1
103    4.2503
87 11.2737  1
109    0
88 5.49837  1
109    0
89 6.63915  1
109    0
90 10.3645  1
109    0
91 12.5295  1
109    0
92 9.59914  1
109    0
93 10.0301  1
109    0
94 11.4373  1
109    0
95 6.03244  1
109    0
96 8.38328  1
109    0
97 6.0596  1
109    0
98 8.47179  1
109    0
99 6.34861  1
109    0
100 9.41572  1
109    0
101 9.43129  1
103    5.41992
102 9.48195  1
109    0
103 9.64736  1
109    0
104 10.1875  1
109    0
105 11.9515  1
109    0
106 7.71157  1
109    0
107 13.8665  1
109    0
108 13.9654  1
109    0
109 0  0
