60
0 6.85522  10
1    39.9174
2    51.0936
3    57.5886
4    48.7974
5    50.0902
6    54.3118
7    38.0973
8    45.1498
9    38.1788
10    45.4154
1 11.0701  5
17    55.5808
18    42.2411
19    58.6818
20    62.3898
21    64.5312
2 14.8337  2
15    61.5996
20    41.2889
3 7.12348  2
15    48.9421
52    64.501
4 11.946  1
21    53.2196
5 7.69387  2
20    58.5829
52    61.3286
6 13.8086  1
15    38.3894
7 13.7762  2
15    43.1347
21    52.0449
8 13.6703  2
15    46.1029
21    44.1244
9 13.3245  2
15    50.5626
20    55.5716
10 12.1953  6
11    39.0458
12    48.2472
13    48.2939
14    48.4458
20    64.4763
52    53.2104
11 8.5081  1
15    36.0273
12 6.46733  2
15    62.8649
20    42.2109
13 9.80331  1
15    61.8963
14 10.6969  3
15    55.8545
16    41.2917
21    60.6951
15 13.6151  2
20    61.7507
52    41.3704
16 13.1442  3
20    52.3681
32    44.1766
52    61.4257
17 11.6063  1
21    58.9427
18 6.58452  1
21    56.1576
19 10.186  1
21    41.4684
20 11.9466  1
59    0
21 7.6957  7
22    64.8315
23    42.449
24    59.3602
25    54.5828
26    38.9827
27    48.0403
28    47.6182
22 13.8147  3
29    46.2394
30    41.7367
31    57.0338
23 13.796  1
59    0
24 13.7353  1
32    46.9865
25 13.5369  10
33    35.0009
34    35.0375
35    35.1575
36    35.5493
37    36.8284
38    41.0051
39    54.6451
40    39.1859
41    48.704
42    49.7853
26 12.889  1
59    0
27 10.7732  1
59    0
28 13.8641  1
52    64.2547
29 13.9575  1
59    0
30 14.2624  1
59    0
31 5.25758  9
43    53.3166
44    64.848
45    42.503
46    59.5369
47    55.1605
48    40.8687
49    54.1992
50    37.7293
51    43.9477
32 5.85269  1
59    0
33 7.79611  1
59    0
34 14.1424  1
52    40.5657
35 14.8663  1
59    0
36 7.22999  1
59    0
37 12.2939  1
59    0
38 8.82977  1
59    0
39 7.51778  1
59    0
40 13.2336  1
59    0
41 11.8984  1
59    0
42 7.53822  1
59    0
43 13.3004  1
59    0
44 12.1166  1
52    43.0816
45 8.25083  1
59    0
46 5.62716  1
52    55.838
47 7.05969  6
53    59.9736
54    56.586
55    45.5243
56    39.402
57    49.4099
58    52.0907
48 11.7379  1
52    61.0109
49 7.01422  1
59    0
50 11.5893  1
59    0
51 6.52867  1
59    0
52 10.0035  1
59    0
53 11.3506  1
59    0
54 5.74953  1
59    0
55 7.45918  1
59    0
56 13.0422  1
59    0
57 11.2737  1
59    0
58 5.49837  1
59    0
59 0  0
