43
0 6.39531  3
1    12.3745
2    7.15455
20    9.08307
1 9.56801  1
2    12.5574
2 9.92843  8
3    7.51161
4    8.67766
5    12.4855
6    12.9198
7    8.33799
8    11.3764
17    7.37629
19    10.8624
3 11.1055  2
17    10.9536
18    8.47551
4 14.9493  2
17    7.9172
30    11.1162
5 7.50099  8
9    9.29786
10    8.51067
11    11.9402
12    11.139
13    8.52293
14    11.9803
15    11.27
16    8.9505
6 13.179  2
17    8.23582
18    7.29902
7 11.7202  2
17    11.0427
18    11.8253
8 6.95624  2
19    11.5177
20    7.80917
9 11.3997  1
19    10.2187
10 5.90976  2
21    9.65877
30    9.22059
11 7.98257  1
18    10.0021
12 14.7516  1
19    7.98349
13 6.85522  4
18    7.44972
19    10.018
20    9.02997
30    11.7364
14 11.0701  1
18    10.8104
15 14.8337  2
17    8.20853
19    7.61946
16 7.12348  1
18    10.7642
17 11.946  1
20    7.63576
18 7.69387  1
19    9.75948
19 13.8086  2
20    9.64943
30    7.20545
20 13.7762  1
42    0
21 13.6703  9
22    9.68917
23    9.78841
24    10.1125
25    11.1709
26    8.62694
27    12.3199
28    12.3793
29    12.573
30    7.67788
22 13.3245  2
40    12.139
41    11.7885
23 12.1953  1
42    0
24 8.5081  1
42    0
25 6.46733  1
30    8.44823
26 9.80331  1
42    0
27 10.6969  1
30    8.25834
28 13.6151  9
31    10.4736
32    12.3501
33    12.478
34    12.8953
35    8.25779
36    11.1143
37    8.44218
38    11.7166
39    10.409
29 13.1442  1
42    0
30 11.6063  1
42    0
31 6.58452  1
42    0
32 10.186  1
42    0
33 11.9466  1
42    0
34 7.6957  1
42    0
35 13.8147  1
42    0
36 13.796  1
42    0
37 13.7353  1
42    0
38 13.5369  1
42    0
39 12.889  1
42    0
40 10.7732  1
42    0
41 13.8641  1
42    0
42 0  0
