65
0 7.51778  7
1    6.48315
2    4.2449
3    5.93602
4    5.45828
5    3.89827
6    4.80403
7    4.76182
1 13.2336  10
8    4.62394
9    4.17367
10    5.70338
11    4.69865
12    4.41766
13    3.50009
14    3.50375
15    3.51575
16    3.55493
17    3.68284
2 11.8984  1
64    0
3 7.53822  1
40    3.97536
4 13.3004  1
64    0
5 12.1166  1
64    0
6 8.25083  1
40    5.94325
7 5.62716  5
18    4.10051
19    5.46451
20    3.91859
21    4.8704
22    4.97853
8 7.05969  1
39    3.9402
9 11.7379  1
64    0
10 7.01422  1
40    5.20907
11 11.5893  1
39    6.13286
12 6.52867  1
64    0
13 10.0035  1
64    0
14 11.3506  1
64    0
15 5.74953  1
64    0
16 7.45918  1
64    0
17 13.0422  1
39    5.99736
18 11.2737  1
64    0
19 5.49837  6
41    5.0558
42    5.58399
43    4.30871
44    6.1444
45    6.13881
46    6.12059
20 6.63915  8
23    5.33166
24    6.4848
25    4.2503
26    5.95369
27    5.51605
28    4.08687
29    5.41992
30    3.77293
21 10.3645  1
64    0
22 12.5295  1
39    6.14257
23 9.59914  8
31    4.39477
32    6.42547
33    4.05657
34    5.32104
35    6.4501
36    4.13704
37    5.5838
38    4.30816
24 10.0301  1
64    0
25 11.4373  1
64    0
26 6.03244  9
47    6.06108
48    5.86671
49    5.23196
50    6.15923
51    6.18725
52    6.27871
53    3.57727
54    3.75581
55    4.33883
27 8.38328  1
64    0
28 6.0596  1
40    6.08452
29 8.47179  1
40    5.4819
30 6.34861  1
64    0
31 9.41572  1
39    6.10109
32 9.43129  1
39    4.55243
33 9.48195  8
56    6.24273
57    6.4599
58    4.169
59    5.68818
60    4.64893
61    4.25533
62    5.97008
63    5.56952
34 9.64736  1
40    4.94099
35 10.1875  1
39    5.6586
36 11.9515  1
64    0
37 7.71157  1
64    0
38 13.8665  1
64    0
39 13.9654  1
64    0
40 14.2883  1
64    0
41 5.34242  1
64    0
42 6.1298  1
64    0
43 8.70098  1
64    0
44 7.09723  1
64    0
45 11.8603  1
64    0
46 7.41371  1
64    0
47 12.8939  1
64    0
48 10.7894  1
64    0
49 13.9169  1
64    0
50 14.1299  1
64    0
51 14.8254  1
64    0
52 7.09632  1
64    0
53 11.8572  1
64    0
54 7.40364  1
64    0
55 12.861  1
64    0
56 10.6816  1
64    0
57 13.565  1
64    0
58 12.9809  1
64    0
59 11.0732  1
64    0
60 14.8437  1
64    0
61 7.15613  1
64    0
62 12.0525  1
64    0
63 8.04147  1
64    0
64 0  0
