116
0 8.25083  4
1    12.1222
2    11.7334
3    10.4639
5    7.15455
1 5.62716  3
3    12.3185
4    12.3745
5    7.51161
2 7.05969  3
4    12.5574
5    8.67766
28    7.80917
3 11.7379  4
26    10.2187
52    11.2315
59    9.74081
80    11.9402
4 7.01422  10
6    12.4855
7    12.9198
8    8.33799
9    11.3764
10    9.29786
11    8.51067
12    11.9402
13    11.139
14    8.52293
15    11.9803
5 11.5893  3
55    8.34733
56    11.4068
80    8.52293
6 6.52867  3
27    7.63576
72    12.2851
114    8.44218
7 10.0035  2
28    8.62694
114    11.7166
8 11.3506  2
26    8.47551
102    7.80917
9 5.74953  2
28    9.65877
52    9.60805
10 7.45918  1
26    10.7642
11 13.0422  10
18    7.37629
19    8.23582
20    11.0427
21    8.20853
22    10.9536
23    7.9172
24    10.0021
25    10.8104
26    9.75948
28    9.68917
12 11.2737  4
27    10.8624
59    8.20103
70    8.11313
79    8.51067
13 5.49837  4
16    11.27
17    8.9505
27    9.02997
78    12.2776
14 6.63915  1
73    12.2022
15 10.3645  3
26    7.29902
28    9.64943
78    11.7334
16 12.5295  2
26    11.5177
27    9.08307
17 9.59914  2
77    11.8865
78    12.1222
18 10.0301  2
28    9.78841
79    7.51161
19 11.4373  4
26    7.98349
27    7.61946
52    12.9663
77    11.168
20 6.03244  3
57    7.00751
59    7.83718
79    12.9198
21 8.38328  5
47    10.409
48    12.139
49    11.7885
50    10.6439
51    12.9062
22 6.0596  4
52    8.48979
57    7.10987
58    7.36567
78    12.2888
23 8.47179  3
26    7.44972
77    10.9638
79    12.4855
24 6.34861  3
26    11.8253
28    10.1125
52    10.9166
25 9.41572  1
28    11.1709
26 9.43129  2
27    10.018
77    12.169
27 9.48195  6
29    12.3199
30    12.3793
31    12.573
32    7.20545
33    7.67788
34    9.22059
28 9.64736  7
64    11.9074
65    11.0321
66    8.17374
67    10.8398
68    7.54585
69    8.78954
103    7.67788
29 10.1875  10
35    8.25834
36    11.1162
37    8.44823
38    11.7364
39    10.4736
40    12.3501
41    12.478
42    12.8953
43    8.25779
44    11.1143
30 11.9515  1
57    9.39729
31 7.71157  1
91    11.8253
32 13.8665  1
115    0
33 13.9654  3
52    8.82488
57    8.83532
91    10.7642
34 14.2883  2
45    8.44218
46    11.7166
35 5.34242  1
102    8.62694
36 6.1298  1
115    0
37 8.70098  2
77    7.95071
79    8.33799
38 7.09723  2
57    7.0315
71    8.27409
39 11.8603  2
77    10.4181
79    8.67766
40 7.41371  1
78    12.3185
41 12.8939  1
115    0
42 10.7894  1
91    8.47551
43 13.9169  2
53    9.52364
54    9.24787
44 14.1299  3
57    7.00018
73    12.2657
78    10.4639
45 14.8254  2
52    8.29368
71    11.1676
46 7.09632  3
52    11.872
70    10.6421
80    11.9803
47 11.8572  1
115    0
48 7.40364  3
78    12.2412
102    9.78841
103    12.3793
49 12.861  5
60    9.95706
61    10.6633
62    12.9696
63    8.5006
79    9.29786
50 10.6816  1
52    7.79653
51 13.565  1
115    0
52 12.9809  3
71    12.9002
73    11.9947
114    12.139
53 11.0732  1
79    7.15455
54 14.8437  1
59    10.929
55 7.15613  1
115    0
56 12.0525  1
71    8.61632
57 8.04147  10
81    11.27
82    8.9505
83    7.37629
84    8.23582
85    11.0427
86    8.20853
87    10.9536
88    7.9172
89    10.0021
90    10.8104
58 14.9438  1
115    0
59 7.48299  2
73    11.3172
79    11.3764
60 13.1201  1
102    10.1125
61 11.5276  2
70    12.8509
80    11.139
62 6.32756  1
115    0
63 9.34675  3
74    9.10486
75    7.8804
76    9.88198
64 9.20606  1
102    9.68917
65 8.74645  1
78    12.3745
66 7.24555  1
78    12.5574
67 12.3446  10
92    7.29902
93    7.98349
94    10.2187
95    11.5177
96    9.75948
97    10.018
98    10.8624
99    7.61946
100    9.02997
101    7.63576
68 8.99548  10
104    9.22059
105    8.25834
106    11.1162
107    8.44823
108    11.7364
109    10.4736
110    12.3501
111    12.478
112    12.8953
113    8.25779
69 8.05887  1
115    0
70 5.00031  1
115    0
71 5.01251  1
115    0
72 5.05249  1
102    9.64943
73 5.18311  1
115    0
74 5.60945  1
115    0
75 7.00171  2
77    10.1116
78    8.61742
76 11.5484  1
115    0
77 6.39531  1
115    0
78 9.56801  1
103    12.573
79 9.92843  1
102    11.1709
80 11.1055  1
103    12.3199
81 14.9493  1
115    0
82 7.50099  1
115    0
83 13.179  1
115    0
84 11.7202  1
115    0
85 6.95624  1
115    0
86 11.3997  1
115    0
87 5.90976  1
115    0
88 7.98257  1
102    9.65877
89 14.7516  1
91    7.44972
90 6.85522  1
115    0
91 11.0701  1
115    0
92 14.8337  1
115    0
93 7.12348  1
103    7.20545
94 11.946  1
115    0
95 7.69387  1
115    0
96 13.8086  1
102    9.08307
97 13.7762  1
115    0
98 13.6703  1
115    0
99 13.3245  1
115    0
100 12.1953  1
115    0
101 8.5081  1
115    0
102 6.46733  1
115    0
103 9.80331  1
115    0
104 10.6969  1
115    0
105 13.6151  1
115    0
106 13.1442  1
115    0
107 11.6063  1
114    11.1143
108 6.58452  1
115    0
109 10.186  1
115    0
110 11.9466  1
115    0
111 7.6957  1
115    0
112 13.8147  1
114    10.409
113 13.796  1
115    0
114 13.7353  1
115    0
115 0  0
