43
0 5.74953  2
1    12.139
16    10.929
1 7.45918  7
2    11.7885
3    10.6439
4    12.9062
5    8.29368
6    11.2315
7    8.82488
16    7.0315
2 13.0422  2
16    7.83718
31    8.27409
3 11.2737  2
31    8.61632
32    11.3172
4 5.49837  1
42    0
5 6.63915  1
42    0
6 10.3645  9
8    12.9663
9    8.48979
10    11.872
11    10.9166
12    7.79653
13    9.60805
14    9.52364
15    9.24787
16    9.74081
7 12.5295  2
16    7.10987
31    11.1676
8 9.59914  1
42    0
9 10.0301  2
15    11.4068
33    9.88198
10 11.4373  2
15    8.34733
32    12.2851
11 6.03244  2
15    8.83532
16    8.20103
12 8.38328  1
15    7.00018
13 6.0596  5
17    9.95706
18    10.6633
19    12.9696
20    8.5006
21    11.9074
14 8.47179  2
15    9.39729
16    7.36567
15 6.34861  1
16    7.00751
16 9.41572  1
32    7.8804
17 9.43129  1
42    0
18 9.48195  1
42    0
19 9.64736  9
22    11.0321
23    8.17374
24    10.8398
25    7.54585
26    8.78954
27    12.8509
28    8.11313
29    10.6421
30    12.9002
20 10.1875  1
32    11.9947
21 11.9515  1
32    12.2657
22 7.71157  1
42    0
23 13.8665  1
42    0
24 13.9654  1
42    0
25 14.2883  1
42    0
26 5.34242  7
34    12.169
35    11.8865
36    10.9638
37    7.95071
38    10.1116
39    11.168
40    8.61742
27 6.1298  1
32    9.10486
28 8.70098  1
42    0
29 7.09723  1
42    0
30 11.8603  1
32    12.2022
31 7.41371  1
42    0
32 12.8939  1
33    10.4181
33 10.7894  1
42    0
34 13.9169  1
41    12.2888
35 14.1299  1
42    0
36 14.8254  1
42    0
37 7.09632  1
42    0
38 11.8572  1
42    0
39 7.40364  1
42    0
40 12.861  1
42    0
41 10.6816  1
42    0
42 0  0
