195
0 13.6703  8
1    0.763576
2    0.908307
3    0.780917
4    0.964943
54    1.29002
105    0.924787
106    1.29696
119    1.22657
1 13.3245  5
17    0.844823
39    0.924787
94    0.902997
104    0.848979
105    0.700018
2 12.1953  4
94    0.968917
104    1.1872
106    0.820103
119    1.22022
3 8.5081  5
61    1.1168
94    1.01125
96    1.04736
105    0.883532
168    0.720545
4 6.46733  4
5    0.965877
6    0.968917
7    0.978841
8    1.01125
5 9.80331  10
9    1.11709
10    0.862694
11    1.23199
12    1.23793
13    1.2573
14    0.720545
15    0.767788
16    0.922059
40    0.700751
96    0.844823
6 10.6969  4
18    1.23501
19    1.24779
54    0.827409
161    1.08624
7 13.6151  10
30    0.829368
31    1.12315
32    0.882488
33    1.29663
34    0.848979
35    1.1872
36    1.09166
37    0.779653
38    0.960805
96    0.922059
8 13.1442  10
65    1.17334
66    1.04639
67    1.23185
68    1.23745
69    1.25574
70    0.715455
71    0.751161
72    0.867766
73    1.24855
106    0.974081
9 11.6063  1
169    1.04736
10 6.58452  2
39    0.952364
165    0.780917
11 10.186  1
17    1.17364
12 11.9466  10
20    1.28953
21    0.825779
22    1.11143
23    0.844218
24    1.17166
25    1.0409
26    1.2139
27    1.17885
28    1.06439
29    1.29062
13 7.6957  3
17    1.04736
95    1.11709
103    1.17885
14 13.8147  1
55    0.910486
15 13.796  2
17    1.11162
105    1.14068
16 13.7353  2
17    0.825834
94    0.978841
17 13.5369  1
61    0.795071
18 12.889  1
39    0.939729
19 10.7732  3
55    1.13172
165    0.965877
184    0.710987
20 13.8641  2
104    0.960805
184    0.834733
21 13.9575  8
41    1.0929
42    0.783718
43    0.974081
44    0.995706
45    1.06633
46    1.29696
47    0.85006
94    0.964943
22 14.2624  1
40    0.700018
23 5.25758  4
40    0.736567
61    1.22888
75    0.89505
168    1.11709
24 5.85269  2
39    1.14068
86    1.07642
25 7.79611  2
103    1.12315
120    0.910486
26 14.1424  1
194    0
27 14.8663  2
39    0.834733
74    0.929786
28 7.22999  3
39    0.883532
40    0.710987
61    1.09638
29 12.2939  2
40    0.703149
180    1.1872
30 8.82977  3
75    1.19803
95    1.2573
157    1.18253
31 7.51778  4
105    0.939729
153    1.00021
168    0.767788
180    0.882488
32 13.2336  1
61    1.01116
33 11.8984  3
62    1.22776
63    1.22412
64    1.21222
34 7.53822  1
55    1.19947
35 13.3004  2
40    0.820103
54    0.811313
36 12.1166  1
105    0.700751
37 8.25083  3
54    1.11676
74    1.29198
153    0.737629
38 5.62716  3
56    0.78804
57    0.988198
119    1.13172
39 7.05969  3
54    1.28509
96    0.767788
104    1.09166
40 11.7379  2
54    1.06421
106    0.995706
41 7.01422  2
95    0.862694
184    0.736567
42 11.5893  1
61    0.861742
43 6.52867  4
109    1.10321
110    0.817374
111    1.08398
112    0.754585
44 10.0035  6
48    1.19074
49    1.10321
50    0.817374
51    1.08398
52    0.754585
53    0.878954
45 11.3506  6
55    1.22022
74    1.13764
96    1.17364
103    0.829368
106    0.736567
152    1.127
46 5.74953  1
74    0.851067
47 7.45918  1
55    1.22657
48 13.0422  1
55    0.861632
49 11.2737  1
194    0
50 5.49837  1
95    1.23199
51 6.63915  1
119    1.19947
52 10.3645  2
152    1.19803
169    1.17364
53 12.5295  3
58    1.04181
59    1.2169
60    1.18865
54 9.59914  2
55    1.22851
103    0.882488
55 10.0301  1
194    0
56 11.4373  1
194    0
57 6.03244  10
87    0.729902
88    0.798349
89    1.02187
90    1.15177
91    0.975948
92    1.0018
93    1.08624
104    0.779653
159    0.729902
165    0.964943
58 8.38328  1
103    1.0409
59 6.0596  1
179    1.29062
60 8.47179  8
113    0.878954
114    1.28509
115    0.811313
116    1.06421
117    1.29002
118    0.827409
168    1.23199
184    0.700751
61 6.34861  2
75    0.737629
94    0.780917
62 9.41572  2
74    0.833799
153    0.820853
63 9.43129  1
194    0
64 9.48195  2
96    1.11162
161    1.02187
65 9.64736  10
76    0.823582
77    1.10427
78    0.820853
79    1.09536
80    0.79172
81    1.00021
82    1.08104
83    0.744972
84    0.847551
85    1.18253
66 10.1875  1
194    0
67 11.9515  1
194    0
68 7.71157  2
94    0.763576
106    0.783718
69 13.8665  1
75    0.852293
70 13.9654  3
74    1.19402
75    1.1139
105    0.710987
71 14.2883  2
103    1.2139
180    0.848979
72 5.34242  3
107    0.85006
108    1.19074
180    0.779653
73 6.1298  2
103    1.29062
168    0.825834
74 8.70098  1
75    1.127
75 7.09723  1
105    0.834733
76 11.8603  1
103    1.06439
77 7.41371  1
194    0
78 12.8939  1
161    0.975948
79 10.7894  2
95    1.23793
168    1.2573
80 13.9169  1
179    1.06439
81 14.1299  1
194    0
82 14.8254  6
97    1.24779
98    1.28953
99    0.825779
100    1.11143
101    0.844218
102    1.17166
83 7.09632  1
94    0.761946
84 11.8572  2
96    1.23501
106    1.0929
85 7.40364  1
194    0
86 12.861  3
105    0.703149
153    0.79172
169    1.23501
87 10.6816  2
94    0.965877
106    1.06633
88 13.565  1
194    0
89 12.9809  3
105    0.952364
161    0.761946
168    1.11162
90 11.0732  1
119    1.11676
91 14.8437  2
96    0.720545
168    1.23793
92 7.15613  2
94    0.908307
119    1.22851
93 12.0525  1
194    0
94 8.04147  1
194    0
95 14.9438  1
96    0.825834
96 7.48299  1
194    0
97 13.1201  1
194    0
98 11.5276  1
103    1.29663
99 6.32756  1
161    1.15177
100 9.34675  1
180    1.29663
101 9.20606  4
138    1.23745
139    1.25574
140    0.715455
141    0.751161
102 8.74645  1
194    0
103 7.24555  1
194    0
104 12.3446  1
180    1.09166
105 8.99548  1
194    0
106 8.05887  1
119    0.861632
107 5.00031  1
194    0
108 5.01251  1
194    0
109 5.05249  5
127    0.795071
128    1.01116
129    1.1168
130    0.861742
169    0.844823
110 5.18311  1
194    0
111 5.60945  1
179    1.12315
112 7.00171  1
194    0
113 11.5484  7
131    1.22888
132    1.22776
133    1.22412
134    1.21222
135    1.17334
136    1.04639
137    1.23185
114 6.39531  6
121    0.78804
122    0.988198
123    1.04181
124    1.2169
125    1.18865
126    1.09638
115 9.56801  1
194    0
116 9.92843  1
161    1.0018
117 11.1055  1
153    1.10427
118 14.9493  1
194    0
119 7.50099  1
194    0
120 13.179  2
160    0.798349
168    0.862694
121 11.7202  1
194    0
122 6.95624  1
194    0
123 11.3997  1
179    0.829368
124 5.90976  1
194    0
125 7.98257  1
158    1.07642
126 14.7516  1
194    0
127 6.85522  1
194    0
128 11.0701  1
194    0
129 14.8337  1
194    0
130 7.12348  1
194    0
131 11.946  1
194    0
132 7.69387  1
194    0
133 13.8086  3
162    0.902997
163    0.763576
164    0.908307
134 13.7762  2
170    1.24779
171    1.28953
135 13.6703  1
153    0.823582
136 13.3245  1
194    0
137 12.1953  1
184    0.883532
138 8.5081  1
194    0
139 6.46733  10
142    0.867766
143    1.24855
144    1.29198
145    0.833799
146    1.13764
147    0.929786
148    0.851067
149    1.19402
150    1.1139
151    0.852293
140 9.80331  1
194    0
141 10.6969  4
154    1.08104
155    0.744972
156    0.847551
165    0.968917
142 13.6151  1
194    0
143 13.1442  1
194    0
144 11.6063  1
194    0
145 6.58452  1
153    1.09536
146 10.186  4
174    0.844218
175    1.17166
176    1.0409
177    1.2139
147 11.9466  1
153    0.89505
148 7.6957  1
194    0
149 13.8147  1
194    0
150 13.796  1
194    0
151 13.7353  1
194    0
152 13.5369  2
172    0.825779
173    1.11143
153 12.889  9
185    0.820103
186    1.0929
187    0.783718
188    0.974081
189    0.995706
190    1.06633
191    1.29696
192    0.85006
193    1.19074
154 10.7732  2
166    0.978841
167    1.01125
155 13.8641  1
178    1.17885
156 13.9575  1
194    0
157 14.2624  2
168    0.922059
184    1.14068
158 5.25758  1
194    0
159 5.85269  1
194    0
160 7.79611  1
194    0
161 14.1424  1
184    0.939729
162 14.8663  1
194    0
163 7.22999  1
194    0
164 12.2939  1
194    0
165 8.82977  1
194    0
166 7.51778  3
181    0.960805
182    0.952364
183    0.924787
167 13.2336  1
194    0
168 11.8984  1
194    0
169 7.53822  1
194    0
170 13.3004  1
194    0
171 12.1166  1
194    0
172 8.25083  1
194    0
173 5.62716  1
194    0
174 7.05969  1
194    0
175 11.7379  1
194    0
176 7.01422  1
194    0
177 11.5893  1
194    0
178 6.52867  1
194    0
179 10.0035  1
194    0
180 11.3506  1
184    0.700018
181 5.74953  1
194    0
182 7.45918  1
184    0.703149
183 13.0422  1
194    0
184 11.2737  1
194    0
185 5.49837  1
194    0
186 6.63915  1
194    0
187 10.3645  1
194    0
188 12.5295  1
194    0
189 9.59914  1
194    0
190 10.0301  1
194    0
191 11.4373  1
194    0
192 6.03244  1
194    0
193 8.38328  1
194    0
194 0  0
