103
0 9.92843  4
1    4.12889
8    4.41244
27    3.9402
57    3.90458
1 11.1055  7
2    5.55716
3    4.22109
4    5.85829
5    5.20449
6    6.06951
7    5.89427
10    4.80403
2 14.9493  4
8    4.14684
10    5.93602
27    5.6586
77    4.08687
3 7.50099  4
8    6.45312
10    3.89827
24    6.4501
27    4.30816
4 13.179  6
10    4.76182
21    5.46451
23    5.41992
27    5.99736
56    5.10936
90    5.94325
5 11.7202  5
8    5.61576
23    6.42547
27    6.10109
28    5.94325
77    5.95369
6 6.95624  2
8    5.32196
10    4.2449
7 11.3997  5
10    5.45828
21    4.97853
23    3.77293
36    4.33883
63    4.41244
8 5.90976  6
9    6.48315
21    4.2503
23    4.08687
24    5.32104
57    3.80973
60    6.28649
9 7.98257  8
11    4.62394
12    4.17367
13    5.70338
14    4.69865
15    4.41766
16    3.50009
17    3.50375
28    5.20907
10 14.7516  5
22    5.95369
23    4.39477
35    6.06108
58    4.82472
60    4.61029
11 6.85522  4
23    5.51605
58    4.84458
75    4.8704
96    6.1444
12 11.0701  5
19    3.55493
20    3.68284
36    5.23196
60    5.05626
63    4.2449
13 14.8337  4
18    3.51575
21    4.8704
28    4.94099
36    3.75581
14 7.12348  2
21    5.33166
56    5.00902
15 11.946  3
28    5.4819
63    5.93602
74    3.68284
16 7.69387  5
21    3.91859
36    3.57727
60    6.18963
61    5.86818
62    4.12889
17 13.8086  1
102    0
18 13.7762  5
21    4.10051
23    4.05657
56    3.64951
61    5.55808
75    5.33166
19 13.6703  3
36    6.15923
60    6.15996
63    6.45312
20 13.3245  1
21    6.4848
21 12.1953  9
25    4.13704
26    5.5838
27    4.55243
28    6.08452
36    6.4599
55    5.91267
56    4.87974
62    5.20449
89    5.6586
22 8.5081  2
27    6.14257
61    6.44763
23 6.46733  3
28    3.97536
90    6.08452
96    6.12059
24 9.80331  2
36    4.169
62    5.32196
25 10.6969  4
27    6.13286
62    4.22109
63    3.89827
76    6.4848
26 13.6151  2
55    4.23775
60    4.31347
27 13.1442  7
29    5.0558
30    5.58399
31    4.30871
32    6.1444
33    6.13881
34    6.12059
36    6.18725
28 11.6063  2
36    6.24273
96    6.13881
29 6.58452  2
36    6.27871
62    6.06951
30 10.186  4
43    5.99013
44    5.63498
45    4.47525
62    5.89427
31 11.9466  7
37    5.68818
38    4.64893
39    4.25533
40    5.97008
41    5.56952
42    4.26147
89    4.94099
32 7.6957  1
61    6.23898
33 13.8147  5
97    6.06108
98    5.86671
99    5.23196
100    6.15923
101    6.18725
34 13.796  1
35    5.86671
35 13.7353  1
61    6.17507
36 13.5369  2
59    4.89421
60    3.60273
37 12.889  2
61    4.22411
63    5.45828
38 10.7732  4
49    4.10427
50    5.47678
51    3.9586
63    4.14684
39 13.8641  2
56    5.43118
57    4.54154
40 13.9575  6
46    3.68815
47    4.11791
48    5.52136
57    3.81788
62    5.55716
77    4.2503
41 14.2624  1
55    5.38211
42 5.25758  1
58    4.82939
43 5.85269  1
61    5.23681
44 7.79611  1
102    0
45 14.1424  1
56    5.75886
46 14.8663  1
102    0
47 7.22999  1
57    4.51498
48 12.2939  1
63    6.48315
49 8.82977  7
64    4.80403
65    4.76182
66    4.62394
67    4.17367
68    5.70338
69    4.69865
70    4.41766
50 7.51778  3
52    5.00105
53    5.40518
54    3.72486
51 13.2336  1
75    3.91859
52 11.8984  4
71    3.50009
72    3.50375
73    3.51575
89    5.99736
53 7.53822  2
61    4.12917
89    4.55243
54 13.3004  3
56    3.99174
75    4.97853
89    3.9402
55 12.1166  1
62    5.85829
56 8.25083  1
60    5.58545
57 5.62716  1
60    3.83894
58 7.05969  2
63    5.61576
74    5.46451
59 11.7379  1
102    0
60 7.01422  1
102    0
61 11.5893  1
74    4.10051
62 6.52867  1
77    5.51605
63 10.0035  1
102    0
64 11.3506  1
102    0
65 5.74953  1
74    3.55493
66 7.45918  2
87    6.13286
88    6.10109
67 13.0422  1
102    0
68 11.2737  1
77    3.77293
69 5.49837  9
78    4.39477
79    6.42547
80    4.05657
81    5.32104
82    6.4501
83    4.13704
84    5.5838
85    4.30816
86    6.14257
70 6.63915  5
91    5.4819
92    3.97536
93    5.0558
94    5.58399
95    4.30871
71 10.3645  1
102    0
72 12.5295  1
102    0
73 9.59914  1
77    5.41992
74 10.0301  1
102    0
75 11.4373  1
102    0
76 6.03244  1
102    0
77 8.38328  1
102    0
78 6.0596  1
89    5.20907
79 8.47179  1
102    0
80 6.34861  1
102    0
81 9.41572  1
102    0
82 9.43129  1
102    0
83 9.48195  1
102    0
84 9.64736  1
102    0
85 10.1875  1
102    0
86 11.9515  1
102    0
87 7.71157  1
102    0
88 13.8665  1
102    0
89 13.9654  1
102    0
90 14.2883  1
102    0
91 5.34242  1
102    0
92 6.1298  1
102    0
93 8.70098  1
102    0
94 7.09723  1
102    0
95 11.8603  1
102    0
96 7.41371  1
102    0
97 12.8939  1
102    0
98 10.7894  1
102    0
99 13.9169  1
102    0
100 14.1299  1
102    0
101 14.8254  1
102    0
102 0  0
