231
0 9.59914  10
1    1.22888
2    1.22776
3    1.22412
4    1.21222
5    1.17334
6    1.04639
7    1.23185
26    1.08104
29    0.975948
83    1.28509
1 10.0301  9
8    1.23745
9    1.25574
10    0.715455
11    0.751161
12    0.867766
13    1.24855
14    1.29198
15    0.833799
36    0.964943
2 11.4373  5
16    1.13764
17    0.929786
18    0.851067
19    1.19402
83    0.811313
3 6.03244  1
85    1.09638
4 8.38328  4
26    1.00021
85    1.04181
111    1.18253
200    0.852293
5 6.0596  5
26    1.09536
64    1.29663
84    1.19947
112    0.729902
200    1.19803
6 8.47179  1
110    1.09536
7 6.34861  6
20    1.1139
26    0.847551
36    0.780917
63    1.29062
64    0.779653
85    0.988198
8 9.41572  2
26    0.729902
37    0.978841
9 9.43129  1
227    1.11162
10 9.48195  6
94    1.04639
95    1.23185
96    1.23745
97    1.25574
98    0.715455
99    0.751161
11 9.64736  1
101    0.833799
12 10.1875  6
29    1.15177
36    0.965877
64    0.952364
85    0.910486
101    1.29198
113    0.908307
13 11.9515  2
20    0.852293
26    0.820853
14 7.71157  6
21    1.127
22    0.89505
23    0.737629
24    0.823582
25    1.10427
26    0.744972
15 13.8665  2
36    0.968917
84    1.22022
16 13.9654  2
26    1.18253
101    0.929786
17 14.2883  8
30    1.0018
31    1.08624
32    0.761946
33    0.902997
34    0.763576
35    0.908307
190    1.23185
227    1.04736
18 5.34242  2
74    0.995706
113    0.780917
19 6.1298  1
20    1.19803
20 8.70098  3
27    0.798349
28    1.02187
226    0.862694
21 7.09723  1
230    0
22 11.8603  4
26    1.07642
74    1.0929
110    1.08104
228    1.23501
23 7.41371  9
75    1.29696
76    0.85006
77    1.19074
78    1.10321
79    0.817374
80    1.08398
81    0.754585
82    0.878954
200    0.929786
24 12.8939  1
226    0.767788
25 10.7894  2
26    0.79172
112    0.975948
26 13.9169  1
85    1.13172
27 14.1299  1
64    0.848979
28 14.8254  3
64    0.882488
83    1.11676
110    1.00021
29 7.09632  3
111    1.07642
164    0.817374
225    0.965877
30 11.8572  3
52    1.23501
53    1.24779
140    0.829368
31 7.40364  5
63    1.12315
85    1.2169
101    1.24855
226    1.11709
227    0.844823
32 12.861  1
112    1.15177
33 10.6816  5
115    0.968917
116    0.978841
117    1.01125
118    1.11709
119    0.862694
34 13.565  1
226    1.01125
35 12.9809  1
109    0.823582
36 11.0732  8
45    0.767788
46    0.922059
47    0.825834
48    1.11162
49    0.844823
50    1.17364
51    1.04736
63    0.829368
37 14.8437  7
38    1.01125
39    1.11709
40    0.862694
41    1.23199
42    1.23793
43    1.2573
44    0.720545
38 7.15613  1
74    1.06633
39 12.0525  1
64    0.960805
40 8.04147  1
200    1.19402
41 14.9438  1
230    0
42 7.48299  1
230    0
43 13.1201  1
109    1.10427
44 11.5276  3
83    1.29002
112    1.08624
113    0.763576
45 6.32756  1
190    1.04639
46 9.34675  10
120    1.23199
121    1.23793
122    1.2573
123    0.720545
124    0.767788
125    0.922059
126    0.825834
127    1.11162
128    0.844823
129    1.17364
47 9.20606  10
54    1.28953
55    0.825779
56    1.11143
57    0.844218
58    1.17166
59    1.0409
60    1.2139
61    1.17885
62    1.06439
64    1.09166
48 8.74645  1
230    0
49 7.24555  1
226    0.720545
50 12.3446  1
140    1.06439
51 8.99548  1
85    0.78804
52 8.05887  1
114    0.965877
53 5.00031  1
224    0.964943
54 5.01251  1
84    1.22851
55 5.05249  1
74    0.820103
56 5.18311  1
230    0
57 5.60945  2
64    1.1872
83    0.827409
58 7.00171  1
140    1.17885
59 11.5484  1
114    0.964943
60 6.39531  2
74    0.974081
190    1.21222
61 9.56801  1
200    0.851067
62 9.92843  10
130    1.04736
131    1.23501
132    1.24779
133    1.28953
134    0.825779
135    1.11143
136    0.844218
137    1.17166
138    1.0409
139    1.2139
63 11.1055  10
65    0.924787
66    0.834733
67    1.14068
68    0.939729
69    0.883532
70    0.700018
71    0.700751
72    0.703149
73    0.710987
74    0.783718
64 14.9493  1
84    1.22657
65 7.50099  1
230    0
66 13.179  1
229    0.844218
67 11.7202  1
85    0.795071
68 6.95624  2
83    1.06421
112    0.798349
69 11.3997  2
85    1.18865
112    0.902997
70 5.90976  1
100    0.867766
71 7.98257  3
74    0.736567
112    1.02187
140    1.29062
72 14.7516  7
102    0.851067
103    1.19402
104    1.1139
105    0.852293
106    1.19803
107    1.127
108    0.89505
73 6.85522  1
230    0
74 11.0701  3
101    1.13764
151    1.14068
224    0.780917
75 14.8337  8
86    1.01116
87    1.1168
88    0.861742
89    1.22888
90    1.22776
91    1.22412
92    1.21222
93    1.17334
76 7.12348  1
190    1.22888
77 11.946  1
164    1.10321
78 7.69387  1
83    0.861632
79 13.8086  2
109    0.737629
112    0.761946
80 13.7762  1
230    0
81 13.6703  1
230    0
82 13.3245  1
110    0.79172
83 12.1953  1
230    0
84 8.5081  7
183    1.2169
184    1.18865
185    1.09638
186    0.795071
187    1.01116
188    1.1168
189    0.861742
85 6.46733  1
228    1.28953
86 9.80331  1
230    0
87 10.6969  1
230    0
88 13.6151  1
164    0.85006
89 13.1442  1
110    0.744972
90 11.6063  1
164    1.06633
91 6.58452  1
227    0.922059
92 10.186  1
230    0
93 11.9466  1
230    0
94 7.6957  2
110    0.820853
229    1.11143
95 13.8147  1
230    0
96 13.796  3
176    1.22022
177    1.19947
178    1.13172
97 13.7353  1
230    0
98 13.5369  1
230    0
99 12.889  1
230    0
100 10.7732  1
230    0
101 13.8641  4
179    0.910486
180    0.78804
181    0.988198
182    1.04181
102 13.9575  1
224    0.908307
103 14.2624  1
230    0
104 5.25758  1
230    0
105 5.85269  1
230    0
106 7.79611  1
111    0.847551
107 14.1424  8
157    0.710987
158    0.736567
159    0.820103
160    1.0929
161    0.783718
162    0.974081
163    0.995706
227    0.825834
108 14.8663  1
200    1.127
109 7.22999  1
228    1.24779
110 12.2939  1
230    0
111 8.82977  2
112    1.0018
164    1.08398
112 7.51778  1
230    0
113 13.2336  10
141    0.882488
142    1.29663
143    0.848979
144    1.1872
145    1.09166
146    0.779653
147    0.960805
148    0.952364
149    0.924787
150    0.834733
114 11.8984  1
230    0
115 7.53822  1
164    1.29696
116 13.3004  1
230    0
117 12.1166  1
164    1.19074
118 8.25083  1
230    0
119 5.62716  1
230    0
120 7.05969  1
230    0
121 11.7379  1
230    0
122 7.01422  1
230    0
123 11.5893  1
230    0
124 6.52867  1
230    0
125 10.0035  1
230    0
126 11.3506  1
230    0
127 5.74953  5
152    0.939729
153    0.883532
154    0.700018
155    0.700751
156    0.703149
128 7.45918  1
230    0
129 13.0422  1
227    1.17364
130 11.2737  1
230    0
131 5.49837  1
230    0
132 6.63915  4
165    0.754585
166    0.878954
167    1.28509
190    1.17334
133 10.3645  1
230    0
134 12.5295  1
230    0
135 9.59914  2
140    1.12315
190    1.22412
136 10.0301  1
230    0
137 11.4373  1
230    0
138 6.03244  1
230    0
139 8.38328  1
230    0
140 6.0596  1
230    0
141 8.47179  1
230    0
142 6.34861  1
230    0
143 9.41572  1
230    0
144 9.43129  1
230    0
145 9.48195  1
230    0
146 9.64736  1
230    0
147 10.1875  8
206    1.09536
207    0.79172
208    1.00021
209    1.08104
210    0.744972
211    0.847551
212    1.18253
213    1.07642
148 11.9515  1
230    0
149 7.71157  1
230    0
150 13.8665  1
230    0
151 13.9654  1
230    0
152 14.2883  1
230    0
153 5.34242  1
230    0
154 6.1298  1
230    0
155 8.70098  1
230    0
156 7.09723  1
230    0
157 11.8603  1
229    0.825779
158 7.41371  1
230    0
159 12.8939  1
230    0
160 10.7894  10
191    1.23745
192    1.25574
193    0.715455
194    0.751161
195    0.867766
196    1.24855
197    1.29198
198    0.833799
199    1.13764
225    0.978841
161 13.9169  1
230    0
162 14.1299  1
230    0
163 14.8254  8
168    0.811313
169    1.06421
170    1.29002
171    0.827409
172    1.11676
173    0.861632
174    1.22851
175    1.22657
164 7.09632  1
230    0
165 11.8572  1
190    1.22776
166 7.40364  1
230    0
167 12.861  1
230    0
168 10.6816  1
230    0
169 13.565  1
226    1.23199
170 12.9809  1
230    0
171 11.0732  1
230    0
172 14.8437  1
230    0
173 7.15613  1
230    0
174 12.0525  1
230    0
175 8.04147  1
230    0
176 14.9438  1
230    0
177 7.48299  1
230    0
178 13.1201  10
214    0.729902
215    0.798349
216    1.02187
217    1.15177
218    0.975948
219    1.0018
220    1.08624
221    0.761946
222    0.902997
223    0.763576
179 11.5276  1
230    0
180 6.32756  1
230    0
181 9.34675  1
225    0.968917
182 9.20606  1
226    1.2573
183 8.74645  1
200    1.1139
184 7.24555  1
230    0
185 12.3446  1
230    0
186 8.99548  1
230    0
187 8.05887  1
229    1.17166
188 5.00031  1
230    0
189 5.01251  1
230    0
190 5.05249  1
230    0
191 5.18311  1
230    0
192 5.60945  1
230    0
193 7.00171  1
230    0
194 11.5484  5
201    0.89505
202    0.737629
203    0.823582
204    1.10427
205    0.820853
195 6.39531  1
230    0
196 9.56801  1
230    0
197 9.92843  1
230    0
198 11.1055  1
230    0
199 14.9493  1
230    0
200 7.50099  1
230    0
201 13.179  1
230    0
202 11.7202  1
230    0
203 6.95624  1
230    0
204 11.3997  1
230    0
205 5.90976  1
230    0
206 7.98257  1
230    0
207 14.7516  1
230    0
208 6.85522  1
230    0
209 11.0701  1
230    0
210 14.8337  1
230    0
211 7.12348  1
230    0
212 11.946  1
230    0
213 7.69387  1
230    0
214 13.8086  1
230    0
215 13.7762  1
230    0
216 13.6703  1
230    0
217 13.3245  1
230    0
218 12.1953  1
230    0
219 8.5081  1
230    0
220 6.46733  1
230    0
221 9.80331  1
226    1.23793
222 10.6969  1
230    0
223 13.6151  1
230    0
224 13.1442  1
230    0
225 11.6063  1
230    0
226 6.58452  1
230    0
227 10.186  1
230    0
228 11.9466  1
230    0
229 7.6957  1
230    0
230 0  0
