197
0 12.8939  10
1    0.78804
2    0.988198
3    1.04181
4    1.2169
5    1.18865
6    1.09638
7    0.795071
8    1.01116
11    1.17334
109    0.968917
1 10.7894  6
38    0.968917
39    0.978841
40    1.01125
41    1.11709
42    0.862694
164    1.127
2 13.9169  3
19    1.19402
90    0.833799
123    1.0409
3 14.1299  1
10    0.861742
4 14.8254  3
9    1.1168
10    1.22888
11    1.21222
5 7.09632  3
11    1.22412
19    1.13764
59    0.960805
6 11.8572  5
20    1.127
37    0.902997
56    1.06439
59    1.1872
71    0.910486
7 7.40364  2
11    1.22776
92    1.127
8 12.861  3
11    1.04639
29    0.847551
70    1.29002
9 10.6816  2
19    0.851067
37    0.965877
10 13.565  2
19    1.1139
90    1.13764
11 12.9809  9
12    1.23185
13    1.23745
14    1.25574
15    0.715455
16    0.751161
17    0.867766
18    1.24855
109    0.780917
120    1.23501
12 11.0732  7
72    0.988198
73    1.04181
74    1.2169
75    1.18865
76    1.09638
77    0.795071
78    1.01116
13 14.8437  3
29    0.744972
67    1.0929
175    1.07642
14 7.15613  1
37    0.763576
15 12.0525  3
19    0.833799
59    1.29663
68    0.85006
16 8.04147  3
19    1.29198
20    0.852293
67    0.736567
17 14.9438  1
19    0.929786
18 7.48299  1
20    0.89505
19 13.1201  2
20    1.19803
71    1.13172
20 11.5276  9
21    0.737629
22    0.823582
23    1.10427
24    0.820853
25    1.09536
26    0.79172
27    1.00021
28    1.08104
56    1.0409
21 6.32756  2
29    0.729902
79    1.21222
22 9.34675  1
196    0
23 9.20606  7
30    0.798349
31    1.02187
32    1.15177
33    0.975948
37    0.908307
71    1.11676
156    1.22851
24 8.74645  2
29    1.07642
100    1.00021
25 7.24555  3
29    1.18253
56    1.28953
100    0.847551
26 12.3446  2
68    0.817374
123    1.2139
27 8.99548  4
56    1.29062
67    0.974081
68    1.29696
158    0.861742
28 8.05887  2
56    0.825779
68    0.878954
29 5.00031  10
186    1.23199
187    1.23793
188    1.2573
189    0.720545
190    0.767788
191    0.922059
192    0.825834
193    1.11162
194    0.844823
195    1.17364
30 5.01251  2
37    0.780917
67    0.995706
31 5.05249  2
71    0.78804
176    0.763576
32 5.18311  5
34    1.0018
35    1.08624
36    0.761946
68    1.10321
156    0.861632
33 5.60945  4
37    0.964943
59    0.779653
67    0.820103
160    0.751161
34 7.00171  9
43    1.23199
44    1.23793
45    1.2573
46    0.720545
47    0.767788
48    0.922059
56    1.17166
59    0.882488
123    1.29062
35 11.5484  5
56    1.2139
59    0.952364
67    1.06633
70    1.06421
71    0.827409
36 6.39531  2
91    0.929786
158    1.01116
37 9.56801  8
49    0.825834
50    1.11162
51    0.844823
52    1.17364
53    1.04736
54    1.23501
55    1.24779
79    0.861742
38 9.92843  2
100    1.18253
109    0.908307
39 11.1055  3
161    1.13764
162    0.929786
163    0.851067
40 14.9493  5
63    0.939729
64    0.883532
92    1.19402
120    1.04736
175    1.18253
41 7.50099  5
165    0.737629
166    0.823582
167    1.10427
168    0.820853
169    1.09536
42 13.179  10
80    1.17334
81    1.04639
82    1.23185
83    1.23745
84    1.25574
85    0.715455
86    0.751161
87    0.867766
88    1.24855
89    1.29198
43 11.7202  1
157    1.19947
44 6.95624  3
57    0.829368
58    1.12315
100    0.729902
45 11.3997  2
59    0.848979
79    1.1168
46 5.90976  1
157    1.18865
47 7.98257  1
196    0
48 14.7516  3
56    1.11143
59    1.09166
67    0.783718
49 6.85522  4
65    0.700018
66    0.700751
100    1.08104
121    1.28953
50 11.0701  1
196    0
51 14.8337  4
69    0.811313
100    0.744972
109    0.978841
176    1.15177
52 7.12348  2
56    1.17885
157    1.2169
53 11.946  1
196    0
54 7.69387  6
56    0.844218
67    0.710987
79    1.22888
100    0.798349
109    0.965877
156    1.22022
55 13.8086  10
110    1.01125
111    1.11709
112    0.862694
113    1.23199
114    1.23793
115    1.2573
116    0.720545
117    0.767788
118    0.922059
119    0.825834
56 13.7762  2
68    0.754585
175    0.798349
57 13.6703  3
67    0.703149
71    0.861632
92    0.851067
58 13.3245  1
68    1.28509
59 12.1953  4
60    0.924787
61    0.834733
62    1.14068
68    1.19074
60 8.5081  1
71    1.19947
61 6.46733  7
93    0.89505
94    0.737629
95    0.823582
96    1.10427
97    0.820853
98    1.09536
99    0.79172
62 9.80331  2
122    0.825779
123    1.06439
63 10.6969  4
68    1.08398
79    1.22412
92    1.1139
100    1.07642
64 13.6151  1
176    0.761946
65 13.1442  5
170    0.79172
171    1.00021
172    1.08104
173    0.744972
174    0.847551
66 11.6063  1
71    1.22851
67 6.58452  1
71    1.22022
68 10.186  1
196    0
69 11.9466  5
71    1.22657
142    0.783718
159    1.17334
160    1.24855
164    0.89505
70 7.6957  1
79    1.22776
71 13.8147  1
92    1.19803
72 13.796  1
196    0
73 13.7353  1
142    1.0929
74 13.5369  1
196    0
75 12.889  1
159    1.21222
76 10.7732  1
177    0.908307
77 13.8641  1
196    0
78 13.9575  1
120    1.11162
79 14.2624  1
142    0.820103
80 5.25758  2
142    0.974081
160    0.833799
81 5.85269  2
92    0.852293
175    0.729902
82 7.79611  1
159    1.04639
83 14.1424  6
101    1.02187
102    1.15177
103    0.975948
104    1.0018
123    0.829368
158    1.1168
84 14.8663  1
196    0
85 7.22999  1
159    1.22412
86 12.2939  1
159    1.22776
87 8.82977  1
123    1.11143
88 7.51778  4
105    1.08624
106    0.761946
107    0.902997
108    0.763576
89 13.2336  1
196    0
90 11.8984  6
124    1.12315
125    0.882488
126    1.29663
127    0.848979
128    1.1872
129    1.09166
91 7.53822  1
196    0
92 13.3004  1
176    1.0018
93 12.1166  1
196    0
94 8.25083  1
109    0.964943
95 5.62716  3
123    1.17166
157    1.13172
176    1.08624
96 7.05969  1
160    0.867766
97 11.7379  1
196    0
98 7.01422  1
160    1.29198
99 11.5893  1
196    0
100 6.52867  1
196    0
101 10.0035  1
196    0
102 11.3506  1
196    0
103 5.74953  2
157    0.988198
158    0.795071
104 7.45918  1
142    1.29696
105 13.0422  1
157    0.910486
106 11.2737  1
164    1.19402
107 5.49837  2
120    1.17364
123    1.17885
108 6.63915  1
196    0
109 10.3645  1
196    0
110 12.5295  1
164    1.1139
111 9.59914  1
196    0
112 10.0301  1
121    1.24779
113 11.4373  7
130    0.779653
131    0.960805
132    0.952364
133    0.924787
134    0.834733
135    1.14068
175    1.02187
114 6.03244  1
159    1.23745
115 8.38328  8
178    0.780917
179    0.964943
180    0.965877
181    0.968917
182    0.978841
183    1.01125
184    1.11709
185    0.862694
116 6.0596  1
196    0
117 8.47179  1
120    0.844823
118 6.34861  1
142    1.06633
119 9.41572  1
164    0.852293
120 9.43129  1
196    0
121 9.48195  1
123    0.844218
122 9.64736  1
196    0
123 10.1875  1
196    0
124 11.9515  1
196    0
125 7.71157  1
196    0
126 13.8665  1
196    0
127 13.9654  1
164    1.19803
128 14.2883  1
158    1.09638
129 5.34242  1
196    0
130 6.1298  1
196    0
131 8.70098  1
196    0
132 7.09723  9
143    0.85006
144    1.19074
145    1.10321
146    0.817374
147    1.08398
148    0.754585
149    0.878954
150    1.28509
151    0.811313
133 11.8603  6
136    0.939729
137    0.883532
138    0.700018
139    0.700751
140    0.703149
141    0.710987
134 7.41371  4
152    1.06421
153    1.29002
154    0.827409
155    1.11676
135 12.8939  1
157    0.78804
136 10.7894  1
196    0
137 13.9169  1
142    0.736567
138 14.1299  1
196    0
139 14.8254  1
196    0
140 7.09632  1
142    0.995706
141 11.8572  1
160    0.715455
142 7.40364  1
196    0
143 12.861  1
196    0
144 10.6816  1
196    0
145 13.565  1
159    1.25574
146 12.9809  1
196    0
147 11.0732  1
196    0
148 14.8437  1
157    1.04181
149 7.15613  1
156    1.22657
150 12.0525  1
196    0
151 8.04147  1
196    0
152 14.9438  1
176    0.975948
153 7.48299  1
196    0
154 13.1201  1
159    1.23185
155 11.5276  1
196    0
156 6.32756  1
196    0
157 9.34675  1
159    1.22888
158 9.20606  1
196    0
159 8.74645  1
196    0
160 7.24555  1
176    0.902997
161 12.3446  1
196    0
162 8.99548  1
196    0
163 8.05887  1
196    0
164 5.00031  1
196    0
165 5.01251  1
196    0
166 5.05249  1
196    0
167 5.18311  1
196    0
168 5.60945  1
196    0
169 7.00171  1
196    0
170 11.5484  1
196    0
171 6.39531  1
196    0
172 9.56801  1
196    0
173 9.92843  1
196    0
174 11.1055  1
196    0
175 14.9493  1
196    0
176 7.50099  1
196    0
177 13.179  1
196    0
178 11.7202  1
196    0
179 6.95624  1
196    0
180 11.3997  1
196    0
181 5.90976  1
196    0
182 7.98257  1
196    0
183 14.7516  1
196    0
184 6.85522  1
196    0
185 11.0701  1
196    0
186 14.8337  1
196    0
187 7.12348  1
196    0
188 11.946  1
196    0
189 7.69387  1
196    0
190 13.8086  1
196    0
191 13.7762  1
196    0
192 13.6703  1
196    0
193 13.3245  1
196    0
194 12.1953  1
196    0
195 8.5081  1
196    0
196 0  0
