233
0 7.01422  10
1    9.10486
2    7.8804
3    9.88198
4    10.4181
5    12.169
6    11.8865
7    10.9638
8    7.95071
9    10.1116
15    7.37629
1 11.5893  6
11    8.61742
13    8.67766
14    8.33799
15    11.9803
30    8.62694
49    11.872
2 6.52867  6
11    12.1222
12    11.7334
13    12.9198
49    9.60805
94    12.5574
96    11.139
3 10.0035  4
13    12.3745
28    7.63576
30    12.3199
96    8.51067
4 11.3506  3
11    12.2776
14    8.51067
49    10.9166
5 5.74953  5
11    12.2412
13    12.3185
14    9.29786
47    11.2315
126    11.872
6 7.45918  7
10    11.168
13    12.5574
14    8.52293
15    8.23582
28    10.8624
31    7.20545
96    8.52293
7 13.0422  10
16    11.0427
17    8.20853
18    10.9536
19    7.9172
20    10.0021
21    10.8104
22    7.44972
23    8.47551
24    11.8253
31    9.22059
8 11.2737  4
13    7.51161
14    11.139
28    10.018
30    9.78841
9 5.49837  8
11    12.2888
14    11.9402
15    11.27
28    10.2187
47    10.6439
101    7.9172
104    9.68917
127    7.00751
10 6.63915  1
13    7.15455
11 10.3645  4
13    10.4639
15    8.9505
28    7.61946
101    8.20853
12 12.5295  3
13    12.4855
14    11.3764
96    11.9402
13 9.59914  1
49    7.79653
14 10.0301  5
32    8.25834
33    11.1162
34    8.44823
35    11.7364
36    10.4736
15 11.4373  1
30    12.3793
16 6.03244  4
30    9.68917
105    11.1709
106    12.3199
126    9.60805
17 8.38328  1
232    0
18 6.0596  2
31    7.67788
82    12.169
19 8.47179  3
28    9.08307
30    11.1709
82    11.8865
20 6.34861  5
25    10.7642
26    7.29902
27    7.98349
28    9.75948
29    9.64943
21 9.41572  10
72    8.61632
73    12.2851
74    12.2657
75    12.2022
76    11.9947
77    11.3172
78    9.10486
79    7.8804
80    9.88198
81    10.4181
22 9.43129  2
28    9.02997
95    11.3764
23 9.48195  4
28    7.80917
31    12.573
47    8.29368
193    9.08307
24 9.64736  6
66    11.0321
67    8.17374
68    10.8398
69    7.54585
70    8.78954
94    7.51161
25 10.1875  3
28    11.5177
30    10.1125
47    8.82488
26 11.9515  8
83    10.1116
84    11.168
85    8.61742
86    12.2888
87    12.2776
88    12.2412
89    12.1222
90    11.7334
27 7.71157  3
29    9.65877
117    12.3501
127    7.10987
28 13.8665  1
71    8.27409
29 13.9654  3
49    9.52364
105    10.1125
117    11.1143
30 14.2883  2
126    9.52364
130    10.929
31 5.34242  1
104    7.63576
32 6.1298  1
82    7.95071
33 8.70098  8
37    12.3501
38    12.478
39    12.8953
40    8.25779
41    11.1143
42    8.44218
43    11.7166
95    8.33799
34 7.09723  8
50    9.39729
51    8.83532
52    7.00018
53    7.00751
54    7.0315
55    7.10987
56    7.36567
71    8.11313
35 11.8603  6
44    10.409
45    12.139
46    11.7885
48    8.48979
49    11.4068
184    11.8253
36 7.41371  1
220    8.29368
37 12.8939  1
127    8.83532
38 10.7894  2
102    7.29902
184    7.44972
39 13.9169  1
232    0
40 14.1299  1
127    7.00018
41 14.8254  1
47    12.9062
42 7.09632  9
57    8.20103
58    10.929
59    7.83718
60    9.74081
61    9.95706
62    10.6633
63    12.9696
64    8.5006
65    11.9074
43 11.8572  1
232    0
44 7.40364  1
48    12.9663
45 12.861  3
49    9.24787
101    10.9536
104    9.65877
46 10.6816  1
49    8.34733
47 13.565  4
71    10.6421
103    10.8624
130    8.5006
168    11.3764
48 12.9809  3
71    11.1676
96    9.29786
126    10.9166
49 11.0732  1
103    9.75948
50 14.8437  1
102    8.47551
51 7.15613  1
220    10.6439
52 12.0525  3
71    12.9002
94    12.4855
127    11.4068
53 8.04147  1
232    0
54 14.9438  1
104    9.08307
55 7.48299  1
232    0
56 13.1201  1
232    0
57 11.5276  2
96    11.9803
126    7.79653
58 6.32756  1
232    0
59 9.34675  2
103    10.2187
117    8.44218
60 9.20606  2
94    7.15455
104    7.80917
61 8.74645  1
232    0
62 7.24555  1
104    9.64943
63 12.3446  1
232    0
64 8.99548  1
71    12.8509
65 8.05887  1
129    8.20103
66 5.00031  1
232    0
67 5.01251  8
109    7.20545
110    7.67788
111    9.22059
112    8.25834
113    11.1162
114    8.44823
115    11.7364
116    10.4736
68 5.05249  3
95    12.9198
96    11.27
117    8.25779
69 5.18311  5
118    10.409
119    12.139
120    11.7885
121    10.6439
122    12.9062
70 5.60945  1
232    0
71 7.00171  10
148    11.3172
149    9.10486
150    7.8804
151    9.88198
152    10.4181
153    12.169
154    11.8865
155    10.9638
156    7.95071
157    10.1116
72 11.5484  1
225    8.34733
73 6.39531  1
184    10.7642
74 9.56801  1
82    10.9638
75 9.92843  2
104    7.61946
130    9.95706
76 11.1055  3
94    8.67766
103    7.98349
117    12.478
77 14.9493  1
232    0
78 7.50099  2
102    11.8253
225    9.24787
79 13.179  2
184    8.47551
225    11.4068
80 11.7202  2
105    9.78841
117    11.7166
81 6.95624  4
165    10.4639
166    12.3185
167    12.3745
192    9.02997
82 11.3997  6
178    11.0427
179    8.20853
180    10.9536
181    7.9172
182    10.0021
183    10.8104
83 5.90976  1
232    0
84 7.98257  5
91    10.4639
92    12.3185
93    12.3745
103    11.5177
105    8.62694
85 14.7516  1
101    10.8104
86 6.85522  1
126    8.34733
87 11.0701  7
131    11.9074
132    11.0321
133    8.17374
134    10.8398
135    7.54585
136    8.78954
137    12.8509
88 14.8337  2
103    10.018
126    8.48979
89 7.12348  1
232    0
90 11.946  1
232    0
91 7.69387  4
97    8.9505
98    7.37629
99    8.23582
100    11.0427
92 13.8086  1
101    10.0021
93 13.7762  1
102    10.7642
94 13.6703  1
232    0
95 13.3245  3
123    8.29368
124    11.2315
125    8.82488
96 12.1953  3
107    12.3793
108    12.573
117    12.8953
97 8.5081  3
102    7.44972
104    9.02997
225    9.52364
98 6.46733  1
208    8.25834
99 9.80331  1
232    0
100 10.6969  1
232    0
101 13.6151  1
126    12.9663
102 13.1442  1
232    0
103 11.6063  1
232    0
104 6.58452  10
138    8.11313
139    10.6421
140    12.9002
141    8.27409
142    11.1676
143    8.61632
144    12.2851
145    12.2657
146    12.2022
147    11.9947
105 10.186  1
168    9.29786
106 11.9466  1
232    0
107 7.6957  1
232    0
108 13.8147  1
168    12.4855
109 13.796  1
208    8.44823
110 13.7353  2
127    7.0315
130    9.74081
111 13.5369  9
194    7.80917
195    9.64943
196    9.65877
197    9.68917
198    9.78841
199    10.1125
200    11.1709
201    8.62694
208    11.1162
112 12.889  1
232    0
113 10.7732  1
127    9.39729
114 13.8641  1
232    0
115 13.9575  7
158    11.168
159    8.61742
160    12.2888
161    12.2776
162    12.2412
163    12.1222
164    11.7334
116 14.2624  1
232    0
117 5.25758  1
192    7.61946
118 5.85269  1
232    0
119 7.79611  1
126    9.24787
120 14.1424  1
232    0
121 14.8663  1
168    7.15455
122 7.22999  1
232    0
123 12.2939  2
130    12.9696
220    11.7885
124 8.82977  1
232    0
125 7.51778  1
130    7.83718
126 13.2336  1
232    0
127 11.8984  3
128    7.36567
130    10.6633
168    12.9198
128 7.53822  1
232    0
129 13.3004  1
232    0
130 12.1166  1
232    0
131 8.25083  1
232    0
132 5.62716  1
168    8.67766
133 7.05969  3
168    7.51161
220    12.9663
225    9.39729
134 11.7379  1
232    0
135 7.01422  1
232    0
136 11.5893  4
221    8.48979
222    11.872
223    10.9166
224    7.79653
137 6.52867  1
232    0
138 10.0035  9
169    8.51067
170    11.9402
171    11.139
172    8.52293
173    11.9803
174    11.27
175    8.9505
176    7.37629
177    8.23582
139 11.3506  1
232    0
140 5.74953  1
220    8.82488
141 7.45918  1
168    8.33799
142 13.0422  1
232    0
143 11.2737  1
232    0
144 5.49837  1
232    0
145 6.63915  1
232    0
146 10.3645  1
232    0
147 12.5295  1
232    0
148 9.59914  1
232    0
149 10.0301  6
202    12.3199
203    12.3793
204    12.573
205    7.20545
206    7.67788
207    9.22059
150 11.4373  1
168    12.5574
151 6.03244  1
232    0
152 8.38328  1
232    0
153 6.0596  1
232    0
154 8.47179  4
209    11.7364
210    10.4736
211    12.3501
212    12.478
155 6.34861  1
232    0
156 9.41572  1
232    0
157 9.43129  7
185    7.29902
186    7.98349
187    10.2187
188    11.5177
189    9.75948
190    10.018
191    10.8624
158 9.48195  1
220    11.2315
159 9.64736  1
232    0
160 10.1875  1
232    0
161 11.9515  1
232    0
162 7.71157  1
232    0
163 13.8665  1
232    0
164 13.9654  1
232    0
165 14.2883  1
232    0
166 5.34242  1
232    0
167 6.1298  1
232    0
168 8.70098  1
232    0
169 7.09723  1
232    0
170 11.8603  1
232    0
171 7.41371  1
232    0
172 12.8939  1
232    0
173 10.7894  1
232    0
174 13.9169  1
232    0
175 14.1299  1
220    12.9062
176 14.8254  1
232    0
177 7.09632  1
232    0
178 11.8572  1
232    0
179 7.40364  1
232    0
180 12.861  1
232    0
181 10.6816  1
192    7.63576
182 13.565  1
225    8.83532
183 12.9809  1
232    0
184 11.0732  1
232    0
185 14.8437  1
232    0
186 7.15613  1
232    0
187 12.0525  1
232    0
188 8.04147  1
232    0
189 14.9438  1
232    0
190 7.48299  1
232    0
191 13.1201  1
232    0
192 11.5276  1
232    0
193 6.32756  1
232    0
194 9.34675  1
232    0
195 9.20606  1
232    0
196 8.74645  1
225    7.00018
197 7.24555  7
213    12.8953
214    8.25779
215    11.1143
216    8.44218
217    11.7166
218    10.409
219    12.139
198 12.3446  1
232    0
199 8.99548  1
232    0
200 8.05887  1
232    0
201 5.00031  1
232    0
202 5.01251  1
225    9.60805
203 5.05249  1
232    0
204 5.18311  1
232    0
205 5.60945  1
232    0
206 7.00171  1
232    0
207 11.5484  1
232    0
208 6.39531  1
232    0
209 9.56801  1
232    0
210 9.92843  1
232    0
211 11.1055  1
232    0
212 14.9493  1
232    0
213 7.50099  1
232    0
214 13.179  1
232    0
215 11.7202  1
232    0
216 6.95624  1
232    0
217 11.3997  1
232    0
218 5.90976  1
232    0
219 7.98257  1
232    0
220 14.7516  1
232    0
221 6.85522  1
232    0
222 11.0701  6
226    7.00751
227    7.0315
228    7.10987
229    7.36567
230    8.20103
231    10.929
223 14.8337  1
232    0
224 7.12348  1
232    0
225 11.946  1
232    0
226 7.69387  1
232    0
227 13.8086  1
232    0
228 13.7762  1
232    0
229 13.6703  1
232    0
230 13.3245  1
232    0
231 12.1953  1
232    0
232 0  0
