207
0 10.7732  6
1    5.32196
2    4.14684
24    6.14257
25    4.55243
47    5.97008
131    3.81788
1 13.8641  5
2    6.45312
10    4.62394
17    6.4848
47    5.68818
200    4.54154
2 13.9575  10
3    5.61576
4    4.41244
5    6.48315
6    4.2449
7    5.93602
8    5.45828
9    3.89827
10    4.80403
11    3.51575
17    4.2503
3 14.2624  6
10    4.76182
11    3.50009
17    5.33166
25    6.08452
75    5.86818
200    5.05626
4 5.25758  4
10    4.41766
24    4.13704
25    4.94099
152    3.50009
5 5.85269  5
10    4.17367
47    4.25533
56    5.00105
129    4.23775
135    6.17507
6 7.79611  4
10    4.69865
24    6.13286
132    4.89421
173    6.1444
7 14.1424  1
10    5.70338
8 14.8663  1
84    4.41244
9 7.22999  5
11    3.50375
17    5.95369
25    3.9402
26    5.94325
108    5.94325
10 12.2939  4
53    3.68815
54    4.11791
55    5.52136
129    3.99174
11 8.82977  9
12    3.55493
13    3.68284
14    4.10051
15    5.46451
16    3.91859
17    4.8704
78    4.12889
170    4.30816
172    5.4819
12 7.51778  5
27    5.4819
28    3.97536
29    5.0558
30    5.58399
75    3.83894
13 13.2336  3
17    4.97853
25    5.20907
129    3.72486
14 11.8984  7
18    5.51605
19    4.08687
20    5.41992
21    3.77293
22    4.39477
23    6.42547
24    5.32104
15 7.53822  3
24    5.5838
115    6.06108
205    6.28649
16 13.3004  6
79    5.20449
80    6.06951
81    5.89427
82    5.32196
83    6.45312
101    4.30816
17 12.1166  1
25    5.99736
18 8.25083  3
24    4.05657
89    4.76182
90    3.50009
19 5.62716  2
24    4.30816
25    6.10109
20 7.05969  1
115    6.18725
21 11.7379  3
24    6.4501
25    5.6586
128    4.11791
22 7.01422  1
56    4.10427
23 11.5893  6
47    4.64893
56    3.9586
78    6.44763
89    4.80403
101    6.13286
131    5.75886
24 6.52867  3
71    4.82472
101    6.14257
173    6.06108
25 10.0035  4
75    4.22411
115    5.86671
134    3.60273
173    4.30871
26 11.3506  1
75    5.55808
27 5.74953  1
170    6.4501
28 7.45918  8
48    5.56952
49    4.26147
50    5.99013
51    5.63498
52    4.47525
71    4.89421
114    6.13881
131    5.43118
29 13.0422  8
31    4.30871
32    6.1444
33    6.13881
34    6.12059
35    6.06108
36    5.86671
37    5.23196
100    3.77293
30 11.2737  2
100    5.51605
101    5.99736
31 5.49837  3
76    6.17507
77    6.23898
84    5.61576
32 6.63915  6
68    3.81788
69    4.54154
70    3.90458
101    5.5838
129    5.38211
133    6.18963
33 10.3645  2
90    4.69865
173    6.13881
34 12.5295  1
56    4.23775
35 9.59914  3
153    4.10051
154    5.46451
155    3.91859
36 10.0301  1
71    4.82939
37 11.4373  10
38    6.15923
39    6.18725
40    6.27871
41    3.57727
42    3.75581
43    4.33883
44    6.24273
45    6.4599
46    4.169
56    3.72486
38 6.03244  1
206    0
39 8.38328  2
101    6.10109
152    3.50375
40 6.0596  1
100    6.42547
41 8.47179  1
56    5.40518
42 6.34861  2
100    4.08687
200    4.82472
43 9.41572  2
132    4.84458
174    3.57727
44 9.43129  3
56    5.47678
131    4.54154
133    4.31347
45 9.48195  3
109    3.97536
110    5.0558
111    5.58399
46 9.64736  1
115    6.15923
47 10.1875  1
89    4.62394
48 11.9515  2
65    5.43118
66    3.80973
49 7.71157  8
57    5.91267
58    5.38211
59    3.64951
60    3.99174
61    5.10936
62    5.75886
63    4.87974
64    5.00902
50 13.8665  2
75    6.28649
89    3.89827
51 13.9654  5
90    3.50375
100    5.32104
101    6.4501
151    4.80403
200    4.89421
52 14.2883  1
206    0
53 5.34242  6
71    4.84458
91    3.55493
171    6.14257
173    5.0558
174    4.33883
192    5.38211
54 6.1298  1
206    0
55 8.70098  4
85    6.48315
86    4.2449
87    5.93602
88    5.45828
56 7.09723  2
71    5.05626
200    4.82939
57 11.8603  3
105    4.94099
106    5.20907
107    6.08452
58 7.41371  1
192    3.99174
59 12.8939  3
74    6.18963
133    5.58545
151    4.76182
60 10.7894  3
67    4.51498
90    4.41766
131    5.00902
61 13.9169  1
71    5.58545
62 14.1299  1
206    0
63 14.8254  3
100    4.39477
135    6.44763
174    6.24273
64 7.09632  2
100    5.41992
115    6.12059
65 11.8572  1
99    5.95369
66 7.40364  1
75    4.12917
67 12.861  3
75    3.60273
91    3.68284
192    4.23775
68 10.6816  3
75    5.23681
89    5.70338
115    3.57727
69 13.565  3
72    4.31347
73    6.15996
75    4.61029
70 12.9809  2
78    4.22109
171    6.13286
71 11.0732  1
78    5.55716
72 14.8437  1
89    4.17367
73 7.15613  1
206    0
74 12.0525  5
146    5.61576
147    4.41244
148    6.48315
149    4.2449
150    5.93602
75 8.04147  4
78    5.85829
131    4.87974
132    5.05626
170    5.5838
76 14.9438  1
173    5.86671
77 7.48299  1
152    3.51575
78 13.1201  2
84    4.14684
135    4.12917
79 11.5276  2
90    3.51575
152    3.68284
80 6.32756  8
175    4.169
176    5.68818
177    4.64893
178    4.25533
179    5.97008
180    5.56952
181    4.26147
182    5.99013
81 9.34675  1
206    0
82 9.20606  1
206    0
83 8.74645  2
135    4.61029
136    4.12889
84 7.24555  2
100    4.05657
115    3.75581
85 12.3446  1
132    4.82939
86 8.99548  2
99    4.2503
101    4.13704
87 8.05887  2
115    5.23196
128    3.9586
88 5.00031  2
129    5.40518
152    4.69865
89 5.01251  3
129    5.91267
135    5.86818
171    5.6586
90 5.05249  8
92    4.10051
93    5.46451
94    3.91859
95    4.8704
96    4.97853
97    5.33166
98    6.4848
128    3.68815
91 5.18311  4
102    5.6586
103    4.55243
104    3.9402
151    3.89827
92 5.60945  3
156    4.8704
157    4.97853
158    5.33166
93 7.00171  1
108    5.4819
94 11.5484  2
115    6.27871
128    5.00105
95 6.39531  1
206    0
96 9.56801  1
192    5.91267
97 9.92843  2
170    4.13704
173    5.58399
98 11.1055  1
206    0
99 14.9493  1
206    0
100 7.50099  1
128    4.10427
101 13.179  10
118    6.4599
119    4.169
120    5.68818
121    4.64893
122    4.25533
123    5.97008
124    5.56952
125    4.26147
126    5.99013
127    5.63498
102 11.7202  2
112    4.30871
113    6.1444
103 6.95624  1
134    3.83894
104 11.3997  1
206    0
105 5.90976  4
201    5.58545
202    4.31347
203    6.15996
204    6.18963
106 7.98257  1
128    5.52136
107 14.7516  3
133    6.15996
135    4.22411
171    5.99736
108 6.85522  1
174    6.27871
109 11.0701  1
135    5.23681
110 14.8337  1
171    6.10109
111 7.12348  2
131    3.80973
171    4.55243
112 11.946  8
162    5.51605
163    4.08687
164    5.41992
165    3.77293
166    4.39477
167    6.42547
168    4.05657
169    5.32104
113 7.69387  1
151    4.62394
114 13.8086  3
116    4.33883
117    6.24273
174    6.18725
115 13.7762  1
200    4.84458
116 13.6703  1
206    0
117 13.3245  2
132    4.82472
171    3.9402
118 12.1953  1
129    3.64951
119 8.5081  3
130    5.10936
171    5.20907
174    5.23196
120 6.46733  2
131    4.51498
135    6.23898
121 9.80331  1
131    3.90458
122 10.6969  1
134    6.28649
123 13.6151  1
128    4.47525
124 13.1442  1
206    0
125 11.6063  1
206    0
126 6.58452  2
128    5.47678
151    4.17367
127 10.186  1
206    0
128 11.9466  1
206    0
129 7.6957  1
206    0
130 13.8147  1
206    0
131 13.796  1
152    4.41766
132 13.7353  1
206    0
133 13.5369  1
135    5.55808
134 12.889  10
137    5.55716
138    4.22109
139    5.85829
140    5.20449
141    6.06951
142    5.89427
143    5.32196
144    6.45312
145    4.14684
192    5.40518
135 10.7732  1
206    0
136 13.8641  1
206    0
137 13.9575  1
206    0
138 14.2624  1
171    4.94099
139 5.25758  2
152    3.55493
200    3.81788
140 5.85269  2
151    5.70338
192    3.64951
141 7.79611  3
159    6.4848
160    4.2503
161    5.95369
142 14.1424  1
192    3.72486
143 14.8663  1
206    0
144 7.22999  1
206    0
145 12.2939  1
206    0
146 8.82977  2
172    5.94325
174    6.15923
147 7.51778  1
206    0
148 13.2336  1
206    0
149 11.8984  1
151    5.45828
150 7.53822  1
206    0
151 13.3004  1
206    0
152 12.1166  1
206    0
153 8.25083  1
200    3.90458
154 5.62716  1
206    0
155 7.05969  1
206    0
156 11.7379  1
206    0
157 7.01422  1
206    0
158 11.5893  1
206    0
159 6.52867  1
206    0
160 10.0035  1
174    6.4599
161 11.3506  1
171    6.08452
162 5.74953  1
174    3.75581
163 7.45918  1
206    0
164 13.0422  1
206    0
165 11.2737  1
206    0
166 5.49837  1
206    0
167 6.63915  1
206    0
168 10.3645  1
173    6.12059
169 12.5295  1
206    0
170 9.59914  1
206    0
171 10.0301  1
206    0
172 11.4373  1
173    3.97536
173 6.03244  1
206    0
174 8.38328  1
206    0
175 6.0596  1
206    0
176 8.47179  1
206    0
177 6.34861  1
206    0
178 9.41572  9
183    5.63498
184    4.47525
185    3.68815
186    4.11791
187    5.52136
188    4.10427
189    5.47678
190    3.9586
191    5.00105
179 9.43129  1
206    0
180 9.48195  1
206    0
181 9.64736  1
206    0
182 10.1875  1
206    0
183 11.9515  7
193    5.10936
194    5.75886
195    4.87974
196    5.00902
197    5.43118
198    3.80973
199    4.51498
184 7.71157  1
206    0
185 13.8665  1
206    0
186 13.9654  1
206    0
187 14.2883  1
206    0
188 5.34242  1
206    0
189 6.1298  1
206    0
190 8.70098  1
206    0
191 7.09723  1
206    0
192 11.8603  1
206    0
193 7.41371  1
206    0
194 12.8939  1
206    0
195 10.7894  1
206    0
196 13.9169  1
206    0
197 14.1299  1
206    0
198 14.8254  1
206    0
199 7.09632  1
206    0
200 11.8572  1
206    0
201 7.40364  1
206    0
202 12.861  1
206    0
203 10.6816  1
206    0
204 13.565  1
206    0
205 12.9809  1
206    0
206 0  0
