176
0 7.12348  7
1    11.9803
2    11.27
3    8.9505
5    10.9536
24    12.8953
25    10.6439
54    8.11313
1 11.946  7
4    11.0427
5    8.20853
14    9.08307
55    12.2657
58    8.61742
91    10.409
102    10.9166
2 7.69387  4
4    8.23582
14    7.80917
24    11.7364
56    7.8804
3 13.8086  6
4    7.37629
5    7.9172
24    12.3501
38    9.39729
49    10.6633
91    12.8953
4 13.7762  10
6    10.0021
7    10.8104
8    7.44972
9    8.47551
10    11.8253
11    10.7642
12    7.29902
14    9.64943
19    8.62694
24    8.25779
5 13.6703  3
14    10.8624
90    7.67788
115    9.74081
6 13.3245  3
15    9.65877
16    9.68917
19    12.573
7 12.1953  5
14    11.5177
24    10.4736
25    12.9062
55    12.2851
58    10.1116
8 8.5081  3
14    10.018
19    7.67788
24    11.7166
9 6.46733  2
13    7.98349
25    12.139
10 9.80331  2
14    7.63576
19    12.3199
11 10.6969  3
13    10.2187
14    7.61946
57    10.9638
12 13.6151  3
14    9.02997
73    11.27
91    12.3501
13 13.1442  3
14    9.75948
19    7.20545
91    8.25779
14 11.6063  3
24    11.1143
25    10.409
54    8.27409
15 6.58452  3
17    9.78841
18    10.1125
87    11.5177
16 10.186  3
19    11.1709
73    7.37629
91    10.4736
17 11.9466  6
20    9.22059
21    8.25834
22    11.1162
23    8.44823
25    11.7885
49    8.5006
18 7.6957  2
19    12.3793
91    11.7166
19 13.8147  1
49    12.9696
20 13.796  3
24    12.478
88    7.61946
174    7.9172
21 13.7353  2
58    12.1222
102    7.79653
22 13.5369  2
24    8.44218
55    12.2022
23 12.889  6
26    8.29368
27    11.2315
28    8.82488
29    12.9663
30    8.48979
57    11.8865
24 10.7732  1
175    0
25 13.8641  2
90    8.25834
91    8.44218
26 13.9575  3
31    11.872
32    10.9166
33    7.79653
27 14.2624  3
58    12.2776
88    7.63576
174    10.9536
28 5.25758  1
175    0
29 5.85269  3
49    11.0321
56    9.10486
89    10.1125
30 7.79611  5
34    9.60805
35    9.52364
36    9.24787
37    8.34733
49    11.9074
31 14.1424  1
58    12.2412
32 14.8663  1
175    0
33 7.22999  2
56    11.3172
57    7.95071
34 12.2939  2
38    11.4068
56    12.169
35 8.82977  3
54    11.1676
88    7.80917
174    10.8104
36 7.51778  3
49    9.95706
56    9.88198
174    10.0021
37 13.2336  10
39    8.83532
40    7.00018
41    7.00751
42    7.0315
43    7.10987
44    7.36567
45    8.20103
46    10.929
47    7.83718
48    9.74081
38 11.8984  1
175    0
39 7.53822  2
54    10.6421
58    11.168
40 13.3004  1
73    11.9402
41 12.1166  4
51    10.8398
52    7.54585
53    8.78954
54    12.9002
42 8.25083  1
54    8.61632
43 5.62716  1
115    9.95706
44 7.05969  1
125    12.8509
45 11.7379  2
88    9.65877
90    11.1162
46 7.01422  1
175    0
47 11.5893  2
54    12.8509
89    7.20545
48 6.52867  1
50    8.17374
49 10.0035  1
87    10.2187
50 11.3506  2
56    11.9947
88    9.08307
51 5.74953  2
76    8.20853
89    12.3793
52 7.45918  2
58    12.2888
130    12.2851
53 13.0422  1
73    8.52293
54 11.2737  7
59    11.7334
60    10.4639
61    12.3185
62    12.3745
63    12.5574
64    7.15455
65    7.51161
55 5.49837  2
56    10.4181
88    9.64943
56 6.63915  2
73    11.139
89    12.573
57 10.3645  4
83    11.8253
84    10.7642
85    7.29902
86    7.98349
58 12.5295  7
66    8.67766
67    12.4855
68    12.9198
69    8.33799
70    11.3764
71    9.29786
72    8.51067
59 9.59914  1
88    9.02997
60 10.0301  1
73    11.9803
61 11.4373  1
175    0
62 6.03244  1
88    10.8624
63 8.38328  2
73    8.9505
102    9.60805
64 6.0596  10
92    12.139
93    11.7885
94    10.6439
95    12.9062
96    8.29368
97    11.2315
98    8.82488
99    12.9663
100    8.48979
101    11.872
65 8.47179  1
175    0
66 6.34861  1
175    0
67 9.41572  1
91    12.478
68 9.43129  1
90    8.44823
69 9.48195  1
175    0
70 9.64736  2
74    8.23582
75    11.0427
71 10.1875  1
175    0
72 11.9515  6
77    10.9536
78    7.9172
79    10.0021
80    10.8104
81    7.44972
82    8.47551
73 7.71157  1
89    11.1709
74 13.8665  8
166    8.52293
167    11.9803
168    11.27
169    8.9505
170    7.37629
171    8.23582
172    11.0427
173    8.20853
75 13.9654  1
175    0
76 14.2883  1
175    0
77 5.34242  3
88    9.75948
89    9.68917
91    11.7364
78 6.1298  1
89    8.62694
79 8.70098  1
175    0
80 7.09723  1
175    0
81 11.8603  1
89    9.78841
82 7.41371  1
175    0
83 12.8939  9
116    10.6633
117    12.9696
118    8.5006
119    11.9074
120    11.0321
121    8.17374
122    10.8398
123    7.54585
124    8.78954
84 10.7894  1
175    0
85 13.9169  1
89    12.3199
86 14.1299  1
175    0
87 14.8254  1
88    10.018
88 7.09632  1
90    9.22059
89 11.8572  1
175    0
90 7.40364  1
91    11.1143
91 12.861  1
102    9.24787
92 10.6816  1
175    0
93 13.565  7
108    7.00751
109    7.0315
110    7.10987
111    7.36567
112    8.20103
113    10.929
114    7.83718
94 12.9809  1
175    0
95 11.0732  1
175    0
96 14.8437  1
175    0
97 7.15613  1
175    0
98 12.0525  1
175    0
99 8.04147  1
175    0
100 14.9438  1
102    9.52364
101 7.48299  5
103    8.34733
104    11.4068
105    9.39729
106    8.83532
107    7.00018
102 13.1201  1
175    0
103 11.5276  1
175    0
104 6.32756  1
175    0
105 9.34675  1
175    0
106 9.20606  1
175    0
107 8.74645  1
175    0
108 7.24555  1
175    0
109 12.3446  1
175    0
110 8.99548  10
131    12.2657
132    12.2022
133    11.9947
134    11.3172
135    9.10486
136    7.8804
137    9.88198
138    10.4181
139    12.169
140    11.8865
111 8.05887  2
155    7.15455
156    7.51161
112 5.00031  1
175    0
113 5.01251  6
160    8.33799
161    11.3764
162    9.29786
163    8.51067
164    11.9402
165    11.139
114 5.05249  1
130    11.1676
115 5.18311  1
175    0
116 5.60945  1
175    0
117 7.00171  1
175    0
118 11.5484  1
175    0
119 6.39531  5
150    11.7334
151    10.4639
152    12.3185
153    12.3745
154    12.5574
120 9.56801  1
175    0
121 9.92843  1
175    0
122 11.1055  1
130    8.61632
123 14.9493  4
126    8.11313
127    10.6421
128    12.9002
129    8.27409
124 7.50099  1
175    0
125 13.179  1
175    0
126 11.7202  3
157    8.67766
158    12.4855
159    12.9198
127 6.95624  1
175    0
128 11.3997  1
175    0
129 5.90976  1
175    0
130 7.98257  1
175    0
131 14.7516  1
175    0
132 6.85522  9
141    10.9638
142    7.95071
143    10.1116
144    11.168
145    8.61742
146    12.2888
147    12.2776
148    12.2412
149    12.1222
133 11.0701  1
175    0
134 14.8337  1
175    0
135 7.12348  1
175    0
136 11.946  1
175    0
137 7.69387  1
175    0
138 13.8086  1
175    0
139 13.7762  1
175    0
140 13.6703  1
175    0
141 13.3245  1
175    0
142 12.1953  1
175    0
143 8.5081  1
175    0
144 6.46733  1
175    0
145 9.80331  1
175    0
146 10.6969  1
175    0
147 13.6151  1
175    0
148 13.1442  1
175    0
149 11.6063  1
175    0
150 6.58452  1
175    0
151 10.186  1
175    0
152 11.9466  1
175    0
153 7.6957  1
175    0
154 13.8147  1
175    0
155 13.796  1
175    0
156 13.7353  1
175    0
157 13.5369  1
175    0
158 12.889  1
175    0
159 10.7732  1
175    0
160 13.8641  1
175    0
161 13.9575  1
175    0
162 14.2624  1
175    0
163 5.25758  1
175    0
164 5.85269  1
175    0
165 7.79611  1
175    0
166 14.1424  1
175    0
167 14.8663  1
175    0
168 7.22999  1
175    0
169 12.2939  1
175    0
170 8.82977  1
175    0
171 7.51778  1
175    0
172 13.2336  1
175    0
173 11.8984  1
174    7.44972
174 7.53822  1
175    0
175 0  0
