58
0 13.9575  9
1    58.6818
2    52.3681
3    61.7507
4    62.3898
5    64.4763
6    41.2889
7    55.5716
8    42.2109
11    44.1244
1 14.2624  3
9    60.6951
11    64.8315
27    49.7853
2 5.25758  2
9    52.0449
32    61.4257
3 5.85269  2
9    58.5829
27    55.1605
4 7.79611  1
9    53.2196
5 14.1424  10
12    59.3602
13    54.5828
14    38.9827
15    48.0403
16    47.6182
17    46.2394
18    41.7367
19    57.0338
20    46.9865
21    44.1766
6 14.8663  2
10    41.4684
11    56.1576
7 7.22999  2
9    58.9427
11    42.449
8 12.2939  3
9    64.5312
22    35.0375
27    39.1859
9 8.82977  1
27    48.704
10 7.51778  2
28    54.1992
29    37.7293
11 13.2336  1
57    0
12 11.8984  4
23    35.1575
24    35.5493
25    36.8284
26    41.0051
13 7.53822  3
33    56.586
34    45.5243
35    39.402
14 13.3004  1
57    0
15 12.1166  1
32    61.0109
16 8.25083  1
57    0
17 5.62716  1
27    59.5369
18 7.05969  1
32    59.9736
19 11.7379  2
22    35.0009
32    53.2104
20 7.01422  2
27    64.848
32    40.5657
21 11.5893  1
27    53.3166
22 6.52867  2
27    54.6451
32    41.3704
23 10.0035  1
57    0
24 11.3506  1
43    55.8399
25 5.74953  2
27    42.503
32    43.0816
26 7.45918  1
27    40.8687
27 13.0422  1
57    0
28 11.2737  3
30    43.9477
31    64.2547
32    64.501
29 5.49837  1
32    55.838
30 6.63915  1
57    0
31 10.3645  1
32    61.3286
32 12.5295  6
36    49.4099
37    52.0907
38    60.8452
39    59.4325
40    54.819
41    39.7536
33 9.59914  5
44    43.0871
45    61.444
46    61.3881
47    61.2059
48    60.6108
34 10.0301  1
57    0
35 11.4373  1
57    0
36 6.03244  1
57    0
37 8.38328  1
42    50.558
38 6.0596  1
57    0
39 8.47179  7
50    52.3196
51    61.5923
52    61.8725
53    62.7871
54    35.7727
55    37.5581
56    43.3883
40 6.34861  1
57    0
41 9.41572  1
57    0
42 9.43129  1
57    0
43 9.48195  1
57    0
44 9.64736  1
57    0
45 10.1875  1
57    0
46 11.9515  1
49    58.6671
47 7.71157  1
57    0
48 13.8665  1
57    0
49 13.9654  1
57    0
50 14.2883  1
57    0
51 5.34242  1
57    0
52 6.1298  1
57    0
53 8.70098  1
57    0
54 7.09723  1
57    0
55 11.8603  1
57    0
56 7.41371  1
57    0
57 0  0
