109
0 6.0596  5
1    5.97008
2    5.56952
3    5.99013
4    5.63498
6    5.52136
1 8.47179  3
2    4.26147
6    3.68815
12    3.64951
2 6.34861  1
6    4.11791
3 9.41572  3
6    4.10427
7    5.00105
40    5.55716
4 9.43129  3
5    4.47525
7    3.9586
40    4.22109
5 9.48195  4
8    5.40518
9    3.72486
10    4.23775
11    5.91267
6 9.64736  5
7    5.47678
51    3.89827
83    5.4819
90    5.86671
100    4.10427
7 10.1875  2
12    5.38211
14    4.87974
8 11.9515  3
12    3.99174
13    5.10936
100    3.68815
9 7.71157  2
13    5.75886
51    5.45828
10 13.8665  1
81    5.99736
11 13.9654  9
15    5.00902
16    5.43118
17    3.80973
18    4.51498
19    3.81788
20    4.54154
21    3.90458
22    4.82472
23    4.82939
12 14.2883  1
108    0
13 5.34242  2
83    5.94325
90    6.12059
14 6.1298  10
24    4.84458
25    4.89421
26    5.05626
27    5.58545
28    4.31347
29    6.15996
30    6.18963
31    6.28649
32    3.60273
33    3.83894
15 8.70098  7
101    5.00105
102    5.40518
103    3.72486
104    4.23775
105    5.91267
106    5.38211
107    3.64951
16 7.09723  1
34    4.61029
17 11.8603  10
54    4.62394
55    4.17367
56    5.70338
57    4.69865
58    4.41766
59    3.50009
60    3.50375
61    3.51575
62    3.55493
63    3.68284
18 7.41371  1
83    5.20907
19 12.8939  4
66    5.51605
67    4.08687
68    5.41992
69    3.77293
20 10.7894  1
40    6.44763
21 13.9169  10
41    5.85829
42    5.20449
43    6.06951
44    5.89427
45    5.32196
46    6.45312
47    4.14684
48    5.61576
49    4.41244
50    6.48315
22 14.1299  1
51    4.2449
23 14.8254  1
108    0
24 7.09632  1
108    0
25 11.8572  2
65    3.91859
92    3.75581
26 7.40364  6
35    4.12917
36    5.55808
37    4.22411
38    5.86818
39    5.23681
92    6.24273
27 12.861  1
108    0
28 10.6816  6
84    3.97536
85    5.0558
86    5.58399
87    4.30871
88    6.1444
89    6.13881
29 13.565  1
64    4.10051
30 12.9809  3
40    4.12889
65    5.33166
90    6.18725
31 11.0732  1
108    0
32 14.8437  1
73    5.32104
33 7.15613  1
40    6.17507
34 12.0525  2
52    4.80403
53    4.76182
35 8.04147  1
108    0
36 14.9438  2
51    5.93602
65    4.2503
37 7.48299  1
108    0
38 13.1201  1
108    0
39 11.5276  2
40    6.23898
65    5.95369
40 6.32756  1
108    0
41 9.34675  1
108    0
42 9.20606  1
108    0
43 8.74645  1
108    0
44 7.24555  1
108    0
45 12.3446  1
92    4.33883
46 8.99548  2
65    5.46451
100    5.63498
47 8.05887  3
65    4.97853
81    4.55243
100    4.26147
48 5.00031  1
83    4.94099
49 5.01251  1
108    0
50 5.05249  1
65    6.4848
51 5.18311  1
108    0
52 5.60945  1
108    0
53 7.00171  1
108    0
54 11.5484  1
65    4.8704
55 6.39531  1
90    6.06108
56 9.56801  3
70    4.39477
71    6.42547
72    4.05657
57 9.92843  1
108    0
58 11.1055  2
82    3.9402
92    3.57727
59 14.9493  1
108    0
60 7.50099  1
108    0
61 13.179  5
74    6.4501
75    4.13704
76    5.5838
77    4.30816
90    5.23196
62 11.7202  1
108    0
63 6.95624  1
108    0
64 11.3997  1
108    0
65 5.90976  1
108    0
66 7.98257  1
108    0
67 14.7516  1
108    0
68 6.85522  1
100    5.99013
69 11.0701  3
78    6.14257
79    6.13286
80    6.10109
70 14.8337  1
108    0
71 7.12348  1
108    0
72 11.946  1
108    0
73 7.69387  1
108    0
74 13.8086  1
108    0
75 13.7762  1
81    5.6586
76 13.6703  1
108    0
77 13.3245  1
108    0
78 12.1953  2
83    6.08452
100    4.47525
79 8.5081  1
90    6.15923
80 6.46733  1
108    0
81 9.80331  1
108    0
82 10.6969  1
108    0
83 13.6151  1
100    4.11791
84 13.1442  1
108    0
85 11.6063  2
91    6.27871
100    5.52136
86 6.58452  1
108    0
87 10.186  1
108    0
88 11.9466  1
108    0
89 7.6957  1
108    0
90 13.8147  8
93    6.4599
94    4.169
95    5.68818
96    4.64893
97    4.25533
98    5.97008
99    5.56952
100    3.9586
91 13.796  1
108    0
92 13.7353  1
100    5.47678
93 13.5369  1
108    0
94 12.889  1
108    0
95 10.7732  1
108    0
96 13.8641  1
108    0
97 13.9575  1
108    0
98 14.2624  1
108    0
99 5.25758  1
108    0
100 5.85269  1
108    0
101 7.79611  1
108    0
102 14.1424  1
108    0
103 14.8663  1
108    0
104 7.22999  1
108    0
105 12.2939  1
108    0
106 8.82977  1
108    0
107 7.51778  1
108    0
108 0  0
