49
0 11.8572  8
1    8.61632
5    9.88198
6    10.9638
7    7.95071
8    11.7334
9    7.15455
15    11.0427
36    12.3501
1 7.40364  9
2    12.2851
3    12.2657
4    12.2022
5    11.3172
7    12.2888
8    12.2776
9    12.9198
34    11.1709
37    10.6439
2 12.861  7
5    7.8804
6    11.8865
7    8.61742
8    10.4639
9    7.51161
26    7.98349
34    8.62694
3 10.6816  4
5    9.10486
7    10.1116
8    12.5574
9    9.29786
4 13.565  7
5    11.9947
6    10.4181
8    12.1222
9    8.67766
15    7.37629
34    9.22059
36    8.25779
5 12.9809  4
6    12.169
8    12.3745
9    8.33799
34    12.573
6 11.0732  5
7    11.168
8    12.2412
14    8.9505
15    8.23582
37    10.409
7 14.8437  6
8    12.3185
9    11.3764
14    11.27
26    9.02997
35    8.25834
36    10.4736
8 7.15613  2
9    12.4855
26    7.61946
9 12.0525  4
10    8.51067
11    11.9402
12    11.139
13    8.52293
10 8.04147  1
48    0
11 14.9438  1
14    11.9803
12 7.48299  1
36    12.8953
13 13.1201  1
48    0
14 11.5276  10
16    8.20853
17    10.9536
18    7.9172
19    10.0021
20    10.8104
21    7.44972
22    8.47551
23    11.8253
24    10.7642
25    7.29902
15 6.32756  1
37    11.7166
16 9.34675  2
26    11.5177
37    11.7885
17 9.20606  2
26    10.018
35    11.7364
18 8.74645  1
48    0
19 7.24555  2
26    7.63576
35    8.44823
20 12.3446  1
26    10.2187
21 8.99548  1
37    8.29368
22 8.05887  2
26    9.75948
36    12.478
23 5.00031  10
27    9.08307
28    7.80917
29    9.64943
30    9.65877
31    9.68917
32    9.78841
33    10.1125
34    12.3199
36    11.1143
37    12.9062
24 5.01251  1
26    10.8624
25 5.05249  1
48    0
26 5.18311  1
48    0
27 5.60945  1
48    0
28 7.00171  1
34    7.20545
29 11.5484  2
34    7.67788
36    8.44218
30 6.39531  1
37    12.139
31 9.56801  1
34    12.3793
32 9.92843  10
38    8.82488
39    12.9663
40    8.48979
41    11.872
42    10.9166
43    7.79653
44    9.60805
45    9.52364
46    9.24787
47    8.34733
33 11.1055  1
35    11.1162
34 14.9493  1
48    0
35 7.50099  1
37    11.2315
36 13.179  1
48    0
37 11.7202  1
48    0
38 6.95624  1
48    0
39 11.3997  1
48    0
40 5.90976  1
48    0
41 7.98257  1
48    0
42 14.7516  1
48    0
43 6.85522  1
48    0
44 11.0701  1
48    0
45 14.8337  1
48    0
46 7.12348  1
48    0
47 11.946  1
48    0
48 0  0
