60
0 7.50099  4
1    7.9172
2    10.8104
3    11.8253
4    7.98349
1 13.179  5
2    10.0021
3    7.44972
4    7.29902
20    8.62694
21    7.20545
2 11.7202  2
3    8.47551
4    10.2187
3 6.95624  2
4    10.7642
21    12.573
4 11.3997  6
5    11.5177
6    9.75948
7    10.018
8    10.8624
9    7.61946
21    12.3199
5 5.90976  1
55    11.1676
6 7.98257  1
21    9.22059
7 14.7516  10
10    9.02997
11    7.63576
12    9.08307
13    7.80917
14    9.64943
15    9.65877
16    9.68917
17    9.78841
18    10.1125
19    11.1709
8 6.85522  1
59    0
9 11.0701  6
22    11.1162
23    8.44823
24    11.7364
25    10.4736
53    7.36567
55    10.6421
10 14.8337  2
53    9.95706
54    11.0321
11 7.12348  1
55    12.8509
12 11.946  1
42    7.79653
13 7.69387  3
34    12.139
35    11.7885
55    8.27409
14 13.8086  1
59    0
15 13.7762  1
59    0
16 13.6703  1
21    7.67788
17 13.3245  1
53    12.9696
18 12.1953  2
21    12.3793
54    10.8398
19 8.5081  9
26    12.3501
27    12.478
28    12.8953
29    8.25779
30    11.1143
31    8.44218
32    11.7166
33    10.409
55    12.9002
20 6.46733  1
21    8.25834
21 9.80331  5
37    8.29368
38    11.2315
39    8.82488
40    12.9663
41    8.48979
22 10.6969  1
59    0
23 13.6151  1
59    0
24 13.1442  3
56    12.2657
57    12.2022
58    11.9947
25 11.6063  1
53    10.929
26 6.58452  1
53    9.74081
27 10.186  1
52    7.0315
28 11.9466  1
42    10.9166
29 7.6957  1
36    10.6439
30 13.8147  2
36    12.9062
55    8.11313
31 13.796  1
59    0
32 13.7353  1
59    0
33 13.5369  1
55    12.2851
34 12.889  1
53    10.6633
35 10.7732  4
43    9.60805
44    9.52364
45    9.24787
46    8.34733
36 13.8641  5
47    11.4068
48    9.39729
49    8.83532
50    7.00018
51    7.00751
37 13.9575  1
55    8.78954
38 14.2624  1
59    0
39 5.25758  1
59    0
40 5.85269  1
42    11.872
41 7.79611  1
59    0
42 14.1424  1
54    8.17374
43 14.8663  2
54    11.9074
55    8.61632
44 7.22999  1
59    0
45 12.2939  1
59    0
46 8.82977  1
59    0
47 7.51778  1
53    7.10987
48 13.2336  1
53    7.83718
49 11.8984  1
59    0
50 7.53822  1
54    8.5006
51 13.3004  1
53    8.20103
52 12.1166  1
59    0
53 8.25083  1
55    7.54585
54 5.62716  1
59    0
55 7.05969  1
59    0
56 11.7379  1
59    0
57 7.01422  1
59    0
58 11.5893  1
59    0
59 0  0
