107
0 7.01422  10
1    11.168
2    8.61742
3    12.2776
4    11.7334
6    12.3745
7    11.3764
8    9.29786
13    8.20853
14    7.29902
43    7.79653
1 11.5893  6
3    12.2412
6    8.67766
13    7.9172
15    7.80917
27    11.7364
104    10.409
2 6.52867  5
3    12.2888
6    12.4855
7    8.33799
13    11.27
16    9.65877
3 10.0035  9
4    12.1222
5    10.4639
6    12.5574
13    8.9505
14    8.47551
15    7.63576
50    8.11313
62    12.2412
102    11.1143
4 11.3506  5
5    12.3185
6    7.15455
7    12.9198
13    10.9536
62    12.2776
5 5.74953  3
6    7.51161
14    7.44972
15    7.61946
6 7.45918  6
54    12.2657
55    12.2022
56    11.9947
57    11.3172
58    9.10486
59    7.8804
7 13.0422  3
13    10.0021
15    9.02997
95    9.65877
8 11.2737  4
9    8.51067
10    11.9402
13    8.23582
15    10.8624
9 5.49837  5
12    11.9803
14    7.98349
15    11.5177
43    9.60805
60    10.4181
10 6.63915  6
11    11.139
12    8.52293
13    7.37629
14    10.7642
15    10.018
102    8.25834
11 10.3645  3
13    11.0427
14    11.8253
15    9.75948
12 12.5295  5
14    10.2187
15    9.08307
27    10.4736
61    8.61742
94    10.018
13 9.59914  4
14    10.8104
15    9.64943
44    9.39729
61    11.168
14 10.0301  2
27    9.22059
105    8.29368
15 11.4373  4
42    10.9166
44    7.10987
93    10.2187
102    12.478
16 6.03244  10
17    9.68917
18    9.78841
19    10.1125
20    11.1709
21    8.62694
22    12.3199
23    12.3793
24    12.573
25    7.20545
26    7.67788
17 8.38328  2
41    8.82488
50    12.8509
18 6.0596  10
31    8.25779
32    11.1143
33    8.44218
34    11.7166
35    10.409
36    12.139
37    11.7885
38    10.6439
39    12.9062
40    8.29368
19 8.47179  1
51    10.6421
20 6.34861  2
44    8.83532
50    8.78954
21 9.41572  2
44    7.83718
105    8.48979
22 9.43129  3
27    8.25834
44    7.00018
102    10.4736
23 9.48195  5
27    11.1162
43    9.24787
44    7.36567
50    7.54585
94    9.02997
24 9.64736  1
106    0
25 10.1875  4
28    12.3501
29    12.478
30    12.8953
60    10.1116
26 11.9515  1
27    8.44823
27 7.71157  3
44    7.0315
104    10.6439
105    11.872
28 13.8665  1
43    8.34733
29 13.9654  2
52    11.1676
94    9.75948
30 14.2883  1
44    8.20103
31 5.34242  1
42    8.48979
32 6.1298  1
43    9.52364
33 8.70098  2
60    9.88198
93    11.8253
34 7.09723  4
41    12.9663
43    11.4068
50    8.17374
93    7.98349
35 11.8603  1
44    10.929
36 7.41371  1
60    10.9638
37 12.8939  1
41    11.2315
38 10.7894  9
69    7.51161
70    8.67766
71    12.4855
72    12.9198
73    8.33799
74    11.3764
75    9.29786
76    8.51067
77    11.9402
39 13.9169  4
42    11.872
50    10.8398
61    12.2888
102    12.3501
40 14.1299  1
44    7.00751
41 14.8254  4
65    12.3185
66    12.3745
67    12.5574
68    7.15455
42 7.09632  1
95    7.80917
43 11.8572  8
45    9.74081
46    9.95706
47    10.6633
48    12.9696
49    8.5006
50    11.9074
52    8.61632
93    10.7642
44 7.40364  1
62    12.1222
45 12.861  1
60    11.8865
46 10.6816  1
106    0
47 13.565  1
52    8.27409
48 12.9809  2
50    11.0321
52    12.9002
49 11.0732  1
53    12.2851
50 14.8437  1
63    11.7334
51 7.15613  1
106    0
52 12.0525  2
102    8.44823
104    11.7885
53 8.04147  1
106    0
54 14.9438  1
106    0
55 7.48299  1
60    7.95071
56 13.1201  1
98    12.573
57 11.5276  2
60    12.169
94    10.8624
58 6.32756  2
64    10.4639
102    11.7364
59 9.34675  1
106    0
60 9.20606  10
83    7.37629
84    8.23582
85    11.0427
86    8.20853
87    10.9536
88    7.9172
89    10.0021
90    10.8104
91    7.44972
92    8.47551
61 8.74645  2
94    11.5177
95    9.78841
62 7.24555  1
105    12.9663
63 12.3446  1
106    0
64 8.99548  1
106    0
65 8.05887  1
102    11.1162
66 5.00031  6
78    11.139
79    8.52293
80    11.9803
81    11.27
82    8.9505
98    12.3793
67 5.01251  1
94    7.61946
68 5.05249  1
102    12.8953
69 5.18311  2
98    8.62694
105    8.82488
70 5.60945  1
106    0
71 7.00171  1
106    0
72 11.5484  1
106    0
73 6.39531  1
106    0
74 9.56801  1
106    0
75 9.92843  1
103    8.44218
76 11.1055  1
106    0
77 14.9493  2
95    9.08307
105    12.9062
78 7.50099  1
106    0
79 13.179  1
95    9.64943
80 11.7202  1
106    0
81 6.95624  2
96    10.1125
97    11.1709
82 11.3997  1
106    0
83 5.90976  1
95    7.63576
84 7.98257  1
106    0
85 14.7516  1
106    0
86 6.85522  1
104    12.139
87 11.0701  1
106    0
88 14.8337  3
99    7.20545
100    7.67788
101    9.22059
89 7.12348  1
93    7.29902
90 11.946  2
95    9.68917
98    12.3199
91 7.69387  1
106    0
92 13.8086  1
106    0
93 13.7762  1
105    11.2315
94 13.6703  1
106    0
95 13.3245  1
106    0
96 12.1953  2
102    8.25779
104    11.7166
97 8.5081  1
106    0
98 6.46733  1
106    0
99 9.80331  1
106    0
100 10.6969  1
106    0
101 13.6151  1
106    0
102 13.1442  1
106    0
103 11.6063  1
105    10.9166
104 6.58452  1
106    0
105 10.186  1
106    0
106 0  0
