101
0 11.2737  2
1    61.444
2    61.3881
1 5.49837  1
3    61.2059
2 6.63915  10
5    58.6671
6    52.3196
7    61.5923
8    61.8725
9    62.7871
10    35.7727
11    37.5581
12    43.3883
13    62.4273
14    64.599
3 10.3645  3
4    60.6108
35    45.4154
36    48.4458
4 12.5295  2
37    38.3894
91    59.4325
5 9.59914  3
36    43.1347
37    46.1029
89    59.9736
6 10.0301  3
35    50.0902
36    61.8963
55    64.8315
7 11.4373  1
100    0
8 6.03244  1
90    49.4099
9 8.38328  1
35    48.2472
10 6.0596  7
24    44.7525
25    36.8815
26    41.1791
27    55.2136
28    41.0427
29    54.7678
30    39.586
11 8.47179  1
100    0
12 6.34861  1
34    57.5886
13 9.41572  2
55    44.1244
90    52.0907
14 9.43129  10
15    41.69
16    56.8818
17    46.4893
18    42.5533
19    59.7008
20    55.6952
21    42.6147
22    59.9013
23    56.3498
36    61.5996
15 9.48195  1
34    42.3775
16 9.64736  5
38    42.2411
39    58.6818
40    52.3681
41    61.7507
42    62.3898
17 10.1875  2
35    45.1498
36    50.5626
18 11.9515  2
34    53.8211
90    60.8452
19 7.71157  2
34    39.9174
35    54.3118
20 13.8665  2
35    38.0973
37    41.2917
21 13.9654  1
37    36.0273
22 14.2883  1
34    36.4951
23 5.34242  3
31    50.0105
32    54.0518
33    37.2486
24 6.1298  1
100    0
25 8.70098  5
50    58.9427
51    53.2196
52    64.5312
53    41.4684
54    56.1576
26 7.09723  2
37    55.5808
89    61.0109
27 11.8603  1
34    59.1267
28 7.41371  1
100    0
29 12.8939  2
34    51.0936
36    62.8649
30 10.7894  1
35    48.2939
31 13.9169  2
35    38.1788
55    54.5828
32 14.1299  1
34    48.7974
33 14.8254  5
66    35.5493
67    36.8284
68    41.0051
69    54.6451
70    39.1859
34 7.09632  2
35    39.0458
36    55.8545
35 11.8572  3
36    48.9421
55    42.449
91    54.819
36 7.40364  1
100    0
37 12.861  1
100    0
38 10.6816  1
55    38.9827
39 13.565  6
44    41.2889
45    55.5716
46    42.2109
47    58.5829
48    52.0449
49    60.6951
40 12.9809  1
43    64.4763
41 11.0732  1
100    0
42 14.8437  1
55    59.3602
43 7.15613  1
100    0
44 12.0525  7
71    48.704
72    49.7853
73    53.3166
74    64.848
75    42.503
76    59.5369
77    55.1605
45 8.04147  7
82    64.2547
83    40.5657
84    53.2104
85    64.501
86    41.3704
87    55.838
88    43.0816
46 14.9438  1
100    0
47 7.48299  1
100    0
48 13.1201  1
89    56.586
49 11.5276  1
89    45.5243
50 6.32756  1
100    0
51 9.34675  1
100    0
52 9.20606  10
56    48.0403
57    47.6182
58    46.2394
59    41.7367
60    57.0338
61    46.9865
62    44.1766
63    35.0009
64    35.0375
65    35.1575
53 8.74645  1
100    0
54 7.24555  1
100    0
55 12.3446  1
100    0
56 8.99548  1
100    0
57 8.05887  1
100    0
58 5.00031  1
100    0
59 5.01251  1
100    0
60 5.05249  1
100    0
61 5.18311  1
100    0
62 5.60945  1
100    0
63 7.00171  1
100    0
64 11.5484  1
100    0
65 6.39531  1
100    0
66 9.56801  1
100    0
67 9.92843  1
100    0
68 11.1055  1
100    0
69 14.9493  4
78    40.8687
79    54.1992
80    37.7293
81    43.9477
70 7.50099  8
92    39.7536
93    50.558
94    55.8399
95    43.0871
96    61.444
97    61.3881
98    61.2059
99    60.6108
71 13.179  1
89    61.4257
72 11.7202  1
100    0
73 6.95624  1
100    0
74 11.3997  1
100    0
75 5.90976  1
100    0
76 7.98257  1
100    0
77 14.7516  1
100    0
78 6.85522  1
100    0
79 11.0701  1
89    39.402
80 14.8337  1
100    0
81 7.12348  1
100    0
82 11.946  1
100    0
83 7.69387  1
100    0
84 13.8086  1
100    0
85 13.7762  1
100    0
86 13.6703  1
100    0
87 13.3245  1
100    0
88 12.1953  1
89    61.3286
89 8.5081  1
100    0
90 6.46733  1
100    0
91 9.80331  1
100    0
92 10.6969  1
100    0
93 13.6151  1
100    0
94 13.1442  1
100    0
95 11.6063  1
100    0
96 6.58452  1
100    0
97 10.186  1
100    0
98 11.9466  1
100    0
99 7.6957  1
100    0
100 0  0
