97
0 11.3506  10
1    1.04181
2    1.2169
3    1.18865
4    1.09638
5    0.795071
6    1.01116
7    1.1168
8    0.861742
9    1.22888
10    1.22776
1 5.74953  3
25    0.820853
59    0.952364
70    1.10321
2 7.45918  1
25    1.127
3 13.0422  10
14    1.04639
15    1.23185
16    1.23745
17    1.25574
18    0.715455
19    0.751161
20    0.867766
21    1.24855
22    1.29198
23    0.833799
4 11.2737  3
24    0.929786
34    0.763576
59    0.924787
5 5.49837  6
26    1.09536
27    0.79172
28    1.00021
29    1.08104
30    0.744972
33    0.975948
6 6.63915  4
31    0.847551
32    1.18253
57    1.12315
59    0.700751
7 10.3645  2
34    0.908307
35    1.11709
8 12.5295  2
25    0.823582
34    1.08624
9 9.59914  3
24    1.19402
57    1.29062
71    1.28509
10 10.0301  7
11    1.22412
12    1.21222
13    1.17334
25    0.89505
33    1.07642
59    0.883532
71    1.06421
11 11.4373  1
25    0.737629
12 6.03244  1
24    0.852293
13 8.38328  1
96    0
14 6.0596  2
34    0.968917
57    1.17885
15 8.47179  5
24    1.13764
25    1.19803
34    0.902997
70    0.754585
71    0.827409
16 6.34861  3
33    1.0018
34    0.964943
57    0.848979
17 9.41572  10
72    1.22657
73    1.22022
74    1.19947
75    1.13172
76    0.910486
77    0.78804
78    0.988198
79    1.04181
80    1.2169
81    1.18865
18 9.43129  1
34    0.780917
19 9.48195  1
35    1.01125
20 9.64736  2
25    1.10427
70    1.08398
21 10.1875  1
34    0.761946
22 11.9515  2
24    0.851067
70    0.85006
23 7.71157  2
24    1.1139
57    0.882488
24 13.8665  2
33    1.15177
59    0.834733
25 13.9654  3
33    0.729902
34    0.965877
57    1.29663
26 14.2883  1
96    0
27 5.34242  1
71    0.861632
28 6.1298  1
96    0
29 8.70098  3
34    0.978841
70    0.878954
71    1.29002
30 7.09723  1
33    1.02187
31 11.8603  7
39    1.2573
40    0.720545
41    0.767788
42    0.922059
43    0.825834
44    1.11162
45    0.844823
32 7.41371  1
33    0.798349
33 12.8939  1
96    0
34 10.7894  10
46    1.17364
47    1.04736
48    1.23501
49    1.24779
50    1.28953
51    0.825779
52    1.11143
53    0.844218
54    1.17166
70    1.19074
35 13.9169  4
36    0.862694
37    1.23199
38    1.23793
57    1.06439
36 14.1299  2
58    1.09166
71    0.811313
37 14.8254  1
96    0
38 7.09632  1
58    0.779653
39 11.8572  1
96    0
40 7.40364  1
96    0
41 12.861  1
96    0
42 10.6816  2
55    1.0409
56    1.2139
43 13.565  1
69    1.29696
44 12.9809  1
96    0
45 11.0732  1
57    0.829368
46 14.8437  1
96    0
47 7.15613  1
96    0
48 12.0525  9
60    0.703149
61    0.710987
62    0.736567
63    0.820103
64    1.0929
65    0.783718
66    0.974081
67    0.995706
68    1.06633
49 8.04147  1
59    1.14068
50 14.9438  1
59    0.960805
51 7.48299  2
57    1.1872
59    0.700018
52 13.1201  1
59    0.939729
53 11.5276  1
96    0
54 6.32756  1
96    0
55 9.34675  1
96    0
56 9.20606  1
96    0
57 8.74645  1
96    0
58 7.24555  1
96    0
59 12.3446  1
71    1.11676
60 8.99548  1
96    0
61 8.05887  1
70    0.817374
62 5.00031  1
96    0
63 5.01251  1
96    0
64 5.05249  1
96    0
65 5.18311  1
96    0
66 5.60945  1
96    0
67 7.00171  1
96    0
68 11.5484  1
96    0
69 6.39531  1
71    1.22851
70 9.56801  1
96    0
71 9.92843  1
96    0
72 11.1055  1
96    0
73 14.9493  6
90    1.21222
91    1.17334
92    1.04639
93    1.23185
94    1.23745
95    1.25574
74 7.50099  1
96    0
75 13.179  1
96    0
76 11.7202  1
96    0
77 6.95624  1
96    0
78 11.3997  1
96    0
79 5.90976  1
96    0
80 7.98257  8
82    1.09638
83    0.795071
84    1.01116
85    1.1168
86    0.861742
87    1.22888
88    1.22776
89    1.22412
81 14.7516  1
96    0
82 6.85522  1
96    0
83 11.0701  1
96    0
84 14.8337  1
96    0
85 7.12348  1
96    0
86 11.946  1
96    0
87 7.69387  1
96    0
88 13.8086  1
96    0
89 13.7762  1
96    0
90 13.6703  1
96    0
91 13.3245  1
96    0
92 12.1953  1
96    0
93 8.5081  1
96    0
94 6.46733  1
96    0
95 9.80331  1
96    0
96 0  0
