55
0 13.179  4
1    8.23582
3    7.9172
5    8.47551
13    7.63576
1 11.7202  4
2    11.0427
3    10.9536
5    11.8253
30    11.1143
2 6.95624  2
3    8.20853
5    10.7642
3 11.3997  3
4    10.0021
5    7.44972
36    12.9062
4 5.90976  2
5    10.8104
13    7.61946
5 7.98257  5
6    7.29902
7    7.98349
8    10.2187
9    11.5177
10    9.75948
6 14.7516  3
11    10.018
12    10.8624
30    12.3501
7 6.85522  9
14    7.80917
15    9.64943
16    9.65877
17    9.68917
18    9.78841
19    10.1125
20    11.1709
21    8.62694
22    12.3199
8 11.0701  1
30    12.8953
9 14.8337  1
13    9.08307
10 7.12348  1
13    9.02997
11 11.946  1
30    8.44823
12 7.69387  1
54    0
13 13.8086  3
31    11.7166
32    10.409
33    12.139
14 13.7762  1
54    0
15 13.6703  1
30    8.44218
16 13.3245  1
54    0
17 12.1953  3
23    12.3793
24    12.573
25    7.20545
18 8.5081  1
54    0
19 6.46733  4
26    7.67788
27    9.22059
28    8.25834
29    11.1162
20 9.80331  1
30    12.478
21 10.6969  1
54    0
22 13.6151  10
44    7.79653
45    9.60805
46    9.52364
47    9.24787
48    8.34733
49    11.4068
50    9.39729
51    8.83532
52    7.00018
53    7.00751
23 13.1442  1
30    10.4736
24 11.6063  1
54    0
25 6.58452  1
30    8.25779
26 10.186  1
54    0
27 11.9466  1
54    0
28 7.6957  1
30    11.7364
29 13.8147  1
54    0
30 13.796  2
37    8.29368
38    11.2315
31 13.7353  2
34    11.7885
35    10.6439
32 13.5369  1
54    0
33 12.889  1
54    0
34 10.7732  1
54    0
35 13.8641  1
54    0
36 13.9575  1
54    0
37 14.2624  5
39    8.82488
40    12.9663
41    8.48979
42    11.872
43    10.9166
38 5.25758  1
54    0
39 5.85269  1
54    0
40 7.79611  1
54    0
41 14.1424  1
54    0
42 14.8663  1
54    0
43 7.22999  1
54    0
44 12.2939  1
54    0
45 8.82977  1
54    0
46 7.51778  1
54    0
47 13.2336  1
54    0
48 11.8984  1
54    0
49 7.53822  1
54    0
50 13.3004  1
54    0
51 12.1166  1
54    0
52 8.25083  1
54    0
53 5.62716  1
54    0
54 0  0
