209
0 10.186  6
1    1.11143
18    0.710987
20    0.974081
39    0.833799
45    1.09536
147    0.960805
1 11.9466  8
2    0.844218
3    1.17166
4    1.0409
5    1.2139
6    1.17885
20    0.85006
62    0.965877
68    1.09166
2 7.6957  3
8    1.12315
33    1.18865
38    0.715455
3 13.8147  6
7    1.06439
8    1.29062
15    0.924787
19    0.820103
77    0.995706
105    1.24855
4 13.796  9
9    0.882488
10    1.29663
11    0.848979
12    1.1872
13    1.09166
14    0.779653
32    1.04181
63    0.862694
76    0.700018
5 13.7353  9
8    0.829368
15    0.960805
18    0.736567
20    1.10321
32    1.19947
33    1.01116
106    1.10427
112    1.07642
128    0.922059
6 13.5369  4
16    1.14068
32    0.910486
45    0.89505
68    1.1872
7 12.889  7
19    1.0929
32    1.13172
38    1.25574
39    1.24855
45    0.823582
65    1.28953
106    0.89505
8 10.7732  3
17    0.883532
18    0.700751
65    0.825779
9 13.8641  3
20    1.29696
65    1.04736
105    1.23745
10 13.9575  4
16    0.939729
20    0.995706
32    1.22022
39    1.13764
11 14.2624  6
15    0.952364
17    0.700018
32    0.78804
38    1.23745
63    1.11709
65    1.17166
12 5.25758  2
18    0.703149
33    0.795071
13 5.85269  5
20    1.19074
32    1.2169
46    0.847551
64    1.11162
66    0.882488
14 7.79611  10
54    1.0018
55    1.08624
56    0.761946
57    0.902997
58    0.763576
59    0.908307
60    0.780917
61    0.964943
146    0.882488
150    0.883532
15 14.1424  3
16    0.834733
66    1.29062
114    0.763576
16 14.8663  3
64    0.922059
76    0.974081
101    1.01116
17 7.22999  4
20    0.783718
32    1.22657
65    1.11143
66    1.06439
18 12.2939  1
20    1.06633
19 8.82977  8
21    0.817374
22    1.08398
23    0.754585
24    0.878954
25    1.28509
26    0.811313
33    1.22888
101    1.09638
20 7.51778  4
46    1.00021
64    0.825834
105    1.29198
128    0.767788
21 13.2336  3
33    1.09638
63    0.978841
113    1.08624
22 11.8984  10
27    1.06421
28    1.29002
29    0.827409
30    1.11676
31    0.861632
33    0.861742
45    1.10427
84    0.878954
106    0.737629
113    1.0018
23 7.53822  8
40    0.929786
41    0.851067
42    1.19402
43    1.1139
44    0.852293
65    1.24779
114    0.902997
145    1.29062
24 13.3004  7
47    1.18253
48    1.07642
49    0.729902
50    0.798349
51    1.02187
52    1.15177
53    0.975948
25 12.1166  4
32    1.22851
64    0.767788
65    0.844218
106    0.823582
26 8.25083  2
46    1.08104
84    1.28509
27 5.62716  3
32    0.988198
33    1.1168
64    0.844823
28 7.05969  1
39    1.29198
29 11.7379  2
38    1.04639
46    0.79172
30 7.01422  1
45    0.820853
31 11.5893  8
34    1.22776
35    1.22412
36    1.21222
37    1.17334
45    1.127
68    0.848979
112    0.975948
153    0.783718
32 6.52867  5
45    1.19803
65    1.17364
66    1.17885
76    0.710987
163    0.827409
33 10.0035  2
66    0.829368
112    1.18253
34 11.3506  1
208    0
35 5.74953  3
38    1.23185
76    0.700751
105    0.751161
36 7.45918  3
64    0.720545
101    1.18865
153    0.974081
37 13.0422  2
38    0.751161
39    0.867766
38 11.2737  2
46    0.744972
106    0.852293
39 5.49837  1
208    0
40 6.63915  1
76    1.0929
41 10.3645  2
105    1.13764
106    1.19803
42 12.5295  2
63    0.968917
64    1.2573
43 9.59914  1
77    1.06633
44 10.0301  1
45    0.737629
45 11.4373  1
208    0
46 6.03244  1
63    1.01125
47 8.38328  4
78    0.85006
79    1.19074
80    1.10321
146    1.1872
48 6.0596  10
115    0.908307
116    0.780917
117    0.964943
118    0.965877
119    0.968917
120    0.978841
121    1.01125
122    1.11709
123    0.862694
124    1.23199
49 8.47179  1
104    1.21222
50 6.34861  2
76    0.783718
112    1.15177
51 9.41572  2
64    1.23199
65    1.23501
52 9.43129  1
208    0
53 9.48195  2
64    1.23793
76    0.820103
54 9.64736  1
112    0.744972
55 10.1875  8
69    0.779653
70    0.960805
71    0.952364
72    0.924787
73    0.834733
74    1.14068
75    0.939729
77    1.29696
56 11.9515  1
76    0.883532
57 7.71157  1
66    1.2139
58 13.8665  3
171    0.988198
172    1.04181
173    1.2169
59 13.9654  2
76    0.703149
104    1.22776
60 14.2883  1
208    0
61 5.34242  1
208    0
62 6.1298  1
208    0
63 8.70098  1
65    1.0409
64 7.09723  1
106    1.19402
65 11.8603  2
66    1.12315
106    1.127
66 7.41371  1
67    1.29663
67 12.8939  1
112    1.02187
68 10.7894  3
102    0.861742
104    1.17334
192    1.24855
69 13.9169  1
153    1.0929
70 14.1299  1
208    0
71 14.8254  2
76    0.736567
149    1.14068
72 7.09632  3
81    0.817374
82    1.08398
83    0.754585
73 11.8572  1
85    0.811313
74 7.40364  2
103    1.22888
150    0.703149
75 12.861  1
208    0
76 10.6816  2
101    0.795071
114    0.761946
77 13.565  6
86    1.06421
87    1.29002
88    0.827409
89    1.11676
90    0.861632
91    1.22851
78 12.9809  1
105    0.833799
79 11.0732  2
145    0.829368
163    1.06421
80 14.8437  2
149    0.924787
150    0.939729
81 7.15613  1
112    0.798349
82 12.0525  1
105    0.867766
83 8.04147  2
148    0.952364
149    0.834733
84 14.9438  1
208    0
85 7.48299  1
104    1.04639
86 13.1201  1
208    0
87 11.5276  1
208    0
88 6.32756  10
92    1.22657
93    1.22022
94    1.19947
95    1.13172
96    0.910486
97    0.78804
98    0.988198
99    1.04181
100    1.2169
106    0.851067
89 9.34675  1
208    0
90 9.20606  2
104    1.23185
105    1.25574
91 8.74645  1
208    0
92 7.24555  1
208    0
93 12.3446  1
208    0
94 8.99548  1
105    0.929786
95 8.05887  3
101    1.1168
104    1.22412
146    1.09166
96 5.00031  1
208    0
97 5.01251  1
208    0
98 5.05249  1
208    0
99 5.18311  1
146    1.29663
100 5.60945  1
105    0.715455
101 7.00171  6
107    0.820853
108    1.09536
109    0.79172
110    1.00021
111    1.08104
150    0.700018
102 11.5484  6
139    0.844218
140    1.17166
141    1.0409
142    1.2139
143    1.17885
144    1.06439
103 6.39531  1
208    0
104 9.56801  1
208    0
105 9.92843  1
106    1.1139
106 11.1055  1
112    0.729902
107 14.9493  1
192    1.13764
108 7.50099  1
112    0.847551
109 13.179  1
208    0
110 11.7202  2
147    0.779653
163    1.29002
111 6.95624  8
200    0.89505
201    0.737629
202    0.823582
203    1.10427
204    0.820853
205    1.09536
206    0.79172
207    1.00021
112 11.3997  1
146    1.12315
113 5.90976  1
208    0
114 7.98257  8
154    0.995706
155    1.06633
156    1.29696
157    0.85006
158    1.19074
159    1.10321
160    0.817374
161    1.08398
115 14.7516  2
151    0.710987
152    0.736567
116 6.85522  1
163    0.811313
117 11.0701  1
208    0
118 14.8337  3
125    1.23793
126    1.2573
127    0.720545
119 7.12348  1
208    0
120 11.946  1
208    0
121 7.69387  1
163    1.28509
122 13.8086  1
208    0
123 13.7762  1
208    0
124 13.6703  1
208    0
125 13.3245  1
163    0.861632
126 12.1953  1
146    0.848979
127 8.5081  1
208    0
128 6.46733  10
129    0.825834
130    1.11162
131    0.844823
132    1.17364
133    1.04736
134    1.23501
135    1.24779
136    1.28953
137    0.825779
138    1.11143
129 9.80331  1
163    1.11676
130 10.6969  1
208    0
131 13.6151  7
164    1.22851
165    1.22657
166    1.22022
167    1.19947
168    1.13172
169    0.910486
170    0.78804
132 13.1442  1
208    0
133 11.6063  1
208    0
134 6.58452  1
208    0
135 10.186  1
208    0
136 11.9466  1
208    0
137 7.6957  1
208    0
138 13.8147  10
182    1.22412
183    1.21222
184    1.17334
185    1.04639
186    1.23185
187    1.23745
188    1.25574
189    0.715455
190    0.751161
191    0.867766
139 13.796  1
208    0
140 13.7353  1
153    0.820103
141 13.5369  1
208    0
142 12.889  1
208    0
143 10.7732  1
208    0
144 13.8641  1
208    0
145 13.9575  1
208    0
146 14.2624  1
208    0
147 5.25758  1
208    0
148 5.85269  1
208    0
149 7.79611  1
150    0.700751
150 14.1424  1
208    0
151 14.8663  1
208    0
152 7.22999  1
208    0
153 12.2939  1
162    0.754585
154 8.82977  1
208    0
155 7.51778  1
208    0
156 13.2336  1
208    0
157 11.8984  1
208    0
158 7.53822  1
208    0
159 13.3004  1
208    0
160 12.1166  1
208    0
161 8.25083  1
208    0
162 5.62716  1
163    0.878954
163 7.05969  7
193    0.929786
194    0.851067
195    1.19402
196    1.1139
197    0.852293
198    1.19803
199    1.127
164 11.7379  1
208    0
165 7.01422  1
208    0
166 11.5893  8
174    1.18865
175    1.09638
176    0.795071
177    1.01116
178    1.1168
179    0.861742
180    1.22888
181    1.22776
167 6.52867  1
208    0
168 10.0035  1
208    0
169 11.3506  1
208    0
170 5.74953  1
192    1.29198
171 7.45918  1
208    0
172 13.0422  1
208    0
173 11.2737  1
208    0
174 5.49837  1
208    0
175 6.63915  1
208    0
176 10.3645  1
208    0
177 12.5295  1
208    0
178 9.59914  1
208    0
179 10.0301  1
208    0
180 11.4373  1
208    0
181 6.03244  1
208    0
182 8.38328  1
208    0
183 6.0596  1
208    0
184 8.47179  1
208    0
185 6.34861  1
208    0
186 9.41572  1
208    0
187 9.43129  1
208    0
188 9.48195  1
208    0
189 9.64736  1
208    0
190 10.1875  1
208    0
191 11.9515  1
192    0.833799
192 7.71157  1
208    0
193 13.8665  1
208    0
194 13.9654  1
208    0
195 14.2883  1
208    0
196 5.34242  1
208    0
197 6.1298  1
208    0
198 8.70098  1
208    0
199 7.09723  1
208    0
200 11.8603  1
208    0
201 7.41371  1
208    0
202 12.8939  1
208    0
203 10.7894  1
208    0
204 13.9169  1
208    0
205 14.1299  1
208    0
206 14.8254  1
208    0
207 7.09632  1
208    0
208 0  0
