224
0 5.90976  6
1    0.844823
2    1.04736
24    0.952364
25    0.710987
82    1.11143
112    1.04639
1 7.98257  2
2    1.17364
24    0.700018
2 14.7516  10
3    1.23501
4    1.24779
5    1.28953
6    0.825779
7    1.11143
8    0.844218
9    1.17166
37    1.13172
114    0.867766
133    0.825834
3 6.85522  4
38    0.78804
40    1.21222
82    1.28953
212    0.862694
4 11.0701  9
10    1.0409
11    1.2139
12    1.17885
13    1.06439
24    0.939729
36    0.811313
121    1.08624
183    1.22412
210    0.780917
5 14.8337  7
14    1.29062
15    0.829368
16    1.12315
40    0.715455
41    1.24855
134    0.825779
152    0.736567
6 7.12348  4
24    0.700751
37    1.22851
38    1.18865
95    0.710987
7 11.946  3
38    1.09638
84    0.829368
111    1.22888
8 7.69387  10
26    1.0929
27    0.783718
28    0.974081
29    0.995706
30    1.06633
31    1.29696
32    0.85006
33    1.19074
34    1.10321
35    0.817374
9 13.8086  1
38    1.01116
10 13.7762  9
17    0.882488
18    1.29663
19    0.848979
20    1.1872
21    1.09166
22    0.779653
23    0.960805
24    0.834733
85    1.29663
11 13.6703  4
40    1.22412
82    1.0409
96    1.29696
120    0.737629
12 13.3245  3
36    1.08398
37    1.19947
40    1.23185
13 12.1953  7
25    0.820103
41    0.833799
62    0.902997
112    1.21222
119    1.127
133    1.11162
162    0.878954
14 8.5081  5
24    1.14068
38    1.2169
85    1.09166
95    1.0929
151    0.700018
15 6.46733  3
37    0.910486
42    0.851067
184    1.25574
16 9.80331  4
62    0.763576
85    0.779653
95    0.820103
109    0.988198
17 10.6969  1
120    1.00021
18 13.6151  7
24    0.883532
36    1.06421
37    0.861632
83    1.06439
109    1.04181
132    1.11709
183    1.22776
19 13.1442  4
36    1.28509
42    1.1139
121    0.847551
152    0.820103
20 11.6063  2
36    0.754585
38    0.861742
21 6.58452  4
24    0.924787
25    0.736567
36    0.827409
112    1.25574
22 10.186  4
36    0.878954
40    1.23745
85    0.848979
121    1.18253
23 11.9466  4
38    1.1168
40    1.04639
62    0.975948
191    0.851067
24 7.6957  4
25    0.703149
62    0.761946
108    0.910486
134    1.11143
25 13.8147  2
40    1.25574
132    1.23793
26 13.796  2
36    1.29002
40    1.17334
27 13.7353  3
62    1.08624
121    1.02187
199    1.08104
28 13.5369  3
41    1.13764
42    1.19402
110    1.01116
29 12.889  8
43    0.852293
44    1.19803
45    1.127
46    0.89505
47    0.737629
48    0.823582
49    1.10427
50    0.820853
30 10.7732  1
112    1.17334
31 13.8641  7
37    1.22657
38    0.988198
41    1.29198
42    0.929786
95    0.783718
108    1.22022
121    0.975948
32 13.9575  2
38    1.04181
120    0.823582
33 14.2624  1
37    1.22022
34 5.25758  3
39    1.22888
40    1.22776
84    1.29062
35 5.85269  2
36    1.11676
119    0.852293
36 7.79611  5
38    0.795071
41    0.867766
62    1.15177
119    1.1139
162    1.28509
37 14.1424  5
52    0.79172
53    1.00021
82    0.844218
85    0.882488
119    0.929786
38 14.8663  3
40    0.751161
83    1.17885
120    0.744972
39 7.22999  2
113    0.715455
151    0.710987
40 12.2939  2
62    0.780917
63    0.965877
41 8.82977  1
82    1.17166
42 7.51778  3
64    0.968917
65    0.978841
132    0.720545
43 13.2336  1
223    0
44 11.8984  2
63    0.964943
151    0.883532
45 7.53822  10
98    1.19074
99    1.10321
100    0.817374
101    1.08398
102    0.754585
103    0.878954
104    1.28509
105    0.811313
106    1.06421
107    1.29002
46 13.3004  1
51    1.09536
47 12.1166  10
66    1.01125
67    1.11709
68    0.862694
69    1.23199
70    1.23793
71    1.2573
72    0.720545
73    0.767788
85    1.1872
108    1.22657
48 8.25083  2
134    1.28953
192    0.737629
49 5.62716  2
95    0.736567
151    0.834733
50 7.05969  8
54    1.08104
55    0.744972
56    0.847551
57    1.18253
58    1.07642
59    0.729902
60    0.798349
61    1.02187
51 11.7379  4
115    1.24855
116    1.29198
134    1.24779
183    1.22888
52 7.01422  1
223    0
53 11.5893  1
85    1.12315
54 6.52867  1
223    0
55 10.0035  2
134    1.17166
192    1.127
56 11.3506  2
108    1.22851
132    1.23199
57 5.74953  2
62    0.908307
183    0.861742
58 7.45918  2
95    1.06633
111    1.22412
59 13.0422  1
119    0.851067
60 11.2737  3
62    1.0018
121    1.0018
134    1.04736
61 5.49837  1
223    0
62 6.63915  1
223    0
63 10.3645  10
173    0.910486
174    0.78804
175    0.988198
176    1.04181
177    1.2169
178    1.18865
179    1.09638
180    0.795071
181    1.01116
182    1.1168
64 12.5295  3
95    0.974081
108    0.861632
134    0.844218
65 9.59914  4
109    0.78804
110    0.795071
132    1.2573
192    0.89505
66 10.0301  10
122    0.761946
123    0.902997
124    0.763576
125    0.908307
126    0.780917
127    0.964943
128    0.965877
129    0.968917
130    0.978841
131    1.01125
67 11.4373  1
110    1.09638
68 6.03244  1
119    1.19803
69 8.38328  1
97    0.85006
70 6.0596  9
74    0.922059
75    0.825834
76    1.11162
77    0.844823
78    1.17364
79    1.04736
80    1.23501
81    1.24779
183    1.23745
71 8.47179  2
95    0.995706
158    1.29696
72 6.34861  5
155    0.974081
156    0.995706
157    1.06633
158    1.19074
191    1.13764
73 9.41572  1
223    0
74 9.43129  2
119    0.89505
134    1.23501
75 9.48195  4
82    0.825779
114    0.751161
120    1.08104
191    0.852293
76 9.64736  9
86    0.960805
87    0.952364
88    0.924787
89    0.834733
90    1.14068
91    0.939729
92    0.883532
93    0.700018
94    0.700751
77 10.1875  1
82    1.2139
78 11.9515  1
223    0
79 7.71157  2
108    1.13172
120    1.09536
80 13.8665  1
223    0
81 13.9654  2
109    1.2169
111    1.22776
82 14.2883  2
121    0.729902
183    1.21222
83 5.34242  6
185    0.715455
186    0.751161
187    0.867766
188    1.24855
189    1.29198
190    0.833799
84 6.1298  2
108    0.827409
110    1.18865
85 8.70098  2
108    1.19947
133    0.922059
86 7.09723  1
223    0
87 11.8603  1
223    0
88 7.41371  1
223    0
89 12.8939  1
199    0.744972
90 10.7894  1
223    0
91 13.9169  1
151    0.939729
92 14.1299  1
223    0
93 14.8254  1
95    0.703149
94 7.09632  2
111    0.861742
112    1.23745
95 11.8572  6
145    1.1872
146    1.09166
147    0.779653
148    0.960805
149    0.952364
150    0.924787
96 7.40364  1
223    0
97 12.861  1
111    1.1168
98 10.6816  3
135    1.0409
136    1.2139
158    1.10321
99 13.565  1
121    0.798349
100 12.9809  2
119    1.19402
133    0.844823
101 11.0732  2
112    1.23185
212    1.11709
102 14.8437  1
108    1.11676
103 7.15613  1
223    0
104 12.0525  1
223    0
105 8.04147  1
223    0
106 14.9438  1
151    1.14068
107 7.48299  2
117    0.833799
118    1.13764
108 13.1201  1
223    0
109 11.5276  1
120    0.79172
110 6.32756  1
121    1.15177
111 9.34675  1
183    1.23185
112 9.20606  1
223    0
113 8.74645  3
120    1.10427
121    1.07642
151    0.703149
114 7.24555  1
120    0.820853
115 12.3446  1
191    0.929786
116 8.99548  1
223    0
117 8.05887  1
223    0
118 5.00031  1
132    0.862694
119 5.01251  2
153    1.0929
154    0.783718
120 5.05249  1
133    1.17364
121 5.18311  1
223    0
122 5.60945  1
223    0
123 7.00171  6
193    0.823582
194    1.10427
195    0.820853
196    1.09536
197    0.79172
198    1.00021
124 11.5484  1
223    0
125 6.39531  1
223    0
126 9.56801  1
183    1.17334
127 9.92843  1
133    0.767788
128 11.1055  1
199    0.847551
129 14.9493  1
223    0
130 7.50099  1
211    0.968917
131 13.179  1
210    0.908307
132 11.7202  1
223    0
133 6.95624  1
151    0.700751
134 11.3997  9
137    1.17885
138    1.06439
139    1.29062
140    0.829368
141    1.12315
142    0.882488
143    1.29663
144    0.848979
191    1.1139
135 5.90976  1
210    0.965877
136 7.98257  1
158    0.85006
137 14.7516  2
160    1.08398
161    0.754585
138 6.85522  1
159    0.817374
139 11.0701  1
223    0
140 14.8337  2
221    0.844823
222    1.17364
141 7.12348  1
223    0
142 11.946  1
223    0
143 7.69387  1
223    0
144 13.8086  1
223    0
145 13.7762  1
223    0
146 13.6703  1
223    0
147 13.3245  1
223    0
148 12.1953  1
223    0
149 8.5081  1
199    1.18253
150 6.46733  1
223    0
151 9.80331  1
223    0
152 10.6969  1
162    0.811313
153 13.6151  10
200    0.729902
201    0.798349
202    1.02187
203    1.15177
204    0.975948
205    1.0018
206    1.08624
207    0.761946
208    0.902997
209    0.763576
154 13.1442  1
223    0
155 11.6063  1
223    0
156 6.58452  1
223    0
157 10.186  1
223    0
158 11.9466  1
223    0
159 7.6957  1
223    0
160 13.8147  10
163    1.06421
164    1.29002
165    0.827409
166    1.11676
167    0.861632
168    1.22851
169    1.22657
170    1.22022
171    1.19947
172    1.13172
161 13.796  1
223    0
162 13.7353  1
223    0
163 13.5369  1
223    0
164 12.889  1
183    1.04639
165 10.7732  1
223    0
166 13.8641  1
223    0
167 13.9575  1
191    1.19803
168 14.2624  1
223    0
169 5.25758  1
223    0
170 5.85269  1
223    0
171 7.79611  1
223    0
172 14.1424  1
223    0
173 14.8663  1
223    0
174 7.22999  1
223    0
175 12.2939  1
223    0
176 8.82977  1
223    0
177 7.51778  1
223    0
178 13.2336  1
223    0
179 11.8984  1
223    0
180 7.53822  1
223    0
181 13.3004  8
213    1.23199
214    1.23793
215    1.2573
216    0.720545
217    0.767788
218    0.922059
219    0.825834
220    1.11162
182 12.1166  1
223    0
183 8.25083  1
210    0.964943
184 5.62716  1
199    1.07642
185 7.05969  1
223    0
186 11.7379  2
191    1.19402
212    1.01125
187 7.01422  1
223    0
188 11.5893  1
223    0
189 6.52867  1
223    0
190 10.0035  1
223    0
191 11.3506  1
211    0.978841
192 5.74953  1
223    0
193 7.45918  1
223    0
194 13.0422  1
223    0
195 11.2737  1
223    0
196 5.49837  1
223    0
197 6.63915  1
223    0
198 10.3645  1
223    0
199 12.5295  1
223    0
200 9.59914  1
223    0
201 10.0301  1
223    0
202 11.4373  1
223    0
203 6.03244  1
223    0
204 8.38328  1
223    0
205 6.0596  1
223    0
206 8.47179  1
223    0
207 6.34861  1
223    0
208 9.41572  1
223    0
209 9.43129  1
223    0
210 9.48195  1
223    0
211 9.64736  1
223    0
212 10.1875  1
223    0
213 11.9515  1
223    0
214 7.71157  1
223    0
215 13.8665  1
223    0
216 13.9654  1
223    0
217 14.2883  1
223    0
218 5.34242  1
223    0
219 6.1298  1
223    0
220 8.70098  1
223    0
221 7.09723  1
223    0
222 11.8603  1
223    0
223 0  0
