90
0 11.0732  6
1    50.0105
2    54.0518
3    42.3775
39    36.8284
47    60.8452
61    36.8815
1 14.8437  2
2    37.2486
26    41.2917
2 7.15613  6
3    59.1267
29    60.6951
30    38.9827
31    48.0403
45    61.3286
46    49.4099
3 12.0525  10
4    53.8211
5    36.4951
6    39.9174
7    51.0936
8    57.5886
9    48.7974
10    50.0902
26    46.1029
39    39.1859
48    52.3196
4 8.04147  2
17    48.2472
18    48.2939
5 14.9438  4
26    62.8649
31    46.2394
39    35.5493
69    53.8211
6 7.48299  8
11    54.3118
12    38.0973
13    45.1498
14    38.1788
15    45.4154
16    39.0458
30    42.449
69    59.1267
7 13.1201  3
26    36.0273
40    64.848
47    54.819
8 11.5276  2
29    62.3898
45    41.3704
9 6.32756  2
26    42.2411
46    39.402
10 9.34675  3
27    52.3681
28    61.7507
29    55.5716
11 9.20606  2
29    41.2889
47    61.444
12 8.74645  1
29    58.5829
13 7.24555  1
89    0
14 12.3446  2
40    55.1605
47    43.0871
15 8.99548  3
25    61.8963
29    64.4763
45    61.4257
16 8.05887  7
19    48.4458
20    48.9421
21    50.5626
22    55.8545
23    43.1347
24    61.5996
30    59.3602
17 5.00031  3
29    42.2109
30    64.8315
61    44.7525
18 5.01251  2
26    55.5808
30    54.5828
19 5.05249  2
26    38.3894
45    64.501
20 5.18311  4
29    53.2196
31    47.6182
45    53.2104
47    39.7536
21 5.60945  3
26    58.6818
40    53.3166
47    55.8399
22 7.00171  4
29    52.0449
30    64.5312
45    55.838
47    59.4325
23 11.5484  1
45    43.0816
24 6.39531  2
29    58.9427
30    41.4684
25 9.56801  2
30    44.1244
40    40.8687
26 9.92843  1
39    54.6451
27 11.1055  9
32    41.7367
33    57.0338
34    46.9865
35    44.1766
36    35.0009
37    35.0375
38    35.1575
46    56.586
48    61.2059
28 14.9493  2
30    56.1576
69    57.5886
29 7.50099  7
39    48.704
40    42.503
45    59.9736
47    50.558
61    42.6147
69    50.0902
78    50.5626
30 13.179  1
46    45.5243
31 11.7202  2
40    59.5369
48    61.5923
32 6.95624  2
40    54.1992
48    60.6108
33 11.3997  2
39    49.7853
69    39.9174
34 5.90976  2
39    41.0051
48    61.8725
35 7.98257  1
47    52.0907
36 14.7516  1
89    0
37 6.85522  6
73    45.4154
74    39.0458
75    48.2472
76    48.2939
77    48.4458
78    55.8545
38 11.0701  3
70    38.0973
71    45.1498
72    38.1788
39 14.8337  1
89    0
40 7.12348  3
41    37.7293
42    43.9477
45    61.0109
41 11.946  3
43    64.2547
44    40.5657
48    58.6671
42 7.69387  2
47    61.3881
69    42.3775
43 13.8086  1
89    0
44 13.7762  5
49    62.7871
50    35.7727
51    37.5581
52    43.3883
53    62.4273
45 13.6703  1
89    0
46 13.3245  1
61    59.9013
47 12.1953  7
54    64.599
55    41.69
56    56.8818
57    46.4893
58    42.5533
59    59.7008
60    55.6952
48 8.5081  1
89    0
49 6.46733  1
89    0
50 9.80331  1
61    41.1791
51 10.6969  1
69    48.7974
52 13.6151  1
89    0
53 13.1442  1
61    56.3498
54 11.6063  1
89    0
55 6.58452  1
89    0
56 10.186  1
89    0
57 11.9466  1
89    0
58 7.6957  1
69    36.4951
59 13.8147  1
89    0
60 13.796  1
89    0
61 13.7353  8
62    55.2136
63    41.0427
64    54.7678
65    39.586
66    50.0105
67    54.0518
68    37.2486
69    54.3118
62 13.5369  1
89    0
63 12.889  1
89    0
64 10.7732  1
89    0
65 13.8641  1
69    51.0936
66 13.9575  1
89    0
67 14.2624  1
89    0
68 5.25758  1
89    0
69 5.85269  1
78    48.9421
70 7.79611  1
89    0
71 14.1424  1
89    0
72 14.8663  1
89    0
73 7.22999  1
89    0
74 12.2939  1
89    0
75 8.82977  1
89    0
76 7.51778  10
79    43.1347
80    61.5996
81    61.8963
82    62.8649
83    36.0273
84    38.3894
85    46.1029
86    41.2917
87    55.5808
88    42.2411
77 13.2336  1
89    0
78 11.8984  1
89    0
79 7.53822  1
89    0
80 13.3004  1
89    0
81 12.1166  1
89    0
82 8.25083  1
89    0
83 5.62716  1
89    0
84 7.05969  1
89    0
85 11.7379  1
89    0
86 7.01422  1
89    0
87 11.5893  1
89    0
88 6.52867  1
89    0
89 0  0
