114
0 7.53822  4
1    5.58399
2    4.30871
19    4.47525
59    4.64893
1 13.3004  4
2    6.1444
21    3.9586
56    6.1444
63    5.52136
2 12.1166  4
3    6.13881
19    5.56952
59    5.97008
96    4.2449
3 8.25083  6
4    6.12059
30    6.18963
31    3.60273
42    3.91859
56    3.97536
78    3.90458
4 5.62716  10
5    6.06108
6    5.86671
7    5.23196
8    6.15923
9    6.18725
10    6.27871
11    3.57727
12    3.75581
13    4.33883
19    5.63498
5 7.05969  2
19    5.99013
20    5.52136
6 11.7379  9
14    6.24273
15    6.4599
16    4.169
17    5.68818
18    4.64893
20    4.10427
30    4.31347
41    5.70338
58    3.57727
7 7.01422  1
40    4.80403
8 11.5893  2
21    5.47678
30    6.15996
9 6.52867  2
76    3.81788
77    4.54154
10 10.0035  7
19    4.25533
20    4.11791
21    5.40518
41    4.69865
42    3.68284
43    4.2503
57    6.06108
11 11.3506  4
19    5.97008
31    6.28649
40    6.48315
56    5.0558
12 5.74953  6
35    5.20449
36    6.06951
37    5.89427
38    5.32196
39    6.45312
43    5.95369
13 7.45918  6
21    4.23775
29    4.51498
30    5.58545
31    4.61029
40    5.61576
78    6.15996
14 13.0422  3
21    3.72486
30    4.84458
56    5.94325
15 11.2737  5
21    5.00105
31    3.83894
56    4.30871
57    5.23196
58    4.33883
16 5.49837  10
22    5.38211
23    3.64951
24    3.99174
25    5.10936
26    5.75886
27    4.87974
28    5.00902
30    4.82472
40    4.76182
59    5.68818
17 6.63915  5
19    3.68815
21    5.91267
30    4.89421
40    5.93602
63    5.47678
18 10.3645  6
19    4.26147
29    3.81788
30    3.90458
31    4.22411
55    3.9402
69    5.10936
19 12.5295  6
30    4.82939
34    6.23898
40    4.14684
42    5.46451
57    6.15923
63    4.47525
20 9.59914  3
31    5.55808
40    4.2449
57    6.12059
21 10.0301  2
30    5.05626
58    6.4599
22 11.4373  4
29    5.43118
34    4.22109
42    6.4848
59    4.169
23 6.03244  2
29    3.80973
63    3.9586
24 8.38328  5
32    5.86818
33    5.23681
40    3.89827
59    5.56952
78    4.31347
25 6.0596  5
29    4.54154
34    4.12889
40    5.45828
41    3.50009
42    4.97853
26 8.47179  3
34    5.55716
55    6.13286
56    5.58399
27 6.34861  1
40    4.41244
28 9.41572  4
31    4.12917
34    6.44763
42    4.8704
58    6.18725
29 9.43129  4
34    5.85829
55    5.20907
57    5.86671
63    4.10427
30 9.48195  2
42    5.33166
55    6.14257
31 9.64736  2
34    6.17507
43    5.51605
32 10.1875  3
41    4.17367
63    3.68815
78    4.82472
33 11.9515  1
113    0
34 7.71157  4
41    3.50375
42    3.55493
57    6.13881
96    4.41244
35 13.8665  2
55    6.08452
69    3.64951
36 13.9654  4
41    4.41766
42    4.10051
55    4.94099
96    4.14684
37 14.2883  1
42    3.51575
38 5.34242  1
55    5.6586
39 6.1298  1
41    4.62394
40 8.70098  2
58    6.27871
63    4.11791
41 7.09723  2
55    5.99736
69    5.38211
42 11.8603  3
44    4.08687
45    5.41992
46    3.77293
43 7.41371  9
47    4.39477
48    6.42547
49    4.05657
50    5.32104
51    6.4501
52    4.13704
53    5.5838
54    4.30816
58    3.75581
44 12.8939  2
69    3.99174
96    5.93602
45 10.7894  1
113    0
46 13.9169  1
59    4.25533
47 14.1299  1
113    0
48 14.8254  1
55    4.55243
49 7.09632  1
113    0
50 11.8572  2
56    5.4819
58    6.24273
51 7.40364  2
55    6.10109
95    5.20449
52 12.861  1
113    0
53 10.6816  8
97    3.89827
98    4.80403
99    4.76182
100    4.62394
101    4.17367
102    5.70338
103    4.69865
104    4.41766
54 13.565  1
113    0
55 12.9809  1
78    4.89421
56 11.0732  1
113    0
57 14.8437  1
95    5.85829
58 7.15613  3
60    4.26147
61    5.99013
62    5.63498
59 12.0525  1
113    0
60 8.04147  5
64    5.00105
65    5.40518
66    3.72486
67    4.23775
68    5.91267
61 14.9438  9
84    4.12917
85    5.55808
86    4.22411
87    5.86818
88    5.23681
89    6.17507
90    6.23898
91    6.44763
96    5.32196
62 7.48299  1
113    0
63 13.1201  1
113    0
64 11.5276  1
78    5.58545
65 6.32756  7
70    5.75886
71    4.87974
72    5.00902
73    5.43118
74    3.80973
75    4.51498
96    6.48315
66 9.34675  1
113    0
67 9.20606  2
78    4.84458
96    5.61576
68 8.74645  1
78    5.05626
69 7.24555  1
96    5.45828
70 12.3446  1
113    0
71 8.99548  1
113    0
72 8.05887  1
113    0
73 5.00031  1
113    0
74 5.01251  5
79    6.18963
80    6.28649
81    3.60273
82    3.83894
83    4.61029
75 5.05249  2
92    4.12889
93    5.55716
76 5.18311  1
78    4.82939
77 5.60945  1
113    0
78 7.00171  1
113    0
79 11.5484  1
113    0
80 6.39531  1
113    0
81 9.56801  1
113    0
82 9.92843  1
113    0
83 11.1055  1
113    0
84 14.9493  1
96    6.45312
85 7.50099  1
113    0
86 13.179  1
113    0
87 11.7202  1
113    0
88 6.95624  1
113    0
89 11.3997  1
113    0
90 5.90976  1
113    0
91 7.98257  1
94    4.22109
92 14.7516  1
113    0
93 6.85522  1
96    5.89427
94 11.0701  1
95    6.06951
95 14.8337  1
113    0
96 7.12348  1
113    0
97 11.946  1
113    0
98 7.69387  1
113    0
99 13.8086  1
113    0
100 13.7762  1
113    0
101 13.6703  8
105    3.50009
106    3.50375
107    3.51575
108    3.55493
109    3.68284
110    4.10051
111    5.46451
112    3.91859
102 13.3245  1
113    0
103 12.1953  1
113    0
104 8.5081  1
113    0
105 6.46733  1
113    0
106 9.80331  1
113    0
107 10.6969  1
113    0
108 13.6151  1
113    0
109 13.1442  1
113    0
110 11.6063  1
113    0
111 6.58452  1
113    0
112 10.186  1
113    0
113 0  0
