59
0 11.9466  3
1    61.8963
2    62.8649
3    36.0273
1 7.6957  4
4    38.3894
5    46.1029
6    41.2917
7    55.5808
2 13.8147  1
58    0
3 13.796  1
30    48.0403
4 13.7353  1
30    47.6182
5 13.5369  1
58    0
6 12.889  1
58    0
7 10.7732  10
8    42.2411
9    58.6818
10    52.3681
11    61.7507
12    62.3898
13    64.4763
14    41.2889
15    55.5716
16    42.2109
17    58.5829
8 13.8641  1
58    0
9 13.9575  1
58    0
10 14.2624  1
58    0
11 5.25758  5
35    44.1766
36    35.0009
37    35.0375
38    35.1575
39    35.5493
12 5.85269  1
58    0
13 7.79611  1
58    0
14 14.1424  1
58    0
15 14.8663  1
58    0
16 7.22999  8
22    64.5312
23    41.4684
24    56.1576
25    44.1244
26    64.8315
27    42.449
28    59.3602
29    54.5828
17 12.2939  3
18    52.0449
19    60.6951
20    58.9427
18 8.82977  2
21    53.2196
40    41.0051
19 7.51778  4
31    46.2394
32    41.7367
33    57.0338
34    46.9865
20 13.2336  1
58    0
21 11.8984  1
58    0
22 7.53822  1
58    0
23 13.3004  1
58    0
24 12.1166  1
58    0
25 8.25083  1
30    38.9827
26 5.62716  1
58    0
27 7.05969  1
58    0
28 11.7379  1
40    36.8284
29 7.01422  1
58    0
30 11.5893  1
58    0
31 6.52867  1
58    0
32 10.0035  1
58    0
33 11.3506  1
58    0
34 5.74953  9
49    55.1605
50    40.8687
51    54.1992
52    37.7293
53    43.9477
54    64.2547
55    40.5657
56    53.2104
57    64.501
35 7.45918  1
58    0
36 13.0422  1
58    0
37 11.2737  1
58    0
38 5.49837  1
58    0
39 6.63915  1
58    0
40 10.3645  8
41    54.6451
42    39.1859
43    48.704
44    49.7853
45    53.3166
46    64.848
47    42.503
48    59.5369
41 12.5295  1
58    0
42 9.59914  1
58    0
43 10.0301  1
58    0
44 11.4373  1
58    0
45 6.03244  1
58    0
46 8.38328  1
58    0
47 6.0596  1
58    0
48 8.47179  1
58    0
49 6.34861  1
58    0
50 9.41572  1
58    0
51 9.43129  1
58    0
52 9.48195  1
58    0
53 9.64736  1
58    0
54 10.1875  1
58    0
55 11.9515  1
58    0
56 7.71157  1
58    0
57 13.8665  1
58    0
58 0  0
