49
0 12.9809  1
1    1.13172
1 11.0732  8
2    0.910486
3    0.78804
4    0.988198
5    1.04181
6    1.2169
7    1.18865
8    1.09638
16    1.21222
2 14.8437  8
9    0.795071
10    1.01116
11    1.1168
12    0.861742
13    1.22888
14    1.22776
15    1.22412
37    0.862694
3 7.15613  2
17    1.04639
26    1.08104
4 12.0525  2
23    0.929786
25    0.737629
5 8.04147  1
48    0
6 14.9438  2
23    1.1139
25    0.823582
7 7.48299  5
17    1.23185
26    0.847551
27    0.975948
34    0.968917
37    1.23199
8 13.1201  1
26    0.729902
9 11.5276  2
23    1.24855
34    0.965877
10 6.32756  2
23    0.851067
26    0.79172
11 9.34675  2
17    1.17334
23    1.13764
12 9.20606  6
18    1.23745
19    1.25574
20    0.715455
21    0.751161
26    0.820853
34    0.964943
13 8.74645  1
25    0.89505
14 7.24555  1
23    1.29198
15 12.3446  3
23    0.833799
25    1.127
27    1.15177
16 8.99548  4
25    1.19803
26    1.00021
27    0.798349
37    1.11709
17 8.05887  2
25    1.10427
26    1.18253
18 5.00031  3
22    0.867766
23    1.19402
26    1.09536
19 5.01251  2
26    1.07642
27    1.02187
20 5.05249  1
37    0.767788
21 5.18311  3
24    0.852293
26    0.744972
37    1.23793
22 5.60945  1
37    0.922059
23 7.00171  1
48    0
24 11.5484  6
28    1.0018
29    1.08624
30    0.761946
31    0.902997
32    0.763576
33    0.908307
25 6.39531  1
48    0
26 9.56801  1
48    0
27 9.92843  1
37    1.2573
28 11.1055  1
34    0.780917
29 14.9493  1
37    0.720545
30 7.50099  1
48    0
31 13.179  1
48    0
32 11.7202  1
48    0
33 6.95624  2
35    0.978841
36    1.01125
34 11.3997  10
38    0.825834
39    1.11162
40    0.844823
41    1.17364
42    1.04736
43    1.23501
44    1.24779
45    1.28953
46    0.825779
47    1.11143
35 5.90976  1
48    0
36 7.98257  1
48    0
37 14.7516  1
48    0
38 6.85522  1
48    0
39 11.0701  1
48    0
40 14.8337  1
48    0
41 7.12348  1
48    0
42 11.946  1
48    0
43 7.69387  1
48    0
44 13.8086  1
48    0
45 13.7762  1
48    0
46 13.6703  1
48    0
47 13.3245  1
48    0
48 0  0
