90
0 11.5484  5
1    11.1709
2    8.62694
5    9.22059
6    11.1162
8    11.1143
1 6.39531  3
2    12.3199
5    8.25834
8    10.409
2 9.56801  4
3    12.3793
4    12.573
7    10.4736
8    12.8953
3 9.92843  3
5    7.20545
8    11.7166
74    11.3764
4 11.1055  2
5    7.67788
8    12.3501
5 14.9493  3
7    8.44823
8    8.25779
40    8.5006
6 7.50099  2
7    11.7364
8    12.478
7 13.179  2
8    8.44218
40    10.6421
8 11.7202  5
9    12.139
10    11.7885
11    10.6439
12    12.9062
13    8.29368
9 6.95624  8
14    11.2315
15    8.82488
16    12.9663
17    8.48979
18    11.872
19    10.9166
20    7.79653
40    8.78954
10 11.3997  6
53    10.4181
54    12.169
55    11.8865
56    10.9638
57    7.95071
58    10.1116
11 5.90976  1
89    0
12 7.98257  9
21    9.60805
22    9.52364
23    9.24787
24    8.34733
25    11.4068
26    9.39729
27    8.83532
28    7.00018
40    12.8509
13 14.7516  1
89    0
14 6.85522  1
89    0
15 11.0701  3
38    10.6633
39    12.9696
40    10.8398
16 14.8337  2
40    11.9074
73    12.4855
17 7.12348  1
77    10.8104
18 11.946  1
89    0
19 7.69387  1
89    0
20 13.8086  1
74    11.9402
21 13.7762  1
40    8.17374
22 13.6703  10
29    7.00751
30    7.0315
31    7.10987
32    7.36567
33    8.20103
34    10.929
35    7.83718
36    9.74081
37    9.95706
40    8.11313
23 13.3245  1
40    7.54585
24 12.1953  1
80    10.8624
25 8.5081  1
89    0
26 6.46733  1
75    11.27
27 9.80331  1
89    0
28 10.6969  1
89    0
29 13.6151  9
42    8.27409
43    11.1676
44    8.61632
45    12.2851
46    12.2657
47    12.2022
48    11.9947
74    9.29786
76    7.9172
30 13.1442  1
89    0
31 11.6063  8
81    9.64943
82    9.65877
83    9.68917
84    9.78841
85    10.1125
86    11.1709
87    8.62694
88    12.3199
32 6.58452  1
78    9.75948
33 10.186  1
75    11.0427
34 11.9466  1
89    0
35 7.6957  1
89    0
36 13.8147  1
40    11.0321
37 13.796  1
78    11.5177
38 13.7353  1
41    12.9002
39 13.5369  9
59    11.168
60    8.61742
61    12.2888
62    12.2776
63    12.2412
64    12.1222
65    11.7334
66    10.4639
67    12.3185
40 12.889  1
89    0
41 10.7732  2
74    8.52293
77    11.8253
42 13.8641  1
73    12.9198
43 13.9575  2
75    8.20853
78    10.2187
44 14.2624  2
76    10.9536
80    9.08307
45 5.25758  2
75    8.23582
78    10.7642
46 5.85269  5
49    11.3172
50    9.10486
51    7.8804
52    9.88198
80    7.61946
47 7.79611  1
74    11.139
48 14.1424  3
74    11.9803
78    7.29902
80    7.80917
49 14.8663  1
89    0
50 7.22999  1
89    0
51 12.2939  1
89    0
52 8.82977  1
75    8.9505
53 7.51778  1
89    0
54 13.2336  1
89    0
55 11.8984  1
74    8.51067
56 7.53822  6
68    12.3745
69    12.5574
70    7.15455
71    7.51161
72    8.67766
77    8.47551
57 13.3004  1
89    0
58 12.1166  1
78    7.98349
59 8.25083  1
89    0
60 5.62716  1
89    0
61 7.05969  1
89    0
62 11.7379  1
79    10.018
63 7.01422  1
89    0
64 11.5893  1
89    0
65 6.52867  1
89    0
66 10.0035  1
77    7.44972
67 11.3506  1
75    7.37629
68 5.74953  1
76    10.0021
69 7.45918  1
89    0
70 13.0422  1
89    0
71 11.2737  1
73    8.33799
72 5.49837  1
80    9.02997
73 6.63915  1
80    7.63576
74 10.3645  1
89    0
75 12.5295  1
89    0
76 9.59914  1
89    0
77 10.0301  1
89    0
78 11.4373  1
89    0
79 6.03244  1
89    0
80 8.38328  1
89    0
81 6.0596  1
89    0
82 8.47179  1
89    0
83 6.34861  1
89    0
84 9.41572  1
89    0
85 9.43129  1
89    0
86 9.48195  1
89    0
87 9.64736  1
89    0
88 10.1875  1
89    0
89 0  0
