118
0 7.79611  5
1    60.8452
2    59.4325
7    43.0871
9    52.3196
10    35.7727
1 14.1424  4
9    61.2059
38    43.1347
84    62.4273
98    42.3775
2 14.8663  8
3    54.819
4    39.7536
5    50.558
6    55.8399
9    61.3881
10    43.3883
18    42.6147
76    64.501
3 7.22999  1
9    58.6671
4 12.2939  4
8    61.444
10    37.5581
76    37.7293
77    43.0816
5 8.82977  2
10    61.8725
39    42.2411
6 7.51778  3
9    61.5923
10    62.7871
27    53.8211
7 13.2336  4
10    62.4273
18    36.8815
82    50.558
83    61.444
8 11.8984  1
9    60.6108
9 7.53822  5
18    44.7525
37    48.2472
38    61.8963
83    61.2059
84    35.7727
10 13.3004  8
11    64.599
12    41.69
13    56.8818
14    46.4893
15    42.5533
16    59.7008
17    55.6952
27    36.4951
11 12.1166  3
37    48.9421
38    61.5996
60    44.1766
12 8.25083  5
71    42.503
72    59.5369
73    55.1605
74    40.8687
75    54.1992
13 5.62716  1
81    49.4099
14 7.05969  4
18    59.9013
19    41.0427
37    39.0458
76    43.9477
15 11.7379  1
18    56.3498
16 7.01422  3
18    41.1791
77    61.4257
84    61.8725
17 11.5893  2
19    55.2136
84    58.6671
18 6.52867  1
117    0
19 10.0035  6
20    54.7678
21    39.586
22    50.0105
23    54.0518
24    37.2486
60    35.0375
20 11.3506  3
25    42.3775
26    59.1267
85    46.4893
21 5.74953  1
86    55.6952
22 7.45918  5
50    58.9427
51    53.2196
52    64.5312
53    41.4684
60    35.0009
23 13.0422  1
38    50.5626
24 11.2737  9
28    51.0936
29    57.5886
30    48.7974
31    50.0902
32    54.3118
33    38.0973
34    45.1498
35    38.1788
36    45.4154
25 5.49837  2
38    46.1029
39    55.5808
26 6.63915  1
27    39.9174
27 10.3645  1
84    64.599
28 12.5295  3
38    62.8649
76    40.5657
85    59.7008
29 9.59914  3
38    38.3894
60    46.2394
76    41.3704
30 10.0301  10
40    52.3681
41    61.7507
42    62.3898
43    64.4763
44    41.2889
45    55.5716
46    42.2109
47    58.5829
48    52.0449
49    60.6951
31 11.4373  2
38    36.0273
60    46.9865
32 6.03244  2
39    58.6818
60    57.0338
33 8.38328  1
117    0
34 6.0596  9
61    35.1575
62    35.5493
63    36.8284
64    41.0051
65    54.6451
66    39.1859
67    48.704
98    54.0518
99    57.5886
35 8.47179  1
37    48.4458
36 6.34861  2
37    48.2939
84    52.3196
37 9.41572  1
38    55.8545
38 9.43129  4
39    41.2917
60    38.9827
76    53.2104
81    56.586
39 9.48195  1
98    37.2486
40 9.64736  1
117    0
41 10.1875  2
85    42.5533
98    59.1267
42 11.9515  1
117    0
43 7.71157  1
60    47.6182
44 13.8665  3
54    56.1576
55    44.1244
99    51.0936
45 13.9654  1
59    54.5828
46 14.2883  4
78    61.3286
79    61.0109
80    59.9736
98    39.9174
47 5.34242  3
56    64.8315
57    42.449
58    59.3602
48 6.1298  2
82    39.7536
99    50.0902
49 8.70098  1
117    0
50 7.09723  1
117    0
51 11.8603  1
117    0
52 7.41371  1
85    41.69
53 12.8939  1
117    0
54 10.7894  3
68    49.7853
69    53.3166
70    64.848
55 13.9169  1
117    0
56 14.1299  2
60    41.7367
81    45.5243
57 14.8254  1
117    0
58 7.09632  1
117    0
59 11.8572  1
60    48.0403
60 7.40364  1
81    39.402
61 12.861  1
117    0
62 10.6816  1
84    43.3883
63 13.565  1
81    52.0907
64 12.9809  1
85    56.8818
65 11.0732  2
76    64.2547
84    61.5923
66 14.8437  1
84    62.7871
67 7.15613  1
117    0
68 12.0525  1
117    0
69 8.04147  1
83    60.6108
70 14.9438  1
117    0
71 7.48299  1
117    0
72 13.1201  1
117    0
73 11.5276  1
82    55.8399
74 6.32756  1
117    0
75 9.34675  3
76    55.838
81    60.8452
84    37.5581
76 9.20606  2
81    59.4325
83    43.0871
77 8.74645  1
99    48.7974
78 7.24555  6
87    42.6147
88    59.9013
89    56.3498
90    44.7525
91    36.8815
92    41.1791
79 12.3446  1
82    54.819
80 8.99548  1
83    61.3881
81 8.05887  1
117    0
82 5.00031  5
93    55.2136
94    41.0427
95    54.7678
96    39.586
97    50.0105
83 5.01251  1
117    0
84 5.05249  1
99    54.3118
85 5.18311  1
117    0
86 5.60945  1
117    0
87 7.00171  1
117    0
88 11.5484  1
117    0
89 6.39531  1
98    53.8211
90 9.56801  7
102    38.1788
103    45.4154
104    39.0458
105    48.2472
106    48.2939
107    48.4458
108    48.9421
91 9.92843  1
98    36.4951
92 11.1055  1
117    0
93 14.9493  1
117    0
94 7.50099  1
117    0
95 13.179  1
117    0
96 11.7202  1
117    0
97 6.95624  8
109    50.5626
110    55.8545
111    43.1347
112    61.5996
113    61.8963
114    62.8649
115    36.0273
116    38.3894
98 11.3997  1
117    0
99 5.90976  2
100    38.0973
101    45.1498
100 7.98257  1
117    0
101 14.7516  1
117    0
102 6.85522  1
117    0
103 11.0701  1
117    0
104 14.8337  1
117    0
105 7.12348  1
117    0
106 11.946  1
117    0
107 7.69387  1
117    0
108 13.8086  1
117    0
109 13.7762  1
117    0
110 13.6703  1
117    0
111 13.3245  1
117    0
112 12.1953  1
117    0
113 8.5081  1
117    0
114 6.46733  1
117    0
115 9.80331  1
117    0
116 10.6969  1
117    0
117 0  0
