52
0 8.74645  10
1    58.6671
2    52.3196
3    61.5923
4    61.8725
5    62.7871
6    35.7727
7    37.5581
8    43.3883
9    62.4273
10    64.599
1 7.24555  3
10    42.5533
27    48.2472
42    42.449
2 12.3446  2
31    38.3894
42    59.3602
3 8.99548  2
10    41.69
32    42.2411
4 8.05887  1
10    46.4893
5 5.00031  4
10    59.7008
25    39.9174
27    45.4154
42    56.1576
6 5.01251  1
32    52.3681
7 5.05249  2
25    57.5886
31    62.8649
8 5.18311  3
10    56.8818
25    51.0936
27    39.0458
9 5.60945  6
11    55.6952
12    42.6147
13    59.9013
14    56.3498
26    48.7974
32    55.5808
10 7.00171  1
25    42.3775
11 11.5484  3
21    39.586
30    55.8545
31    36.0273
12 6.39531  1
25    59.1267
13 9.56801  9
15    44.7525
16    36.8815
17    41.1791
18    55.2136
19    41.0427
20    54.7678
25    53.8211
26    45.1498
31    61.5996
14 9.92843  1
32    41.2917
15 11.1055  1
32    64.4763
16 14.9493  6
22    50.0105
23    54.0518
24    37.2486
26    38.0973
41    64.5312
42    44.1244
17 7.50099  6
35    42.2109
36    58.5829
37    52.0449
38    60.6951
39    58.9427
40    53.2196
18 13.179  2
26    54.3118
30    43.1347
19 11.7202  3
26    50.0902
27    48.2939
42    64.8315
20 6.95624  2
25    36.4951
32    61.7507
21 11.3997  1
27    48.4458
22 5.90976  2
28    48.9421
29    50.5626
23 7.98257  2
26    38.1788
32    46.1029
24 14.7516  1
51    0
25 6.85522  2
32    62.3898
42    41.4684
26 11.0701  1
51    0
27 14.8337  2
31    61.8963
32    58.6818
28 7.12348  1
51    0
29 11.946  1
51    0
30 7.69387  1
51    0
31 13.8086  1
51    0
32 13.7762  2
33    41.2889
34    55.5716
33 13.6703  1
51    0
34 13.3245  1
43    54.5828
35 12.1953  7
44    38.9827
45    48.0403
46    47.6182
47    46.2394
48    41.7367
49    57.0338
50    46.9865
36 8.5081  1
51    0
37 6.46733  1
51    0
38 9.80331  1
51    0
39 10.6969  1
51    0
40 13.6151  1
51    0
41 13.1442  1
51    0
42 11.6063  1
51    0
43 6.58452  1
51    0
44 10.186  1
51    0
45 11.9466  1
51    0
46 7.6957  1
51    0
47 13.8147  1
51    0
48 13.796  1
51    0
49 13.7353  1
51    0
50 13.5369  1
51    0
51 0  0
