118
0 13.6151  5
1    7.54585
4    8.11313
22    10.4639
55    10.409
88    12.9198
1 13.1442  5
2    8.78954
3    12.8509
55    11.7166
89    8.52293
98    10.2187
2 11.6063  2
24    7.51161
41    12.3793
3 6.58452  7
4    10.6421
5    12.9002
23    12.5574
35    11.0427
36    8.47551
40    11.1709
89    11.0427
4 10.186  9
6    8.27409
7    11.1676
8    8.61632
9    12.2851
10    12.2657
11    12.2022
12    11.9947
37    10.018
62    7.00018
5 11.9466  2
20    12.2776
58    9.52364
6 7.6957  3
24    8.67766
38    7.80917
87    7.51161
7 13.8147  8
13    11.3172
14    9.10486
15    7.8804
16    9.88198
17    10.4181
20    8.61742
40    8.62694
86    10.4639
8 13.796  3
20    7.95071
37    11.5177
65    9.95706
9 13.7353  4
20    12.2888
23    12.3745
57    8.29368
87    7.15455
10 13.5369  2
36    10.0021
88    11.3764
11 12.889  2
20    10.1116
89    11.139
12 10.7732  5
21    12.2412
35    7.9172
40    9.68917
57    8.82488
88    11.9402
13 13.8641  2
37    10.8624
40    9.78841
14 13.9575  4
35    7.37629
56    12.139
58    8.48979
106    8.25834
15 14.2624  6
18    12.169
19    11.8865
20    11.168
57    12.9663
65    7.83718
85    11.8865
16 5.25758  2
20    10.9638
105    11.1709
17 5.85269  2
22    11.7334
85    12.169
18 7.79611  2
22    12.1222
65    10.929
19 14.1424  3
37    10.2187
38    9.08307
89    11.27
20 14.8663  4
22    12.3185
35    8.9505
38    7.61946
106    9.22059
21 7.22999  1
36    7.44972
22 12.2939  1
23    7.15455
23 8.82977  10
25    12.4855
26    12.9198
27    8.33799
28    11.3764
29    9.29786
30    8.51067
31    11.9402
32    11.139
33    8.52293
34    11.9803
24 7.51778  2
58    9.24787
62    8.83532
25 13.2336  3
87    12.3745
105    10.1125
106    11.1162
26 11.8984  9
42    7.67788
43    9.22059
44    8.25834
45    11.1162
46    8.44823
47    11.7364
48    10.4736
49    12.3501
58    9.60805
27 7.53822  2
35    10.9536
39    9.64943
28 13.3004  3
35    8.20853
41    12.573
65    8.20103
29 12.1166  1
86    12.1222
30 8.25083  4
36    11.8253
57    11.2315
65    10.6633
85    7.8804
31 5.62716  4
35    8.23582
36    7.29902
65    9.74081
89    7.37629
32 7.05969  3
36    10.8104
37    7.98349
40    12.3199
33 11.7379  2
38    9.02997
105    12.3199
34 7.01422  3
35    11.27
41    7.20545
58    11.872
35 11.5893  5
36    10.7642
40    10.1125
56    11.7885
57    12.9062
58    10.9166
36 6.52867  2
37    9.75948
86    12.2888
37 10.0035  2
38    7.63576
39    9.65877
38 11.3506  5
50    12.478
51    12.8953
52    8.25779
53    11.1143
54    8.44218
39 5.74953  1
117    0
40 7.45918  8
90    10.9536
91    7.9172
92    10.0021
93    10.8104
94    7.44972
95    8.47551
96    11.8253
97    10.7642
41 13.0422  1
98    10.8624
42 11.2737  1
117    0
43 5.49837  2
85    9.10486
98    9.02997
44 6.63915  1
58    7.79653
45 10.3645  1
87    12.5574
46 12.5295  3
86    12.2412
98    9.75948
106    7.20545
47 9.59914  10
66    8.5006
67    11.9074
68    11.0321
69    8.17374
70    10.8398
71    7.54585
72    8.78954
73    12.8509
74    8.11313
75    10.6421
48 10.0301  1
117    0
49 11.4373  1
88    8.51067
50 6.03244  2
63    7.00751
64    7.0315
51 8.38328  2
56    10.6439
86    12.3185
52 6.0596  3
83    11.9947
84    11.3172
85    9.88198
53 8.47179  1
65    7.36567
54 6.34861  2
85    10.4181
86    8.61742
55 9.41572  1
65    12.9696
56 9.43129  1
117    0
57 9.48195  4
59    8.34733
60    11.4068
61    9.39729
89    11.9803
58 9.64736  8
76    12.9002
77    8.27409
78    11.1676
79    8.61632
80    12.2851
81    12.2657
82    12.2022
98    7.61946
59 10.1875  1
117    0
60 11.9515  2
65    7.10987
88    8.33799
61 7.71157  1
105    12.573
62 13.8665  1
106    7.67788
63 13.9654  1
117    0
64 14.2883  2
85    7.95071
89    8.9505
65 5.34242  1
87    12.4855
66 6.1298  1
117    0
67 8.70098  1
89    8.23582
68 7.09723  1
117    0
69 11.8603  2
98    7.29902
105    8.62694
70 7.41371  1
117    0
71 12.8939  1
117    0
72 10.7894  1
86    10.1116
73 13.9169  1
117    0
74 14.1299  1
117    0
75 14.8254  2
86    12.2776
98    11.5177
76 7.09632  2
85    10.9638
87    8.67766
77 11.8572  6
99    7.63576
100    9.08307
101    7.80917
102    9.64943
103    9.65877
104    9.68917
78 7.40364  1
86    11.168
79 12.861  1
88    9.29786
80 10.6816  1
86    11.7334
81 13.565  1
117    0
82 12.9809  1
117    0
83 11.0732  1
117    0
84 14.8437  1
98    7.98349
85 7.15613  1
117    0
86 12.0525  1
117    0
87 8.04147  1
89    8.20853
88 14.9438  1
117    0
89 7.48299  1
117    0
90 13.1201  1
117    0
91 11.5276  10
107    8.44823
108    11.7364
109    10.4736
110    12.3501
111    12.478
112    12.8953
113    8.25779
114    11.1143
115    8.44218
116    11.7166
92 6.32756  1
117    0
93 9.34675  1
105    9.78841
94 9.20606  1
117    0
95 8.74645  1
98    10.018
96 7.24555  1
105    12.3793
97 12.3446  1
117    0
98 8.99548  1
117    0
99 8.05887  1
117    0
100 5.00031  1
117    0
101 5.01251  1
117    0
102 5.05249  1
117    0
103 5.18311  1
117    0
104 5.60945  1
117    0
105 7.00171  1
117    0
106 11.5484  1
117    0
107 6.39531  1
117    0
108 9.56801  1
117    0
109 9.92843  1
117    0
110 11.1055  1
117    0
111 14.9493  1
117    0
112 7.50099  1
117    0
113 13.179  1
117    0
114 11.7202  1
117    0
115 6.95624  1
117    0
116 11.3997  1
117    0
117 0  0
