49
0 7.41371  7
1    43.9477
4    64.501
12    52.0907
13    50.558
14    58.6671
16    59.7008
23    59.1267
1 12.8939  6
2    64.2547
3    40.5657
4    41.3704
5    61.4257
14    55.8399
15    64.599
2 10.7894  2
3    53.2104
4    55.838
3 13.9169  4
4    43.0816
13    39.7536
14    43.0871
17    44.7525
4 14.1299  9
6    61.3286
7    61.0109
8    59.9736
9    56.586
10    45.5243
11    39.402
13    59.4325
15    62.7871
16    46.4893
5 14.8254  4
12    60.8452
13    54.819
15    43.3883
41    58.6818
6 7.09632  3
14    61.3881
15    37.5581
16    41.69
7 11.8572  3
12    49.4099
14    52.3196
42    41.2889
8 7.40364  3
14    61.2059
15    62.4273
23    54.0518
9 12.861  2
16    56.8818
41    62.8649
10 10.6816  3
15    61.8725
16    42.5533
23    37.2486
11 13.565  2
17    36.8815
41    38.3894
12 12.9809  5
14    60.6108
15    61.5923
17    42.6147
23    51.0936
41    46.1029
13 11.0732  3
14    61.444
16    55.6952
41    41.2917
14 14.8437  1
15    35.7727
15 7.15613  3
17    56.3498
23    39.9174
42    42.2109
16 12.0525  1
17    59.9013
17 8.04147  6
18    41.1791
19    55.2136
20    41.0427
21    54.7678
22    39.586
42    64.4763
18 14.9438  1
23    36.4951
19 7.48299  2
23    50.0105
41    42.2411
20 13.1201  1
23    42.3775
21 11.5276  1
23    57.5886
22 6.32756  2
23    53.8211
42    55.5716
23 9.34675  8
24    48.7974
25    50.0902
26    54.3118
27    38.0973
28    45.1498
29    38.1788
30    45.4154
42    61.7507
24 9.20606  8
31    39.0458
32    48.2472
33    48.2939
34    48.4458
35    48.9421
36    50.5626
37    55.8545
38    43.1347
25 8.74645  1
48    0
26 7.24555  1
42    52.3681
27 12.3446  1
48    0
28 8.99548  1
41    55.5808
29 8.05887  1
42    62.3898
30 5.00031  1
48    0
31 5.01251  1
48    0
32 5.05249  1
48    0
33 5.18311  1
48    0
34 5.60945  2
39    61.5996
40    61.8963
35 7.00171  1
48    0
36 11.5484  5
43    58.5829
44    52.0449
45    60.6951
46    58.9427
47    53.2196
37 6.39531  1
48    0
38 9.56801  1
48    0
39 9.92843  1
41    36.0273
40 11.1055  1
48    0
41 14.9493  1
48    0
42 7.50099  1
48    0
43 13.179  1
48    0
44 11.7202  1
48    0
45 6.95624  1
48    0
46 11.3997  1
48    0
47 5.90976  1
48    0
48 0  0
