52
0 8.74645  10
1    58.6671
2    52.3196
3    61.5923
4    61.8725
5    62.7871
6    35.7727
7    37.5581
8    43.3883
9    62.4273
10    64.599
1 7.24555  2
19    54.0518
38    61.5996
2 12.3446  2
18    54.7678
40    62.3898
3 8.99548  1
51    0
4 8.05887  1
38    62.8649
5 5.00031  2
18    44.7525
39    58.6818
6 5.01251  2
18    59.9013
19    39.586
7 5.05249  9
11    41.69
12    56.8818
13    46.4893
14    42.5533
15    59.7008
16    55.6952
17    42.6147
19    50.0105
39    42.2411
8 5.18311  1
18    56.3498
9 5.60945  2
18    41.1791
38    46.1029
10 7.00171  1
41    55.5716
11 11.5484  1
18    55.2136
12 6.39531  10
21    36.4951
22    39.9174
23    51.0936
24    57.5886
25    48.7974
26    50.0902
27    54.3118
28    38.0973
29    45.1498
40    64.4763
13 9.56801  2
18    36.8815
20    59.1267
14 9.92843  8
30    38.1788
31    45.4154
32    39.0458
33    48.2472
34    48.2939
35    48.4458
36    48.9421
37    50.5626
15 11.1055  1
20    53.8211
16 14.9493  2
18    41.0427
20    42.3775
17 7.50099  1
51    0
18 13.179  1
19    37.2486
19 11.7202  2
38    55.8545
39    41.2917
20 6.95624  1
40    41.2889
21 11.3997  1
51    0
22 5.90976  1
39    52.3681
23 7.98257  1
38    43.1347
24 14.7516  1
51    0
25 6.85522  1
51    0
26 11.0701  1
51    0
27 14.8337  1
51    0
28 7.12348  1
40    61.7507
29 11.946  1
51    0
30 7.69387  1
38    38.3894
31 13.8086  1
38    36.0273
32 13.7762  1
51    0
33 13.6703  1
51    0
34 13.3245  1
39    55.5808
35 12.1953  1
51    0
36 8.5081  1
51    0
37 6.46733  1
38    61.8963
38 9.80331  9
42    42.2109
43    58.5829
44    52.0449
45    60.6951
46    58.9427
47    53.2196
48    64.5312
49    41.4684
50    56.1576
39 10.6969  1
51    0
40 13.6151  1
51    0
41 13.1442  1
51    0
42 11.6063  1
51    0
43 6.58452  1
51    0
44 10.186  1
51    0
45 11.9466  1
51    0
46 7.6957  1
51    0
47 13.8147  1
51    0
48 13.796  1
51    0
49 13.7353  1
51    0
50 13.5369  1
51    0
51 0  0
