234
0 12.3446  7
1    1.11709
2    1.23199
3    1.23793
21    1.12315
22    0.924787
88    1.15177
170    1.11709
1 8.99548  3
2    0.862694
10    1.04736
40    1.08398
2 8.05887  3
10    0.844823
22    1.1872
40    0.817374
3 5.00031  9
4    1.2573
5    0.720545
6    0.767788
7    0.922059
8    0.825834
9    1.11162
21    1.29663
22    0.952364
166    1.18253
4 5.01251  1
233    0
5 5.05249  2
10    1.28953
128    0.811313
6 5.18311  2
10    1.23501
40    0.878954
7 5.60945  1
10    1.17364
8 7.00171  5
10    1.24779
22    0.779653
40    1.06421
90    0.763576
123    0.710987
9 11.5484  7
11    0.825779
12    1.11143
13    0.844218
14    1.17166
15    1.0409
16    1.2139
123    0.820103
10 6.39531  2
40    0.827409
88    1.02187
11 9.56801  2
21    0.882488
22    1.09166
12 9.92843  1
166    0.847551
13 11.1055  2
23    1.14068
24    0.939729
14 14.9493  5
17    1.17885
18    1.06439
19    1.29062
20    0.829368
22    0.960805
15 7.50099  9
31    0.820103
32    1.0929
33    0.783718
34    0.974081
35    0.995706
36    1.06633
37    1.29696
38    0.85006
56    1.1168
16 13.179  1
40    0.811313
17 11.7202  2
22    0.834733
126    1.10321
18 6.95624  2
22    0.848979
170    0.978841
19 11.3997  3
47    1.13172
48    0.910486
49    0.78804
20 5.90976  6
25    0.883532
26    0.700018
27    0.700751
28    0.703149
29    0.710987
30    0.736567
21 7.98257  2
88    0.729902
170    1.01125
22 14.7516  6
50    0.988198
51    1.04181
52    1.2169
53    1.18865
54    1.09638
55    0.795071
23 6.85522  2
39    1.19074
204    1.19074
24 11.0701  10
63    1.23185
64    1.23745
65    1.25574
66    0.715455
67    0.751161
68    0.867766
69    1.24855
70    1.29198
71    0.833799
120    0.848979
25 14.8337  1
40    1.10321
26 7.12348  8
105    0.844823
106    1.17364
107    1.04736
108    1.23501
109    1.24779
110    1.28953
111    0.825779
112    1.11143
27 11.946  1
233    0
28 7.69387  7
41    1.11676
42    0.861632
43    1.22851
44    1.22657
45    1.22022
46    1.19947
230    1.22776
29 13.8086  7
157    1.29198
158    0.833799
159    1.13764
160    0.929786
161    0.851067
183    0.882488
230    1.17334
30 13.7762  1
166    1.08104
31 13.6703  1
153    1.23185
32 13.3245  9
72    1.13764
73    0.929786
74    0.851067
75    1.19402
76    1.1139
77    0.852293
78    1.19803
79    1.127
80    0.89505
33 12.1953  1
169    0.763576
34 8.5081  1
88    1.08104
35 6.46733  3
40    0.754585
126    0.995706
127    1.08398
36 9.80331  1
40    1.28509
37 10.6969  1
233    0
38 13.6151  2
40    1.29002
153    0.715455
39 13.1442  2
90    0.908307
169    1.08624
40 11.6063  3
88    0.847551
89    1.08624
182    0.844218
41 6.58452  2
213    1.22851
214    1.22657
42 10.186  1
88    1.18253
43 11.9466  10
133    1.22657
134    1.22022
135    1.19947
136    1.13172
137    0.910486
138    0.78804
139    0.988198
140    1.04181
141    1.2169
142    1.18865
44 7.6957  1
56    0.861742
45 13.8147  1
88    1.07642
46 13.796  1
233    0
47 13.7353  1
233    0
48 13.5369  3
122    0.883532
162    1.19402
230    0.751161
49 12.889  1
233    0
50 10.7732  9
113    0.844218
114    1.17166
115    1.0409
116    1.2139
117    1.17885
118    1.06439
119    1.29062
121    0.960805
169    0.761946
51 13.8641  1
120    1.09166
52 13.9575  2
123    1.0929
126    0.817374
53 14.2624  3
154    0.751161
155    0.867766
156    1.24855
54 5.25758  1
230    1.21222
55 5.85269  2
56    1.01116
122    1.14068
56 7.79611  8
57    1.22888
58    1.22776
59    1.22412
60    1.21222
61    1.17334
62    1.04639
90    0.761946
120    0.829368
57 14.1424  3
88    0.798349
122    0.834733
182    1.17166
58 14.8663  2
81    0.737629
82    0.823582
59 7.22999  2
127    0.754585
128    1.06421
60 12.2939  1
90    0.780917
61 8.82977  1
233    0
62 7.51778  2
90    0.964943
123    0.700751
63 13.2336  1
231    0.867766
64 11.8984  4
120    0.882488
166    1.00021
205    1.08398
232    0.852293
65 7.53822  2
170    0.968917
205    0.878954
66 13.3004  4
163    0.89505
164    0.737629
169    0.908307
183    0.848979
67 12.1166  4
91    0.965877
92    0.968917
93    0.978841
94    1.01125
68 8.25083  1
120    1.12315
69 5.62716  1
233    0
70 7.05969  1
233    0
71 11.7379  1
233    0
72 7.01422  1
233    0
73 11.5893  6
95    1.11709
96    0.862694
97    1.23199
98    1.23793
99    1.2573
100    0.720545
74 6.52867  1
233    0
75 10.0035  4
88    0.744972
122    0.924787
166    1.07642
204    1.29696
76 11.3506  2
89    1.0018
121    0.779653
77 5.74953  1
89    0.975948
78 7.45918  1
233    0
79 13.0422  5
83    1.10427
84    0.820853
85    1.09536
86    0.79172
87    1.00021
80 11.2737  4
101    0.767788
102    0.922059
103    0.825834
104    1.11162
81 5.49837  1
169    0.975948
82 6.63915  1
233    0
83 10.3645  2
123    0.703149
169    0.780917
84 12.5295  6
176    0.825834
177    1.11162
178    0.844823
179    1.17364
180    1.04736
181    1.23501
85 9.59914  1
233    0
86 10.0301  1
126    1.19074
87 11.4373  2
90    0.902997
126    1.06633
88 6.03244  1
233    0
89 8.38328  1
122    0.700018
90 6.0596  1
233    0
91 8.47179  2
126    1.29696
169    0.902997
92 6.34861  2
182    1.24779
232    0.89505
93 9.41572  4
130    1.11676
131    0.861632
132    1.22851
183    0.829368
94 9.43129  2
153    1.23745
166    0.729902
95 9.48195  3
122    0.939729
126    0.85006
128    1.29002
96 9.64736  4
210    0.827409
211    1.11676
212    0.861632
230    1.23185
97 10.1875  1
165    0.820853
98 11.9515  1
143    1.09638
99 7.71157  1
120    1.1872
100 13.8665  10
215    1.22022
216    1.19947
217    1.13172
218    0.910486
219    0.78804
220    0.988198
221    1.04181
222    1.2169
230    0.715455
232    0.737629
101 13.9654  1
233    0
102 14.2883  1
233    0
103 5.34242  1
233    0
104 6.1298  1
205    0.754585
105 8.70098  3
121    0.952364
123    0.736567
182    1.11143
106 7.09723  6
147    1.22888
148    1.22776
149    1.22412
150    1.21222
151    1.17334
152    1.04639
107 11.8603  1
183    1.17885
108 7.41371  1
233    0
109 12.8939  1
182    1.0409
110 10.7894  2
128    0.878954
170    0.964943
111 13.9169  1
233    0
112 14.1299  1
233    0
113 14.8254  10
187    0.952364
188    0.924787
189    0.834733
190    1.14068
191    0.939729
192    0.883532
193    0.700018
194    0.700751
195    0.703149
196    0.710987
114 7.09632  2
120    1.29663
204    1.10321
115 11.8572  1
233    0
116 7.40364  1
230    1.25574
117 12.861  1
230    1.22412
118 10.6816  1
233    0
119 13.565  1
169    1.0018
120 12.9809  4
144    1.01116
145    1.1168
146    0.861742
153    1.25574
121 11.0732  1
165    0.823582
122 14.8437  3
124    0.783718
125    0.974081
183    1.12315
123 7.15613  1
233    0
124 12.0525  1
233    0
125 8.04147  3
128    1.28509
170    1.23199
232    1.1139
126 14.9438  1
233    0
127 7.48299  1
233    0
128 13.1201  1
129    0.827409
129 11.5276  1
162    1.127
130 6.32756  1
233    0
131 9.34675  1
233    0
132 9.20606  3
184    1.09166
185    0.779653
186    0.960805
133 8.74645  1
165    1.10427
134 7.24555  1
165    1.09536
135 12.3446  2
205    0.817374
231    1.13764
136 8.99548  1
162    1.1139
137 8.05887  1
233    0
138 5.00031  1
233    0
139 5.01251  2
182    1.2139
232    1.10427
140 5.05249  1
166    0.79172
141 5.18311  1
170    0.965877
142 5.60945  2
143    0.795071
183    1.06439
143 7.00171  1
233    0
144 11.5484  2
208    1.06421
209    1.29002
145 6.39531  1
166    0.744972
146 9.56801  1
233    0
147 9.92843  1
171    1.23793
148 11.1055  1
233    0
149 14.9493  2
182    0.825779
183    1.1872
150 7.50099  1
233    0
151 13.179  1
183    1.29062
152 11.7202  1
233    0
153 6.95624  1
233    0
154 11.3997  5
172    1.2573
173    0.720545
174    0.767788
175    0.922059
223    1.18865
155 5.90976  2
162    0.852293
166    0.798349
156 7.98257  1
233    0
157 14.7516  1
162    1.19803
158 6.85522  1
170    0.862694
159 11.0701  1
233    0
160 14.8337  1
233    0
161 7.12348  1
233    0
162 11.946  1
230    1.04639
163 7.69387  2
167    1.02187
168    1.15177
164 13.8086  1
233    0
165 13.7762  1
233    0
166 13.6703  1
233    0
167 13.3245  1
233    0
168 12.1953  1
233    0
169 8.5081  2
206    1.28509
207    0.811313
170 6.46733  1
183    1.29663
171 9.80331  1
233    0
172 10.6969  1
233    0
173 13.6151  1
233    0
174 13.1442  1
233    0
175 11.6063  1
231    1.19402
176 6.58452  1
233    0
177 10.186  1
233    0
178 11.9466  7
197    0.736567
198    0.820103
199    1.0929
200    0.783718
201    0.974081
202    0.995706
203    1.06633
179 7.6957  1
233    0
180 13.8147  1
233    0
181 13.796  1
182    1.28953
182 13.7353  1
233    0
183 13.5369  1
233    0
184 12.889  1
204    0.85006
185 10.7732  1
233    0
186 13.8641  1
233    0
187 13.9575  1
233    0
188 14.2624  1
232    0.823582
189 5.25758  1
233    0
190 5.85269  1
233    0
191 7.79611  1
233    0
192 14.1424  1
233    0
193 14.8663  1
233    0
194 7.22999  1
233    0
195 12.2939  1
233    0
196 8.82977  1
233    0
197 7.51778  1
233    0
198 13.2336  1
233    0
199 11.8984  1
233    0
200 7.53822  6
224    1.09638
225    0.795071
226    1.01116
227    1.1168
228    0.861742
229    1.22888
201 13.3004  1
233    0
202 12.1166  1
231    1.29198
203 8.25083  1
231    1.24855
204 5.62716  1
233    0
205 7.05969  1
233    0
206 11.7379  1
232    1.127
207 7.01422  1
232    1.19803
208 11.5893  2
230    1.23745
231    0.851067
209 6.52867  1
233    0
210 10.0035  1
233    0
211 11.3506  1
233    0
212 5.74953  1
233    0
213 7.45918  1
233    0
214 13.0422  1
233    0
215 11.2737  1
233    0
216 5.49837  1
233    0
217 6.63915  1
233    0
218 10.3645  1
233    0
219 12.5295  1
233    0
220 9.59914  1
233    0
221 10.0301  1
233    0
222 11.4373  1
233    0
223 6.03244  1
233    0
224 8.38328  1
233    0
225 6.0596  1
231    0.833799
226 8.47179  1
233    0
227 6.34861  1
233    0
228 9.41572  1
231    0.929786
229 9.43129  1
233    0
230 9.48195  1
233    0
231 9.64736  1
233    0
232 10.1875  1
233    0
233 0  0
