101
0 5.85269  10
1    37.7293
2    43.9477
3    64.2547
4    40.5657
5    53.2104
6    64.501
7    41.3704
8    55.838
9    43.0816
13    61.444
1 7.79611  4
10    59.9736
15    37.5581
17    42.5533
70    38.9827
2 14.1424  3
10    56.586
14    61.5923
15    35.7727
3 14.8663  3
10    49.4099
13    55.8399
17    59.7008
4 7.22999  2
10    39.402
13    59.4325
5 12.2939  3
10    61.0109
14    52.3196
15    41.69
6 8.82977  5
10    45.5243
13    54.819
14    62.7871
16    46.4893
17    42.6147
7 7.51778  2
10    61.4257
13    50.558
8 13.2336  4
13    61.3881
14    60.6108
15    64.599
70    64.8315
9 11.8984  3
10    61.3286
13    39.7536
14    61.8725
10 7.53822  4
11    52.0907
12    60.8452
13    43.0871
14    61.2059
11 13.3004  2
15    62.4273
16    56.8818
12 12.1166  3
14    58.6671
70    48.0403
71    46.2394
13 8.25083  3
33    51.0936
37    38.0973
70    59.3602
14 5.62716  2
15    43.3883
33    57.5886
15 7.05969  2
17    55.6952
70    41.4684
16 11.7379  8
18    59.9013
19    56.3498
20    44.7525
21    36.8815
22    41.1791
23    55.2136
24    41.0427
25    54.7678
17 7.01422  3
83    39.1859
84    48.704
85    49.7853
18 11.5893  3
34    48.7974
35    50.0902
36    54.3118
19 6.52867  1
100    0
20 10.0035  1
100    0
21 11.3506  7
26    39.586
27    50.0105
28    54.0518
29    37.2486
30    42.3775
31    59.1267
32    53.8211
22 5.74953  1
100    0
23 7.45918  9
61    41.2889
62    55.5716
63    42.2109
64    58.5829
65    52.0449
66    60.6951
67    58.9427
68    53.2196
69    64.5312
24 13.0422  2
33    36.4951
86    55.1605
25 11.2737  4
53    41.2917
54    55.5808
55    42.2411
56    58.6818
26 5.49837  1
100    0
27 6.63915  7
76    35.0009
77    35.0375
78    35.1575
79    35.5493
80    36.8284
81    41.0051
82    54.6451
28 10.3645  1
100    0
29 12.5295  4
57    52.3681
58    61.7507
59    62.3898
60    64.4763
30 9.59914  3
72    41.7367
73    57.0338
74    46.9865
31 10.0301  1
100    0
32 11.4373  3
33    39.9174
37    38.1788
38    45.4154
33 6.03244  1
100    0
34 8.38328  1
100    0
35 6.0596  1
37    45.1498
36 8.47179  1
100    0
37 6.34861  1
100    0
38 9.41572  5
39    39.0458
40    48.2472
41    48.2939
42    48.4458
43    48.9421
39 9.43129  1
100    0
40 9.48195  1
86    42.503
41 9.64736  1
100    0
42 10.1875  1
86    37.7293
43 11.9515  10
44    50.5626
45    55.8545
46    43.1347
47    61.5996
48    61.8963
49    62.8649
50    36.0273
51    38.3894
52    46.1029
71    47.6182
44 7.71157  1
100    0
45 13.8665  2
70    56.1576
86    64.848
46 13.9654  1
100    0
47 14.2883  1
86    59.5369
48 5.34242  1
75    44.1766
49 6.1298  1
100    0
50 8.70098  1
100    0
51 7.09723  1
86    43.9477
52 11.8603  1
100    0
53 7.41371  1
100    0
54 12.8939  1
100    0
55 10.7894  1
70    44.1244
56 13.9169  2
70    54.5828
88    40.5657
57 14.1299  1
70    42.449
58 14.8254  1
100    0
59 7.09632  1
100    0
60 11.8572  1
86    54.1992
61 7.40364  1
100    0
62 12.861  10
90    64.501
91    41.3704
92    55.838
93    43.0816
94    61.4257
95    61.3286
96    61.0109
97    59.9736
98    56.586
99    45.5243
63 10.6816  1
87    64.2547
64 13.565  1
100    0
65 12.9809  1
100    0
66 11.0732  1
100    0
67 14.8437  1
100    0
68 7.15613  1
100    0
69 12.0525  1
100    0
70 8.04147  1
89    53.2104
71 14.9438  1
100    0
72 7.48299  1
100    0
73 13.1201  1
100    0
74 11.5276  1
86    53.3166
75 6.32756  1
100    0
76 9.34675  1
100    0
77 9.20606  1
100    0
78 8.74645  1
100    0
79 7.24555  1
100    0
80 12.3446  1
100    0
81 8.99548  1
100    0
82 8.05887  1
86    40.8687
83 5.00031  1
100    0
84 5.01251  1
100    0
85 5.05249  1
100    0
86 5.18311  1
100    0
87 5.60945  1
100    0
88 7.00171  1
100    0
89 11.5484  1
100    0
90 6.39531  1
100    0
91 9.56801  1
100    0
92 9.92843  1
100    0
93 11.1055  1
100    0
94 14.9493  1
100    0
95 7.50099  1
100    0
96 13.179  1
100    0
97 11.7202  1
100    0
98 6.95624  1
100    0
99 11.3997  1
100    0
100 0  0
