208
0 11.7202  5
1    45.1498
9    46.1029
29    54.5828
43    55.1605
104    64.848
1 6.95624  7
2    38.1788
3    45.4154
4    39.0458
5    48.2472
6    48.2939
9    61.5996
30    57.0338
2 11.3997  5
8    50.5626
9    55.8545
71    54.7678
105    61.0109
196    49.4099
3 5.90976  2
9    62.8649
105    61.4257
4 7.98257  4
7    48.4458
9    61.8963
42    64.848
59    62.7871
5 14.7516  5
8    48.9421
9    38.3894
60    64.599
72    57.5886
95    64.8315
6 6.85522  2
9    36.0273
195    61.4257
7 11.0701  5
9    43.1347
29    42.449
45    53.2104
60    62.4273
95    44.1244
8 14.8337  2
9    41.2917
71    54.0518
9 7.12348  10
10    55.5808
11    42.2411
12    58.6818
13    52.3681
14    61.7507
15    62.3898
16    64.4763
17    41.2889
18    55.5716
46    55.838
10 11.946  2
72    54.3118
195    55.838
11 7.69387  1
31    46.9865
12 13.8086  2
105    53.2104
178    58.5829
13 13.7762  8
19    42.2109
20    58.5829
21    52.0449
22    60.6951
29    59.3602
51    54.819
96    41.7367
196    55.8399
14 13.6703  3
30    47.6182
43    42.503
179    64.5312
15 13.3245  6
106    59.9736
107    56.586
108    45.5243
109    39.402
110    49.4099
111    52.0907
16 12.1953  8
23    58.9427
24    53.2196
25    64.5312
26    41.4684
27    56.1576
28    44.1244
29    64.8315
46    41.3704
17 8.5081  4
30    46.2394
43    59.5369
71    59.1267
94    58.9427
18 6.46733  6
31    44.1766
60    43.3883
72    36.4951
133    59.9013
195    61.0109
197    60.6108
19 9.80331  5
44    64.2547
72    53.8211
74    55.8545
94    53.2196
178    52.0449
20 10.6969  1
46    56.586
21 13.6151  1
59    35.7727
22 13.1442  10
32    35.0009
33    35.0375
34    35.1575
35    35.5493
36    36.8284
37    41.0051
38    54.6451
39    39.1859
40    48.704
41    49.7853
23 11.6063  6
42    53.3166
51    50.558
59    61.5923
133    42.6147
177    62.3898
180    59.3602
24 6.58452  2
71    50.0105
182    41.0051
25 10.186  2
70    41.0427
73    48.2472
26 11.9466  3
45    40.5657
95    38.9827
104    40.8687
27 7.6957  4
29    48.0403
30    41.7367
72    39.9174
103    41.0051
28 13.8147  4
29    38.9827
46    59.9736
72    51.0936
180    54.5828
29 13.796  3
51    60.8452
59    52.3196
96    46.2394
30 13.7353  9
61    59.7008
62    55.6952
63    42.6147
64    59.9013
65    56.3498
66    44.7525
67    36.8815
68    41.1791
69    55.2136
31 13.5369  1
104    53.3166
32 12.889  2
60    41.69
182    54.6451
33 10.7732  6
47    45.5243
48    39.402
49    49.4099
50    52.0907
60    56.8818
196    52.0907
34 13.8641  1
46    61.4257
35 13.9575  2
43    54.1992
51    39.7536
36 14.2624  6
97    44.1766
98    35.0009
99    35.0375
100    35.1575
101    35.5493
102    36.8284
37 5.25758  1
46    43.0816
38 5.85269  1
72    48.7974
39 7.79611  3
43    40.8687
60    37.5581
72    38.0973
40 14.1424  2
44    43.9477
46    61.3286
41 14.8663  2
45    64.501
71    39.586
42 7.22999  2
43    37.7293
181    35.1575
43 12.2939  4
51    59.4325
60    42.5533
72    50.0902
73    39.0458
44 8.82977  1
112    60.8452
45 7.51778  4
46    61.0109
73    38.1788
133    59.7008
195    59.9736
46 13.2336  1
176    61.7507
47 11.8984  1
59    61.8725
48 7.53822  4
96    47.6182
179    44.1244
195    45.5243
196    39.402
49 13.3004  10
123    52.3196
124    61.5923
125    61.8725
126    62.7871
127    35.7727
128    37.5581
129    43.3883
130    62.4273
131    64.599
132    41.69
50 12.1166  8
52    55.8399
53    43.0871
54    61.444
55    61.3881
56    61.2059
57    60.6108
58    58.6671
103    39.1859
51 8.25083  3
71    42.3775
182    39.1859
196    60.8452
52 5.62716  2
73    48.2939
103    54.6451
53 7.05969  3
90    42.2109
91    58.5829
92    52.0449
54 11.7379  2
73    48.4458
196    59.4325
55 7.01422  2
72    45.1498
179    56.1576
56 11.5893  1
207    0
57 6.52867  2
104    37.7293
197    61.444
58 10.0035  1
60    46.4893
59 11.3506  2
73    45.4154
74    61.5996
60 5.74953  1
73    48.9421
61 7.45918  1
207    0
62 13.0422  1
95    41.4684
63 11.2737  1
71    37.2486
64 5.49837  1
207    0
65 6.63915  3
75    61.8963
76    62.8649
180    47.6182
66 10.3645  1
74    43.1347
67 12.5295  2
73    50.5626
104    42.503
68 9.59914  1
207    0
69 10.0301  1
207    0
70 11.4373  2
105    64.2547
133    56.8818
71 6.03244  5
77    36.0273
78    38.3894
79    46.1029
104    49.7853
181    35.5493
72 8.38328  2
93    60.6951
112    59.4325
73 6.0596  2
95    59.3602
105    55.838
74 8.47179  3
95    56.1576
105    43.0816
168    36.0273
75 6.34861  7
83    58.6818
84    52.3681
85    61.7507
86    62.3898
87    64.4763
88    41.2889
89    55.5716
76 9.41572  3
105    41.3704
133    42.5533
178    55.5716
77 9.43129  1
105    64.501
78 9.48195  2
179    41.4684
197    61.5923
79 9.64736  3
80    41.2917
81    55.5808
82    42.2411
80 10.1875  1
207    0
81 11.9515  1
105    61.3286
82 7.71157  1
207    0
83 13.8665  1
207    0
84 13.9654  2
96    57.0338
181    57.0338
85 14.2883  1
207    0
86 5.34242  1
96    46.9865
87 6.1298  2
96    48.0403
104    54.1992
88 8.70098  2
94    64.5312
95    42.449
89 7.09723  1
105    40.5657
90 11.8603  1
168    61.8963
91 7.41371  2
95    54.5828
197    61.3881
92 12.8939  2
104    55.1605
133    55.6952
93 10.7894  1
151    57.5886
94 13.9169  1
207    0
95 14.1299  1
207    0
96 14.8254  1
103    48.704
97 7.09632  10
113    54.819
114    39.7536
115    50.558
116    55.8399
117    43.0871
118    61.444
119    61.3881
120    61.2059
121    60.6108
122    58.6671
98 11.8572  5
144    37.2486
145    42.3775
146    59.1267
147    53.8211
148    36.4951
99 7.40364  1
104    59.5369
100 12.861  1
181    35.0009
101 10.6816  1
133    46.4893
102 13.565  1
179    58.9427
103 12.9809  1
104    43.9477
104 11.0732  10
159    39.0458
160    48.2472
161    48.2939
162    48.4458
163    48.9421
164    50.5626
165    55.8545
166    43.1347
167    61.5996
177    64.4763
105 14.8437  1
207    0
106 7.15613  10
134    56.3498
135    44.7525
136    36.8815
137    41.1791
138    55.2136
139    41.0427
140    54.7678
141    39.586
142    50.0105
143    54.0518
107 12.0525  1
207    0
108 8.04147  8
169    38.3894
170    46.1029
171    41.2917
172    55.5808
173    42.2411
174    58.6818
175    52.3681
197    43.0871
109 14.9438  1
207    0
110 7.48299  1
207    0
111 13.1201  2
180    48.0403
195    64.501
112 11.5276  2
158    45.4154
195    56.586
113 6.32756  2
186    59.5369
197    61.8725
114 9.34675  2
180    38.9827
181    46.2394
115 9.20606  6
152    48.7974
153    50.0902
154    54.3118
155    38.0973
156    45.1498
157    38.1788
116 8.74645  1
207    0
117 7.24555  1
207    0
118 12.3446  1
207    0
119 8.99548  1
207    0
120 8.05887  1
181    44.1766
121 5.00031  1
178    42.2109
122 5.01251  1
207    0
123 5.05249  1
207    0
124 5.18311  1
207    0
125 5.60945  2
149    39.9174
150    51.0936
126 7.00171  1
196    54.819
127 11.5484  1
207    0
128 6.39531  1
168    62.8649
129 9.56801  1
207    0
130 9.92843  1
207    0
131 11.1055  1
207    0
132 14.9493  1
207    0
133 7.50099  1
207    0
134 13.179  1
207    0
135 11.7202  1
195    41.3704
136 6.95624  9
198    62.7871
199    35.7727
200    37.5581
201    43.3883
202    62.4273
203    64.599
204    41.69
205    56.8818
206    46.4893
137 11.3997  1
207    0
138 5.90976  1
207    0
139 7.98257  1
186    64.848
140 14.7516  1
207    0
141 6.85522  1
179    53.2196
142 11.0701  1
186    42.503
143 14.8337  1
207    0
144 7.12348  1
179    42.449
145 11.946  1
207    0
146 7.69387  1
207    0
147 13.8086  1
181    36.8284
148 13.7762  1
207    0
149 13.6703  1
207    0
150 13.3245  1
197    61.2059
151 12.1953  1
207    0
152 8.5081  1
207    0
153 6.46733  1
207    0
154 9.80331  1
207    0
155 10.6969  1
207    0
156 13.6151  2
177    41.2889
179    64.8315
157 13.1442  1
207    0
158 11.6063  1
207    0
159 6.58452  1
181    41.7367
160 10.186  1
207    0
161 11.9466  1
207    0
162 7.6957  1
181    35.0375
163 13.8147  1
197    52.3196
164 13.796  1
207    0
165 13.7353  1
207    0
166 13.5369  2
181    46.9865
197    58.6671
167 12.889  1
207    0
168 10.7732  1
207    0
169 13.8641  1
195    43.0816
170 13.9575  1
207    0
171 14.2624  1
207    0
172 5.25758  1
207    0
173 5.85269  1
207    0
174 7.79611  1
207    0
175 14.1424  1
178    60.6951
176 14.8663  3
183    48.704
184    49.7853
185    53.3166
177 7.22999  1
207    0
178 12.2939  9
187    55.1605
188    40.8687
189    54.1992
190    37.7293
191    43.9477
192    64.2547
193    40.5657
194    53.2104
196    39.7536
179 8.82977  1
207    0
180 7.51778  1
207    0
181 13.2336  1
207    0
182 11.8984  1
207    0
183 7.53822  1
207    0
184 13.3004  1
207    0
185 12.1166  1
207    0
186 8.25083  1
196    50.558
187 5.62716  1
207    0
188 7.05969  1
207    0
189 11.7379  1
207    0
190 7.01422  1
207    0
191 11.5893  1
207    0
192 6.52867  1
207    0
193 10.0035  1
207    0
194 11.3506  1
195    61.3286
195 5.74953  1
207    0
196 7.45918  1
207    0
197 13.0422  1
207    0
198 11.2737  1
207    0
199 5.49837  1
207    0
200 6.63915  1
207    0
201 10.3645  1
207    0
202 12.5295  1
207    0
203 9.59914  1
207    0
204 10.0301  1
207    0
205 11.4373  1
207    0
206 6.03244  1
207    0
207 0  0
