220
0 13.9169  9
1    5.68818
2    4.64893
3    4.25533
4    5.56952
10    5.40518
11    5.91267
20    4.82472
34    5.85829
130    4.41766
1 14.1299  4
4    5.97008
10    3.9586
34    6.06951
129    4.69865
2 14.8254  7
6    5.99013
7    5.63498
8    4.47525
9    3.68815
10    5.47678
11    5.38211
34    6.45312
3 7.09632  3
5    4.26147
10    4.11791
60    5.0558
4 11.8572  4
10    5.00105
11    3.64951
130    3.50375
178    4.51498
5 7.40364  4
10    3.72486
41    3.91859
46    4.05657
129    4.17367
6 12.861  10
12    3.99174
13    5.10936
14    5.75886
15    4.87974
16    5.00902
17    5.43118
18    3.80973
19    4.51498
20    3.81788
35    4.76182
7 10.6816  4
10    4.10427
11    4.23775
33    5.55716
156    5.58399
8 13.565  4
10    5.52136
20    3.90458
34    4.22109
41    3.68284
9 12.9809  4
40    3.55493
60    3.97536
156    6.12059
210    4.97853
10 11.0732  6
36    4.17367
37    5.70338
38    4.69865
41    6.4848
101    4.89421
169    4.10427
11 14.8437  4
132    5.51605
133    4.08687
134    5.41992
135    3.77293
12 7.15613  3
33    6.23898
35    4.80403
41    4.2503
13 12.0525  1
219    0
14 8.04147  4
33    5.23681
34    5.20449
60    6.12059
183    4.31347
15 14.9438  2
34    4.14684
156    6.13881
16 7.48299  3
20    4.54154
33    6.17507
41    5.95369
17 13.1201  10
21    4.84458
22    4.89421
23    5.05626
24    5.58545
25    4.31347
26    6.15996
27    6.18963
33    5.86818
35    5.45828
42    5.51605
18 11.5276  5
20    4.82939
33    6.44763
35    5.93602
41    5.33166
60    6.13881
19 6.32756  1
35    4.62394
20 9.34675  2
33    5.55808
39    4.41766
21 9.20606  1
33    4.12889
22 8.74645  3
54    5.99736
55    5.6586
56    4.55243
23 7.24555  4
34    5.89427
39    3.50375
183    6.15996
208    4.41766
24 12.3446  1
39    3.51575
25 8.99548  7
33    4.22411
34    4.41244
60    5.58399
100    4.51498
129    5.45828
131    5.95369
169    5.47678
26 8.05887  9
28    6.28649
29    3.60273
30    3.83894
31    4.61029
32    4.12917
35    3.89827
41    4.10051
163    6.4599
169    3.9586
27 5.00031  8
47    6.4501
48    4.13704
49    5.5838
50    4.30816
51    6.14257
52    6.13286
53    6.10109
130    3.55493
28 5.01251  4
34    5.32196
42    5.41992
60    6.08452
167    4.47525
29 5.05249  3
35    4.2449
39    3.50009
100    5.43118
30 5.18311  5
43    3.77293
44    4.39477
45    6.42547
60    5.4819
130    3.50009
31 5.60945  5
34    5.61576
35    6.48315
41    5.46451
60    6.1444
130    5.46451
32 7.00171  1
219    0
33 11.5484  1
219    0
34 6.39531  1
41    4.8704
35 9.56801  1
100    3.81788
36 9.92843  1
169    4.23775
37 11.1055  2
42    4.08687
163    6.24273
38 14.9493  1
219    0
39 7.50099  2
46    5.32104
61    6.06108
40 13.179  1
41    4.97853
41 11.7202  9
102    5.58545
103    4.31347
104    6.15996
105    6.18963
106    6.28649
107    3.60273
108    3.83894
109    4.61029
167    3.68815
42 6.95624  1
219    0
43 11.3997  1
208    4.76182
44 5.90976  1
219    0
45 7.98257  1
219    0
46 14.7516  1
219    0
47 6.85522  1
190    6.23898
48 11.0701  10
62    5.86671
63    5.23196
64    6.15923
65    6.18725
66    6.27871
67    3.57727
68    3.75581
69    4.33883
70    6.24273
71    6.4599
49 14.8337  1
219    0
50 7.12348  2
59    5.20907
110    5.86818
51 11.946  1
110    4.22411
52 7.69387  10
84    5.52136
85    4.10427
86    5.47678
87    3.9586
88    5.00105
89    5.40518
90    3.72486
91    4.23775
92    5.91267
131    5.33166
53 13.8086  2
60    5.94325
209    3.50375
54 13.7762  8
93    5.38211
94    3.64951
95    3.99174
96    5.10936
97    5.75886
98    4.87974
99    5.00902
101    5.05626
55 13.6703  1
60    4.30871
56 13.3245  3
57    3.9402
58    4.94099
101    4.82939
57 12.1953  1
219    0
58 8.5081  1
130    3.91859
59 6.46733  1
129    4.62394
60 9.80331  1
178    4.82472
61 10.6969  1
219    0
62 13.6151  1
131    4.2503
63 13.1442  10
72    4.169
73    5.68818
74    4.64893
75    4.25533
76    5.97008
77    5.56952
78    4.26147
79    5.99013
80    5.63498
81    4.47525
64 11.6063  1
110    5.55808
65 6.58452  5
100    3.90458
110    4.12917
129    5.70338
163    3.75581
169    3.72486
66 10.186  1
210    4.2503
67 11.9466  2
100    4.54154
161    6.18725
68 7.6957  1
209    3.55493
69 13.8147  3
82    3.68815
83    4.11791
131    4.97853
70 13.796  1
163    5.68818
71 13.7353  1
129    4.76182
72 13.5369  1
219    0
73 12.889  1
163    4.169
74 10.7732  1
190    6.17507
75 13.8641  2
100    4.82472
167    4.26147
76 13.9575  1
219    0
77 14.2624  1
210    5.41992
78 5.25758  1
219    0
79 5.85269  2
178    4.54154
190    6.44763
80 7.79611  1
129    3.89827
81 14.1424  1
219    0
82 14.8663  5
101    4.84458
129    4.80403
130    3.51575
156    5.0558
163    4.33883
83 7.22999  1
219    0
84 12.2939  2
130    4.10051
209    3.50009
85 8.82977  1
219    0
86 7.51778  8
121    5.89427
122    5.32196
123    6.45312
124    4.14684
125    5.61576
126    4.41244
127    6.48315
128    4.2449
87 13.2336  1
219    0
88 11.8984  2
190    5.23681
209    5.46451
89 7.53822  1
156    4.30871
90 13.3004  1
219    0
91 12.1166  1
169    5.40518
92 8.25083  1
208    4.62394
93 5.62716  1
179    4.84458
94 7.05969  1
130    3.68284
95 11.7379  2
161    6.27871
163    4.64893
96 7.01422  1
219    0
97 11.5893  1
100    3.80973
98 6.52867  1
219    0
99 10.0035  10
111    5.23681
112    6.17507
113    6.23898
114    6.44763
115    4.12889
116    5.55716
117    4.22109
118    5.85829
119    5.20449
120    6.06951
100 11.3506  2
165    5.97008
166    5.56952
101 5.74953  1
197    5.32196
102 7.45918  1
219    0
103 13.0422  1
164    4.25533
104 11.2737  1
219    0
105 5.49837  1
168    5.52136
106 6.63915  3
167    5.99013
208    5.70338
210    5.95369
107 10.3645  4
157    6.06108
158    5.86671
159    5.23196
160    6.15923
108 12.5295  8
136    4.39477
137    6.42547
138    4.05657
139    5.32104
140    6.4501
141    4.13704
142    5.5838
143    4.30816
109 9.59914  1
131    4.8704
110 10.0301  1
219    0
111 11.4373  2
129    5.93602
190    5.55808
112 6.03244  1
219    0
113 8.38328  1
219    0
114 6.0596  1
219    0
115 8.47179  1
219    0
116 6.34861  1
156    3.97536
117 9.41572  2
131    6.4848
208    4.69865
118 9.43129  1
219    0
119 9.48195  1
219    0
120 9.64736  1
219    0
121 10.1875  2
162    3.57727
190    4.12889
122 11.9515  1
219    0
123 7.71157  1
178    3.80973
124 13.8665  1
219    0
125 13.9654  1
156    6.1444
126 14.2883  1
210    5.51605
127 5.34242  1
178    3.90458
128 6.1298  1
219    0
129 8.70098  6
144    6.14257
145    6.13286
146    6.10109
147    5.99736
148    5.6586
149    4.55243
130 7.09723  1
219    0
131 11.8603  1
219    0
132 7.41371  1
219    0
133 12.8939  1
167    4.11791
134 10.7894  7
150    3.9402
151    4.94099
152    5.20907
153    6.08452
154    5.94325
155    5.4819
179    4.82939
135 13.9169  1
219    0
136 14.1299  1
210    6.4848
137 14.8254  1
209    4.10051
138 7.09632  1
219    0
139 11.8572  1
219    0
140 7.40364  1
219    0
141 12.861  1
219    0
142 10.6816  1
219    0
143 13.565  1
208    4.17367
144 12.9809  1
219    0
145 11.0732  3
180    4.89421
181    5.05626
182    5.58545
146 14.8437  2
178    3.81788
190    4.22411
147 7.15613  1
219    0
148 12.0525  1
219    0
149 8.04147  1
219    0
150 14.9438  1
219    0
151 7.48299  1
219    0
152 13.1201  1
190    5.86818
153 11.5276  8
211    4.39477
212    6.42547
213    4.05657
214    5.32104
215    6.4501
216    4.13704
217    5.5838
218    4.30816
154 6.32756  2
198    6.45312
199    4.14684
155 9.34675  1
169    5.00105
156 9.20606  1
219    0
157 8.74645  1
219    0
158 7.24555  1
210    5.33166
159 12.3446  1
219    0
160 8.99548  1
219    0
161 8.05887  1
219    0
162 5.00031  2
167    5.63498
169    5.91267
163 5.01251  1
219    0
164 5.05249  8
170    5.38211
171    3.64951
172    3.99174
173    5.10936
174    5.75886
175    4.87974
176    5.00902
177    5.43118
165 5.18311  8
200    5.61576
201    4.41244
202    6.48315
203    4.2449
204    5.93602
205    5.45828
206    3.89827
207    4.80403
166 5.60945  1
219    0
167 7.00171  6
184    6.18963
185    6.28649
186    3.60273
187    3.83894
188    4.61029
189    4.12917
168 11.5484  1
210    3.77293
169 6.39531  1
219    0
170 9.56801  1
219    0
171 9.92843  1
219    0
172 11.1055  1
219    0
173 14.9493  1
219    0
174 7.50099  1
219    0
175 13.179  1
219    0
176 11.7202  1
219    0
177 6.95624  1
219    0
178 11.3997  1
219    0
179 5.90976  1
219    0
180 7.98257  1
209    3.51575
181 14.7516  1
219    0
182 6.85522  1
219    0
183 11.0701  1
219    0
184 14.8337  1
219    0
185 7.12348  1
219    0
186 11.946  1
219    0
187 7.69387  1
219    0
188 13.8086  1
219    0
189 13.7762  6
191    5.55716
192    4.22109
193    5.85829
194    5.20449
195    6.06951
196    5.89427
190 13.6703  1
219    0
191 13.3245  1
209    3.68284
192 12.1953  1
219    0
193 8.5081  1
219    0
194 6.46733  1
219    0
195 9.80331  1
219    0
196 10.6969  1
219    0
197 13.6151  1
219    0
198 13.1442  1
219    0
199 11.6063  1
219    0
200 6.58452  1
219    0
201 10.186  1
219    0
202 11.9466  1
219    0
203 7.6957  1
219    0
204 13.8147  1
219    0
205 13.796  1
219    0
206 13.7353  1
219    0
207 13.5369  1
210    4.08687
208 12.889  1
209    3.91859
209 10.7732  1
210    4.8704
210 13.8641  1
219    0
211 13.9575  1
219    0
212 14.2624  1
219    0
213 5.25758  1
219    0
214 5.85269  1
219    0
215 7.79611  1
219    0
216 14.1424  1
219    0
217 14.8663  1
219    0
218 7.22999  1
219    0
219 0  0
