41
0 12.9809  7
1    64.501
2    41.3704
3    55.838
4    43.0816
5    61.4257
6    59.9736
7    52.0907
1 11.0732  4
6    61.0109
7    45.5243
15    60.6108
38    54.3118
2 14.8437  4
8    54.819
15    61.2059
38    45.1498
39    48.4458
3 7.15613  2
6    56.586
7    39.402
4 12.0525  5
6    61.3286
7    49.4099
15    62.7871
31    54.7678
38    38.1788
5 8.04147  2
7    59.4325
15    43.3883
6 14.9438  3
7    60.8452
15    58.6671
38    51.0936
7 7.48299  4
9    39.7536
15    52.3196
38    50.0902
39    48.9421
8 13.1201  2
15    61.5923
39    48.2472
9 11.5276  8
10    50.558
11    55.8399
12    43.0871
13    61.444
14    61.3881
15    35.7727
37    36.4951
38    57.5886
10 6.32756  1
15    61.8725
11 9.34675  1
15    37.5581
12 9.20606  1
31    50.0105
13 8.74645  1
40    0
14 7.24555  6
16    62.4273
17    64.599
18    41.69
19    56.8818
20    46.4893
39    39.0458
15 12.3446  1
36    53.8211
16 8.99548  1
40    0
17 8.05887  1
40    0
18 5.00031  2
21    42.5533
39    48.2939
19 5.01251  5
26    56.3498
27    44.7525
28    36.8815
29    41.1791
30    55.2136
20 5.05249  4
22    59.7008
23    55.6952
24    42.6147
25    59.9013
21 5.18311  1
40    0
22 5.60945  3
32    54.0518
33    37.2486
34    42.3775
23 7.00171  1
39    55.8545
24 11.5484  1
38    48.7974
25 6.39531  1
40    0
26 9.56801  1
35    59.1267
27 9.92843  1
31    39.586
28 11.1055  1
40    0
29 14.9493  2
31    41.0427
39    50.5626
30 7.50099  1
40    0
31 13.179  1
40    0
32 11.7202  1
40    0
33 6.95624  1
40    0
34 11.3997  1
38    45.4154
35 5.90976  1
38    39.9174
36 7.98257  1
40    0
37 14.7516  1
38    38.0973
38 6.85522  1
40    0
39 11.0701  1
40    0
40 0  0
