213
0 11.5276  5
1    5.52136
26    4.61029
38    3.51575
63    4.25533
106    6.45312
1 6.32756  2
2    4.10427
26    3.60273
2 9.34675  1
3    5.47678
3 9.20606  7
4    3.9586
5    5.00105
6    5.40518
7    3.72486
8    4.23775
26    3.83894
51    4.13704
4 8.74645  2
33    5.61576
51    5.32104
5 7.24555  5
31    6.44763
32    6.06951
42    4.97853
62    3.75581
203    5.6586
6 12.3446  9
9    5.91267
10    5.38211
11    3.64951
12    3.99174
13    5.10936
31    6.23898
61    5.58399
62    5.23196
204    4.94099
7 8.99548  7
16    5.43118
17    3.80973
18    4.51498
19    3.81788
20    4.54154
21    3.90458
124    4.08687
8 8.05887  2
31    5.55716
63    5.97008
9 5.00031  4
14    4.87974
26    5.05626
38    5.70338
59    4.94099
10 5.01251  2
15    5.00902
180    3.50009
11 5.05249  5
14    5.75886
26    6.28649
38    4.41766
101    5.55716
142    4.47525
12 5.18311  3
32    5.89427
38    4.62394
204    5.58399
13 5.60945  7
34    4.41244
35    6.48315
36    4.2449
38    3.55493
63    5.56952
136    5.23196
180    5.70338
14 7.00171  8
43    6.4848
44    4.2503
45    5.95369
46    5.51605
47    4.08687
48    5.41992
49    3.77293
50    4.39477
15 11.5484  3
26    6.18963
31    4.12889
38    4.69865
16 6.39531  1
26    4.31347
17 9.56801  3
26    6.15996
124    5.95369
133    5.20907
18 9.92843  7
27    4.12917
28    5.55808
29    4.22411
30    5.86818
31    5.85829
32    5.20449
60    6.08452
19 11.1055  2
26    5.58545
32    5.32196
20 14.9493  7
22    4.82472
23    4.82939
24    4.84458
25    4.89421
31    6.17507
42    3.91859
61    6.13881
21 7.50099  3
31    4.22109
116    3.50375
197    5.32104
22 13.179  4
32    6.45312
37    5.93602
97    6.18963
101    4.12889
23 11.7202  7
37    4.80403
38    3.50009
39    3.68284
59    5.20907
62    4.33883
124    5.41992
127    4.05657
24 6.95624  5
38    4.76182
51    4.05657
61    6.12059
106    4.41244
127    5.32104
25 11.3997  1
62    3.57727
26 5.90976  1
51    6.4501
27 7.98257  2
31    5.23681
133    4.94099
28 14.7516  3
51    5.5838
106    5.61576
138    5.68818
29 6.85522  1
212    0
30 11.0701  4
32    4.14684
37    3.89827
38    4.17367
63    5.68818
31 14.8337  1
212    0
32 7.12348  2
51    6.42547
127    4.13704
33 11.946  1
42    4.8704
34 7.69387  7
64    4.26147
65    5.99013
66    5.63498
67    4.47525
68    3.68815
116    4.41766
137    3.75581
35 13.8086  2
37    5.45828
179    4.2449
36 13.7762  4
38    3.50375
61    6.1444
143    3.68815
179    5.45828
37 13.6703  10
181    3.51575
182    3.55493
183    3.68284
184    4.10051
185    5.46451
186    3.91859
187    4.8704
188    4.97853
189    5.33166
190    6.4848
38 13.3245  3
40    4.10051
41    5.46451
99    4.22411
39 12.1953  8
52    4.30816
53    6.14257
54    6.13286
55    6.10109
56    5.99736
57    5.6586
58    4.55243
97    5.58545
40 8.5081  4
42    5.33166
62    6.24273
116    3.51575
136    6.15923
41 6.46733  7
74    5.00105
75    5.40518
76    3.72486
77    4.23775
98    3.60273
101    6.44763
142    5.56952
42 9.80331  1
63    4.64893
43 10.6969  10
90    4.54154
91    3.90458
92    4.82472
93    4.82939
94    4.84458
95    4.89421
96    5.05626
100    6.23898
135    4.30871
179    4.41244
44 13.6151  2
78    5.91267
79    5.38211
45 13.1442  3
61    5.94325
62    6.27871
143    4.11791
46 11.6063  1
59    3.9402
47 6.58452  3
125    3.77293
126    4.39477
204    5.94325
48 10.186  2
61    4.30871
136    5.86671
49 11.9466  3
61    5.0558
98    6.28649
135    6.1444
50 7.6957  6
69    4.11791
70    5.52136
71    4.10427
72    5.47678
73    3.9586
143    4.10427
51 13.8147  2
62    6.06108
204    3.97536
52 13.796  3
61    5.4819
62    5.86671
174    5.89427
53 13.7353  1
61    3.97536
54 13.5369  1
212    0
55 12.889  2
99    5.86818
170    4.12917
56 10.7732  1
62    6.18725
57 13.8641  3
127    6.13286
169    3.83894
197    4.39477
58 13.9575  3
101    4.22109
127    5.5838
144    5.40518
59 14.2624  3
134    5.94325
136    3.57727
170    5.23681
60 5.25758  3
62    6.15923
63    6.4599
137    6.4599
61 5.85269  1
63    4.169
62 7.79611  1
124    5.51605
63 14.1424  1
204    5.0558
64 14.8663  1
97    6.15996
65 7.22999  3
106    5.32196
134    5.0558
136    6.13881
66 12.2939  2
177    4.14684
178    5.61576
67 8.82977  1
170    5.55808
68 7.51778  2
115    4.69865
136    6.18725
69 13.2336  1
99    5.55808
70 11.8984  10
80    3.64951
81    3.99174
82    5.10936
83    5.75886
84    4.87974
85    5.00902
86    5.43118
87    3.80973
88    4.51498
89    3.81788
71 7.53822  3
98    3.83894
116    4.10051
134    6.08452
72 13.3004  2
145    3.72486
203    3.9402
73 12.1166  4
98    4.61029
100    6.17507
116    3.55493
204    6.1444
74 8.25083  4
98    4.12917
127    4.30816
138    4.169
170    5.86818
75 5.62716  1
212    0
76 7.05969  1
212    0
77 11.7379  2
123    4.2503
169    4.61029
78 7.01422  1
212    0
79 11.5893  1
127    6.14257
80 6.52867  2
137    6.24273
170    6.23898
81 10.0035  2
143    5.52136
179    5.93602
82 11.3506  1
136    6.12059
83 5.74953  1
136    6.27871
84 7.45918  1
106    4.2449
85 13.0422  2
116    3.68284
169    6.18963
86 11.2737  4
139    4.64893
140    4.25533
141    5.97008
203    4.55243
87 5.49837  1
136    6.06108
88 6.63915  2
97    4.31347
127    6.4501
89 10.3645  1
197    4.13704
90 12.5295  2
106    4.14684
135    5.58399
91 9.59914  1
212    0
92 10.0301  1
204    6.08452
93 11.4373  4
102    5.85829
103    5.20449
104    6.06951
105    5.89427
94 6.03244  6
117    5.46451
118    3.91859
119    4.8704
120    4.97853
121    5.33166
122    6.4848
95 8.38328  9
107    5.93602
108    5.45828
109    3.89827
110    4.80403
111    4.76182
112    4.62394
113    4.17367
114    5.70338
116    3.50009
96 6.0596  3
134    3.97536
137    4.33883
143    3.9586
97 8.47179  1
174    5.20449
98 6.34861  1
212    0
99 9.41572  1
100    5.23681
100 9.43129  1
144    5.00105
101 9.48195  6
128    6.10109
129    5.99736
130    5.6586
131    4.55243
132    3.9402
180    4.69865
102 9.64736  2
170    4.22411
197    6.4501
103 10.1875  1
212    0
104 11.9515  1
142    5.99013
105 7.71157  1
106    6.48315
106 13.8665  1
212    0
107 13.9654  2
142    4.26147
179    4.80403
108 14.2883  1
212    0
109 5.34242  1
204    5.4819
110 6.1298  1
212    0
111 8.70098  1
134    5.4819
112 7.09723  6
146    4.23775
147    5.91267
148    5.38211
149    3.64951
150    3.99174
151    5.10936
113 11.8603  1
212    0
114 7.41371  1
180    3.50375
115 12.8939  1
127    6.42547
116 10.7894  1
170    6.17507
117 13.9169  1
211    6.27871
118 14.1299  1
212    0
119 14.8254  1
212    0
120 7.09632  1
169    6.28649
121 11.8572  1
174    4.22109
122 7.40364  1
212    0
123 12.861  1
212    0
124 10.6816  1
212    0
125 13.565  1
212    0
126 12.9809  1
212    0
127 11.0732  1
212    0
128 14.8437  6
152    5.75886
153    4.87974
154    5.00902
155    5.43118
156    3.80973
157    4.51498
129 7.15613  1
212    0
130 12.0525  2
179    4.17367
204    5.20907
131 8.04147  1
212    0
132 14.9438  1
212    0
133 7.48299  1
212    0
134 13.1201  1
212    0
135 11.5276  1
212    0
136 6.32756  1
212    0
137 9.34675  1
174    6.06951
138 9.20606  1
143    5.47678
139 8.74645  1
212    0
140 7.24555  1
197    6.42547
141 12.3446  3
142    5.63498
174    5.85829
179    4.76182
142 8.99548  2
175    5.32196
176    6.45312
143 8.05887  1
169    3.60273
144 5.00031  1
212    0
145 5.01251  1
212    0
146 5.05249  8
161    4.82472
162    4.82939
163    4.84458
164    4.89421
165    5.05626
166    5.58545
167    4.31347
168    6.15996
147 5.18311  1
212    0
148 5.60945  5
198    4.30816
199    6.14257
200    6.13286
201    6.10109
202    5.99736
149 7.00171  1
212    0
150 11.5484  1
212    0
151 6.39531  1
211    6.18725
152 9.56801  1
212    0
153 9.92843  1
212    0
154 11.1055  1
212    0
155 14.9493  3
158    3.81788
159    4.54154
160    3.90458
156 7.50099  1
212    0
157 13.179  6
205    6.13881
206    6.12059
207    6.06108
208    5.86671
209    5.23196
210    6.15923
158 11.7202  1
212    0
159 6.95624  3
172    4.12889
173    5.55716
179    3.89827
160 11.3997  1
212    0
161 5.90976  1
212    0
162 7.98257  1
212    0
163 14.7516  1
212    0
164 6.85522  1
212    0
165 11.0701  2
171    6.44763
180    4.41766
166 14.8337  1
212    0
167 7.12348  1
212    0
168 11.946  1
212    0
169 7.69387  6
191    4.2503
192    5.95369
193    5.51605
194    4.08687
195    5.41992
196    3.77293
170 13.8086  1
212    0
171 13.7762  1
212    0
172 13.6703  1
179    6.48315
173 13.3245  1
179    4.62394
174 12.1953  1
212    0
175 8.5081  1
212    0
176 6.46733  1
212    0
177 9.80331  1
212    0
178 10.6969  1
212    0
179 13.6151  1
212    0
180 13.1442  1
197    4.05657
181 11.6063  1
212    0
182 6.58452  1
212    0
183 10.186  1
212    0
184 11.9466  1
197    5.5838
185 7.6957  1
212    0
186 13.8147  1
212    0
187 13.796  1
212    0
188 13.7353  1
212    0
189 13.5369  1
212    0
190 12.889  1
204    4.30871
191 10.7732  1
212    0
192 13.8641  1
212    0
193 13.9575  1
212    0
194 14.2624  1
212    0
195 5.25758  1
212    0
196 5.85269  1
212    0
197 7.79611  1
212    0
198 14.1424  1
212    0
199 14.8663  1
212    0
200 7.22999  1
212    0
201 12.2939  1
212    0
202 8.82977  1
212    0
203 7.51778  1
212    0
204 13.2336  1
212    0
205 11.8984  1
212    0
206 7.53822  1
212    0
207 13.3004  1
212    0
208 12.1166  1
212    0
209 8.25083  1
212    0
210 5.62716  1
212    0
211 7.05969  1
212    0
212 0  0
