223
0 5.01251  3
1    4.54154
33    4.76182
147    5.94325
1 5.05249  10
2    3.90458
3    4.82472
4    4.82939
5    4.84458
6    4.89421
7    5.05626
8    5.58545
9    4.31347
10    6.15996
11    6.18963
2 5.18311  10
48    4.13704
49    5.5838
50    4.30816
51    6.14257
52    6.13286
53    6.10109
54    5.99736
55    5.6586
56    4.55243
57    3.9402
3 5.60945  3
26    4.22109
46    6.4848
80    5.40518
4 7.00171  3
26    5.85829
180    5.85829
194    3.55493
5 11.5484  4
26    5.20449
99    6.15996
181    5.89427
214    5.6586
6 6.39531  9
40    3.68284
41    4.10051
42    5.46451
43    3.91859
44    4.8704
45    4.97853
46    4.2503
63    6.13881
180    4.22109
7 9.56801  6
28    4.41244
29    6.48315
30    4.2449
31    5.93602
32    5.45828
46    5.33166
8 9.92843  3
26    6.06951
63    4.30871
64    6.06108
9 11.1055  3
12    6.28649
13    3.60273
162    4.82472
10 14.9493  4
23    6.44763
24    4.12889
25    5.55716
99    6.28649
11 7.50099  1
64    5.86671
12 13.179  3
14    3.83894
73    5.56952
113    5.32196
13 11.7202  6
15    4.61029
16    4.12917
17    5.55808
26    6.45312
33    5.70338
148    5.86671
14 6.95624  3
27    5.61576
102    5.86818
141    4.30816
15 11.3997  8
34    4.69865
35    4.41766
36    3.50009
37    3.50375
38    3.51575
39    3.55493
64    6.27871
81    3.99174
16 5.90976  8
18    4.22411
19    5.86818
20    5.23681
21    6.17507
22    6.23898
47    3.77293
125    3.55493
181    5.32196
17 7.98257  2
33    3.89827
149    6.27871
18 14.7516  2
33    4.17367
80    3.9586
19 6.85522  2
26    5.32196
194    4.41766
20 11.0701  2
46    5.51605
81    3.64951
21 14.8337  1
114    3.89827
22 7.12348  3
26    5.89427
33    4.80403
214    6.14257
23 11.946  2
26    4.14684
47    4.39477
24 7.69387  1
147    5.58399
25 13.8086  2
33    4.62394
113    6.48315
26 13.7762  2
58    4.94099
141    6.14257
27 13.6703  5
75    3.68815
76    4.11791
77    5.52136
78    4.10427
79    5.47678
28 13.3245  2
58    5.20907
149    6.24273
29 12.1953  2
63    6.1444
149    6.4599
30 8.5081  2
46    4.08687
194    3.50009
31 6.46733  1
99    3.60273
32 9.80331  2
73    5.97008
149    5.23196
33 10.6969  2
47    4.05657
149    4.33883
34 13.6151  10
65    3.75581
66    4.33883
67    6.24273
68    6.4599
69    4.169
70    5.68818
71    4.64893
72    4.25533
125    3.68284
160    5.91267
35 13.1442  3
64    6.18725
73    5.63498
214    4.30816
36 11.6063  2
161    5.43118
162    4.54154
37 6.58452  1
47    5.32104
38 10.186  3
47    5.41992
113    4.41244
160    5.38211
39 11.9466  2
47    6.4501
80    3.72486
40 7.6957  5
46    5.95369
63    6.12059
80    5.00105
81    4.23775
180    5.55716
41 13.8147  2
125    3.91859
162    3.90458
42 13.796  2
100    4.61029
101    4.12917
43 13.7353  1
73    5.99013
44 13.5369  2
47    6.42547
159    5.40518
45 12.889  1
222    0
46 10.7732  10
115    4.80403
116    4.76182
117    4.62394
118    4.17367
119    5.70338
120    4.69865
121    4.41766
122    3.50009
123    3.50375
124    3.51575
47 13.8641  1
222    0
48 13.9575  1
114    5.45828
49 14.2624  3
99    3.83894
125    4.8704
157    4.47525
50 5.25758  2
149    3.75581
160    5.75886
51 5.85269  1
149    6.18725
52 7.79611  1
222    0
53 14.1424  5
59    6.08452
60    5.94325
61    5.4819
62    3.97536
114    5.93602
54 14.8663  1
146    3.9402
55 7.22999  3
63    5.0558
148    6.06108
160    5.00902
56 12.2939  2
102    5.23681
148    6.12059
57 8.82977  4
63    5.58399
64    3.57727
146    5.20907
173    3.83894
58 7.51778  1
222    0
59 13.2336  2
81    5.91267
113    4.14684
60 11.8984  1
64    6.15923
61 7.53822  2
74    4.47525
157    3.68815
62 13.3004  1
64    5.23196
63 12.1166  1
157    5.63498
64 8.25083  1
222    0
65 5.62716  1
113    6.45312
66 7.05969  2
73    4.26147
194    3.51575
67 11.7379  1
162    3.80973
68 7.01422  1
180    6.06951
69 11.5893  10
82    5.10936
83    5.75886
84    4.87974
85    5.00902
86    5.43118
87    3.80973
88    4.51498
89    3.81788
90    4.54154
102    4.22411
70 6.52867  1
180    4.12889
71 10.0035  1
81    5.38211
72 11.3506  1
222    0
73 5.74953  1
222    0
74 7.45918  1
222    0
75 13.0422  1
222    0
76 11.2737  1
149    6.15923
77 5.49837  2
126    5.33166
159    3.9586
78 6.63915  1
147    4.30871
79 10.3645  5
131    4.08687
132    5.41992
133    3.77293
134    4.39477
146    4.94099
80 12.5295  6
174    5.55808
175    4.22411
176    5.86818
177    5.23681
178    6.17507
179    6.23898
81 9.59914  1
222    0
82 10.0301  2
146    4.55243
160    4.23775
83 11.4373  1
222    0
84 6.03244  1
99    6.18963
85 8.38328  1
222    0
86 6.0596  1
125    4.97853
87 8.47179  1
194    4.69865
88 6.34861  8
91    3.90458
92    4.82472
93    4.82939
94    4.84458
95    4.89421
96    5.05626
97    5.58545
98    4.31347
89 9.41572  1
222    0
90 9.43129  1
160    3.99174
91 9.48195  1
147    5.4819
92 9.64736  1
147    3.97536
93 10.1875  6
135    6.42547
136    4.05657
137    5.32104
138    6.4501
139    4.13704
140    5.5838
94 11.9515  1
222    0
95 7.71157  1
222    0
96 13.8665  2
102    5.55808
159    5.00105
97 13.9654  1
222    0
98 14.2883  1
113    5.61576
99 5.34242  1
113    4.2449
100 6.1298  10
103    6.17507
104    6.23898
105    6.44763
106    4.12889
107    5.55716
108    4.22109
109    5.85829
110    5.20449
111    6.06951
112    5.89427
101 8.70098  2
157    5.52136
214    5.5838
102 7.09723  1
222    0
103 11.8603  1
222    0
104 7.41371  1
222    0
105 12.8939  1
214    4.55243
106 10.7894  3
146    6.08452
149    3.57727
162    3.81788
107 13.9169  1
222    0
108 14.1299  1
160    5.10936
109 14.8254  1
125    5.46451
110 7.09632  1
159    5.47678
111 11.8572  1
222    0
112 7.40364  1
157    5.99013
113 12.861  1
222    0
114 10.6816  1
194    3.50375
115 13.565  1
180    5.20449
116 12.9809  1
222    0
117 11.0732  1
222    0
118 14.8437  1
222    0
119 7.15613  1
222    0
120 12.0525  4
142    6.13286
143    6.10109
144    5.99736
145    5.6586
121 8.04147  1
125    4.10051
122 14.9438  4
127    6.4848
128    4.2503
129    5.95369
130    5.51605
123 7.48299  1
222    0
124 13.1201  2
147    6.1444
160    3.72486
125 11.5276  2
148    6.13881
194    5.70338
126 6.32756  1
222    0
127 9.34675  1
147    5.0558
128 9.20606  1
222    0
129 8.74645  7
150    4.169
151    5.68818
152    4.64893
153    4.25533
154    5.97008
155    5.56952
156    4.26147
130 7.24555  1
222    0
131 12.3446  1
222    0
132 8.99548  1
158    4.10427
133 8.05887  1
160    3.64951
134 5.00031  1
222    0
135 5.01251  1
222    0
136 5.05249  1
222    0
137 5.18311  1
222    0
138 5.60945  1
157    4.11791
139 7.00171  3
203    5.95369
204    5.51605
205    4.08687
140 11.5484  1
194    4.17367
141 6.39531  1
222    0
142 9.56801  1
222    0
143 9.92843  1
222    0
144 11.1055  1
173    4.12917
145 14.9493  1
180    6.44763
146 7.50099  1
222    0
147 13.179  10
163    4.82939
164    4.84458
165    4.89421
166    5.05626
167    5.58545
168    4.31347
169    6.15996
170    6.18963
171    6.28649
172    3.60273
148 11.7202  1
214    4.94099
149 6.95624  1
222    0
150 11.3997  8
206    5.41992
207    3.77293
208    4.39477
209    6.42547
210    4.05657
211    5.32104
212    6.4501
213    4.13704
151 5.90976  1
162    4.51498
152 7.98257  1
222    0
153 14.7516  1
222    0
154 6.85522  2
160    4.87974
214    6.13286
155 11.0701  1
222    0
156 14.8337  1
222    0
157 7.12348  1
222    0
158 11.946  1
222    0
159 7.69387  1
222    0
160 13.8086  1
173    4.61029
161 13.7762  1
222    0
162 13.6703  8
186    6.48315
187    4.2449
188    5.93602
189    5.45828
190    3.89827
191    4.80403
192    4.76182
193    4.62394
163 13.3245  1
214    5.99736
164 12.1953  1
222    0
165 8.5081  1
222    0
166 6.46733  1
222    0
167 9.80331  1
222    0
168 10.6969  1
222    0
169 13.6151  1
222    0
170 13.1442  1
222    0
171 11.6063  1
222    0
172 6.58452  1
222    0
173 10.186  1
222    0
174 11.9466  1
222    0
175 7.6957  1
222    0
176 13.8147  1
222    0
177 13.796  1
214    3.9402
178 13.7353  1
222    0
179 13.5369  1
222    0
180 12.889  4
182    6.45312
183    4.14684
184    5.61576
185    4.41244
181 10.7732  1
222    0
182 13.8641  1
194    3.68284
183 13.9575  1
222    0
184 14.2624  1
222    0
185 5.25758  1
222    0
186 5.85269  1
222    0
187 7.79611  1
222    0
188 14.1424  1
222    0
189 14.8663  1
222    0
190 7.22999  1
222    0
191 12.2939  1
222    0
192 8.82977  7
215    5.20907
216    6.08452
217    5.94325
218    5.4819
219    3.97536
220    5.0558
221    5.58399
193 7.51778  1
222    0
194 13.2336  8
195    4.10051
196    5.46451
197    3.91859
198    4.8704
199    4.97853
200    5.33166
201    6.4848
202    4.2503
195 11.8984  1
222    0
196 7.53822  1
222    0
197 13.3004  1
222    0
198 12.1166  1
222    0
199 8.25083  1
222    0
200 5.62716  1
222    0
201 7.05969  1
222    0
202 11.7379  1
222    0
203 7.01422  1
222    0
204 11.5893  1
222    0
205 6.52867  1
222    0
206 10.0035  1
222    0
207 11.3506  1
222    0
208 5.74953  1
214    6.10109
209 7.45918  1
222    0
210 13.0422  1
222    0
211 11.2737  1
222    0
212 5.49837  1
222    0
213 6.63915  1
222    0
214 10.3645  1
222    0
215 12.5295  1
222    0
216 9.59914  1
222    0
217 10.0301  1
222    0
218 11.4373  1
222    0
219 6.03244  1
222    0
220 8.38328  1
222    0
221 6.0596  1
222    0
222 0  0
