45
0 9.59914  3
1    54.5828
14    48.704
16    40.5657
1 10.0301  8
2    38.9827
3    48.0403
4    47.6182
15    43.9477
16    41.3704
23    39.7536
31    52.3196
34    62.4273
2 11.4373  1
5    46.2394
3 6.03244  3
5    41.7367
16    64.2547
22    60.8452
4 8.38328  1
5    57.0338
5 6.0596  10
6    46.9865
7    44.1766
8    35.0009
9    35.0375
10    35.1575
11    35.5493
12    36.8284
13    54.6451
14    59.5369
22    45.5243
6 8.47179  1
15    55.1605
7 6.34861  4
14    49.7853
16    64.501
22    52.0907
34    42.5533
8 9.41572  4
14    42.503
15    54.1992
22    49.4099
24    50.558
9 9.43129  2
33    35.7727
34    56.8818
10 9.48195  3
15    37.7293
16    53.2104
22    54.819
11 9.64736  1
13    39.1859
12 10.1875  5
13    41.0051
14    53.3166
15    40.8687
21    59.9736
32    61.5923
13 11.9515  2
14    64.848
21    61.0109
14 7.71157  2
31    58.6671
32    62.7871
15 13.8665  2
25    55.8399
34    41.69
16 13.9654  5
17    55.838
18    43.0816
19    61.4257
20    61.3286
22    39.402
17 14.2883  1
44    0
18 5.34242  5
26    43.0871
27    61.444
28    61.3881
29    61.2059
30    60.6108
19 6.1298  1
37    42.6147
20 8.70098  2
21    56.586
22    59.4325
21 7.09723  1
44    0
22 11.8603  1
44    0
23 7.41371  1
44    0
24 12.8939  1
33    43.3883
25 10.7894  1
44    0
26 13.9169  1
34    46.4893
27 14.1299  1
44    0
28 14.8254  1
32    61.8725
29 7.09632  1
34    64.599
30 11.8572  1
44    0
31 7.40364  1
44    0
32 12.861  1
33    37.5581
33 10.6816  2
35    59.7008
36    55.6952
34 13.565  1
44    0
35 12.9809  6
38    59.9013
39    56.3498
40    44.7525
41    36.8815
42    41.1791
43    55.2136
36 11.0732  1
44    0
37 14.8437  1
44    0
38 7.15613  1
44    0
39 12.0525  1
44    0
40 8.04147  1
44    0
41 14.9438  1
44    0
42 7.48299  1
44    0
43 13.1201  1
44    0
44 0  0
