209
0 5.74953  7
1    42.503
2    59.5369
3    55.1605
4    40.8687
19    45.5243
33    41.1791
74    61.3286
1 7.45918  5
20    39.7536
21    55.8399
33    59.9013
46    45.4154
109    59.1267
2 13.0422  4
19    39.402
20    54.819
21    50.558
90    62.4273
3 11.2737  2
56    42.2109
71    55.838
4 5.49837  10
5    54.1992
6    37.7293
7    43.9477
8    64.2547
9    40.5657
10    53.2104
11    64.501
19    49.4099
22    61.8725
33    56.3498
5 6.63915  8
12    41.3704
13    55.838
14    43.0816
15    61.4257
21    61.444
33    42.6147
46    48.7974
48    62.8649
6 10.3645  3
33    44.7525
46    38.1788
110    39.9174
7 12.5295  4
19    56.586
22    61.5923
33    36.8815
48    43.1347
8 9.59914  3
23    35.7727
59    46.2394
60    41.0051
9 10.0301  3
23    37.5581
48    50.5626
109    42.3775
10 11.4373  7
16    61.3286
17    61.0109
18    59.9736
21    61.3881
59    38.9827
60    48.704
90    62.7871
11 6.03244  4
19    52.0907
22    52.3196
60    36.8284
74    45.5243
12 8.38328  2
46    50.0902
56    55.5716
13 6.0596  1
58    64.5312
14 8.47179  2
20    59.4325
48    61.8963
15 6.34861  3
21    43.0871
58    56.1576
158    35.0375
16 9.41572  1
22    62.7871
17 9.43129  3
19    60.8452
21    61.2059
58    44.1244
18 9.48195  1
22    58.6671
19 9.64736  2
46    39.0458
57    58.5829
20 10.1875  4
22    60.6108
47    48.2472
59    57.0338
60    35.0009
21 11.9515  6
34    55.2136
35    41.0427
36    54.7678
56    64.4763
90    61.8725
109    54.0518
22 7.71157  1
208    0
23 13.8665  10
24    43.3883
25    62.4273
26    64.599
27    41.69
28    56.8818
29    46.4893
30    42.5533
31    59.7008
32    55.6952
46    54.3118
24 13.9654  1
58    59.3602
25 14.2883  1
90    61.5923
26 5.34242  1
46    45.1498
27 6.1298  3
46    51.0936
48    36.0273
57    58.9427
28 8.70098  8
49    38.3894
50    46.1029
51    41.2917
52    55.5808
53    42.2411
54    58.6818
55    52.3681
60    35.5493
29 7.09723  1
208    0
30 11.8603  10
135    64.4763
136    41.2889
137    55.5716
138    42.2109
139    58.5829
140    52.0449
141    60.6951
142    58.9427
143    53.2196
144    64.5312
31 7.41371  1
59    47.6182
32 12.8939  1
71    53.2104
33 10.7894  1
208    0
34 13.9169  10
37    39.586
38    50.0105
39    54.0518
40    37.2486
41    42.3775
42    59.1267
43    53.8211
44    36.4951
45    39.9174
48    61.5996
35 14.1299  2
46    57.5886
59    46.9865
36 14.8254  2
46    38.0973
57    52.0449
37 7.09632  8
111    50.0902
112    54.3118
113    38.0973
114    45.1498
115    38.1788
116    45.4154
117    39.0458
118    48.2472
38 11.8572  1
119    50.5626
39 7.40364  4
48    48.4458
56    61.7507
59    44.1766
60    39.1859
40 12.861  1
57    60.6951
41 10.6816  4
56    62.3898
58    64.8315
71    64.501
119    48.9421
42 13.565  2
74    59.9736
109    37.2486
43 12.9809  1
47    48.2939
44 11.0732  2
48    55.8545
161    36.8284
45 14.8437  2
48    48.9421
59    48.0403
46 7.15613  1
208    0
47 12.0525  1
208    0
48 8.04147  1
208    0
49 14.9438  2
58    41.4684
161    39.1859
50 7.48299  1
208    0
51 13.1201  2
56    41.2889
58    54.5828
52 11.5276  1
60    35.1575
53 6.32756  4
58    42.449
59    41.7367
60    35.0375
161    41.0051
54 9.34675  3
57    53.2196
71    41.3704
74    56.586
55 9.20606  1
110    51.0936
56 8.74645  2
71    64.2547
74    61.0109
57 7.24555  2
61    49.7853
90    52.3196
58 12.3446  1
60    54.6451
59 8.99548  2
90    37.5581
110    36.4951
60 8.05887  10
62    53.3166
63    64.848
64    42.503
65    59.5369
66    55.1605
67    40.8687
68    54.1992
69    37.7293
70    43.9477
119    48.4458
61 5.00031  1
110    48.7974
62 5.01251  1
90    43.3883
63 5.05249  1
90    35.7727
64 5.18311  1
208    0
65 5.60945  1
71    40.5657
66 7.00171  8
82    50.558
83    55.8399
84    43.0871
85    61.444
86    61.3881
87    61.2059
88    60.6108
89    58.6671
67 11.5484  3
131    58.6818
132    52.3681
133    61.7507
68 6.39531  7
75    39.402
76    49.4099
77    52.0907
78    60.8452
79    59.4325
80    54.819
81    39.7536
69 9.56801  2
72    43.0816
73    61.4257
70 9.92843  1
208    0
71 11.1055  1
208    0
72 14.9493  1
208    0
73 7.50099  8
145    41.4684
146    56.1576
147    44.1244
148    64.8315
149    42.449
150    59.3602
151    54.5828
152    38.9827
74 13.179  1
208    0
75 11.7202  7
102    36.8815
103    41.1791
104    55.2136
105    41.0427
106    54.7678
107    39.586
108    50.0105
76 6.95624  4
91    64.599
92    41.69
93    56.8818
94    46.4893
77 11.3997  1
208    0
78 5.90976  1
158    46.9865
79 7.98257  1
208    0
80 14.7516  1
208    0
81 6.85522  7
95    42.5533
96    59.7008
97    55.6952
98    42.6147
99    59.9013
100    56.3498
101    44.7525
82 11.0701  5
153    48.0403
154    47.6182
155    46.2394
156    41.7367
157    57.0338
83 14.8337  1
208    0
84 7.12348  1
208    0
85 11.946  9
185    45.5243
186    39.402
187    49.4099
188    52.0907
189    60.8452
190    59.4325
191    54.819
192    39.7536
193    50.558
86 7.69387  1
208    0
87 13.8086  1
208    0
88 13.7762  1
208    0
89 13.6703  10
169    40.8687
170    54.1992
171    37.7293
172    43.9477
173    64.2547
174    40.5657
175    53.2104
176    64.501
177    41.3704
178    55.838
90 13.3245  1
134    62.3898
91 12.1953  1
208    0
92 8.5081  1
208    0
93 6.46733  1
208    0
94 9.80331  1
208    0
95 10.6969  1
208    0
96 13.6151  1
208    0
97 13.1442  2
158    44.1766
194    55.8399
98 11.6063  1
208    0
99 6.58452  1
110    57.5886
100 10.186  1
208    0
101 11.9466  1
208    0
102 7.6957  1
208    0
103 13.8147  1
208    0
104 13.796  1
208    0
105 13.7353  1
119    48.2939
106 13.5369  1
109    53.8211
107 12.889  1
208    0
108 10.7732  10
120    55.8545
121    43.1347
122    61.5996
123    61.8963
124    62.8649
125    36.0273
126    38.3894
127    46.1029
128    41.2917
129    55.5808
109 13.8641  1
208    0
110 13.9575  1
208    0
111 14.2624  1
208    0
112 5.25758  1
208    0
113 5.85269  1
208    0
114 7.79611  1
208    0
115 14.1424  1
208    0
116 14.8663  1
208    0
117 7.22999  1
208    0
118 12.2939  1
208    0
119 8.82977  1
208    0
120 7.51778  1
208    0
121 13.2336  1
208    0
122 11.8984  1
208    0
123 7.53822  1
208    0
124 13.3004  1
130    42.2411
125 12.1166  1
208    0
126 8.25083  1
208    0
127 5.62716  1
208    0
128 7.05969  1
208    0
129 11.7379  1
208    0
130 7.01422  1
208    0
131 11.5893  1
208    0
132 6.52867  1
208    0
133 10.0035  1
208    0
134 11.3506  8
200    61.5923
201    61.8725
202    62.7871
203    35.7727
204    37.5581
205    43.3883
206    62.4273
207    64.599
135 5.74953  1
208    0
136 7.45918  8
162    48.704
163    49.7853
164    53.3166
165    64.848
166    42.503
167    59.5369
168    55.1605
194    61.444
137 13.0422  1
208    0
138 11.2737  1
208    0
139 5.49837  1
208    0
140 6.63915  1
208    0
141 10.3645  1
208    0
142 12.5295  1
194    43.0871
143 9.59914  1
161    54.6451
144 10.0301  1
208    0
145 11.4373  1
208    0
146 6.03244  1
208    0
147 8.38328  1
208    0
148 6.0596  1
208    0
149 8.47179  6
179    43.0816
180    61.4257
181    61.3286
182    61.0109
183    59.9736
184    56.586
150 6.34861  1
208    0
151 9.41572  1
208    0
152 9.43129  1
208    0
153 9.48195  1
208    0
154 9.64736  1
208    0
155 10.1875  1
208    0
156 11.9515  1
158    35.0009
157 7.71157  1
208    0
158 13.8665  2
159    35.1575
160    35.5493
159 13.9654  1
208    0
160 14.2883  1
208    0
161 5.34242  1
208    0
162 6.1298  1
208    0
163 8.70098  1
208    0
164 7.09723  1
208    0
165 11.8603  1
208    0
166 7.41371  1
208    0
167 12.8939  1
208    0
168 10.7894  1
208    0
169 13.9169  1
208    0
170 14.1299  1
208    0
171 14.8254  1
208    0
172 7.09632  1
208    0
173 11.8572  1
208    0
174 7.40364  1
208    0
175 12.861  1
208    0
176 10.6816  1
208    0
177 13.565  1
208    0
178 12.9809  1
208    0
179 11.0732  1
208    0
180 14.8437  1
208    0
181 7.15613  1
208    0
182 12.0525  1
208    0
183 8.04147  1
208    0
184 14.9438  5
195    61.3881
196    61.2059
197    60.6108
198    58.6671
199    52.3196
185 7.48299  1
208    0
186 13.1201  1
208    0
187 11.5276  1
208    0
188 6.32756  1
208    0
189 9.34675  1
208    0
190 9.20606  1
208    0
191 8.74645  1
208    0
192 7.24555  1
208    0
193 12.3446  1
208    0
194 8.99548  1
208    0
195 8.05887  1
208    0
196 5.00031  1
208    0
197 5.01251  1
208    0
198 5.05249  1
208    0
199 5.18311  1
208    0
200 5.60945  1
208    0
201 7.00171  1
208    0
202 11.5484  1
208    0
203 6.39531  1
208    0
204 9.56801  1
208    0
205 9.92843  1
208    0
206 11.1055  1
208    0
207 14.9493  1
208    0
208 0  0
