106
0 7.51778  10
1    59.9736
2    56.586
3    45.5243
4    39.402
5    49.4099
7    59.4325
8    58.6671
9    61.5923
13    42.5533
20    39.0458
1 13.2336  3
8    61.3881
20    50.0902
104    39.586
2 11.8984  6
6    52.0907
7    50.558
9    61.8725
13    56.3498
18    53.8211
20    48.7974
3 7.53822  4
7    60.8452
8    61.2059
13    42.6147
21    48.4458
4 13.3004  6
7    54.819
8    43.0871
9    35.7727
13    55.6952
18    54.7678
21    48.9421
5 12.1166  3
8    55.8399
13    64.599
81    49.4099
6 8.25083  5
7    39.7536
8    61.444
9    52.3196
18    59.1267
20    57.5886
7 5.62716  4
8    60.6108
13    56.8818
18    42.3775
20    38.0973
8 7.05969  3
9    62.7871
13    46.4893
104    41.0427
9 11.7379  3
10    37.5581
13    59.7008
21    50.5626
10 7.01422  6
11    43.3883
12    62.4273
13    59.9013
20    54.3118
21    55.8545
104    56.3498
11 11.5893  2
18    54.0518
21    48.2939
12 6.52867  3
13    41.69
19    39.9174
20    48.2472
13 10.0035  8
14    44.7525
15    36.8815
16    41.1791
17    55.2136
18    41.0427
19    36.4951
20    45.1498
63    36.8284
14 11.3506  3
18    39.586
20    45.4154
104    54.7678
15 5.74953  2
20    38.1788
82    59.4325
16 7.45918  1
18    50.0105
17 13.0422  4
18    37.2486
19    51.0936
74    43.9477
103    42.5533
18 11.2737  1
105    0
19 5.49837  1
105    0
20 6.63915  6
22    43.1347
23    61.5996
24    61.8963
25    62.8649
26    36.0273
27    38.3894
21 10.3645  1
105    0
22 12.5295  1
92    58.6671
23 9.59914  1
105    0
24 10.0301  6
28    46.1029
29    41.2917
30    55.5808
31    42.2411
32    58.6818
33    52.3681
25 11.4373  6
34    61.7507
35    62.3898
36    64.4763
37    41.2889
38    55.5716
39    42.2109
26 6.03244  1
105    0
27 8.38328  1
75    40.5657
28 6.0596  1
63    54.6451
29 8.47179  9
40    58.5829
41    52.0449
42    60.6951
43    58.9427
44    53.2196
45    64.5312
46    41.4684
47    56.1576
48    44.1244
30 6.34861  1
105    0
31 9.41572  1
105    0
32 9.43129  2
63    41.0051
75    64.501
33 9.48195  3
63    39.1859
75    41.3704
104    41.1791
34 9.64736  3
49    64.8315
50    42.449
75    43.0816
35 10.1875  1
105    0
36 11.9515  1
105    0
37 7.71157  1
104    44.7525
38 13.8665  1
105    0
39 13.9654  1
105    0
40 14.2883  1
105    0
41 5.34242  1
105    0
42 6.1298  1
51    59.3602
43 8.70098  1
105    0
44 7.09723  1
105    0
45 11.8603  1
80    39.402
46 7.41371  2
63    35.5493
75    53.2104
47 12.8939  9
65    49.7853
66    53.3166
67    64.848
68    42.503
69    59.5369
70    55.1605
71    40.8687
72    54.1992
73    37.7293
48 10.7894  2
62    35.0375
103    55.6952
49 13.9169  10
52    54.5828
53    38.9827
54    48.0403
55    47.6182
56    46.2394
57    41.7367
58    57.0338
59    46.9865
60    44.1766
61    35.0009
50 14.1299  1
103    46.4893
51 14.8254  1
105    0
52 7.09632  1
74    64.2547
53 11.8572  1
105    0
54 7.40364  1
105    0
55 12.861  1
103    42.6147
56 10.6816  1
103    59.7008
57 13.565  3
63    35.1575
75    61.4257
104    50.0105
58 12.9809  1
105    0
59 11.0732  1
105    0
60 14.8437  1
105    0
61 7.15613  1
105    0
62 12.0525  2
64    48.704
80    45.5243
63 8.04147  1
105    0
64 14.9438  1
104    55.2136
65 7.48299  1
105    0
66 13.1201  1
105    0
67 11.5276  1
105    0
68 6.32756  1
82    60.8452
69 9.34675  1
75    55.838
70 9.20606  1
105    0
71 8.74645  1
105    0
72 7.24555  1
105    0
73 12.3446  1
105    0
74 8.99548  4
76    61.3286
77    61.0109
78    59.9736
79    56.586
75 8.05887  1
105    0
76 5.00031  1
105    0
77 5.01251  1
81    52.0907
78 5.05249  1
105    0
79 5.18311  1
105    0
80 5.60945  1
105    0
81 7.00171  1
105    0
82 11.5484  9
83    54.819
84    39.7536
85    50.558
86    55.8399
87    43.0871
88    61.444
89    61.3881
90    61.2059
91    60.6108
83 6.39531  1
105    0
84 9.56801  1
105    0
85 9.92843  1
105    0
86 11.1055  1
105    0
87 14.9493  1
105    0
88 7.50099  1
105    0
89 13.179  10
93    52.3196
94    61.5923
95    61.8725
96    62.7871
97    35.7727
98    37.5581
99    43.3883
100    62.4273
101    64.599
102    41.69
90 11.7202  1
105    0
91 6.95624  1
105    0
92 11.3997  1
104    36.8815
93 5.90976  1
103    56.8818
94 7.98257  1
105    0
95 14.7516  1
105    0
96 6.85522  1
105    0
97 11.0701  1
105    0
98 14.8337  1
105    0
99 7.12348  1
104    59.9013
100 11.946  1
105    0
101 7.69387  1
105    0
102 13.8086  1
105    0
103 13.7762  1
105    0
104 13.6703  1
105    0
105 0  0
