85
0 8.05887  2
1    5.00902
27    5.55716
1 5.00031  7
2    5.43118
3    3.80973
4    4.51498
5    3.81788
6    4.54154
7    3.90458
8    4.82472
2 5.01251  8
16    6.18963
17    6.28649
18    3.60273
19    3.83894
20    4.61029
21    4.12917
22    5.55808
23    4.22411
3 5.05249  1
84    0
4 5.18311  1
71    4.25533
5 5.60945  4
24    5.86818
25    5.23681
26    6.17507
27    6.23898
6 7.00171  9
9    4.82939
10    4.84458
11    4.89421
12    5.05626
13    5.58545
14    4.31347
15    6.15996
28    5.32196
70    4.169
7 11.5484  9
44    5.46451
45    3.91859
46    4.8704
47    4.97853
48    5.33166
49    6.4848
50    4.2503
51    5.95369
60    4.13704
8 6.39531  1
60    6.14257
9 9.56801  1
28    4.14684
10 9.92843  1
61    4.94099
11 11.1055  2
28    5.89427
60    4.30816
12 14.9493  1
84    0
13 7.50099  1
27    5.85829
14 13.179  3
27    5.20449
29    5.61576
61    6.10109
15 11.7202  2
29    4.2449
61    3.9402
16 6.95624  1
29    6.48315
17 11.3997  10
34    4.17367
35    5.70338
36    4.69865
37    4.41766
38    3.50009
39    3.50375
40    3.51575
41    3.55493
42    3.68284
43    4.10051
18 5.90976  2
27    6.44763
70    4.64893
19 7.98257  3
28    6.06951
67    6.1444
70    6.24273
20 14.7516  1
61    6.13286
21 6.85522  3
27    4.12889
60    5.5838
67    6.13881
22 11.0701  2
28    6.45312
29    4.41244
23 14.8337  2
29    5.93602
82    4.23775
24 7.12348  2
67    5.86671
81    5.40518
25 11.946  1
84    0
26 7.69387  3
27    4.22109
29    5.45828
67    5.58399
27 13.8086  1
60    6.4501
28 13.7762  4
30    3.89827
31    4.80403
32    4.76182
33    4.62394
29 13.6703  1
67    6.06108
30 13.3245  2
67    4.30871
68    6.18725
31 12.1953  1
84    0
32 8.5081  1
67    5.0558
33 6.46733  1
81    3.72486
34 9.80331  1
84    0
35 10.6969  1
84    0
36 13.6151  4
62    5.20907
63    6.08452
64    5.94325
82    5.91267
37 13.1442  1
70    5.68818
38 11.6063  1
84    0
39 6.58452  10
52    5.51605
53    4.08687
54    5.41992
55    3.77293
56    4.39477
57    6.42547
58    4.05657
59    5.32104
70    3.75581
81    5.00105
40 10.186  1
84    0
41 11.9466  1
84    0
42 7.6957  1
84    0
43 13.8147  2
65    5.4819
66    3.97536
44 13.796  1
84    0
45 13.7353  1
84    0
46 13.5369  2
61    5.99736
81    4.10427
47 12.889  1
84    0
48 10.7732  1
69    6.27871
49 13.8641  9
72    5.97008
73    5.56952
74    4.26147
75    5.99013
76    5.63498
77    4.47525
78    3.68815
79    4.11791
80    5.52136
50 13.9575  1
84    0
51 14.2624  1
61    4.55243
52 5.25758  2
67    6.12059
70    4.33883
53 5.85269  1
84    0
54 7.79611  1
84    0
55 14.1424  1
84    0
56 14.8663  1
84    0
57 7.22999  1
84    0
58 12.2939  1
84    0
59 8.82977  1
67    5.23196
60 7.51778  2
61    5.6586
81    5.47678
61 13.2336  1
84    0
62 11.8984  1
70    3.57727
63 7.53822  1
84    0
64 13.3004  1
84    0
65 12.1166  2
82    3.64951
83    3.99174
66 8.25083  2
68    6.15923
70    6.4599
67 5.62716  1
81    3.9586
68 7.05969  1
84    0
69 11.7379  1
84    0
70 7.01422  1
84    0
71 11.5893  1
84    0
72 6.52867  1
84    0
73 10.0035  1
84    0
74 11.3506  1
84    0
75 5.74953  1
84    0
76 7.45918  1
82    5.38211
77 13.0422  1
84    0
78 11.2737  1
84    0
79 5.49837  1
84    0
80 6.63915  1
84    0
81 10.3645  1
84    0
82 12.5295  1
84    0
83 9.59914  1
84    0
84 0  0
