48
0 11.3997  2
1    1.19803
6    1.00021
1 5.90976  6
2    1.127
3    0.89505
4    0.737629
5    0.823582
6    1.10427
7    0.744972
2 7.98257  1
6    0.820853
3 14.7516  1
6    0.79172
4 6.85522  1
6    1.09536
5 11.0701  2
6    1.08104
7    1.18253
6 14.8337  2
7    0.847551
31    1.24779
7 7.12348  10
8    1.07642
9    0.729902
10    0.798349
11    1.02187
12    1.15177
13    0.975948
14    1.0018
15    1.08624
16    0.761946
17    0.902997
8 11.946  2
20    0.780917
31    1.17364
9 7.69387  1
47    0
10 13.8086  1
31    0.825834
11 13.7762  3
18    0.763576
19    0.908307
21    0.964943
12 13.6703  1
47    0
13 13.3245  1
47    0
14 12.1953  1
31    1.11162
15 8.5081  1
47    0
16 6.46733  1
31    1.04736
17 9.80331  1
31    0.767788
18 10.6969  1
47    0
19 13.6151  1
47    0
20 13.1442  1
47    0
21 11.6063  9
22    0.965877
23    0.968917
24    0.978841
25    1.01125
26    1.11709
27    0.862694
28    1.23199
29    1.23793
30    1.2573
22 6.58452  1
31    0.844823
23 10.186  1
47    0
24 11.9466  1
31    0.720545
25 7.6957  1
47    0
26 13.8147  1
47    0
27 13.796  9
38    1.2139
39    1.17885
40    1.06439
41    1.29062
42    0.829368
43    1.12315
44    0.882488
45    1.29663
46    0.848979
28 13.7353  1
31    0.922059
29 13.5369  1
31    1.23501
30 12.889  1
47    0
31 10.7732  6
32    1.28953
33    0.825779
34    1.11143
35    0.844218
36    1.17166
37    1.0409
32 13.8641  1
47    0
33 13.9575  1
47    0
34 14.2624  1
47    0
35 5.25758  1
47    0
36 5.85269  1
47    0
37 7.79611  1
47    0
38 14.1424  1
47    0
39 14.8663  1
47    0
40 7.22999  1
47    0
41 12.2939  1
47    0
42 8.82977  1
47    0
43 7.51778  1
47    0
44 13.2336  1
47    0
45 11.8984  1
47    0
46 7.53822  1
47    0
47 0  0
