217
0 14.8337  4
1    8.25834
3    11.7364
22    11.4068
134    10.1125
1 7.12348  6
2    11.1162
3    8.44823
23    8.20103
66    10.8104
94    11.4068
178    9.88198
2 11.946  7
4    10.4736
5    12.3501
6    12.478
7    12.8953
21    8.48979
25    10.6633
73    7.80917
3 7.69387  7
106    12.2888
107    12.2776
108    12.2412
109    12.1222
110    11.7334
111    10.4639
112    12.3185
4 13.8086  3
83    10.409
135    7.67788
177    12.2657
5 13.7762  10
8    8.25779
9    11.1143
10    8.44218
11    11.7166
12    10.409
13    12.139
14    11.7885
15    10.6439
21    10.9166
22    9.39729
6 13.6703  4
21    7.79653
31    12.2022
99    12.2851
160    10.929
7 13.3245  6
21    9.52364
25    11.9074
51    12.5574
66    7.98349
73    9.68917
100    7.8804
8 12.1953  2
23    10.929
25    12.9696
9 8.5081  3
23    7.00751
25    8.17374
113    12.3745
10 6.46733  2
25    7.54585
96    10.6633
11 9.80331  10
16    12.9062
17    8.29368
18    11.2315
19    8.82488
20    12.9663
25    12.8509
51    11.3764
95    7.0315
96    11.0321
100    11.8865
12 10.6969  2
31    12.2657
66    11.8253
13 13.6151  4
22    7.00018
24    9.74081
25    8.78954
132    10.8624
14 13.1442  5
21    9.24787
25    10.8398
31    11.9947
100    9.10486
132    7.98349
15 11.6063  3
21    11.872
23    7.0315
131    8.47551
16 6.58452  3
22    8.83532
25    11.0321
83    10.6439
17 10.186  3
21    9.60805
23    7.36567
176    8.27409
18 11.9466  1
73    9.65877
19 7.6957  3
23    7.10987
31    8.61632
82    12.3501
20 13.8147  5
21    8.34733
31    12.2851
51    12.4855
100    10.4181
195    11.139
21 13.796  5
43    8.61742
44    12.2888
45    12.2776
46    12.2412
82    8.25779
22 13.7353  2
23    7.83718
25    8.5006
23 13.5369  3
24    9.95706
96    8.5006
100    9.88198
24 12.889  7
26    8.11313
27    10.6421
28    12.9002
29    8.27409
30    11.1676
73    7.63576
100    11.3172
25 10.7732  3
99    11.1676
132    9.02997
193    8.67766
26 13.8641  1
51    9.29786
27 13.9575  2
51    8.67766
96    8.17374
28 14.2624  5
66    7.29902
83    11.7166
95    7.83718
99    12.9002
177    8.61632
29 5.25758  4
51    12.9198
73    9.64943
133    7.63576
134    9.78841
30 5.85269  6
125    11.0427
126    8.20853
127    10.9536
128    7.9172
129    10.0021
130    10.8104
31 7.79611  10
32    11.3172
33    9.10486
34    7.8804
35    9.88198
36    10.4181
37    12.169
38    11.8865
51    7.15455
81    8.25834
95    7.00018
32 14.1424  5
148    11.872
149    10.9166
150    7.79653
151    9.60805
152    9.52364
33 14.8663  5
101    10.9638
102    7.95071
103    10.1116
104    11.168
105    8.61742
34 7.22999  4
47    12.1222
48    11.7334
49    10.4639
81    9.22059
35 12.2939  10
58    8.9505
59    7.37629
60    8.23582
61    11.0427
62    8.20853
63    10.9536
64    7.9172
65    10.0021
132    7.29902
195    8.51067
36 8.82977  1
216    0
37 7.51778  3
97    10.8398
98    7.54585
178    12.169
38 13.2336  6
39    10.9638
40    7.95071
41    10.1116
42    11.168
51    12.3745
160    7.36567
39 11.8984  6
67    11.5177
68    9.75948
69    10.018
70    10.8624
71    7.61946
72    9.02997
40 7.53822  3
82    10.4736
178    7.8804
197    11.27
41 13.3004  4
50    12.3185
51    8.33799
81    8.44823
193    12.4855
42 12.1166  2
51    7.51161
73    9.08307
43 8.25083  8
74    10.1125
75    11.1709
76    8.62694
77    12.3199
78    12.3793
79    12.573
80    7.20545
99    8.78954
44 5.62716  1
66    7.44972
45 7.05969  1
52    8.51067
46 11.7379  1
216    0
47 7.01422  1
193    7.51161
48 11.5893  5
66    8.47551
95    10.929
99    12.8509
133    9.65877
134    9.68917
49 6.52867  1
81    7.67788
50 10.0035  5
53    11.9402
54    11.139
55    8.52293
56    11.9803
57    11.27
51 11.3506  6
84    8.29368
85    11.2315
86    8.82488
87    12.9663
88    8.48979
178    10.9638
52 5.74953  2
134    11.1709
137    8.44218
53 7.45918  1
82    12.478
54 13.0422  4
94    9.39729
99    12.2657
136    8.44823
137    11.7166
55 11.2737  1
216    0
56 5.49837  2
82    11.1143
132    10.018
57 6.63915  4
66    10.7642
113    12.9198
136    10.4736
215    9.78841
58 10.3645  3
95    7.00751
99    8.27409
132    10.2187
59 12.5295  1
216    0
60 9.59914  3
94    8.83532
95    9.95706
113    7.15455
61 10.0301  1
99    8.11313
62 11.4373  2
66    10.2187
206    11.8253
63 6.03244  1
81    11.1162
64 8.38328  2
73    9.78841
160    7.83718
65 6.0596  3
95    7.36567
100    11.9947
215    9.64943
66 8.47179  2
83    11.7885
135    9.22059
67 6.34861  1
216    0
68 9.41572  6
89    11.872
90    10.9166
91    7.79653
92    9.60805
93    9.52364
133    9.64943
69 9.43129  1
94    8.34733
70 9.48195  1
95    9.74081
71 9.64736  1
216    0
72 10.1875  1
96    12.9696
73 11.9515  2
81    11.7364
82    8.44218
74 7.71157  4
114    11.3764
115    9.29786
116    8.51067
132    7.61946
75 13.8665  3
82    12.8953
83    12.139
197    7.37629
76 13.9654  1
95    7.10987
77 14.2883  1
178    11.3172
78 5.34242  1
100    12.2022
79 6.1298  2
83    12.9062
137    11.1143
80 8.70098  1
216    0
81 7.09723  1
216    0
82 11.8603  2
99    10.6421
136    12.3501
83 7.41371  1
113    8.33799
84 12.8939  2
96    11.9074
113    8.67766
85 10.7894  1
195    11.9402
86 13.9169  1
216    0
87 14.1299  1
95    8.20103
88 14.8254  1
216    0
89 7.09632  2
131    7.44972
133    7.80917
90 11.8572  1
136    11.7364
91 7.40364  3
94    9.24787
113    12.5574
133    9.08307
92 12.861  1
216    0
93 10.6816  1
216    0
94 13.565  1
99    8.61632
95 12.9809  10
138    10.409
139    12.139
140    11.7885
141    10.6439
142    12.9062
143    8.29368
144    11.2315
145    8.82488
146    12.9663
147    8.48979
96 11.0732  2
131    10.7642
195    8.52293
97 14.8437  1
135    7.20545
98 7.15613  1
178    9.10486
99 12.0525  2
100    12.169
215    9.65877
100 8.04147  1
216    0
101 14.9438  1
216    0
102 7.48299  1
216    0
103 13.1201  1
134    12.3793
104 11.5276  1
216    0
105 6.32756  3
113    7.51161
134    8.62694
177    11.1676
106 9.34675  1
216    0
107 9.20606  1
135    11.1162
108 8.74645  1
160    8.20103
109 7.24555  2
131    11.8253
134    12.573
110 12.3446  1
216    0
111 8.99548  1
136    8.25779
112 8.05887  2
113    12.4855
132    11.5177
113 5.00031  1
132    9.75948
114 5.01251  1
178    11.8865
115 5.05249  8
117    11.9402
118    11.139
119    8.52293
120    11.9803
121    11.27
122    8.9505
123    7.37629
124    8.23582
116 5.18311  1
136    12.478
117 5.60945  1
216    0
118 7.00171  1
135    8.25834
119 11.5484  1
216    0
120 6.39531  8
161    9.74081
162    9.95706
163    10.6633
164    12.9696
165    8.5006
166    11.9074
167    11.0321
168    8.17374
121 9.56801  1
177    12.2851
122 9.92843  1
136    12.8953
123 11.1055  1
178    10.4181
124 14.9493  1
216    0
125 7.50099  1
216    0
126 13.179  1
216    0
127 11.7202  1
216    0
128 6.95624  1
216    0
129 11.3997  1
134    12.3199
130 5.90976  1
159    7.0315
131 7.98257  1
159    7.10987
132 14.7516  1
216    0
133 6.85522  1
194    12.9198
134 11.0701  1
216    0
135 14.8337  1
159    7.00751
136 7.12348  1
216    0
137 11.946  7
169    10.8398
170    7.54585
171    8.78954
172    12.8509
173    8.11313
174    10.6421
175    12.9002
138 7.69387  1
216    0
139 13.8086  6
153    9.24787
154    8.34733
155    11.4068
156    9.39729
157    8.83532
158    7.00018
140 13.7762  1
216    0
141 13.6703  1
195    11.3764
142 13.3245  1
216    0
143 12.1953  1
215    7.80917
144 8.5081  1
196    11.9803
145 6.46733  1
216    0
146 9.80331  7
179    7.95071
180    10.1116
181    11.168
182    8.61742
183    12.2888
184    12.2776
185    12.2412
147 10.6969  1
216    0
148 13.6151  1
206    10.2187
149 13.1442  1
194    8.33799
150 11.6063  8
198    11.0427
199    8.20853
200    10.9536
201    7.9172
202    10.0021
203    10.8104
204    7.44972
205    8.47551
151 6.58452  1
216    0
152 10.186  1
216    0
153 11.9466  1
216    0
154 7.6957  1
197    8.23582
155 13.8147  1
216    0
156 13.796  1
216    0
157 13.7353  1
216    0
158 13.5369  1
216    0
159 12.889  4
211    7.61946
212    9.02997
213    7.63576
214    9.08307
160 10.7732  1
216    0
161 13.8641  1
216    0
162 13.9575  1
216    0
163 14.2624  1
178    11.9947
164 5.25758  1
177    12.2022
165 5.85269  1
216    0
166 7.79611  1
216    0
167 14.1424  1
216    0
168 14.8663  1
216    0
169 7.22999  1
215    9.68917
170 12.2939  1
216    0
171 8.82977  1
216    0
172 7.51778  1
216    0
173 13.2336  1
216    0
174 11.8984  6
186    12.1222
187    11.7334
188    10.4639
189    12.3185
190    12.3745
191    12.5574
175 7.53822  1
216    0
176 13.3004  1
216    0
177 12.1166  1
216    0
178 8.25083  1
206    10.7642
179 5.62716  1
216    0
180 7.05969  1
216    0
181 11.7379  1
216    0
182 7.01422  1
216    0
183 11.5893  1
216    0
184 6.52867  1
216    0
185 10.0035  1
216    0
186 11.3506  1
195    9.29786
187 5.74953  1
216    0
188 7.45918  1
216    0
189 13.0422  2
192    7.15455
206    7.29902
190 11.2737  1
216    0
191 5.49837  1
216    0
192 6.63915  1
216    0
193 10.3645  1
206    7.98349
194 12.5295  1
216    0
195 9.59914  1
216    0
196 10.0301  1
197    8.9505
197 11.4373  1
216    0
198 6.03244  1
216    0
199 8.38328  1
216    0
200 6.0596  4
207    11.5177
208    9.75948
209    10.018
210    10.8624
201 8.47179  1
216    0
202 6.34861  1
216    0
203 9.41572  1
216    0
204 9.43129  1
216    0
205 9.48195  1
216    0
206 9.64736  1
216    0
207 10.1875  1
216    0
208 11.9515  1
216    0
209 7.71157  1
216    0
210 13.8665  1
216    0
211 13.9654  1
216    0
212 14.2883  1
216    0
213 5.34242  1
216    0
214 6.1298  1
216    0
215 8.70098  1
216    0
216 0  0
