61
0 5.90976  4
1    10.7642
7    10.8624
24    10.4736
29    10.9166
1 7.98257  7
2    7.29902
3    7.98349
4    10.2187
5    11.5177
7    7.61946
24    12.478
28    8.82488
2 14.7516  4
7    10.018
28    12.9062
37    7.83718
38    11.9074
3 6.85522  4
6    9.75948
7    7.63576
28    10.6439
29    11.872
4 11.0701  4
7    9.08307
28    11.7166
29    7.79653
37    7.0315
5 14.8337  2
7    9.02997
28    10.409
6 7.12348  1
7    7.80917
7 11.946  10
8    9.64943
9    9.65877
10    9.68917
11    9.78841
12    10.1125
13    11.1709
14    8.62694
15    12.3199
16    12.3793
29    9.60805
8 7.69387  3
22    11.1162
23    8.44823
24    12.3501
9 13.8086  3
24    11.7364
28    11.2315
37    8.20103
10 13.7762  3
28    8.44218
29    12.9663
38    12.9696
11 13.6703  1
60    0
12 13.3245  1
60    0
13 12.1953  2
37    7.10987
38    11.0321
14 8.5081  1
37    9.74081
15 6.46733  1
60    0
16 9.80331  2
17    12.573
28    8.29368
17 10.6969  4
18    7.20545
19    7.67788
20    9.22059
21    8.25834
18 13.6151  4
25    12.8953
26    8.25779
27    11.1143
47    12.2022
19 13.1442  2
28    12.139
29    9.52364
20 11.6063  1
60    0
21 6.58452  3
39    8.11313
40    10.6421
41    12.9002
22 10.186  3
28    11.7885
29    8.48979
38    8.78954
23 11.9466  1
60    0
24 7.6957  7
30    9.24787
31    8.34733
32    11.4068
33    9.39729
34    8.83532
35    7.00018
36    7.00751
25 13.8147  1
38    10.8398
26 13.796  1
37    10.929
27 13.7353  1
60    0
28 13.5369  1
38    7.54585
29 12.889  1
37    7.36567
30 10.7732  1
60    0
31 13.8641  1
38    10.6633
32 13.9575  1
60    0
33 14.2624  2
37    9.95706
38    12.8509
34 5.25758  1
38    8.5006
35 5.85269  1
60    0
36 7.79611  1
38    8.17374
37 14.1424  5
42    8.27409
43    11.1676
44    8.61632
45    12.2851
46    12.2657
38 14.8663  1
60    0
39 7.22999  1
60    0
40 12.2939  1
60    0
41 8.82977  1
60    0
42 7.51778  1
47    11.9947
43 13.2336  4
48    11.3172
49    9.10486
50    7.8804
51    9.88198
44 11.8984  1
60    0
45 7.53822  1
60    0
46 13.3004  1
60    0
47 12.1166  1
60    0
48 8.25083  1
60    0
49 5.62716  8
52    10.4181
53    12.169
54    11.8865
55    10.9638
56    7.95071
57    10.1116
58    11.168
59    8.61742
50 7.05969  1
60    0
51 11.7379  1
60    0
52 7.01422  1
60    0
53 11.5893  1
60    0
54 6.52867  1
60    0
55 10.0035  1
60    0
56 11.3506  1
60    0
57 5.74953  1
60    0
58 7.45918  1
60    0
59 13.0422  1
60    0
60 0  0
