186
0 5.00031  10
1    62.7871
2    35.7727
3    37.5581
4    43.3883
5    62.4273
6    64.599
7    41.69
9    42.6147
29    45.4154
45    53.2196
1 5.01251  4
8    59.7008
12    41.1791
44    64.4763
45    42.2109
2 5.05249  3
8    56.8818
9    56.3498
44    58.6818
3 5.18311  2
8    42.5533
9    59.9013
4 5.60945  2
9    55.6952
120    54.3118
5 7.00171  4
12    41.0427
45    58.9427
69    64.2547
120    57.5886
6 11.5484  4
8    46.4893
19    59.1267
43    55.5808
44    61.7507
7 6.39531  9
20    53.8211
21    36.4951
22    39.9174
23    51.0936
24    57.5886
25    48.7974
26    50.0902
27    54.3118
28    38.0973
8 9.56801  1
46    64.8315
9 9.92843  3
10    44.7525
11    36.8815
44    55.5716
10 11.1055  2
12    55.2136
44    62.3898
11 14.9493  8
13    54.7678
14    39.586
15    50.0105
16    54.0518
17    37.2486
18    42.3775
29    45.1498
133    62.8649
12 7.50099  1
45    41.4684
13 13.179  2
111    54.7678
133    61.8963
14 11.7202  2
43    41.2917
69    41.3704
15 6.95624  6
76    39.402
77    49.4099
78    52.0907
79    60.8452
80    59.4325
81    54.819
16 11.3997  1
69    43.9477
17 5.90976  3
35    50.5626
36    55.8545
37    43.1347
18 7.98257  1
45    44.1244
19 14.7516  1
111    41.0427
20 6.85522  1
34    48.9421
21 11.0701  1
75    45.5243
22 14.8337  1
148    64.8315
23 7.12348  1
68    59.5369
24 11.946  1
29    38.1788
25 7.69387  5
30    39.0458
31    48.2472
32    48.2939
33    48.4458
69    64.501
26 13.8086  4
65    48.704
66    49.7853
67    53.3166
68    40.8687
27 13.7762  1
185    0
28 13.6703  1
185    0
29 13.3245  2
44    41.2889
68    64.848
30 12.1953  2
46    42.449
156    41.7367
31 8.5081  1
185    0
32 6.46733  3
45    64.5312
69    53.2104
179    52.0907
33 9.80331  1
133    36.0273
34 10.6969  5
38    61.5996
39    61.8963
40    62.8649
41    36.0273
42    38.3894
35 13.6151  2
43    46.1029
44    52.3681
36 13.1442  1
185    0
37 11.6063  1
185    0
38 6.58452  3
45    60.6951
111    55.2136
180    61.3881
39 10.186  2
111    39.586
168    43.9477
40 11.9466  1
45    58.5829
41 7.6957  2
43    42.2411
45    56.1576
42 13.8147  2
45    52.0449
180    50.558
43 13.796  2
69    37.7293
120    50.0902
44 13.7353  1
90    58.6671
45 13.5369  10
47    59.3602
48    54.5828
49    38.9827
50    48.0403
51    47.6182
52    46.2394
53    41.7367
54    57.0338
55    46.9865
56    44.1766
46 12.889  1
68    54.1992
47 10.7732  5
106    42.6147
107    59.9013
108    56.3498
109    44.7525
110    36.8815
48 13.8641  1
168    37.7293
49 13.9575  1
185    0
50 14.2624  8
57    35.0009
58    35.0375
59    35.1575
60    35.5493
61    36.8284
62    41.0051
63    54.6451
64    39.1859
51 5.25758  1
185    0
52 5.85269  1
68    55.1605
53 7.79611  1
185    0
54 14.1424  2
168    40.5657
179    59.4325
55 14.8663  1
185    0
56 7.22999  1
68    42.503
57 12.2939  1
75    59.9736
58 8.82977  5
70    55.838
71    43.0816
72    61.4257
73    61.3286
74    61.0109
59 7.51778  1
69    40.5657
60 13.2336  8
82    39.7536
83    50.558
84    55.8399
85    43.0871
86    61.444
87    61.3881
88    61.2059
89    60.6108
61 11.8984  2
179    54.819
180    61.444
62 7.53822  9
124    45.4154
125    39.0458
126    48.2472
127    48.2939
128    48.4458
129    48.9421
130    50.5626
131    55.8545
132    43.1347
63 13.3004  5
169    41.3704
170    55.838
171    43.0816
172    61.4257
173    61.3286
64 12.1166  1
120    51.0936
65 8.25083  1
185    0
66 5.62716  5
91    52.3196
92    61.5923
93    61.8725
94    62.7871
95    35.7727
67 7.05969  1
185    0
68 11.7379  2
134    41.2917
135    55.5808
69 7.01422  1
185    0
70 11.5893  1
167    49.7853
71 6.52867  8
112    50.0105
113    54.0518
114    37.2486
115    42.3775
116    59.1267
117    53.8211
118    36.4951
119    39.9174
72 10.0035  1
75    56.586
73 11.3506  1
185    0
74 5.74953  1
148    53.2196
75 7.45918  1
185    0
76 13.0422  1
148    41.4684
77 11.2737  1
155    46.2394
78 5.49837  2
156    57.0338
168    59.5369
79 6.63915  2
149    42.449
150    59.3602
80 10.3645  1
185    0
81 12.5295  1
185    0
82 9.59914  1
185    0
83 10.0301  1
185    0
84 11.4373  1
148    58.9427
85 6.03244  4
181    61.5923
182    61.8725
183    62.7871
184    35.7727
86 8.38328  10
96    37.5581
97    43.3883
98    62.4273
99    64.599
100    41.69
101    56.8818
102    46.4893
103    42.5533
104    59.7008
105    55.6952
87 6.0596  1
185    0
88 8.47179  1
185    0
89 6.34861  1
185    0
90 9.41572  1
185    0
91 9.43129  1
185    0
92 9.48195  1
185    0
93 9.64736  2
168    53.2104
179    60.8452
94 10.1875  3
148    44.1244
168    64.2547
180    61.2059
95 11.9515  4
151    54.5828
152    38.9827
153    48.0403
154    47.6182
96 7.71157  1
185    0
97 13.8665  1
179    49.4099
98 13.9654  1
185    0
99 14.2883  1
111    41.1791
100 5.34242  1
185    0
101 6.1298  1
185    0
102 8.70098  6
142    41.2889
143    55.5716
144    42.2109
145    58.5829
146    52.0449
147    60.6951
103 7.09723  1
185    0
104 11.8603  1
185    0
105 7.41371  1
185    0
106 12.8939  1
185    0
107 10.7894  2
120    48.7974
180    52.3196
108 13.9169  1
185    0
109 14.1299  1
133    46.1029
110 14.8254  4
121    38.0973
122    45.1498
123    38.1788
168    64.501
111 7.09632  1
185    0
112 11.8572  1
185    0
113 7.40364  1
185    0
114 12.861  10
157    46.9865
158    44.1766
159    35.0009
160    35.0375
161    35.1575
162    35.5493
163    36.8284
164    41.0051
165    54.6451
166    39.1859
115 10.6816  1
185    0
116 13.565  1
185    0
117 12.9809  1
185    0
118 11.0732  1
185    0
119 14.8437  1
185    0
120 7.15613  1
185    0
121 12.0525  1
185    0
122 8.04147  1
185    0
123 14.9438  6
136    42.2411
137    58.6818
138    52.3681
139    61.7507
140    62.3898
141    64.4763
124 7.48299  3
133    61.5996
167    53.3166
179    39.7536
125 13.1201  2
133    38.3894
168    54.1992
126 11.5276  1
185    0
127 6.32756  1
167    42.503
128 9.34675  1
148    56.1576
129 9.20606  1
185    0
130 8.74645  1
185    0
131 7.24555  1
185    0
132 12.3446  1
185    0
133 8.99548  1
185    0
134 8.05887  1
185    0
135 5.00031  1
185    0
136 5.01251  1
180    43.0871
137 5.05249  1
185    0
138 5.18311  1
185    0
139 5.60945  1
185    0
140 7.00171  1
167    64.848
141 11.5484  1
185    0
142 6.39531  2
148    64.5312
168    55.1605
143 9.56801  1
185    0
144 9.92843  1
185    0
145 11.1055  1
185    0
146 14.9493  1
185    0
147 7.50099  1
185    0
148 13.179  1
185    0
149 11.7202  1
185    0
150 6.95624  1
185    0
151 11.3997  5
174    61.0109
175    59.9736
176    56.586
177    45.5243
178    39.402
152 5.90976  1
185    0
153 7.98257  1
185    0
154 14.7516  1
185    0
155 6.85522  1
180    60.6108
156 11.0701  1
185    0
157 14.8337  1
185    0
158 7.12348  1
185    0
159 11.946  1
185    0
160 7.69387  1
185    0
161 13.8086  1
167    48.704
162 13.7762  1
185    0
163 13.6703  1
185    0
164 13.3245  1
168    40.8687
165 12.1953  1
185    0
166 8.5081  1
185    0
167 6.46733  1
180    58.6671
168 9.80331  1
185    0
169 10.6969  1
185    0
170 13.6151  1
185    0
171 13.1442  1
185    0
172 11.6063  1
185    0
173 6.58452  1
185    0
174 10.186  1
185    0
175 11.9466  1
185    0
176 7.6957  1
185    0
177 13.8147  1
185    0
178 13.796  1
185    0
179 13.7353  1
180    55.8399
180 13.5369  1
185    0
181 12.889  1
185    0
182 10.7732  1
185    0
183 13.8641  1
185    0
184 13.9575  1
185    0
185 0  0
