118
0 11.6063  4
1    64.2547
14    49.4099
15    54.819
108    61.5923
1 6.58452  4
2    40.5657
3    53.2104
4    64.501
20    64.599
2 10.186  4
15    50.558
16    62.7871
20    46.4893
39    38.1788
3 11.9466  10
5    41.3704
6    55.838
7    43.0816
8    61.4257
9    61.3286
10    61.0109
11    59.9736
12    56.586
13    45.5243
16    52.3196
4 7.6957  5
14    39.402
15    59.4325
16    58.6671
20    55.6952
98    45.5243
5 13.8147  8
54    64.4763
55    41.2889
56    55.5716
57    42.2109
58    58.5829
59    52.0449
60    60.6951
107    60.6108
6 13.796  4
14    60.8452
15    61.3881
16    61.5923
40    39.0458
7 13.7353  2
15    55.8399
97    41.3704
8 13.5369  2
15    61.444
39    57.5886
9 12.889  4
15    61.2059
16    35.7727
20    56.8818
39    51.0936
10 10.7732  1
39    50.0902
11 13.8641  3
15    39.7536
40    48.4458
108    37.5581
12 13.9575  3
17    37.5581
18    43.3883
19    62.4273
13 14.2624  5
14    52.0907
15    43.0871
16    61.8725
20    41.69
109    42.5533
14 5.25758  2
15    60.6108
20    42.5533
15 5.85269  1
40    43.1347
16 7.79611  1
40    48.2939
17 14.1424  2
20    59.7008
39    45.1498
18 14.8663  1
117    0
19 7.22999  9
21    42.6147
22    59.9013
23    56.3498
24    44.7525
25    36.8815
26    41.1791
27    55.2136
28    41.0427
29    54.7678
20 12.2939  1
40    50.5626
21 8.82977  3
41    61.5996
42    61.8963
43    62.8649
22 7.51778  1
117    0
23 13.2336  10
61    58.9427
62    53.2196
63    64.5312
64    41.4684
65    56.1576
66    44.1244
67    64.8315
68    42.449
69    59.3602
70    54.5828
24 11.8984  3
39    48.7974
40    48.9421
108    61.8725
25 7.53822  1
117    0
26 13.3004  10
30    39.586
31    50.0105
32    54.0518
33    37.2486
34    42.3775
35    59.1267
36    53.8211
37    36.4951
38    39.9174
98    39.402
27 12.1166  2
39    54.3118
40    45.4154
28 8.25083  1
107    61.2059
29 5.62716  1
117    0
30 7.05969  1
117    0
31 11.7379  1
117    0
32 7.01422  1
97    64.501
33 11.5893  3
39    38.0973
40    48.2472
97    53.2104
34 6.52867  10
44    36.0273
45    38.3894
46    46.1029
47    41.2917
48    55.5808
49    42.2411
50    58.6818
51    52.3681
52    61.7507
53    62.3898
35 10.0035  2
40    55.8545
108    62.7871
36 11.3506  7
100    54.819
101    39.7536
102    50.558
103    55.8399
104    43.0871
105    61.444
106    61.3881
37 5.74953  1
97    40.5657
38 7.45918  1
117    0
39 13.0422  1
98    56.586
40 11.2737  1
76    46.9865
41 5.49837  1
117    0
42 6.63915  1
98    49.4099
43 10.3645  7
110    59.7008
111    55.6952
112    42.6147
113    59.9013
114    56.3498
115    44.7525
116    36.8815
44 12.5295  1
117    0
45 9.59914  1
117    0
46 10.0301  1
117    0
47 11.4373  1
108    64.599
48 6.03244  1
117    0
49 8.38328  1
108    62.4273
50 6.0596  1
117    0
51 8.47179  1
117    0
52 6.34861  1
117    0
53 9.41572  1
117    0
54 9.43129  1
117    0
55 9.48195  1
117    0
56 9.64736  1
117    0
57 10.1875  1
117    0
58 11.9515  1
76    57.0338
59 7.71157  1
107    58.6671
60 13.8665  1
117    0
61 13.9654  1
117    0
62 14.2883  6
71    38.9827
72    48.0403
73    47.6182
74    46.2394
75    41.7367
98    61.0109
63 5.34242  10
87    49.7853
88    53.3166
89    64.848
90    42.503
91    59.5369
92    55.1605
93    40.8687
94    54.1992
95    37.7293
96    43.9477
64 6.1298  1
117    0
65 8.70098  1
99    59.4325
66 7.09723  1
98    61.3286
67 11.8603  1
117    0
68 7.41371  1
108    35.7727
69 12.8939  1
108    41.69
70 10.7894  1
117    0
71 13.9169  1
108    43.3883
72 14.1299  1
97    43.0816
73 14.8254  1
117    0
74 7.09632  10
77    44.1766
78    35.0009
79    35.0375
80    35.1575
81    35.5493
82    36.8284
83    41.0051
84    54.6451
85    39.1859
86    48.704
75 11.8572  1
117    0
76 7.40364  1
117    0
77 12.861  1
109    46.4893
78 10.6816  1
98    59.9736
79 13.565  1
98    52.0907
80 12.9809  1
117    0
81 11.0732  1
117    0
82 14.8437  1
98    60.8452
83 7.15613  1
117    0
84 12.0525  1
117    0
85 8.04147  1
117    0
86 14.9438  1
97    55.838
87 7.48299  1
117    0
88 13.1201  1
117    0
89 11.5276  1
107    52.3196
90 6.32756  1
97    64.2547
91 9.34675  1
117    0
92 9.20606  1
117    0
93 8.74645  1
108    56.8818
94 7.24555  1
117    0
95 12.3446  1
117    0
96 8.99548  1
98    61.4257
97 8.05887  1
117    0
98 5.00031  1
117    0
99 5.01251  1
117    0
100 5.05249  1
117    0
101 5.18311  1
117    0
102 5.60945  1
117    0
103 7.00171  1
117    0
104 11.5484  1
117    0
105 6.39531  1
117    0
106 9.56801  1
117    0
107 9.92843  1
117    0
108 11.1055  1
117    0
109 14.9493  1
117    0
110 7.50099  1
117    0
111 13.179  1
117    0
112 11.7202  1
117    0
113 6.95624  1
117    0
114 11.3997  1
117    0
115 5.90976  1
117    0
116 7.98257  1
117    0
117 0  0
