91
0 10.0035  10
1    12.2657
2    12.2022
3    11.9947
4    11.3172
5    9.10486
6    7.8804
7    9.88198
8    10.4181
17    12.2776
20    11.9402
1 11.3506  6
19    8.67766
30    10.8624
32    9.68917
41    11.1162
53    10.6439
56    8.83532
2 5.74953  3
20    11.139
32    7.63576
71    12.169
3 7.45918  10
9    12.169
10    11.8865
11    10.9638
12    7.95071
13    10.1116
14    11.168
15    8.61742
16    12.2888
18    12.3745
19    9.29786
4 13.0422  1
20    8.9505
5 11.2737  6
19    12.9198
20    8.23582
30    10.2187
32    9.64943
52    12.139
53    8.82488
6 5.49837  3
17    11.7334
20    7.37629
79    12.1222
7 6.63915  1
18    12.5574
8 10.3645  5
18    10.4639
30    11.5177
32    11.1709
53    11.2315
54    12.9663
9 12.5295  2
53    8.29368
56    7.00018
10 9.59914  6
20    11.9803
30    7.98349
32    10.1125
53    11.7885
55    8.48979
71    10.9638
11 10.0301  3
17    12.2412
19    8.33799
32    7.80917
12 11.4373  4
18    12.3185
19    12.4855
20    11.27
32    9.02997
13 6.03244  3
19    11.3764
58    12.9696
60    11.1676
14 8.38328  3
17    12.1222
19    7.15455
57    8.20103
15 6.0596  1
19    7.51161
16 8.47179  3
20    11.0427
30    10.018
57    7.83718
17 6.34861  5
19    8.51067
32    9.65877
55    9.24787
58    10.6633
59    12.9002
18 9.41572  3
20    8.52293
30    9.75948
55    11.4068
19 9.43129  9
21    8.20853
22    10.9536
23    7.9172
24    10.0021
25    10.8104
26    7.44972
27    8.47551
28    11.8253
29    10.7642
20 9.48195  1
30    7.29902
21 9.64736  4
72    7.95071
73    10.1116
74    11.168
75    8.61742
22 10.1875  1
31    7.61946
23 11.9515  1
32    9.08307
24 7.71157  1
62    12.2851
25 13.8665  1
90    0
26 13.9654  2
32    9.78841
55    10.9166
27 14.2883  10
43    11.7364
44    10.4736
45    12.3501
46    12.478
47    12.8953
48    8.25779
49    11.1143
50    8.44218
51    11.7166
59    8.78954
28 5.34242  1
90    0
29 6.1298  2
42    8.44823
57    7.10987
30 8.70098  10
33    8.62694
34    12.3199
35    12.3793
36    12.573
37    7.20545
38    7.67788
39    9.22059
40    8.25834
57    7.36567
58    8.5006
31 7.09723  1
90    0
32 11.8603  2
59    8.17374
79    7.15455
33 7.41371  8
63    12.2657
64    12.2022
65    11.9947
66    11.3172
67    9.10486
68    7.8804
69    9.88198
70    10.4181
34 12.8939  1
90    0
35 10.7894  1
58    9.95706
36 13.9169  1
59    10.8398
37 14.1299  1
55    9.52364
38 14.8254  1
79    7.51161
39 7.09632  1
79    10.4639
40 11.8572  1
79    12.5574
41 7.40364  1
90    0
42 12.861  1
59    11.0321
43 10.6816  2
55    9.60805
57    10.929
44 13.565  1
59    11.9074
45 12.9809  2
55    8.34733
59    12.8509
46 11.0732  2
52    10.409
53    12.9062
47 14.8437  2
56    9.39729
59    7.54585
48 7.15613  1
55    11.872
49 12.0525  1
90    0
50 8.04147  3
56    7.00751
57    7.0315
60    8.27409
51 14.9438  1
71    11.8865
52 7.48299  2
55    7.79653
61    8.61632
53 13.1201  1
90    0
54 11.5276  1
59    10.6421
55 6.32756  1
58    9.74081
56 9.34675  1
90    0
57 9.20606  1
59    8.11313
58 8.74645  3
76    12.2888
77    12.2776
78    12.2412
59 7.24555  1
90    0
60 12.3446  1
90    0
61 8.99548  1
90    0
62 8.05887  1
90    0
63 5.00031  1
90    0
64 5.01251  1
90    0
65 5.05249  1
79    12.3185
66 5.18311  1
90    0
67 5.60945  1
90    0
68 7.00171  1
90    0
69 11.5484  1
90    0
70 6.39531  1
79    11.7334
71 9.56801  1
90    0
72 9.92843  1
90    0
73 11.1055  1
90    0
74 14.9493  1
90    0
75 7.50099  1
79    12.3745
76 13.179  1
90    0
77 11.7202  1
90    0
78 6.95624  1
90    0
79 11.3997  10
80    8.67766
81    12.4855
82    12.9198
83    8.33799
84    11.3764
85    9.29786
86    8.51067
87    11.9402
88    11.139
89    8.52293
80 5.90976  1
90    0
81 7.98257  1
90    0
82 14.7516  1
90    0
83 6.85522  1
90    0
84 11.0701  1
90    0
85 14.8337  1
90    0
86 7.12348  1
90    0
87 11.946  1
90    0
88 7.69387  1
90    0
89 13.8086  1
90    0
90 0  0
