51
0 6.46733  7
1    0.975948
2    1.0018
3    1.08624
4    0.761946
5    0.902997
6    0.763576
7    0.908307
1 9.80331  6
12    1.01125
13    1.11709
14    0.862694
15    1.23199
16    1.23793
17    1.2573
2 10.6969  1
7    0.780917
3 13.6151  1
50    0
4 13.1442  9
41    0.848979
42    1.1872
43    1.09166
44    0.779653
45    0.960805
46    0.952364
47    0.924787
48    0.834733
49    1.14068
5 11.6063  1
50    0
6 6.58452  4
8    0.964943
9    0.965877
10    0.968917
11    0.978841
7 10.186  1
50    0
8 11.9466  1
27    1.28953
9 7.6957  6
28    0.825779
29    1.11143
30    0.844218
31    1.17166
32    1.0409
33    1.2139
10 13.8147  7
34    1.17885
35    1.06439
36    1.29062
37    0.829368
38    1.12315
39    0.882488
40    1.29663
11 13.796  1
26    1.23501
12 13.7353  1
50    0
13 13.5369  8
18    0.720545
19    0.767788
20    0.922059
21    0.825834
22    1.11162
23    0.844823
24    1.17364
25    1.04736
14 12.889  1
50    0
15 10.7732  1
50    0
16 13.8641  1
50    0
17 13.9575  1
50    0
18 14.2624  1
50    0
19 5.25758  1
26    1.24779
20 5.85269  1
50    0
21 7.79611  1
50    0
22 14.1424  1
50    0
23 14.8663  1
50    0
24 7.22999  1
50    0
25 12.2939  1
50    0
26 8.82977  1
50    0
27 7.51778  1
50    0
28 13.2336  1
50    0
29 11.8984  1
50    0
30 7.53822  1
50    0
31 13.3004  1
50    0
32 12.1166  1
50    0
33 8.25083  1
50    0
34 5.62716  1
50    0
35 7.05969  1
50    0
36 11.7379  1
50    0
37 7.01422  1
50    0
38 11.5893  1
50    0
39 6.52867  1
50    0
40 10.0035  1
50    0
41 11.3506  1
50    0
42 5.74953  1
50    0
43 7.45918  1
50    0
44 13.0422  1
50    0
45 11.2737  1
50    0
46 5.49837  1
50    0
47 6.63915  1
50    0
48 10.3645  1
50    0
49 12.5295  1
50    0
50 0  0
