91
0 8.70098  5
1    5.68818
7    5.63498
23    4.51498
24    5.58545
36    5.89427
1 7.09723  7
2    4.64893
3    4.25533
4    5.97008
5    5.56952
6    4.26147
8    3.68815
24    4.82472
2 11.8603  3
8    4.47525
37    4.14684
52    6.42547
3 7.41371  1
7    5.99013
4 12.8939  3
8    4.11791
24    4.84458
36    5.55716
5 10.7894  3
8    5.52136
24    4.89421
52    5.51605
6 13.9169  2
9    4.10427
10    5.47678
7 14.1299  9
16    5.91267
17    5.38211
18    3.64951
19    3.99174
20    5.10936
21    5.75886
22    4.87974
44    3.55493
73    6.27871
8 14.8254  6
11    3.9586
12    5.00105
13    5.40518
14    3.72486
15    4.23775
36    6.06951
9 7.09632  2
36    5.85829
37    5.32196
10 11.8572  1
25    6.18963
11 7.40364  1
53    4.05657
12 12.861  3
23    3.81788
24    4.54154
37    4.2449
13 10.6816  1
24    6.15996
14 13.565  10
26    6.28649
27    3.60273
28    3.83894
29    4.61029
30    4.12917
31    5.55808
32    4.22411
33    5.86818
34    5.23681
35    6.17507
15 12.9809  2
23    3.80973
37    5.61576
16 11.0732  4
67    6.08452
68    5.94325
69    5.4819
70    3.97536
17 14.8437  2
24    5.05626
36    4.12889
18 7.15613  3
24    4.82939
37    4.41244
71    5.0558
19 12.0525  1
24    3.90458
20 8.04147  2
23    5.00902
37    5.93602
21 14.9438  3
36    5.20449
37    6.48315
51    6.4848
22 7.48299  2
23    5.43118
24    4.31347
23 13.1201  1
73    6.12059
24 11.5276  3
71    5.58399
73    6.13881
76    6.4599
25 6.32756  1
90    0
26 9.34675  1
52    4.08687
27 9.20606  1
44    4.41766
28 8.74645  7
45    3.68284
46    4.10051
47    5.46451
48    3.91859
49    4.8704
50    4.97853
52    5.41992
29 7.24555  2
36    4.22109
51    5.33166
30 12.3446  1
44    4.69865
31 8.99548  2
44    3.51575
51    5.95369
32 8.05887  1
44    5.70338
33 5.00031  1
51    4.2503
34 5.01251  2
36    6.44763
37    6.45312
35 5.05249  2
36    6.23898
54    6.4501
36 5.18311  1
73    5.23196
37 5.60945  7
38    5.45828
39    3.89827
40    4.80403
41    4.76182
42    4.62394
43    4.17367
44    3.50009
38 7.00171  1
65    4.94099
39 11.5484  1
44    3.50375
40 6.39531  10
55    4.13704
56    5.5838
57    4.30816
58    6.14257
59    6.13286
60    6.10109
61    5.99736
62    5.6586
63    4.55243
64    3.9402
41 9.56801  1
90    0
42 9.92843  1
90    0
43 11.1055  1
90    0
44 14.9493  1
90    0
45 7.50099  1
90    0
46 13.179  2
52    4.39477
73    6.18725
47 11.7202  1
71    4.30871
48 6.95624  1
72    6.1444
49 11.3997  1
52    3.77293
50 5.90976  1
54    5.32104
51 7.98257  2
73    3.57727
76    4.169
52 14.7516  1
73    6.06108
53 6.85522  1
66    5.20907
54 11.0701  1
90    0
55 14.8337  1
90    0
56 7.12348  1
90    0
57 11.946  1
90    0
58 7.69387  1
90    0
59 13.8086  1
90    0
60 13.7762  1
90    0
61 13.6703  1
90    0
62 13.3245  1
90    0
63 12.1953  5
85    4.47525
86    3.68815
87    4.11791
88    5.52136
89    4.10427
64 8.5081  1
90    0
65 6.46733  8
77    5.68818
78    4.64893
79    4.25533
80    5.97008
81    5.56952
82    4.26147
83    5.99013
84    5.63498
66 9.80331  1
90    0
67 10.6969  1
90    0
68 13.6151  1
90    0
69 13.1442  1
73    6.15923
70 11.6063  1
73    5.86671
71 6.58452  1
76    6.24273
72 10.186  1
90    0
73 11.9466  2
74    3.75581
75    4.33883
74 7.6957  1
90    0
75 13.8147  1
90    0
76 13.796  1
90    0
77 13.7353  1
90    0
78 13.5369  1
90    0
79 12.889  1
90    0
80 10.7732  1
90    0
81 13.8641  1
90    0
82 13.9575  1
90    0
83 14.2624  1
90    0
84 5.25758  1
90    0
85 5.85269  1
90    0
86 7.79611  1
90    0
87 14.1424  1
90    0
88 14.8663  1
90    0
89 7.22999  1
90    0
90 0  0
