229
0 8.99548  4
1    0.965877
9    0.844823
12    0.844218
134    0.754585
1 8.05887  10
2    0.968917
3    0.978841
4    1.01125
5    1.11709
6    0.862694
7    1.23199
8    1.23793
9    0.922059
12    0.825779
17    0.829368
2 5.00031  10
59    1.18865
60    1.09638
61    0.795071
62    1.01116
63    1.1168
64    0.861742
65    1.22888
66    1.22776
67    1.22412
68    1.21222
3 5.01251  6
12    1.28953
17    1.29062
33    0.700751
49    0.861632
70    1.29198
92    0.761946
4 5.05249  3
9    0.825834
12    1.17166
69    0.715455
5 5.18311  2
9    0.767788
70    0.851067
6 5.60945  1
9    1.2573
7 7.00171  1
9    0.720545
8 11.5484  5
9    1.11162
11    1.04736
12    1.23501
134    1.19074
200    0.939729
9 6.39531  2
10    1.17364
143    0.78804
10 9.56801  2
12    1.24779
92    0.964943
11 9.92843  4
12    1.11143
34    1.0929
49    1.11676
200    0.710987
12 11.1055  6
13    1.0409
14    1.2139
15    1.17885
16    1.06439
102    0.767788
178    1.07642
13 14.9493  1
228    0
14 7.50099  9
18    1.12315
19    0.882488
20    1.29663
21    0.848979
22    1.1872
23    1.09166
24    0.779653
25    0.960805
34    0.820103
15 13.179  1
116    1.1872
16 11.7202  2
34    0.710987
198    0.848979
17 6.95624  1
34    0.783718
18 11.3997  9
26    0.952364
27    0.924787
28    0.834733
29    1.14068
30    0.939729
113    1.2139
114    0.829368
116    0.960805
134    1.08398
19 5.90976  3
69    0.751161
143    1.22022
200    0.820103
20 7.98257  6
42    0.817374
43    1.08398
44    0.754585
69    1.25574
174    0.820853
221    0.929786
21 14.7516  4
31    0.883532
92    0.975948
113    1.0409
221    1.19402
22 6.85522  1
178    0.798349
23 11.0701  8
152    1.22888
153    1.22776
154    1.22412
155    1.21222
156    1.17334
157    1.04639
158    1.23185
159    1.23745
24 14.8337  4
32    0.700018
92    0.908307
200    0.883532
209    1.2169
25 7.12348  3
49    0.827409
69    0.867766
219    1.23185
26 11.946  7
136    1.28509
137    0.811313
138    1.06421
139    1.29002
140    0.827409
141    1.11676
142    0.861632
27 7.69387  1
33    0.703149
28 13.8086  3
35    0.974081
36    0.995706
49    1.22851
29 13.7762  6
179    0.975948
180    1.0018
181    1.08624
188    1.2573
189    0.825834
201    0.974081
30 13.6703  2
34    0.736567
114    1.29062
31 13.3245  1
228    0
32 12.1953  2
219    1.25574
220    0.833799
33 8.5081  7
37    1.06633
38    1.29696
39    0.85006
40    1.19074
41    1.10321
69    1.24855
92    0.902997
34 6.46733  5
45    0.878954
46    1.28509
47    0.811313
48    1.06421
173    1.127
35 9.80331  8
144    1.04181
145    1.2169
146    1.18865
147    1.09638
148    0.795071
149    1.01116
150    1.1168
151    0.861742
36 10.6969  8
126    0.710987
127    0.736567
128    0.820103
129    1.0929
130    0.783718
131    0.974081
132    0.995706
133    1.06633
37 13.6151  1
134    0.817374
38 13.1442  1
178    0.847551
39 11.6063  2
202    1.10321
221    0.851067
40 6.58452  1
70    0.929786
41 10.186  1
228    0
42 11.9466  2
202    0.85006
208    1.19947
43 7.6957  1
49    1.29002
44 13.8147  1
92    0.780917
45 13.796  1
69    1.23745
46 13.7353  1
228    0
47 13.5369  1
228    0
48 12.889  9
50    1.22657
51    1.22022
52    1.19947
53    1.13172
54    0.910486
55    0.78804
56    0.988198
57    1.04181
58    1.2169
49 10.7732  1
69    1.17334
50 13.8641  1
228    0
51 13.9575  9
83    1.08104
84    0.744972
85    0.847551
86    1.18253
87    1.07642
88    0.729902
89    0.798349
90    1.02187
91    1.15177
52 14.2624  4
71    1.1139
72    0.852293
73    1.19803
74    1.127
53 5.25758  1
199    0.952364
54 5.85269  3
69    1.04639
113    0.844218
220    1.29198
55 7.79611  1
189    0.767788
56 14.1424  1
228    0
57 14.8663  2
116    1.29663
209    1.18865
58 7.22999  1
228    0
59 12.2939  10
93    0.965877
94    0.968917
95    0.978841
96    1.01125
97    1.11709
98    0.862694
99    1.23199
100    1.23793
101    1.2573
108    1.23501
60 8.82977  4
109    1.24779
110    1.28953
111    0.825779
112    1.11143
61 7.51778  2
70    0.833799
209    1.04181
62 13.2336  1
69    1.23185
63 11.8984  3
92    1.0018
116    0.848979
221    1.1139
64 7.53822  1
188    1.23793
65 13.3004  3
92    0.763576
178    1.02187
198    1.29663
66 12.1166  2
70    1.19402
202    0.754585
67 8.25083  8
75    0.89505
76    0.737629
77    0.823582
78    1.10427
79    0.820853
80    1.09536
81    0.79172
82    1.00021
68 5.62716  2
70    1.13764
143    1.22851
69 7.05969  1
228    0
70 11.7379  1
178    0.729902
71 7.01422  1
173    1.19803
72 11.5893  3
114    1.12315
174    1.10427
203    1.06421
73 6.52867  1
228    0
74 10.0035  1
228    0
75 11.3506  2
108    1.04736
178    1.15177
76 5.74953  1
228    0
77 7.45918  1
221    0.852293
78 13.0422  1
228    0
79 11.2737  4
201    0.783718
202    0.817374
203    0.878954
221    1.13764
80 5.49837  1
228    0
81 6.63915  1
228    0
82 10.3645  5
103    0.922059
104    0.825834
105    1.11162
106    0.844823
107    1.17364
83 12.5295  1
114    1.17885
84 9.59914  2
134    1.29696
199    0.834733
85 10.0301  2
92    1.08624
143    0.910486
86 11.4373  2
102    0.720545
116    1.09166
87 6.03244  1
208    1.22657
88 8.38328  1
188    1.01125
89 6.0596  1
135    0.878954
90 8.47179  1
174    1.09536
91 6.34861  1
228    0
92 9.41572  3
198    1.06439
203    0.811313
219    0.867766
93 9.43129  9
190    1.28953
191    0.825779
192    1.11143
193    0.844218
194    1.17166
195    1.0409
196    1.2139
197    1.17885
199    1.14068
94 9.48195  1
228    0
95 9.64736  2
115    0.882488
143    0.988198
96 10.1875  1
198    1.1872
97 11.9515  1
143    1.22657
98 7.71157  1
228    0
99 13.8665  1
228    0
100 13.9654  1
209    0.795071
101 14.2883  9
117    0.952364
118    0.924787
119    0.834733
120    1.14068
121    0.939729
122    0.883532
123    0.700018
124    0.700751
125    0.703149
102 5.34242  3
113    1.17166
199    1.09166
200    0.736567
103 6.1298  1
228    0
104 8.70098  1
116    0.779653
105 7.09723  1
228    0
106 11.8603  1
188    0.978841
107 7.41371  2
114    1.06439
173    0.737629
108 12.8939  1
189    1.17364
109 10.7894  1
178    1.18253
110 13.9169  1
199    0.960805
111 14.1299  2
134    1.10321
143    1.19947
112 14.8254  1
143    1.13172
113 7.09632  1
200    0.700751
114 11.8572  1
228    0
115 7.40364  7
167    1.13764
168    0.929786
169    0.851067
170    1.19402
171    1.1139
172    0.852293
201    1.06633
116 12.861  1
228    0
117 10.6816  1
228    0
118 13.565  1
228    0
119 12.9809  1
228    0
120 11.0732  1
198    0.882488
121 14.8437  2
173    0.823582
200    1.0929
122 7.15613  1
228    0
123 12.0525  2
134    0.85006
188    1.11709
124 8.04147  1
189    1.23501
125 14.9438  7
182    0.761946
183    0.902997
184    0.763576
185    0.908307
186    0.780917
187    0.964943
201    0.995706
126 7.48299  1
228    0
127 13.1201  4
188    1.23199
189    1.11162
198    0.829368
219    0.751161
128 11.5276  1
198    1.29062
129 6.32756  1
228    0
130 9.34675  1
228    0
131 9.20606  1
228    0
132 8.74645  1
228    0
133 7.24555  2
175    0.79172
198    1.12315
134 12.3446  1
228    0
135 8.99548  1
199    0.779653
136 8.05887  1
228    0
137 5.00031  1
228    0
138 5.01251  2
209    1.09638
219    0.715455
139 5.05249  1
203    1.28509
140 5.18311  1
200    0.703149
141 5.60945  1
228    0
142 7.00171  1
228    0
143 11.5484  1
228    0
144 6.39531  1
228    0
145 9.56801  1
208    1.13172
146 9.92843  1
178    0.744972
147 11.1055  1
228    0
148 14.9493  1
228    0
149 7.50099  1
189    0.720545
150 13.179  1
189    1.04736
151 11.7202  1
228    0
152 6.95624  1
208    0.78804
153 11.3997  1
228    0
154 5.90976  1
228    0
155 7.98257  1
228    0
156 14.7516  1
188    0.968917
157 6.85522  7
160    1.25574
161    0.715455
162    0.751161
163    0.867766
164    1.24855
165    1.29198
166    0.833799
158 11.0701  1
228    0
159 14.8337  1
202    1.19074
160 7.12348  1
202    1.08398
161 11.946  1
228    0
162 7.69387  1
173    0.89505
163 13.8086  1
228    0
164 13.7762  1
189    0.844823
165 13.6703  2
189    1.24779
200    0.700018
166 13.3245  1
189    0.922059
167 12.1953  2
188    0.862694
219    1.23745
168 8.5081  1
228    0
169 6.46733  1
228    0
170 9.80331  1
228    0
171 10.6969  2
188    0.965877
199    0.924787
172 13.6151  1
208    0.910486
173 13.1442  2
176    1.00021
177    1.08104
174 11.6063  1
228    0
175 6.58452  1
228    0
176 10.186  1
228    0
177 11.9466  1
228    0
178 7.6957  1
228    0
179 13.8147  1
228    0
180 13.796  1
201    1.29696
181 13.7353  1
228    0
182 13.5369  1
228    0
183 12.889  1
208    1.22022
184 10.7732  1
228    0
185 13.8641  1
228    0
186 13.9575  1
228    0
187 14.2624  1
228    0
188 5.25758  1
228    0
189 5.85269  4
204    1.29002
205    0.827409
206    1.11676
207    0.861632
190 7.79611  1
228    0
191 14.1424  1
228    0
192 14.8663  1
228    0
193 7.22999  1
228    0
194 12.2939  1
228    0
195 8.82977  1
228    0
196 7.51778  1
228    0
197 13.2336  1
228    0
198 11.8984  1
228    0
199 7.53822  1
228    0
200 13.3004  1
228    0
201 12.1166  1
228    0
202 8.25083  1
208    1.22851
203 5.62716  1
208    0.988198
204 7.05969  1
228    0
205 11.7379  9
210    1.01116
211    1.1168
212    0.861742
213    1.22888
214    1.22776
215    1.22412
216    1.21222
217    1.17334
218    1.04639
206 7.01422  6
222    1.19803
223    1.127
224    0.89505
225    0.737629
226    0.823582
227    1.10427
207 11.5893  1
228    0
208 6.52867  1
228    0
209 10.0035  1
228    0
210 11.3506  1
228    0
211 5.74953  1
228    0
212 7.45918  1
220    1.24855
213 13.0422  1
228    0
214 11.2737  1
228    0
215 5.49837  1
228    0
216 6.63915  1
228    0
217 10.3645  1
228    0
218 12.5295  1
228    0
219 9.59914  1
228    0
220 10.0301  1
228    0
221 11.4373  1
228    0
222 6.03244  1
228    0
223 8.38328  1
228    0
224 6.0596  1
228    0
225 8.47179  1
228    0
226 6.34861  1
228    0
227 9.41572  1
228    0
228 0  0
