46
0 5.60945  9
1    6.18725
2    6.27871
3    3.57727
4    3.75581
5    4.33883
6    6.24273
7    6.4599
8    4.169
18    5.00105
1 7.00171  2
18    3.9586
19    5.91267
2 11.5484  3
39    6.23898
40    6.44763
41    4.12889
3 6.39531  3
9    5.68818
10    4.64893
11    4.25533
4 9.56801  1
38    3.60273
5 9.92843  3
18    3.68815
20    5.10936
38    3.83894
6 11.1055  1
38    4.61029
7 14.9493  2
18    5.40518
19    5.38211
8 7.50099  8
13    5.56952
14    4.26147
15    5.99013
16    5.63498
17    4.47525
18    5.47678
20    5.75886
38    6.28649
9 13.179  1
12    5.97008
10 11.7202  1
45    0
11 6.95624  2
18    4.10427
42    4.22109
12 11.3997  2
18    3.72486
38    4.12917
13 5.90976  1
20    3.99174
14 7.98257  1
18    4.23775
15 14.7516  1
38    6.17507
16 6.85522  2
18    4.11791
20    3.64951
17 11.0701  2
18    5.52136
42    5.20449
18 14.8337  1
45    0
19 7.12348  5
21    4.87974
22    5.00902
23    5.43118
24    3.80973
25    4.51498
20 11.946  1
38    4.22411
21 7.69387  1
45    0
22 13.8086  1
45    0
23 13.7762  1
45    0
24 13.6703  1
45    0
25 13.3245  10
26    3.81788
27    4.54154
28    3.90458
29    4.82472
30    4.82939
31    4.84458
32    4.89421
33    5.05626
34    5.58545
35    4.31347
26 12.1953  1
45    0
27 8.5081  3
36    6.15996
37    6.18963
42    5.85829
28 6.46733  1
45    0
29 9.80331  1
45    0
30 10.6969  1
45    0
31 13.6151  2
38    5.55808
42    5.55716
32 13.1442  1
45    0
33 11.6063  1
42    5.89427
34 6.58452  1
45    0
35 10.186  1
38    5.23681
36 11.9466  1
45    0
37 7.6957  1
38    5.86818
38 13.8147  1
45    0
39 13.796  2
43    5.32196
44    6.45312
40 13.7353  1
42    6.06951
41 13.5369  1
45    0
42 12.889  1
45    0
43 10.7732  1
45    0
44 13.8641  1
45    0
45 0  0
