199
0 10.0301  9
1    1.29696
2    0.85006
3    1.19074
4    1.10321
5    0.754585
6    1.06421
60    0.825834
74    1.09166
127    0.79172
1 11.4373  3
6    1.29002
16    1.04181
18    1.22412
2 6.03244  4
5    0.817374
6    0.827409
18    1.22776
46    1.02187
3 8.38328  1
6    0.811313
4 6.0596  4
5    1.08398
6    1.28509
16    1.2169
61    1.24779
5 8.47179  2
6    0.878954
61    1.28953
6 6.34861  10
7    1.11676
8    0.861632
9    1.22851
10    1.22657
11    1.22022
12    1.19947
13    1.13172
14    0.910486
15    0.78804
104    1.22412
7 9.41572  10
36    0.823582
37    1.10427
38    0.820853
39    1.09536
40    0.79172
41    1.00021
42    1.08104
43    0.744972
44    0.847551
45    1.18253
8 9.43129  4
16    0.988198
17    1.01116
60    0.922059
169    0.820103
9 9.48195  10
19    1.23185
20    1.23745
21    1.25574
22    0.715455
23    0.751161
24    0.867766
25    1.24855
26    1.29198
27    0.833799
28    1.13764
10 9.64736  3
17    1.09638
18    1.04639
91    1.29002
11 10.1875  1
17    1.1168
12 11.9515  6
30    1.19402
31    1.1139
32    0.852293
33    1.19803
34    1.127
74    1.1872
13 7.71157  5
18    1.21222
46    1.07642
93    1.19947
128    0.798349
135    0.720545
14 13.8665  2
18    1.17334
128    0.729902
15 13.9654  2
16    1.18865
17    0.795071
16 14.2883  2
17    0.861742
35    0.89505
17 5.34242  2
18    1.22888
60    1.23793
18 6.1298  7
53    0.908307
54    0.780917
55    0.964943
56    0.965877
57    0.968917
58    0.978841
86    0.710987
19 8.70098  2
29    0.851067
86    0.995706
20 7.09723  1
198    0
21 11.8603  2
29    0.929786
91    1.06421
22 7.41371  1
198    0
23 12.8939  1
198    0
24 10.7894  2
60    1.11162
86    0.820103
25 13.9169  6
81    0.939729
82    0.883532
83    0.700018
84    0.700751
85    0.703149
113    1.13764
26 14.1299  1
74    0.848979
27 14.8254  3
46    0.729902
59    1.11709
91    0.811313
28 7.09632  1
198    0
29 11.8572  3
46    0.798349
59    1.01125
60    1.2573
30 7.40364  8
141    1.24779
142    1.28953
143    0.825779
144    1.11143
145    0.844218
146    1.17166
147    1.0409
148    1.2139
31 12.861  3
51    0.902997
52    0.763576
127    1.08104
32 10.6816  1
104    1.23185
33 13.565  2
35    0.737629
135    0.767788
34 12.9809  3
60    0.767788
86    0.974081
184    0.910486
35 11.0732  1
136    0.825834
36 14.8437  1
61    1.04736
37 7.15613  2
59    0.862694
92    1.22851
38 12.0525  1
198    0
39 8.04147  1
198    0
40 14.9438  1
169    1.0929
41 7.48299  1
168    0.703149
42 13.1201  2
61    1.23501
104    1.21222
43 11.5276  2
46    1.15177
92    0.861632
44 6.32756  1
128    1.18253
45 9.34675  10
188    1.2169
189    1.18865
190    1.09638
191    0.795071
192    1.01116
193    1.1168
194    0.861742
195    1.22888
196    1.22776
197    1.22412
46 9.20606  5
47    0.975948
48    1.0018
49    1.08624
50    0.761946
169    0.710987
47 8.74645  2
61    1.17364
134    0.964943
48 7.24555  5
122    0.737629
123    0.823582
124    1.10427
125    0.820853
126    1.09536
49 12.3446  1
91    0.878954
50 8.99548  1
67    1.2139
51 8.05887  5
62    0.825779
63    1.11143
64    0.844218
65    1.17166
66    1.0409
52 5.00031  1
93    1.22022
53 5.01251  3
60    1.23199
86    0.736567
93    1.13172
54 5.05249  1
198    0
55 5.18311  2
60    0.844823
86    1.06633
56 5.60945  2
93    0.78804
134    0.965877
57 7.00171  2
60    0.720545
129    1.15177
58 11.5484  9
150    1.29062
151    0.829368
152    1.12315
153    0.882488
154    1.29663
155    0.848979
156    1.1872
157    1.09166
184    1.19947
59 6.39531  1
198    0
60 9.56801  1
198    0
61 9.92843  4
75    0.779653
76    0.960805
77    0.952364
92    0.827409
62 11.1055  1
198    0
63 14.9493  2
74    1.29663
128    1.07642
64 7.50099  1
93    0.910486
65 13.179  7
68    1.17885
69    1.06439
70    1.29062
71    0.829368
72    1.12315
73    0.882488
134    0.978841
66 11.7202  1
86    0.783718
67 6.95624  1
198    0
68 11.3997  4
87    1.19074
88    1.10321
89    0.817374
90    1.08398
69 5.90976  1
128    1.02187
70 7.98257  9
174    1.10321
175    0.817374
176    1.08398
177    0.754585
178    0.878954
179    1.28509
180    0.811313
181    1.06421
182    1.29002
71 14.7516  1
104    1.17334
72 6.85522  2
86    1.29696
91    1.28509
73 11.0701  1
198    0
74 14.8337  1
198    0
75 7.12348  4
78    0.924787
79    0.834733
80    1.14068
128    0.847551
76 11.946  1
104    1.04639
77 7.69387  1
135    1.2573
78 13.8086  8
114    0.929786
115    0.851067
116    1.19402
117    1.1139
118    0.852293
119    1.19803
120    1.127
121    0.89505
79 13.7762  1
129    0.975948
80 13.6703  3
86    0.85006
92    1.11676
135    1.01125
81 13.3245  3
86    1.0929
135    0.862694
183    1.22657
82 12.1953  1
198    0
83 8.5081  1
198    0
84 6.46733  10
94    0.988198
95    1.04181
96    1.2169
97    1.18865
98    1.09638
99    0.795071
100    1.01116
101    1.1168
102    0.861742
103    1.22888
85 9.80331  1
92    1.22657
86 10.6969  8
105    1.23745
106    1.25574
107    0.715455
108    0.751161
109    0.867766
110    1.24855
111    1.29198
112    0.833799
87 13.6151  1
129    1.08624
88 13.1442  1
91    0.754585
89 11.6063  1
169    0.736567
90 6.58452  1
134    0.780917
91 10.186  1
183    1.22851
92 11.9466  2
104    1.22776
127    0.744972
93 7.6957  1
198    0
94 13.8147  1
198    0
95 13.796  1
198    0
96 13.7353  1
198    0
97 13.5369  10
158    0.779653
159    0.960805
160    0.952364
161    0.924787
162    0.834733
163    1.14068
164    0.939729
165    0.883532
166    0.700018
167    0.700751
98 12.889  1
198    0
99 10.7732  4
170    1.06633
171    1.29696
172    0.85006
173    1.19074
100 13.8641  1
135    1.23793
101 13.9575  1
198    0
102 14.2624  1
198    0
103 5.25758  1
198    0
104 5.85269  1
198    0
105 7.79611  2
135    1.23199
169    0.995706
106 14.1424  1
183    0.827409
107 14.8663  1
135    0.922059
108 7.22999  1
198    0
109 12.2939  1
127    1.00021
110 8.82977  1
198    0
111 7.51778  1
198    0
112 13.2336  1
198    0
113 11.8984  1
198    0
114 7.53822  1
198    0
115 13.3004  1
129    1.0018
116 12.1166  1
198    0
117 8.25083  1
198    0
118 5.62716  1
169    0.783718
119 7.05969  1
198    0
120 11.7379  1
198    0
121 7.01422  1
198    0
122 11.5893  1
134    0.968917
123 6.52867  1
149    1.17885
124 10.0035  1
198    0
125 11.3506  1
198    0
126 5.74953  4
130    0.761946
131    0.902997
132    0.763576
133    0.908307
127 7.45918  2
135    1.11709
136    1.11162
128 13.0422  1
198    0
129 11.2737  1
169    0.974081
130 5.49837  1
198    0
131 6.63915  1
149    1.06439
132 10.3645  1
198    0
133 12.5295  1
198    0
134 9.59914  1
198    0
135 10.0301  4
137    0.844823
138    1.17364
139    1.04736
140    1.23501
136 11.4373  1
198    0
137 6.03244  1
198    0
138 8.38328  1
198    0
139 6.0596  1
198    0
140 8.47179  1
198    0
141 6.34861  1
198    0
142 9.41572  1
198    0
143 9.43129  3
185    0.78804
186    0.988198
187    1.04181
144 9.48195  1
198    0
145 9.64736  1
198    0
146 10.1875  1
198    0
147 11.9515  1
184    1.13172
148 7.71157  1
198    0
149 13.8665  1
198    0
150 13.9654  1
198    0
151 14.2883  1
198    0
152 5.34242  1
198    0
153 6.1298  1
198    0
154 8.70098  1
198    0
155 7.09723  1
183    1.11676
156 11.8603  1
198    0
157 7.41371  1
198    0
158 12.8939  1
198    0
159 10.7894  1
198    0
160 13.9169  1
198    0
161 14.1299  1
198    0
162 14.8254  1
198    0
163 7.09632  1
198    0
164 11.8572  1
198    0
165 7.40364  1
198    0
166 12.861  1
183    1.22022
167 10.6816  1
198    0
168 13.565  1
198    0
169 12.9809  1
198    0
170 11.0732  1
198    0
171 14.8437  1
198    0
172 7.15613  1
198    0
173 12.0525  1
198    0
174 8.04147  1
198    0
175 14.9438  1
198    0
176 7.48299  1
198    0
177 13.1201  1
198    0
178 11.5276  1
183    0.861632
179 6.32756  1
198    0
180 9.34675  1
198    0
181 9.20606  1
198    0
182 8.74645  1
198    0
183 7.24555  1
198    0
184 12.3446  1
198    0
185 8.99548  1
198    0
186 8.05887  1
198    0
187 5.00031  1
198    0
188 5.01251  1
198    0
189 5.05249  1
198    0
190 5.18311  1
198    0
191 5.60945  1
198    0
192 7.00171  1
198    0
193 11.5484  1
198    0
194 6.39531  1
198    0
195 9.56801  1
198    0
196 9.92843  1
198    0
197 11.1055  1
198    0
198 0  0
