47
0 13.5369  4
1    4.82939
2    4.84458
3    4.89421
4    5.05626
1 12.889  1
46    0
2 10.7732  5
16    5.86818
17    5.23681
18    6.17507
19    6.23898
20    6.44763
3 13.8641  9
5    5.58545
6    4.31347
7    6.15996
8    6.18963
9    6.28649
10    3.60273
11    3.83894
12    4.61029
13    4.12917
4 13.9575  1
46    0
5 14.2624  1
14    5.55808
6 5.25758  1
15    4.22411
7 5.85269  7
39    4.76182
40    4.62394
41    4.17367
42    5.70338
43    4.69865
44    4.41766
45    3.50009
8 7.79611  1
46    0
9 14.1424  1
46    0
10 14.8663  1
46    0
11 7.22999  1
46    0
12 12.2939  1
46    0
13 8.82977  10
21    4.12889
22    5.55716
23    4.22109
24    5.85829
25    5.20449
26    6.06951
27    5.89427
28    5.32196
29    6.45312
30    4.14684
14 7.51778  1
46    0
15 13.2336  1
46    0
16 11.8984  1
46    0
17 7.53822  1
46    0
18 13.3004  1
46    0
19 12.1166  1
46    0
20 8.25083  8
31    5.61576
32    4.41244
33    6.48315
34    4.2449
35    5.93602
36    5.45828
37    3.89827
38    4.80403
21 5.62716  1
46    0
22 7.05969  1
46    0
23 11.7379  1
46    0
24 7.01422  1
46    0
25 11.5893  1
46    0
26 6.52867  1
46    0
27 10.0035  1
46    0
28 11.3506  1
46    0
29 5.74953  1
46    0
30 7.45918  1
46    0
31 13.0422  1
46    0
32 11.2737  1
46    0
33 5.49837  1
46    0
34 6.63915  1
46    0
35 10.3645  1
46    0
36 12.5295  1
46    0
37 9.59914  1
46    0
38 10.0301  1
46    0
39 11.4373  1
46    0
40 6.03244  1
46    0
41 8.38328  1
46    0
42 6.0596  1
46    0
43 8.47179  1
46    0
44 6.34861  1
46    0
45 9.41572  1
46    0
46 0  0
