110
0 12.2939  6
1    0.910486
2    0.78804
52    1.23793
64    1.08398
75    1.00021
107    0.783718
1 8.82977  2
2    0.988198
76    0.761946
2 7.51778  9
3    1.04181
4    1.2169
5    1.18865
6    1.09638
7    0.795071
8    1.01116
45    0.964943
61    1.09166
76    0.975948
3 13.2336  10
27    0.929786
28    0.851067
29    1.19402
30    1.1139
31    0.852293
32    1.19803
33    1.127
34    0.89505
35    0.737629
61    1.1872
4 11.8984  10
9    1.1168
10    0.861742
11    1.22888
12    1.22776
13    1.22412
14    1.21222
45    0.780917
62    0.700751
65    0.827409
99    1.09166
5 7.53822  8
15    1.17334
16    1.04639
17    1.23185
18    1.23745
19    1.25574
20    0.715455
21    0.751161
99    1.1872
6 13.3004  4
44    1.07642
52    0.825834
68    0.78804
73    0.89505
7 12.1166  1
44    1.15177
8 8.25083  3
45    0.902997
64    1.10321
73    0.852293
9 5.62716  3
61    1.29062
63    1.0929
99    1.12315
10 7.05969  3
44    0.847551
64    0.817374
107    0.820103
11 11.7379  1
64    1.29696
12 7.01422  2
61    1.12315
107    0.700018
13 11.5893  1
69    1.2169
14 6.52867  4
64    0.85006
68    0.988198
74    0.79172
99    0.848979
15 10.0035  6
36    0.823582
37    1.10427
44    0.975948
52    0.922059
73    1.10427
95    0.844823
16 11.3506  3
45    0.761946
63    0.710987
71    1.21222
17 5.74953  3
52    1.11162
64    0.754585
76    1.15177
18 7.45918  4
61    0.829368
62    0.700018
68    0.910486
108    0.85006
19 13.0422  3
45    0.965877
53    1.28953
62    1.14068
20 11.2737  6
44    1.02187
52    0.844823
65    1.06421
70    1.01116
76    0.729902
98    1.17166
21 5.49837  5
22    0.867766
23    1.24855
24    1.29198
25    0.833799
26    1.13764
22 6.63915  1
109    0
23 10.3645  5
52    1.04736
70    1.09638
72    0.833799
73    0.737629
99    1.29062
24 12.5295  1
71    1.23185
25 9.59914  8
87    0.862694
88    1.23199
89    1.23793
90    1.2573
91    0.720545
92    0.767788
93    0.922059
94    0.825834
26 10.0301  9
38    0.820853
39    1.09536
40    0.79172
41    1.00021
42    1.08104
43    0.744972
45    1.0018
65    1.11676
72    1.19402
27 11.4373  4
44    0.729902
62    0.939729
72    0.715455
76    1.08624
28 6.03244  2
63    0.783718
108    1.06633
29 8.38328  2
72    0.929786
75    1.08104
30 6.0596  1
109    0
31 8.47179  2
63    0.703149
107    1.0929
32 6.34861  2
45    0.908307
61    0.848979
33 9.41572  1
95    1.17364
34 9.43129  3
65    1.29002
68    1.04181
73    0.820853
35 9.48195  5
44    1.18253
45    0.763576
70    1.22888
72    0.867766
98    1.17885
36 9.64736  4
44    0.798349
71    1.25574
73    1.19803
107    0.736567
37 10.1875  2
53    1.24779
98    1.11143
38 11.9515  1
109    0
39 7.71157  1
71    1.22412
40 13.8665  2
60    1.17885
98    1.28953
41 13.9654  7
46    0.968917
47    0.978841
48    1.01125
49    1.11709
50    0.862694
51    1.23199
52    1.17364
42 14.2883  2
45    1.08624
64    1.06633
43 5.34242  4
54    0.825779
55    1.11143
56    0.844218
62    0.883532
44 6.1298  3
65    0.878954
76    1.0018
99    0.882488
45 8.70098  3
61    0.882488
62    0.960805
68    1.13172
46 7.09723  2
63    0.995706
75    0.847551
47 11.8603  4
63    0.974081
71    1.17334
73    1.09536
75    1.18253
48 7.41371  2
52    0.767788
61    0.779653
49 12.8939  2
52    0.720545
98    1.2139
50 10.7894  3
71    1.23745
72    1.24855
73    1.127
51 13.9169  5
52    1.2573
53    1.23501
61    1.29663
62    0.834733
65    1.28509
52 14.1299  5
57    1.17166
58    1.0409
59    1.2139
73    0.823582
75    1.07642
53 14.8254  3
65    0.861632
68    1.19947
73    1.1139
54 7.09632  3
66    1.22851
67    1.22657
98    1.0409
55 11.8572  2
64    1.19074
70    0.861742
56 7.40364  1
65    0.811313
57 12.861  3
61    1.06439
72    1.13764
76    1.02187
58 10.6816  3
63    0.820103
99    1.29663
108    0.974081
59 13.565  2
63    0.736567
71    1.22776
60 12.9809  2
62    0.952364
68    1.22022
61 11.0732  3
62    0.924787
69    1.18865
70    0.795071
62 14.8437  3
72    0.851067
75    0.744972
95    1.11162
63 7.15613  1
109    0
64 12.0525  2
72    0.751161
99    1.06439
65 8.04147  1
70    1.1168
66 14.9438  1
109    0
67 7.48299  1
72    1.29198
68 13.1201  1
109    0
69 11.5276  2
71    1.04639
76    0.798349
70 6.32756  3
96    1.23501
97    1.24779
107    0.710987
71 9.34675  10
77    0.902997
78    0.763576
79    0.908307
80    0.780917
81    0.964943
82    0.965877
83    0.968917
84    0.978841
85    1.01125
86    1.11709
72 9.20606  1
109    0
73 8.74645  1
109    0
74 7.24555  1
109    0
75 12.3446  1
109    0
76 8.99548  2
98    0.844218
99    0.829368
77 8.05887  1
109    0
78 5.00031  1
109    0
79 5.01251  1
109    0
80 5.05249  7
100    0.779653
101    0.960805
102    0.952364
103    0.924787
104    0.834733
105    1.14068
106    0.939729
81 5.18311  1
108    1.29696
82 5.60945  1
109    0
83 7.00171  1
109    0
84 11.5484  1
109    0
85 6.39531  1
109    0
86 9.56801  1
109    0
87 9.92843  1
109    0
88 11.1055  1
109    0
89 14.9493  1
109    0
90 7.50099  1
109    0
91 13.179  1
95    1.04736
92 11.7202  1
109    0
93 6.95624  1
109    0
94 11.3997  1
98    0.825779
95 5.90976  1
109    0
96 7.98257  1
107    0.700751
97 14.7516  1
109    0
98 6.85522  1
109    0
99 11.0701  1
109    0
100 14.8337  1
107    0.883532
101 7.12348  1
109    0
102 11.946  1
107    0.703149
103 7.69387  1
109    0
104 13.8086  1
109    0
105 13.7762  1
108    0.995706
106 13.6703  1
109    0
107 13.3245  1
109    0
108 12.1953  1
109    0
109 0  0
