104
0 13.9575  4
1    3.77293
2    6.42547
27    5.63498
87    6.15923
1 14.2624  7
2    4.39477
8    4.30816
27    4.47525
28    3.9586
29    3.64951
45    4.22411
46    4.22109
2 5.25758  2
3    4.05657
27    4.26147
3 5.85269  7
4    5.32104
5    6.4501
6    4.13704
7    5.5838
8    6.14257
9    5.6586
86    5.4819
4 7.79611  2
9    6.10109
26    4.25533
5 14.1424  4
9    5.99736
27    5.56952
28    3.72486
57    3.89827
6 14.8663  10
10    4.55243
11    3.9402
12    4.94099
13    5.20907
14    6.08452
15    5.94325
16    5.4819
17    3.97536
18    5.0558
26    4.64893
7 7.22999  4
19    6.1444
26    6.24273
28    5.52136
45    6.18963
8 12.2939  3
9    6.13286
45    5.55808
87    6.06108
9 8.82977  3
25    6.18725
28    5.40518
75    4.08687
10 7.51778  1
45    4.12917
11 13.2336  1
26    5.97008
12 11.8984  5
19    4.30871
26    3.75581
28    4.10427
44    5.58545
86    3.97536
13 7.53822  5
19    5.58399
28    4.11791
45    6.15996
46    5.55716
86    6.08452
14 13.3004  2
28    5.00105
94    5.97008
15 12.1166  3
19    6.13881
26    6.4599
46    5.23681
16 8.25083  2
26    4.33883
75    4.39477
17 5.62716  4
25    6.27871
45    4.61029
46    5.86818
75    6.4501
18 7.05969  6
20    6.12059
21    6.06108
22    5.86671
23    5.23196
24    6.15923
26    3.57727
19 11.7379  2
26    5.68818
86    4.94099
20 7.01422  10
47    6.06951
48    5.89427
49    5.32196
50    6.45312
51    4.14684
52    5.61576
53    4.41244
54    6.48315
55    4.2449
56    5.93602
21 11.5893  3
26    4.169
27    5.99013
28    4.23775
22 6.52867  3
28    5.91267
44    5.05626
57    5.45828
23 10.0035  4
30    3.99174
31    5.10936
32    5.75886
33    4.87974
24 11.3506  2
29    5.38211
45    4.31347
25 5.74953  1
27    3.68815
26 7.45918  2
46    5.85829
75    5.95369
27 13.0422  3
28    5.47678
45    6.28649
46    4.12889
28 11.2737  2
45    3.83894
46    6.44763
29 5.49837  10
34    5.00902
35    5.43118
36    3.80973
37    4.51498
38    3.81788
39    4.54154
40    3.90458
41    4.82472
42    4.82939
43    4.84458
30 6.63915  1
94    4.26147
31 10.3645  1
103    0
32 12.5295  1
103    0
33 9.59914  1
103    0
34 10.0301  1
103    0
35 11.4373  1
103    0
36 6.03244  1
86    5.58399
37 8.38328  2
46    5.20449
86    5.0558
38 6.0596  2
44    4.89421
46    6.23898
39 8.47179  1
103    0
40 6.34861  2
45    3.60273
87    6.18725
41 9.41572  1
75    3.77293
42 9.43129  1
57    4.80403
43 9.48195  10
58    4.62394
59    4.17367
60    5.70338
61    4.69865
62    4.41766
63    3.50009
64    3.50375
65    3.51575
66    3.55493
87    6.12059
44 9.64736  3
46    6.17507
57    4.76182
75    5.41992
45 10.1875  8
67    3.68284
68    4.10051
69    5.46451
70    3.91859
71    4.8704
72    4.97853
75    6.42547
87    6.27871
46 11.9515  3
88    3.57727
89    3.75581
90    4.33883
47 7.71157  1
95    5.99013
48 13.8665  1
103    0
49 13.9654  1
75    5.32104
50 14.2883  1
103    0
51 5.34242  2
73    5.33166
75    5.51605
52 6.1298  1
103    0
53 8.70098  1
103    0
54 7.09723  1
103    0
55 11.8603  1
94    4.64893
56 7.41371  1
103    0
57 12.8939  1
74    4.2503
58 10.7894  2
83    5.6586
84    4.55243
59 13.9169  1
103    0
60 14.1299  1
74    6.4848
61 14.8254  1
103    0
62 7.09632  1
103    0
63 11.8572  1
103    0
64 7.40364  1
75    4.05657
65 12.861  1
103    0
66 10.6816  1
86    4.30871
67 13.565  1
87    6.13881
68 12.9809  8
76    4.13704
77    5.5838
78    4.30816
79    6.14257
80    6.13286
81    6.10109
82    5.99736
94    4.25533
69 11.0732  1
94    5.56952
70 14.8437  1
103    0
71 7.15613  1
103    0
72 12.0525  1
103    0
73 8.04147  1
87    6.1444
74 14.9438  1
94    5.68818
75 7.48299  1
103    0
76 13.1201  2
85    3.9402
86    5.94325
77 11.5276  3
91    6.24273
92    6.4599
93    4.169
78 6.32756  1
86    5.20907
79 9.34675  1
103    0
80 9.20606  1
103    0
81 8.74645  7
96    4.47525
97    3.68815
98    4.11791
99    5.52136
100    4.10427
101    5.47678
102    3.9586
82 7.24555  1
103    0
83 12.3446  1
103    0
84 8.99548  1
87    5.86671
85 8.05887  2
87    5.23196
95    5.63498
86 5.00031  1
103    0
87 5.01251  1
103    0
88 5.05249  1
103    0
89 5.18311  1
103    0
90 5.60945  1
103    0
91 7.00171  1
103    0
92 11.5484  1
103    0
93 6.39531  1
103    0
94 9.56801  1
103    0
95 9.92843  1
103    0
96 11.1055  1
103    0
97 14.9493  1
103    0
98 7.50099  1
103    0
99 13.179  1
103    0
100 11.7202  1
103    0
101 6.95624  1
103    0
102 11.3997  1
103    0
103 0  0
