240
0 5.49837  8
1    10.4639
2    12.3745
3    12.5574
8    11.9402
9    7.37629
17    11.5177
48    11.2315
82    7.51161
1 6.63915  6
2    12.3185
3    7.15455
4    8.67766
8    11.139
9    11.27
57    7.10987
2 10.3645  3
3    7.51161
8    8.52293
9    8.9505
3 12.5295  7
5    12.9198
8    9.29786
17    10.018
52    9.24787
69    8.11313
75    11.8865
106    12.3501
4 9.59914  4
5    12.4855
8    8.51067
9    11.0427
17    10.2187
5 10.0301  6
6    8.33799
7    11.3764
9    8.23582
17    10.8624
84    11.9803
231    8.20853
6 11.4373  5
9    10.9536
17    9.75948
84    8.23582
85    11.0427
196    9.60805
7 6.03244  6
8    11.9803
9    8.20853
75    9.88198
143    7.95071
155    8.52293
174    9.68917
8 8.38328  10
10    7.9172
11    10.0021
12    10.8104
13    7.44972
14    8.47551
15    11.8253
16    10.7642
69    8.27409
95    9.75948
183    12.8953
9 6.0596  3
17    7.98349
57    10.929
142    10.4181
10 8.47179  10
30    12.3793
31    12.573
32    7.20545
33    7.67788
34    9.22059
35    8.25834
36    11.1162
37    8.44823
38    11.7364
39    10.4736
11 6.34861  8
18    9.02997
19    7.63576
20    9.08307
21    7.80917
22    9.64943
23    9.65877
24    9.68917
82    12.3745
12 9.41572  5
70    12.2657
71    12.2022
72    11.9947
73    11.3172
74    9.10486
13 9.43129  3
52    8.34733
69    8.61632
123    9.95706
14 9.48195  1
95    11.5177
15 9.64736  3
17    7.29902
48    12.9663
106    10.4736
16 10.1875  4
17    7.61946
85    7.9172
143    10.1116
222    12.5574
17 11.9515  1
48    11.7885
18 7.71157  7
25    9.78841
26    10.1125
27    11.1709
28    8.62694
29    12.3199
200    8.17374
231    7.44972
19 13.8665  3
84    11.9402
174    9.78841
183    10.4736
20 13.9654  4
49    8.48979
50    11.872
51    10.9166
82    12.9198
21 14.2883  4
48    12.139
69    12.2851
83    8.33799
155    8.9505
22 5.34242  1
183    11.1162
23 6.1298  9
86    10.0021
87    10.8104
88    7.44972
89    8.47551
90    11.8253
91    10.7642
92    7.29902
93    7.98349
94    10.2187
24 8.70098  10
40    12.3501
41    12.478
42    12.8953
43    8.25779
44    11.1143
45    8.44218
46    11.7166
47    10.409
48    10.6439
95    10.018
25 7.09723  1
239    0
26 11.8603  1
121    9.60805
27 7.41371  1
123    11.9074
28 12.8939  1
239    0
29 10.7894  5
48    12.9062
69    12.9002
84    11.139
97    9.64943
106    11.1143
30 13.9169  4
52    11.4068
69    8.78954
83    11.3764
143    12.2776
31 14.1299  2
121    8.83532
197    7.00018
32 14.8254  2
69    11.1676
76    7.95071
33 7.09632  3
155    11.9803
174    9.64943
199    8.5006
34 11.8572  1
84    8.51067
35 7.40364  1
57    8.20103
36 12.861  2
48    8.82488
95    9.02997
37 10.6816  4
53    9.39729
54    8.83532
55    7.00018
56    7.00751
38 13.565  3
82    8.67766
97    8.62694
196    7.79653
39 12.9809  2
75    10.4181
196    8.34733
40 11.0732  5
77    12.2776
78    12.2412
79    12.1222
80    11.7334
81    10.4639
41 14.8437  4
52    9.60805
69    10.6421
95    7.63576
122    10.929
42 7.15613  3
76    8.61742
106    8.25779
203    12.2851
43 12.0525  3
97    11.1709
121    9.52364
142    10.9638
44 8.04147  1
239    0
45 14.9438  10
58    7.83718
59    9.74081
60    9.95706
61    10.6633
62    12.9696
63    8.5006
64    11.9074
65    11.0321
66    8.17374
67    10.8398
46 7.48299  2
48    8.29368
84    8.9505
47 13.1201  1
52    9.52364
48 11.5276  3
83    9.29786
97    9.65877
183    8.44823
49 6.32756  3
57    7.0315
76    12.2888
174    9.02997
50 9.34675  4
52    7.79653
75    7.8804
76    10.1116
143    11.168
51 9.20606  1
82    7.15455
52 8.74645  2
75    12.169
84    7.37629
53 7.24555  1
199    12.9696
54 12.3446  1
122    7.10987
55 8.99548  2
121    9.39729
230    11.9803
56 8.05887  2
57    7.36567
96    7.80917
57 5.00031  1
196    9.24787
58 5.01251  1
239    0
59 5.05249  1
239    0
60 5.18311  3
84    11.27
95    9.08307
97    9.78841
61 5.60945  3
68    7.54585
121    9.24787
230    11.9402
62 7.00171  2
85    8.20853
97    9.68917
63 11.5484  3
76    11.168
82    12.5574
231    10.0021
64 6.39531  2
69    12.8509
142    7.8804
65 9.56801  2
84    8.52293
197    7.10987
66 9.92843  1
82    12.4855
67 11.1055  6
156    8.23582
157    11.0427
158    8.20853
159    10.9536
160    7.9172
161    10.0021
68 14.9493  1
122    7.0315
69 7.50099  4
75    10.9638
121    11.4068
123    9.74081
231    10.9536
70 13.179  7
111    11.7885
112    10.6439
113    12.9062
114    8.29368
115    11.2315
116    8.82488
117    12.9663
71 11.7202  8
166    10.7642
167    7.29902
168    7.98349
169    10.2187
170    11.5177
171    9.75948
172    10.018
173    10.8624
72 6.95624  1
239    0
73 11.3997  1
123    8.5006
74 5.90976  1
142    12.169
75 7.98257  1
239    0
76 14.7516  1
239    0
77 6.85522  2
121    8.34733
174    7.63576
78 11.0701  5
102    7.67788
103    9.22059
104    8.25834
105    11.1162
201    12.8509
79 14.8337  4
107    8.44218
108    11.7166
109    10.409
110    12.139
80 7.12348  1
230    8.23582
81 11.946  4
82    12.3185
85    10.9536
95    7.61946
97    10.1125
82 7.69387  1
239    0
83 13.8086  3
106    8.44823
123    12.9696
231    10.7642
84 13.7762  1
203    10.6421
85 13.6703  6
98    12.3199
99    12.3793
100    12.573
101    7.20545
198    10.929
230    7.37629
86 13.3245  2
106    12.478
222    12.3745
87 12.1953  1
239    0
88 8.5081  7
125    8.17374
126    10.8398
127    7.54585
128    8.78954
129    12.8509
130    8.11313
131    10.6421
89 6.46733  3
121    7.00751
202    8.11313
230    8.9505
90 9.80331  2
95    10.8624
122    7.36567
91 10.6969  4
106    12.8953
123    10.6633
155    11.3764
199    9.95706
92 13.6151  3
123    7.83718
142    9.88198
155    11.139
93 13.1442  1
239    0
94 11.6063  1
155    8.51067
95 6.58452  1
239    0
96 10.186  5
175    11.1709
176    8.62694
177    12.3199
178    12.3793
179    12.573
97 11.9466  1
239    0
98 7.6957  1
239    0
99 13.8147  1
239    0
100 13.796  1
106    11.7364
101 13.7353  10
144    12.1222
145    11.7334
146    10.4639
147    12.3185
148    12.3745
149    12.5574
150    7.15455
151    7.51161
152    8.67766
153    12.4855
102 13.5369  2
154    8.33799
174    7.80917
103 12.889  1
239    0
104 10.7732  3
208    7.8804
209    9.88198
210    10.4181
105 13.8641  1
239    0
106 13.9575  1
199    9.74081
107 14.2624  4
118    8.48979
119    11.872
120    10.9166
143    12.2888
108 5.25758  1
239    0
109 5.85269  1
155    11.27
110 7.79611  1
239    0
111 14.1424  1
239    0
112 14.8663  3
121    7.79653
183    12.3501
231    11.0427
113 7.22999  1
197    8.83532
114 12.2939  1
239    0
115 8.82977  1
222    7.51161
116 7.51778  1
143    8.61742
117 13.2336  1
239    0
118 11.8984  5
121    7.00018
124    11.0321
154    12.9198
197    7.0315
200    11.0321
119 7.53822  1
122    8.20103
120 13.3004  3
196    11.4068
198    7.83718
201    7.54585
121 12.1166  10
132    12.9002
133    8.27409
134    11.1676
135    8.61632
136    12.2851
137    12.2657
138    12.2022
139    11.9947
140    11.3172
141    9.10486
122 8.25083  2
143    12.2412
196    9.52364
123 5.62716  1
239    0
124 7.05969  1
239    0
125 11.7379  3
194    12.9663
197    7.00751
203    8.61632
126 7.01422  3
180    7.20545
181    7.67788
182    9.22059
127 11.5893  1
239    0
128 6.52867  1
239    0
129 10.0035  1
142    11.8865
130 11.3506  1
239    0
131 5.74953  1
155    11.9402
132 7.45918  1
239    0
133 13.0422  1
239    0
134 11.2737  2
174    10.1125
183    12.478
135 5.49837  1
239    0
136 6.63915  1
239    0
137 10.3645  1
155    9.29786
138 12.5295  1
194    8.82488
139 9.59914  1
239    0
140 10.0301  1
239    0
141 11.4373  1
194    11.2315
142 6.03244  1
239    0
143 8.38328  1
239    0
144 6.0596  1
239    0
145 8.47179  1
196    10.9166
146 6.34861  1
211    12.169
147 9.41572  1
239    0
148 9.43129  1
183    11.7364
149 9.48195  1
201    10.8398
150 9.64736  1
239    0
151 10.1875  1
183    8.25834
152 11.9515  3
155    7.37629
197    9.39729
201    8.78954
153 7.71157  1
239    0
154 13.8665  1
239    0
155 13.9654  1
239    0
156 14.2883  2
174    9.08307
195    11.872
157 5.34242  1
174    9.65877
158 6.1298  4
162    10.8104
163    7.44972
164    8.47551
165    11.8253
159 8.70098  1
230    11.27
160 7.09723  1
239    0
161 11.8603  2
203    8.27409
222    7.15455
162 7.41371  1
239    0
163 12.8939  1
239    0
164 10.7894  1
239    0
165 13.9169  1
239    0
166 14.1299  1
239    0
167 14.8254  2
195    8.48979
231    7.9172
168 7.09632  1
231    8.47551
169 11.8572  1
239    0
170 7.40364  1
222    10.4639
171 12.861  1
239    0
172 10.6816  1
239    0
173 13.565  1
174    7.61946
174 12.9809  7
223    8.67766
224    12.4855
225    12.9198
226    8.33799
227    11.3764
228    9.29786
229    8.51067
175 11.0732  1
239    0
176 14.8437  1
203    12.9002
177 7.15613  1
239    0
178 12.0525  1
239    0
179 8.04147  1
198    8.20103
180 14.9438  1
222    11.7334
181 7.48299  1
193    8.29368
182 13.1201  9
184    8.25779
185    11.1143
186    8.44218
187    11.7166
188    10.409
189    12.139
190    11.7885
191    10.6439
192    12.9062
183 11.5276  2
199    10.6633
203    11.1676
184 6.32756  10
212    11.8865
213    10.9638
214    7.95071
215    10.1116
216    11.168
217    8.61742
218    12.2888
219    12.2776
220    12.2412
221    12.1222
185 9.34675  1
239    0
186 9.20606  7
232    7.29902
233    7.98349
234    10.2187
235    11.5177
236    9.75948
237    10.018
238    10.8624
187 8.74645  1
197    7.36567
188 7.24555  5
204    12.2022
205    11.9947
206    11.3172
207    9.10486
222    12.3185
189 12.3446  1
239    0
190 8.99548  1
231    10.8104
191 8.05887  1
200    11.9074
192 5.00031  1
239    0
193 5.01251  1
239    0
194 5.05249  1
239    0
195 5.18311  1
239    0
196 5.60945  1
203    12.2657
197 7.00171  1
239    0
198 11.5484  1
239    0
199 6.39531  1
239    0
200 9.56801  1
239    0
201 9.92843  1
239    0
202 11.1055  1
239    0
203 14.9493  1
239    0
204 7.50099  1
239    0
205 13.179  1
239    0
206 11.7202  1
239    0
207 6.95624  1
239    0
208 11.3997  1
239    0
209 5.90976  1
239    0
210 7.98257  1
239    0
211 14.7516  1
239    0
212 6.85522  1
239    0
213 11.0701  1
230    11.139
214 14.8337  1
239    0
215 7.12348  1
239    0
216 11.946  1
239    0
217 7.69387  1
239    0
218 13.8086  1
239    0
219 13.7762  1
230    8.52293
220 13.6703  1
239    0
221 13.3245  1
239    0
222 12.1953  1
239    0
223 8.5081  1
239    0
224 6.46733  1
231    11.8253
225 9.80331  1
239    0
226 10.6969  1
239    0
227 13.6151  1
239    0
228 13.1442  1
239    0
229 11.6063  1
239    0
230 6.58452  1
239    0
231 10.186  1
239    0
232 11.9466  1
239    0
233 7.6957  1
239    0
234 13.8147  1
239    0
235 13.796  1
239    0
236 13.7353  1
239    0
237 13.5369  1
239    0
238 12.889  1
239    0
239 0  0
