111
0 14.1424  8
1    11.9947
2    9.10486
13    12.3185
14    12.4855
18    8.20853
21    9.65877
69    12.2412
70    12.3745
1 14.8663  7
2    11.3172
3    7.8804
16    11.139
21    9.68917
30    9.22059
48    9.60805
57    11.1676
2 7.22999  5
13    12.2776
18    10.9536
50    8.17374
68    8.61742
69    12.2776
3 12.2939  10
4    9.88198
5    10.4181
6    12.169
7    11.8865
8    10.9638
9    7.95071
10    10.1116
11    11.168
12    8.61742
13    12.3745
4 8.82977  2
13    10.4639
16    11.9402
5 7.51778  2
13    12.2888
15    12.9198
6 13.2336  3
14    8.67766
20    7.29902
50    9.95706
7 11.8984  5
13    12.2412
17    8.52293
18    8.23582
19    10.0021
20    11.8253
8 7.53822  5
16    8.51067
20    10.7642
37    12.8953
47    8.48979
48    9.24787
9 13.3004  3
16    8.33799
19    10.8104
20    10.018
10 12.1166  7
18    11.9803
20    10.8624
21    7.80917
47    11.2315
50    10.929
96    7.63576
98    9.78841
11 8.25083  6
13    12.1222
14    7.15455
16    11.3764
18    8.9505
21    9.08307
48    9.52364
12 5.62716  6
13    11.7334
14    12.5574
18    11.0427
20    11.5177
21    9.78841
57    8.61632
13 7.05969  6
14    7.51161
18    11.27
21    9.64943
48    11.872
50    8.5006
96    10.8624
14 11.7379  3
20    8.47551
21    7.63576
87    10.0021
15 7.01422  5
16    9.29786
18    7.37629
20    7.98349
21    7.61946
99    8.62694
16 11.5893  4
18    7.9172
20    9.75948
50    11.9074
68    10.1116
17 6.52867  2
57    8.27409
69    11.7334
18 10.0035  6
19    7.44972
20    10.2187
49    7.00751
50    7.83718
57    12.2851
95    11.5177
19 11.3506  9
22    10.1125
23    11.1709
24    8.62694
25    12.3199
26    12.3793
27    12.573
28    7.20545
29    7.67788
96    9.02997
20 5.74953  1
21    9.02997
21 7.45918  8
31    8.25834
32    11.1162
33    8.44823
34    11.7364
35    10.4736
36    12.3501
49    9.39729
50    11.0321
22 13.0422  10
38    11.1143
39    8.44218
40    11.7166
41    10.409
42    12.139
43    11.7885
44    10.6439
45    12.9062
46    8.29368
48    8.34733
23 11.2737  4
47    12.9663
48    10.9166
49    7.10987
68    11.168
24 5.49837  1
48    11.4068
25 6.63915  3
49    7.36567
57    12.9002
99    12.3199
26 10.3645  1
110    0
27 12.5295  1
37    12.478
28 9.59914  1
70    12.3185
29 10.0301  1
48    7.79653
30 11.4373  1
110    0
31 6.03244  2
37    8.25779
69    12.1222
32 8.38328  2
49    7.0315
70    7.15455
33 6.0596  1
47    8.82488
34 8.47179  3
50    9.74081
70    10.4639
79    8.52293
35 6.34861  1
49    8.20103
36 9.41572  1
49    7.00018
37 9.43129  1
50    12.9696
38 9.48195  2
95    10.018
99    11.1709
39 9.64736  7
51    10.8398
52    7.54585
53    8.78954
54    12.8509
55    8.11313
80    8.9505
96    9.08307
40 10.1875  1
110    0
41 11.9515  1
99    10.1125
42 7.71157  2
79    11.27
99    12.573
43 13.8665  1
110    0
44 13.9654  3
49    8.83532
50    10.6633
70    8.67766
45 14.2883  1
57    12.2657
46 5.34242  7
81    7.37629
82    8.23582
83    11.0427
84    8.20853
85    10.9536
86    7.9172
97    7.80917
47 6.1298  10
100    7.67788
101    9.22059
102    8.25834
103    11.1162
104    8.44823
105    11.7364
106    10.4736
107    12.3501
108    12.478
109    12.8953
48 8.70098  1
99    12.3793
49 7.09723  1
110    0
50 11.8603  1
56    10.6421
51 7.41371  1
70    12.5574
52 12.8939  1
110    0
53 10.7894  1
110    0
54 13.9169  1
110    0
55 14.1299  3
57    12.2022
95    10.2187
97    9.64943
56 14.8254  10
58    11.9947
59    11.3172
60    9.10486
61    7.8804
62    9.88198
63    10.4181
64    12.169
65    11.8865
66    10.9638
67    7.95071
57 7.09632  1
110    0
58 11.8572  1
110    0
59 7.40364  1
110    0
60 12.861  1
110    0
61 10.6816  1
79    11.9803
62 13.565  2
68    12.2888
70    7.51161
63 12.9809  1
95    9.75948
64 11.0732  1
110    0
65 14.8437  1
110    0
66 7.15613  8
71    12.4855
72    12.9198
73    8.33799
74    11.3764
75    9.29786
76    8.51067
77    11.9402
78    11.139
67 12.0525  1
110    0
68 8.04147  1
110    0
69 14.9438  1
110    0
70 7.48299  1
110    0
71 13.1201  1
110    0
72 11.5276  1
110    0
73 6.32756  1
98    9.68917
74 9.34675  1
110    0
75 9.20606  1
110    0
76 8.74645  1
110    0
77 7.24555  1
110    0
78 12.3446  1
99    7.20545
79 8.99548  1
110    0
80 8.05887  1
110    0
81 5.00031  1
110    0
82 5.01251  1
97    9.65877
83 5.05249  1
96    7.61946
84 5.18311  1
110    0
85 5.60945  1
110    0
86 7.00171  1
110    0
87 11.5484  7
88    10.8104
89    7.44972
90    8.47551
91    11.8253
92    10.7642
93    7.29902
94    7.98349
88 6.39531  1
110    0
89 9.56801  1
110    0
90 9.92843  1
110    0
91 11.1055  1
110    0
92 14.9493  1
110    0
93 7.50099  1
110    0
94 13.179  1
110    0
95 11.7202  1
110    0
96 6.95624  1
110    0
97 11.3997  1
110    0
98 5.90976  1
110    0
99 7.98257  1
110    0
100 14.7516  1
110    0
101 6.85522  1
110    0
102 11.0701  1
110    0
103 14.8337  1
110    0
104 7.12348  1
110    0
105 11.946  1
110    0
106 7.69387  1
110    0
107 13.8086  1
110    0
108 13.7762  1
110    0
109 13.6703  1
110    0
110 0  0
