120
0 8.70098  7
1    45.1498
2    38.1788
3    45.4154
4    39.0458
5    48.9421
6    43.1347
8    62.8649
1 7.09723  1
5    48.2472
2 11.8603  4
5    50.5626
6    55.8545
7    61.8963
28    64.8315
3 7.41371  3
5    48.2939
40    41.0051
70    60.6108
4 12.8939  2
5    48.4458
71    43.3883
5 10.7894  5
9    36.0273
10    38.3894
11    46.1029
12    41.2917
13    55.5808
6 13.9169  1
7    61.5996
7 14.1299  3
40    36.8284
51    64.2547
71    61.8725
8 14.8254  1
71    62.7871
9 7.09632  3
14    42.2411
15    58.6818
71    35.7727
10 11.8572  1
119    0
11 7.40364  2
17    61.7507
28    41.4684
12 12.861  3
16    52.3681
28    42.449
52    53.2104
13 10.6816  1
104    48.4458
14 13.565  1
28    64.5312
15 12.9809  10
18    62.3898
19    64.4763
20    41.2889
21    55.5716
22    42.2109
23    58.5829
24    52.0449
25    60.6951
26    58.9427
27    53.2196
16 11.0732  1
28    44.1244
17 14.8437  1
119    0
18 7.15613  6
64    52.0907
65    60.8452
66    59.4325
67    54.819
68    39.7536
69    50.558
19 12.0525  1
119    0
20 8.04147  1
28    56.1576
21 14.9438  2
39    35.0375
40    35.5493
22 7.48299  1
119    0
23 13.1201  1
119    0
24 11.5276  3
29    59.3602
30    54.5828
88    54.7678
25 6.32756  7
32    48.0403
33    47.6182
34    46.2394
35    41.7367
36    57.0338
37    46.9865
52    40.5657
26 9.34675  1
38    44.1766
27 9.20606  1
39    35.1575
28 8.74645  2
51    37.7293
70    43.0871
29 7.24555  1
31    38.9827
30 12.3446  10
41    54.6451
42    39.1859
43    48.704
44    49.7853
45    53.3166
46    64.848
47    42.503
48    59.5369
49    55.1605
50    40.8687
31 8.99548  1
119    0
32 8.05887  1
119    0
33 5.00031  4
58    61.0109
59    59.9736
60    56.586
61    45.5243
34 5.01251  1
119    0
35 5.05249  1
70    55.8399
36 5.18311  1
119    0
37 5.60945  1
71    37.5581
38 7.00171  3
39    35.0009
71    58.6671
88    54.0518
39 11.5484  1
70    61.3881
40 6.39531  2
51    54.1992
88    39.586
41 9.56801  1
70    61.2059
42 9.92843  1
71    61.5923
43 11.1055  1
119    0
44 14.9493  4
53    64.501
54    41.3704
55    55.838
56    43.0816
45 7.50099  1
119    0
46 13.179  2
57    61.4257
70    61.444
47 11.7202  1
119    0
48 6.95624  2
62    39.402
63    49.4099
49 11.3997  1
71    52.3196
50 5.90976  2
51    43.9477
57    61.3286
51 7.98257  1
119    0
52 14.7516  5
89    37.2486
90    42.3775
91    59.1267
92    53.8211
93    36.4951
53 6.85522  1
119    0
54 11.0701  1
119    0
55 14.8337  1
119    0
56 7.12348  1
119    0
57 11.946  7
72    62.4273
73    64.599
74    41.69
75    56.8818
76    46.4893
77    42.5533
78    59.7008
58 7.69387  1
119    0
59 13.8086  1
88    50.0105
60 13.7762  1
119    0
61 13.6703  1
119    0
62 13.3245  1
104    48.2472
63 12.1953  1
119    0
64 8.5081  9
79    55.6952
80    42.6147
81    59.9013
82    56.3498
83    44.7525
84    36.8815
85    41.1791
86    55.2136
87    41.0427
65 6.46733  1
119    0
66 9.80331  1
119    0
67 10.6969  9
105    55.8545
106    43.1347
107    61.5996
108    61.8963
109    62.8649
110    36.0273
111    38.3894
112    46.1029
113    41.2917
68 13.6151  1
119    0
69 13.1442  1
119    0
70 11.6063  1
119    0
71 6.58452  1
119    0
72 10.186  1
119    0
73 11.9466  1
119    0
74 7.6957  1
119    0
75 13.8147  1
119    0
76 13.796  5
94    39.9174
95    51.0936
96    57.5886
97    48.7974
98    50.0902
77 13.7353  1
119    0
78 13.5369  1
104    48.9421
79 12.889  1
119    0
80 10.7732  1
119    0
81 13.8641  1
119    0
82 13.9575  5
99    54.3118
100    38.0973
101    45.1498
102    38.1788
103    45.4154
83 14.2624  5
114    55.5808
115    42.2411
116    58.6818
117    52.3681
118    61.7507
84 5.25758  1
119    0
85 5.85269  1
104    48.2939
86 7.79611  1
104    39.0458
87 14.1424  1
119    0
88 14.8663  1
119    0
89 7.22999  1
104    50.5626
90 12.2939  1
119    0
91 8.82977  1
119    0
92 7.51778  1
119    0
93 13.2336  1
119    0
94 11.8984  1
119    0
95 7.53822  1
119    0
96 13.3004  1
119    0
97 12.1166  1
119    0
98 8.25083  1
119    0
99 5.62716  1
119    0
100 7.05969  1
119    0
101 11.7379  1
119    0
102 7.01422  1
119    0
103 11.5893  1
119    0
104 6.52867  1
119    0
105 10.0035  1
119    0
106 11.3506  1
119    0
107 5.74953  1
119    0
108 7.45918  1
119    0
109 13.0422  1
119    0
110 11.2737  1
119    0
111 5.49837  1
119    0
112 6.63915  1
119    0
113 10.3645  1
119    0
114 12.5295  1
119    0
115 9.59914  1
119    0
116 10.0301  1
119    0
117 11.4373  1
119    0
118 6.03244  1
119    0
119 0  0
