218
0 12.0525  7
1    1.10427
11    1.15177
22    1.2573
31    0.825779
113    0.829368
181    1.06439
203    1.08398
1 8.04147  9
2    0.820853
3    1.09536
4    0.79172
5    1.00021
6    1.08104
7    0.744972
22    1.23199
31    1.17885
116    0.974081
2 14.9438  6
8    0.847551
11    0.975948
44    0.883532
119    1.06421
181    1.29663
203    0.817374
3 7.48299  3
11    1.08624
108    0.720545
157    0.902997
4 13.1201  10
12    0.761946
13    0.902997
14    0.763576
15    0.908307
16    0.780917
17    0.964943
18    0.965877
19    0.968917
20    0.978841
21    1.01125
5 11.5276  3
11    1.0018
22    0.767788
44    0.710987
6 6.32756  4
10    1.07642
11    0.729902
114    0.924787
118    1.10321
7 9.34675  2
22    0.720545
44    0.700751
8 9.20606  4
9    1.18253
11    1.02187
22    1.11709
31    1.0409
9 8.74645  2
11    0.798349
31    1.2139
10 7.24555  9
187    0.952364
188    0.924787
189    0.834733
190    1.14068
191    0.939729
192    0.883532
193    0.700018
194    0.700751
195    0.703149
11 12.3446  2
22    1.23793
31    1.28953
12 8.99548  4
31    1.06439
112    1.0409
118    0.817374
215    1.01116
13 8.05887  6
40    0.924787
41    0.834733
42    1.14068
43    0.939729
44    0.703149
116    0.703149
14 5.00031  5
22    0.862694
31    1.11143
116    0.783718
181    1.12315
203    1.28509
15 5.01251  8
45    0.736567
46    0.820103
47    1.0929
48    0.783718
49    0.974081
50    0.995706
51    1.06633
52    1.29696
16 5.05249  1
108    0.825834
17 5.18311  1
217    0
18 5.60945  2
79    1.29198
137    0.751161
19 7.00171  4
23    0.922059
24    0.825834
71    1.22412
118    1.08398
20 11.5484  1
146    0.737629
21 6.39531  2
32    0.882488
70    1.09638
22 9.56801  1
113    0.848979
23 9.92843  9
25    1.11162
26    0.844823
27    1.17364
28    1.04736
29    1.23501
30    1.24779
31    0.844218
108    1.17364
112    0.844218
24 11.1055  2
107    1.23793
137    0.715455
25 14.9493  8
53    0.85006
54    1.19074
55    1.10321
56    0.817374
57    1.08398
58    0.754585
59    0.878954
179    1.11143
26 7.50099  5
31    1.17166
112    1.2139
146    0.89505
157    0.798349
214    1.2169
27 13.179  6
31    1.29062
32    1.12315
61    0.811313
70    1.01116
71    1.04639
118    1.29696
28 11.7202  2
32    0.829368
157    0.729902
29 6.95624  3
71    0.861742
120    1.19947
203    0.754585
30 11.3997  7
33    1.29663
34    0.848979
35    1.1872
36    1.09166
37    0.779653
38    0.960805
39    0.952364
31 5.90976  3
109    1.23501
110    1.24779
111    1.28953
32 7.98257  1
217    0
33 14.7516  1
217    0
34 6.85522  1
180    1.2139
35 11.0701  8
92    1.07642
93    0.729902
94    0.798349
95    1.02187
96    1.15177
97    0.975948
98    1.0018
99    1.08624
36 14.8337  2
81    0.737629
107    1.23199
37 7.12348  3
44    0.700018
113    1.1872
114    1.09166
38 11.946  1
214    1.18865
39 7.69387  1
116    0.736567
40 13.8086  8
62    0.861632
63    1.22851
64    1.22657
65    1.22022
66    1.19947
67    1.13172
68    0.910486
69    0.78804
41 13.7762  3
70    1.1168
80    0.833799
116    0.710987
42 13.6703  2
112    1.29062
179    1.0409
43 13.3245  1
147    0.823582
44 12.1953  1
157    1.15177
45 8.5081  4
81    1.13764
112    0.825779
214    0.78804
216    0.861742
46 6.46733  1
70    1.04181
47 9.80331  3
119    0.827409
120    1.22022
179    0.844218
48 10.6969  3
70    0.988198
112    1.11143
113    0.882488
49 13.6151  9
72    1.23185
73    1.23745
74    1.25574
75    0.715455
76    0.751161
77    0.867766
78    1.24855
81    0.851067
214    0.795071
50 13.1442  1
81    0.929786
51 11.6063  1
217    0
52 6.58452  2
61    1.11676
134    1.17334
53 10.186  3
61    1.29002
81    1.19803
120    1.13172
54 11.9466  3
71    1.22888
81    1.1139
114    0.779653
55 7.6957  3
61    0.827409
70    1.18865
107    1.11709
56 13.8147  2
60    1.28509
157    1.08624
57 13.796  2
61    1.06421
118    1.06633
58 13.7353  2
70    0.795071
216    1.1168
59 13.5369  2
81    1.19402
204    0.811313
60 12.889  2
81    0.89505
108    0.844823
61 10.7732  2
82    0.823582
181    0.882488
62 13.8641  2
118    1.19074
119    1.22851
63 13.9575  3
71    1.21222
119    1.28509
197    0.736567
64 14.2624  4
114    0.952364
115    0.939729
119    1.11676
137    1.23745
65 5.25758  1
217    0
66 5.85269  1
217    0
67 7.79611  3
70    1.2169
71    1.22776
108    1.04736
68 14.1424  3
71    1.17334
81    1.127
108    0.767788
69 14.8663  1
113    1.12315
70 7.22999  2
116    0.700751
118    0.754585
71 12.2939  2
108    1.11162
112    1.17885
72 8.82977  1
120    1.22657
73 7.51778  1
217    0
74 13.2336  1
115    0.700018
75 11.8984  9
100    0.761946
101    0.902997
102    0.763576
103    0.908307
104    0.780917
105    0.964943
106    0.965877
113    1.29663
216    1.22412
76 7.53822  2
81    0.852293
115    0.883532
77 13.3004  2
107    0.978841
214    0.988198
78 12.1166  2
107    1.01125
119    0.861632
79 8.25083  2
107    0.968917
157    1.0018
80 5.62716  1
197    1.0929
81 7.05969  10
83    1.10427
84    0.820853
85    1.09536
86    0.79172
87    1.00021
88    1.08104
89    0.744972
90    0.847551
91    1.18253
137    1.25574
82 11.7379  1
120    0.78804
83 7.01422  1
217    0
84 11.5893  2
108    1.2573
147    1.10427
85 6.52867  2
114    0.834733
116    1.0929
86 10.0035  1
217    0
87 11.3506  1
217    0
88 5.74953  1
157    0.975948
89 7.45918  1
217    0
90 13.0422  1
116    0.820103
91 11.2737  2
157    0.761946
179    0.825779
92 5.49837  1
119    1.29002
93 6.63915  3
112    1.17166
115    1.14068
124    1.18865
94 10.3645  1
217    0
95 12.5295  1
217    0
96 9.59914  1
146    1.127
97 10.0301  1
217    0
98 11.4373  2
114    0.960805
120    0.910486
99 6.03244  1
217    0
100 8.38328  1
217    0
101 6.0596  1
118    0.878954
102 8.47179  1
107    0.862694
103 6.34861  1
137    1.24855
104 9.41572  1
217    0
105 9.43129  1
117    0.995706
106 9.48195  1
217    0
107 9.64736  3
108    0.922059
112    1.06439
118    0.85006
108 10.1875  2
135    1.04639
136    1.23185
109 11.9515  1
217    0
110 7.71157  6
162    0.965877
163    0.968917
164    0.978841
165    1.01125
166    1.11709
198    1.06633
111 13.8665  2
177    1.17364
178    1.04736
112 13.9654  1
119    0.811313
113 14.2883  1
217    0
114 5.34242  9
148    0.820853
149    1.09536
150    0.79172
151    1.00021
152    1.08104
153    0.744972
154    0.847551
155    1.18253
181    1.29062
115 6.1298  1
217    0
116 8.70098  1
217    0
117 7.09723  9
138    1.29198
139    0.833799
140    1.13764
141    0.929786
142    0.851067
143    1.19402
144    1.1139
145    0.852293
214    0.910486
118 11.8603  1
217    0
119 7.41371  3
121    0.988198
122    1.04181
123    1.2169
120 12.8939  1
217    0
121 10.7894  3
211    1.22657
212    1.22022
213    1.19947
122 13.9169  2
137    0.867766
146    1.19803
123 14.1299  9
125    1.09638
126    0.795071
127    1.01116
128    1.1168
129    0.861742
130    1.22888
131    1.22776
132    1.22412
133    1.21222
124 14.8254  1
217    0
125 7.09632  1
217    0
126 11.8572  1
214    1.04181
127 7.40364  1
217    0
128 12.861  1
217    0
129 10.6816  1
217    0
130 13.565  1
217    0
131 12.9809  1
217    0
132 11.0732  1
197    0.783718
133 14.8437  1
156    1.07642
134 7.15613  1
197    0.820103
135 12.0525  1
217    0
136 8.04147  1
179    1.23501
137 14.9438  1
179    1.17166
138 7.48299  1
217    0
139 13.1201  1
157    1.02187
140 11.5276  1
196    0.710987
141 6.32756  1
217    0
142 9.34675  1
217    0
143 9.20606  1
217    0
144 8.74645  1
217    0
145 7.24555  1
217    0
146 12.3446  1
217    0
147 8.99548  1
217    0
148 8.05887  1
217    0
149 5.00031  2
179    1.28953
181    0.829368
150 5.01251  4
158    0.763576
159    0.908307
160    0.780917
161    0.964943
151 5.05249  1
217    0
152 5.18311  1
217    0
153 5.60945  1
217    0
154 7.00171  1
217    0
155 11.5484  10
167    0.862694
168    1.23199
169    1.23793
170    1.2573
171    0.720545
172    0.767788
173    0.922059
174    0.825834
175    1.11162
176    0.844823
156 6.39531  1
217    0
157 9.56801  1
217    0
158 9.92843  1
217    0
159 11.1055  1
217    0
160 14.9493  1
217    0
161 7.50099  1
181    1.17885
162 13.179  1
217    0
163 11.7202  1
217    0
164 6.95624  1
216    1.21222
165 11.3997  1
182    0.848979
166 5.90976  1
217    0
167 7.98257  2
179    1.24779
197    0.974081
168 14.7516  1
217    0
169 6.85522  1
198    0.995706
170 11.0701  1
216    1.17334
171 14.8337  1
217    0
172 7.12348  1
216    1.22776
173 11.946  1
217    0
174 7.69387  5
183    1.1872
184    1.09166
185    0.779653
186    0.960805
214    1.09638
175 13.8086  1
217    0
176 13.7762  1
217    0
177 13.6703  1
217    0
178 13.3245  1
217    0
179 12.1953  1
217    0
180 8.5081  1
217    0
181 6.46733  1
217    0
182 9.80331  1
217    0
183 10.6969  1
217    0
184 13.6151  1
217    0
185 13.1442  1
217    0
186 11.6063  1
203    0.878954
187 6.58452  1
217    0
188 10.186  7
205    1.06421
206    1.29002
207    0.827409
208    1.11676
209    0.861632
210    1.22851
214    1.13172
189 11.9466  1
217    0
190 7.6957  1
217    0
191 13.8147  1
216    1.22888
192 13.796  1
217    0
193 13.7353  4
199    1.29696
200    0.85006
201    1.19074
202    1.10321
194 13.5369  1
217    0
195 12.889  1
217    0
196 10.7732  1
217    0
197 13.8641  1
217    0
198 13.9575  1
217    0
199 14.2624  1
217    0
200 5.25758  1
217    0
201 5.85269  1
217    0
202 7.79611  1
217    0
203 14.1424  1
217    0
204 14.8663  1
217    0
205 7.22999  1
217    0
206 12.2939  1
217    0
207 8.82977  1
217    0
208 7.51778  1
217    0
209 13.2336  1
217    0
210 11.8984  1
217    0
211 7.53822  1
217    0
212 13.3004  1
217    0
213 12.1166  1
217    0
214 8.25083  1
217    0
215 5.62716  1
217    0
216 7.05969  1
217    0
217 0  0
