47
0 14.8337  9
1    11.0427
2    8.20853
3    10.9536
4    7.9172
5    10.0021
6    10.8104
7    8.47551
8    10.8624
10    8.62694
1 7.12348  4
7    11.8253
8    9.02997
9    7.63576
10    12.3199
2 11.946  1
8    7.98349
3 7.69387  4
7    10.7642
8    11.5177
9    9.08307
44    7.83718
4 13.8086  3
7    7.44972
8    7.61946
9    7.80917
5 13.7762  2
8    10.2187
10    11.1709
6 13.6703  4
7    7.29902
8    9.75948
10    10.1125
45    11.9074
7 13.3245  3
8    10.018
10    9.78841
43    7.00018
8 12.1953  2
9    9.64943
10    9.68917
9 8.5081  1
10    9.65877
10 6.46733  1
11    12.3793
11 9.80331  8
12    12.573
13    7.20545
14    7.67788
15    9.22059
16    8.25834
17    11.1162
18    8.44823
19    11.7364
12 10.6969  1
46    0
13 13.6151  1
46    0
14 13.1442  1
43    9.24787
15 11.6063  1
46    0
16 6.58452  1
43    7.10987
17 10.186  6
20    10.4736
21    12.3501
22    12.478
23    12.8953
24    8.25779
44    9.74081
18 11.9466  1
44    7.36567
19 7.6957  6
27    11.7166
28    10.409
29    12.139
30    11.7885
31    10.6439
32    12.9062
20 13.8147  1
46    0
21 13.796  3
25    11.1143
26    8.44218
43    9.39729
22 13.7353  1
44    10.6633
23 13.5369  10
33    8.29368
34    11.2315
35    8.82488
36    12.9663
37    8.48979
38    11.872
39    10.9166
40    7.79653
41    9.60805
42    9.52364
24 12.889  1
46    0
25 10.7732  1
46    0
26 13.8641  1
43    11.4068
27 13.9575  1
46    0
28 14.2624  2
43    7.0315
44    9.95706
29 5.25758  1
46    0
30 5.85269  1
46    0
31 7.79611  2
43    8.83532
44    8.20103
32 14.1424  1
46    0
33 14.8663  1
46    0
34 7.22999  1
46    0
35 12.2939  1
46    0
36 8.82977  1
43    8.34733
37 7.51778  1
45    8.5006
38 13.2336  1
45    12.9696
39 11.8984  1
46    0
40 7.53822  1
44    10.929
41 13.3004  1
43    7.00751
42 12.1166  1
46    0
43 8.25083  1
46    0
44 5.62716  1
46    0
45 7.05969  1
46    0
46 0  0
