163
0 5.60945  6
1    0.910486
2    0.78804
3    1.04181
13    0.929786
14    1.127
15    1.00021
1 7.00171  4
2    0.988198
12    1.22776
13    0.852293
97    1.22888
2 11.5484  10
4    1.2169
5    1.18865
6    1.09638
7    0.795071
8    1.01116
9    1.1168
10    0.861742
11    1.22888
12    1.23745
13    1.29198
3 6.39531  2
12    1.21222
15    1.10427
4 9.56801  5
12    0.715455
13    1.1139
15    1.08104
88    1.22657
97    1.17334
5 9.92843  5
12    1.22412
13    0.867766
14    0.737629
15    1.18253
69    0.736567
6 11.1055  3
12    1.25574
13    0.833799
143    1.17166
7 14.9493  3
12    1.04639
13    1.13764
88    1.22851
8 7.50099  3
12    1.23185
15    0.744972
23    0.761946
9 13.179  5
12    0.751161
13    0.851067
15    0.820853
62    0.960805
97    1.25574
10 11.7202  3
13    1.19402
14    1.19803
15    1.09536
11 6.95624  3
12    1.17334
15    0.79172
61    0.848979
12 11.3997  3
13    1.24855
14    0.89505
15    0.847551
13 5.90976  1
15    0.823582
14 7.98257  1
162    0
15 14.7516  7
16    1.07642
17    0.729902
18    0.798349
19    1.02187
20    1.15177
21    0.975948
22    1.0018
16 6.85522  7
43    0.844823
44    1.17364
45    1.04736
46    1.23501
47    1.24779
48    1.28953
49    0.825779
17 11.0701  8
70    1.0929
71    0.783718
72    0.974081
73    0.995706
74    1.06633
75    1.29696
76    0.85006
99    0.833799
18 14.8337  1
126    0.761946
19 7.12348  2
23    1.08624
62    0.779653
20 11.946  1
97    1.23745
21 7.69387  8
63    0.952364
64    0.924787
65    0.834733
66    1.14068
67    0.939729
68    0.703149
88    1.11676
99    0.867766
22 13.8086  2
62    1.1872
69    0.820103
23 13.7762  9
24    0.902997
25    0.763576
26    0.908307
27    0.780917
28    0.964943
29    0.965877
30    0.968917
31    0.978841
32    1.01125
24 13.6703  1
62    1.09166
25 13.3245  1
143    1.2139
26 12.1953  1
162    0
27 8.5081  1
121    1.02187
28 6.46733  7
90    1.04181
91    1.2169
92    1.18865
93    1.09638
94    0.795071
95    1.01116
96    1.1168
29 9.80331  1
162    0
30 10.6969  1
50    1.11143
31 13.6151  10
51    0.844218
52    1.17166
53    1.0409
54    1.2139
55    1.17885
56    1.06439
57    1.29062
58    0.829368
59    1.12315
60    0.882488
32 13.1442  10
33    1.11709
34    0.862694
35    1.23199
36    1.23793
37    1.2573
38    0.720545
39    0.767788
40    0.922059
41    0.825834
42    1.11162
33 11.6063  8
144    1.17885
145    1.06439
146    1.29062
147    0.829368
148    1.12315
149    0.882488
150    1.29663
151    0.848979
34 6.58452  1
88    1.13172
35 10.186  1
126    0.780917
36 11.9466  1
126    0.908307
37 7.6957  2
68    0.710987
98    0.715455
38 13.8147  2
61    1.29663
97    1.22412
39 13.796  1
162    0
40 13.7353  10
100    0.929786
101    0.851067
102    1.19402
103    1.1139
104    0.852293
105    1.19803
106    1.127
107    0.89505
108    0.737629
109    0.823582
41 13.5369  1
162    0
42 12.889  1
162    0
43 10.7732  1
162    0
44 13.8641  1
126    0.964943
45 13.9575  1
162    0
46 14.2624  1
162    0
47 5.25758  1
162    0
48 5.85269  1
162    0
49 7.79611  1
162    0
50 14.1424  1
88    0.910486
51 14.8663  1
97    1.23185
52 7.22999  1
99    1.13764
53 12.2939  1
68    0.700018
54 8.82977  1
162    0
55 7.51778  1
98    0.751161
56 13.2336  1
127    1.01125
57 11.8984  6
77    1.19074
78    1.10321
79    0.817374
80    1.08398
81    0.754585
82    0.878954
58 7.53822  3
68    0.883532
126    0.902997
127    1.11709
59 13.3004  1
162    0
60 12.1166  3
68    0.700751
88    1.19947
97    1.21222
61 8.25083  2
89    0.988198
127    0.968917
62 5.62716  3
88    0.861632
89    0.78804
99    1.24855
63 7.05969  5
83    1.28509
84    0.811313
85    1.06421
86    1.29002
87    0.827409
64 11.7379  1
162    0
65 7.01422  1
97    0.861742
66 11.5893  8
128    1.2573
129    0.720545
130    0.767788
131    0.922059
132    0.825834
133    1.11162
134    0.844823
135    1.17364
67 6.52867  1
162    0
68 10.0035  1
162    0
69 11.3506  2
97    1.22776
127    0.965877
70 5.74953  1
162    0
71 7.45918  1
162    0
72 13.0422  7
152    1.1872
153    1.09166
154    0.779653
155    0.960805
156    0.952364
157    0.924787
158    0.834733
73 11.2737  1
162    0
74 5.49837  1
162    0
75 6.63915  1
127    1.23793
76 10.3645  1
162    0
77 12.5295  1
162    0
78 9.59914  1
162    0
79 10.0301  1
162    0
80 11.4373  3
159    1.14068
160    0.939729
161    0.883532
81 6.03244  1
99    1.29198
82 8.38328  1
121    0.798349
83 6.0596  1
162    0
84 8.47179  1
162    0
85 6.34861  1
88    1.22022
86 9.41572  1
127    0.978841
87 9.43129  1
162    0
88 9.48195  1
162    0
89 9.64736  1
162    0
90 10.1875  10
110    1.10427
111    0.820853
112    1.09536
113    0.79172
114    1.00021
115    1.08104
116    0.744972
117    0.847551
118    1.18253
119    1.07642
91 11.9515  1
162    0
92 7.71157  2
97    1.04639
126    0.763576
93 13.8665  1
162    0
94 13.9654  1
162    0
95 14.2883  1
127    1.23199
96 5.34242  1
162    0
97 6.1298  1
162    0
98 8.70098  1
120    0.729902
99 7.09723  1
162    0
100 11.8603  1
162    0
101 7.41371  1
162    0
102 12.8939  1
162    0
103 10.7894  1
162    0
104 13.9169  1
162    0
105 14.1299  1
162    0
106 14.8254  1
162    0
107 7.09632  1
162    0
108 11.8572  1
162    0
109 7.40364  7
136    1.04736
137    1.23501
138    1.24779
139    1.28953
140    0.825779
141    1.11143
142    0.844218
110 12.861  1
162    0
111 10.6816  1
162    0
112 13.565  4
122    1.15177
123    0.975948
124    1.0018
125    1.08624
113 12.9809  1
162    0
114 11.0732  1
162    0
115 14.8437  1
162    0
116 7.15613  1
162    0
117 12.0525  1
162    0
118 8.04147  1
162    0
119 14.9438  1
162    0
120 7.48299  1
162    0
121 13.1201  1
162    0
122 11.5276  1
162    0
123 6.32756  1
162    0
124 9.34675  1
162    0
125 9.20606  1
127    0.862694
126 8.74645  1
162    0
127 7.24555  1
162    0
128 12.3446  1
162    0
129 8.99548  1
162    0
130 8.05887  1
162    0
131 5.00031  1
162    0
132 5.01251  1
162    0
133 5.05249  1
162    0
134 5.18311  1
162    0
135 5.60945  1
162    0
136 7.00171  1
162    0
137 11.5484  1
162    0
138 6.39531  1
162    0
139 9.56801  1
162    0
140 9.92843  1
162    0
141 11.1055  1
162    0
142 14.9493  1
143    1.0409
143 7.50099  1
162    0
144 13.179  1
162    0
145 11.7202  1
162    0
146 6.95624  1
162    0
147 11.3997  1
162    0
148 5.90976  1
162    0
149 7.98257  1
162    0
150 14.7516  1
162    0
151 6.85522  1
162    0
152 11.0701  1
162    0
153 14.8337  1
162    0
154 7.12348  1
162    0
155 11.946  1
162    0
156 7.69387  1
162    0
157 13.8086  1
162    0
158 13.7762  1
162    0
159 13.6703  1
162    0
160 13.3245  1
162    0
161 12.1953  1
162    0
162 0  0
