61
0 11.5484  5
1    0.737629
2    0.823582
5    1.08104
15    0.978841
26    1.29062
1 6.39531  4
4    0.820853
5    0.79172
6    0.847551
14    0.761946
2 9.56801  6
3    1.10427
5    1.00021
6    1.07642
14    0.968917
15    1.2573
27    0.882488
3 9.92843  4
5    0.744972
14    0.908307
15    1.11709
27    0.960805
4 11.1055  2
5    1.09536
16    0.720545
5 14.9493  5
6    1.18253
14    0.965877
15    0.862694
26    1.06439
27    1.1872
6 7.50099  8
7    0.729902
8    0.798349
9    1.02187
10    1.15177
11    0.975948
12    1.0018
13    1.08624
26    1.2139
7 13.179  1
27    1.29663
8 11.7202  9
17    0.767788
18    0.922059
19    0.825834
20    1.11162
21    0.844823
22    1.17364
23    1.04736
24    1.23501
25    1.24779
9 6.95624  4
14    0.780917
15    1.01125
26    1.17885
37    1.0929
10 11.3997  2
15    1.23793
37    0.974081
11 5.90976  2
14    0.902997
15    1.23199
12 7.98257  1
14    0.964943
13 14.7516  3
14    0.763576
26    0.844218
27    0.848979
14 6.85522  1
26    1.28953
15 11.0701  1
60    0
16 14.8337  1
26    1.11143
17 7.12348  1
26    1.0409
18 11.946  9
28    0.924787
29    0.834733
30    1.14068
31    0.939729
32    0.883532
33    0.700018
34    0.700751
35    0.703149
37    0.820103
19 7.69387  1
26    1.17166
20 13.8086  1
60    0
21 13.7762  1
36    0.736567
22 13.6703  2
26    0.825779
27    0.829368
23 13.3245  1
27    0.779653
24 12.1953  1
27    1.12315
25 8.5081  1
27    0.952364
26 6.46733  1
27    1.09166
27 9.80331  1
60    0
28 10.6969  1
60    0
29 13.6151  1
60    0
30 13.1442  1
60    0
31 11.6063  2
36    0.710987
37    0.995706
32 6.58452  1
37    0.783718
33 10.186  8
52    1.11676
53    0.861632
54    1.22851
55    1.22657
56    1.22022
57    1.19947
58    1.13172
59    0.910486
34 11.9466  1
60    0
35 7.6957  6
38    1.06633
39    1.29696
40    0.85006
41    1.19074
42    1.10321
43    0.817374
36 13.8147  1
60    0
37 13.796  1
60    0
38 13.7353  1
60    0
39 13.5369  8
44    1.08398
45    0.754585
46    0.878954
47    1.28509
48    0.811313
49    1.06421
50    1.29002
51    0.827409
40 12.889  1
60    0
41 10.7732  1
60    0
42 13.8641  1
60    0
43 13.9575  1
60    0
44 14.2624  1
60    0
45 5.25758  1
60    0
46 5.85269  1
60    0
47 7.79611  1
60    0
48 14.1424  1
60    0
49 14.8663  1
60    0
50 7.22999  1
60    0
51 12.2939  1
60    0
52 8.82977  1
60    0
53 7.51778  1
60    0
54 13.2336  1
60    0
55 11.8984  1
60    0
56 7.53822  1
60    0
57 13.3004  1
60    0
58 12.1166  1
60    0
59 8.25083  1
60    0
60 0  0
