199
0 13.565  10
1    61.2059
2    60.6108
3    58.6671
4    52.3196
5    61.5923
6    61.8725
7    62.7871
8    35.7727
9    37.5581
10    43.3883
1 12.9809  4
12    59.9013
23    59.1267
24    38.1788
167    48.7974
2 11.0732  6
24    48.4458
25    48.9421
29    41.4684
95    39.586
165    41.0427
196    38.9827
3 14.8437  4
11    62.4273
23    48.7974
26    41.2917
29    58.9427
4 7.15613  4
12    64.599
24    38.0973
25    55.8545
74    50.558
5 12.0525  5
12    55.6952
23    36.4951
24    48.2472
29    56.1576
60    53.2104
6 8.04147  5
12    41.69
24    50.0902
26    38.3894
27    58.6818
125    38.9827
7 14.9438  4
12    46.4893
26    62.8649
27    42.2109
28    60.6951
8 7.48299  3
12    56.8818
26    46.1029
27    55.5716
9 13.1201  5
12    42.5533
23    37.2486
60    55.838
95    36.8815
130    39.1859
10 11.5276  3
12    42.6147
24    45.4154
166    39.9174
11 6.32756  5
12    59.7008
13    56.3498
26    61.8963
27    52.3681
124    54.5828
12 9.34675  3
24    48.2939
27    62.3898
124    59.3602
13 9.20606  10
14    44.7525
15    36.8815
16    41.1791
17    55.2136
18    41.0427
19    54.7678
20    39.586
21    50.0105
22    54.0518
23    57.5886
14 8.74645  8
37    41.7367
38    57.0338
39    46.9865
40    44.1766
41    35.0009
101    36.4951
111    48.2472
119    58.5829
15 7.24555  3
26    42.2411
27    52.0449
94    59.7008
16 12.3446  2
23    53.8211
130    35.5493
17 8.99548  3
26    61.5996
119    60.6951
167    50.0902
18 8.05887  2
23    39.9174
151    43.0871
19 5.00031  5
35    47.6182
36    46.2394
60    41.3704
111    48.9421
151    52.0907
20 5.01251  4
23    42.3775
24    54.3118
27    61.7507
29    53.2196
21 5.05249  6
24    45.1498
26    36.0273
27    58.5829
29    44.1244
124    44.1244
166    36.4951
22 5.18311  4
23    51.0936
25    50.5626
26    43.1347
27    64.4763
23 5.60945  5
24    39.0458
26    55.5808
27    41.2889
29    64.8315
166    59.1267
24 7.00171  3
29    64.5312
119    62.3898
160    62.7871
25 11.5484  6
30    42.449
31    59.3602
32    54.5828
33    38.9827
34    48.0403
60    40.5657
26 6.39531  1
151    55.8399
27 9.56801  10
66    45.5243
67    39.402
68    49.4099
69    52.0907
70    60.8452
71    59.4325
72    54.819
73    39.7536
94    59.9013
95    41.1791
28 9.92843  2
190    60.6951
196    54.5828
29 11.1055  1
198    0
30 14.9493  1
197    41.7367
31 7.50099  6
55    55.1605
56    40.8687
57    54.1992
58    37.7293
59    43.9477
130    41.0051
32 13.179  1
128    35.0009
33 11.7202  2
112    61.5996
190    53.2196
34 6.95624  1
112    61.8963
35 11.3997  2
60    64.501
111    48.2939
36 5.90976  1
198    0
37 7.98257  2
111    43.1347
160    64.599
38 14.7516  10
42    35.0375
43    35.1575
44    35.5493
45    36.8284
46    41.0051
47    54.6451
48    39.1859
49    48.704
50    49.7853
51    53.3166
39 6.85522  1
198    0
40 11.0701  1
198    0
41 14.8337  3
95    41.0427
119    64.4763
130    36.8284
42 7.12348  1
198    0
43 11.946  5
52    64.848
53    42.503
54    59.5369
119    42.2109
167    38.0973
44 7.69387  1
95    54.7678
45 13.8086  1
130    49.7853
46 13.7762  1
95    55.2136
47 13.6703  1
119    61.7507
48 13.3245  4
75    55.8399
76    43.0871
77    61.444
78    61.3881
49 12.1953  1
60    64.2547
50 8.5081  1
198    0
51 6.46733  1
132    64.848
52 9.80331  1
165    50.0105
53 10.6969  2
60    43.0816
151    39.7536
54 13.6151  7
61    61.4257
62    61.3286
63    61.0109
64    59.9736
65    56.586
94    56.3498
119    55.5716
55 13.1442  9
86    35.7727
87    37.5581
88    43.3883
89    62.4273
90    64.599
91    41.69
92    56.8818
93    46.4893
94    55.6952
56 11.6063  1
198    0
57 6.58452  1
198    0
58 10.186  2
140    40.5657
164    59.9013
59 11.9466  1
160    43.3883
60 7.6957  5
120    58.9427
121    53.2196
122    64.5312
151    50.558
160    37.5581
61 13.8147  4
79    61.2059
80    60.6108
81    58.6671
82    52.3196
62 13.796  3
124    42.449
151    49.4099
166    54.0518
63 13.7353  1
198    0
64 13.5369  2
123    56.1576
196    59.3602
65 12.889  1
130    48.704
66 10.7732  1
198    0
67 13.8641  2
94    42.5533
165    55.2136
68 13.9575  1
198    0
69 14.2624  1
198    0
70 5.25758  1
197    46.2394
71 5.85269  2
94    42.6147
119    52.0449
72 7.79611  1
198    0
73 14.1424  2
128    57.0338
197    48.0403
74 14.8663  1
198    0
75 7.22999  4
83    61.5923
84    61.8725
85    62.7871
164    42.6147
76 12.2939  1
198    0
77 8.82977  3
112    62.8649
164    36.8815
190    58.9427
78 7.51778  2
95    44.7525
112    38.3894
79 13.2336  1
127    41.7367
80 11.8984  5
191    64.5312
192    41.4684
193    56.1576
194    44.1244
195    64.8315
81 7.53822  1
126    46.2394
82 13.3004  1
130    54.6451
83 12.1166  5
96    54.0518
97    37.2486
98    42.3775
99    59.1267
100    53.8211
84 8.25083  6
113    46.1029
114    41.2917
115    55.5808
116    42.2411
117    58.6818
118    52.3681
85 5.62716  4
95    50.0105
101    51.0936
111    50.5626
176    46.1029
86 7.05969  1
140    53.2104
87 11.7379  2
119    41.2889
167    54.3118
88 7.01422  8
133    59.5369
134    55.1605
135    40.8687
136    54.1992
137    37.7293
138    43.9477
139    64.2547
167    57.5886
89 11.5893  1
198    0
90 6.52867  1
198    0
91 10.0035  1
151    59.4325
92 11.3506  1
125    47.6182
93 5.74953  1
198    0
94 7.45918  2
164    56.3498
166    37.2486
95 13.0422  10
102    57.5886
103    48.7974
104    50.0902
105    54.3118
106    38.0973
107    45.1498
108    38.1788
109    45.4154
111    55.8545
151    39.402
96 11.2737  1
128    44.1766
97 5.49837  2
141    64.501
166    42.3775
98 6.63915  1
198    0
99 10.3645  1
101    39.9174
100 12.5295  2
110    39.0458
112    36.0273
101 9.59914  1
198    0
102 10.0301  2
111    48.4458
167    51.0936
103 11.4373  1
167    38.1788
104 6.03244  1
176    62.8649
105 8.38328  1
123    41.4684
106 6.0596  1
125    48.0403
107 8.47179  1
129    35.0375
108 6.34861  2
151    60.8452
166    53.8211
109 9.41572  1
176    61.8963
110 9.43129  1
198    0
111 9.48195  2
129    35.1575
164    42.5533
112 9.64736  1
196    42.449
113 10.1875  1
131    53.3166
114 11.9515  1
198    0
115 7.71157  1
198    0
116 13.8665  1
176    36.0273
117 13.9654  1
198    0
118 14.2883  1
198    0
119 5.34242  1
124    64.8315
120 6.1298  1
198    0
121 8.70098  1
198    0
122 7.09723  1
198    0
123 11.8603  2
128    46.9865
132    42.503
124 7.41371  1
176    38.3894
125 12.8939  6
152    61.444
153    61.3881
154    61.2059
155    60.6108
156    58.6671
157    52.3196
126 10.7894  1
151    54.819
127 13.9169  1
198    0
128 14.1299  1
198    0
129 14.8254  1
198    0
130 7.09632  1
198    0
131 11.8572  1
164    44.7525
132 7.40364  1
198    0
133 12.861  1
165    54.7678
134 10.6816  1
198    0
135 13.565  1
198    0
136 12.9809  1
198    0
137 11.0732  9
142    41.3704
143    55.838
144    43.0816
145    61.4257
146    61.3286
147    61.0109
148    59.9736
149    56.586
150    45.5243
138 14.8437  3
161    41.69
162    56.8818
163    46.4893
139 7.15613  1
198    0
140 12.0525  1
176    61.5996
141 8.04147  1
198    0
142 14.9438  1
198    0
143 7.48299  2
158    61.5923
159    61.8725
144 13.1201  1
198    0
145 11.5276  1
198    0
146 6.32756  1
198    0
147 9.34675  1
176    43.1347
148 9.20606  1
198    0
149 8.74645  1
198    0
150 7.24555  1
198    0
151 12.3446  1
164    59.7008
152 8.99548  1
160    35.7727
153 8.05887  1
198    0
154 5.00031  1
198    0
155 5.01251  1
167    45.1498
156 5.05249  1
164    55.6952
157 5.18311  1
160    62.4273
158 5.60945  1
198    0
159 7.00171  8
168    45.4154
169    39.0458
170    48.2472
171    48.2939
172    48.4458
173    48.9421
174    50.5626
175    55.8545
160 11.5484  4
180    58.6818
181    52.3681
182    61.7507
183    62.3898
161 6.39531  1
198    0
162 9.56801  1
164    41.1791
163 9.92843  1
165    39.586
164 11.1055  1
198    0
165 14.9493  1
198    0
166 7.50099  1
198    0
167 13.179  1
198    0
168 11.7202  1
198    0
169 6.95624  1
198    0
170 11.3997  1
198    0
171 5.90976  1
198    0
172 7.98257  1
198    0
173 14.7516  1
198    0
174 6.85522  6
184    64.4763
185    41.2889
186    55.5716
187    42.2109
188    58.5829
189    52.0449
175 11.0701  3
177    41.2917
178    55.5808
179    42.2411
176 14.8337  1
198    0
177 7.12348  1
198    0
178 11.946  1
198    0
179 7.69387  1
198    0
180 13.8086  1
198    0
181 13.7762  1
198    0
182 13.6703  1
198    0
183 13.3245  1
198    0
184 12.1953  1
198    0
185 8.5081  1
198    0
186 6.46733  1
198    0
187 9.80331  1
198    0
188 10.6969  1
198    0
189 13.6151  1
198    0
190 13.1442  1
198    0
191 11.6063  1
198    0
192 6.58452  1
198    0
193 10.186  1
198    0
194 11.9466  1
198    0
195 7.6957  1
198    0
196 13.8147  1
197    47.6182
197 13.796  1
198    0
198 0  0
