206
0 14.1299  5
1    12.2412
2    12.1222
12    7.37629
52    10.9166
75    11.168
1 14.8254  6
2    11.7334
3    10.4639
12    8.20853
52    7.79653
80    12.5574
190    7.51161
2 7.09632  9
4    12.3185
5    12.3745
6    12.5574
7    7.15455
8    7.51161
9    8.67766
10    11.3764
12    10.9536
54    9.24787
3 11.8572  1
10    12.4855
4 7.40364  2
10    8.33799
12    8.23582
5 12.861  2
10    9.29786
24    9.78841
6 10.6816  6
10    11.9402
12    8.9505
23    7.61946
70    11.1676
81    12.4855
173    8.61632
7 13.565  6
11    8.52293
12    7.9172
23    7.63576
24    8.62694
174    9.88198
191    12.9198
8 12.9809  4
10    12.9198
11    11.9803
12    10.0021
80    12.3745
9 11.0732  2
10    8.51067
23    10.8624
10 14.8437  7
11    11.139
12    11.27
23    10.018
24    10.1125
64    8.17374
69    8.27409
70    8.61632
11 7.15613  3
12    11.0427
53    9.60805
64    11.9074
12 12.0525  10
13    10.8104
14    7.44972
15    8.47551
16    11.8253
17    10.7642
18    7.29902
19    7.98349
20    10.2187
21    11.5177
22    9.75948
13 8.04147  2
23    9.08307
24    11.1709
14 14.9438  1
205    0
15 7.48299  2
23    7.80917
24    9.68917
16 13.1201  5
25    12.3793
26    12.573
27    7.20545
28    7.67788
29    9.22059
17 11.5276  2
23    9.02997
81    8.67766
18 6.32756  2
24    9.64943
96    8.47551
19 9.34675  4
30    8.25834
31    11.1162
70    11.9947
80    12.1222
20 9.20606  1
70    12.2657
21 8.74645  1
24    12.3199
22 7.24555  1
64    7.83718
23 12.3446  2
24    9.65877
108    9.68917
24 8.99548  1
205    0
25 8.05887  10
144    9.60805
145    9.52364
146    9.24787
147    8.34733
148    11.4068
149    9.39729
150    8.83532
151    7.00018
152    7.00751
153    7.0315
26 5.00031  7
83    11.9402
84    11.139
85    8.52293
86    11.9803
87    11.27
88    8.9505
89    7.37629
27 5.01251  1
205    0
28 5.05249  4
65    10.8398
66    7.54585
67    8.78954
68    12.8509
29 5.18311  1
129    8.44218
30 5.60945  2
52    11.872
53    9.52364
31 7.00171  7
32    8.44823
33    11.7364
34    10.4736
35    12.3501
36    12.478
37    12.8953
38    8.25779
32 11.5484  1
205    0
33 6.39531  2
64    8.5006
191    12.4855
34 9.56801  8
44    11.7885
45    10.6439
46    12.9062
47    8.29368
48    11.2315
49    8.82488
50    12.9663
51    8.48979
35 9.92843  1
205    0
36 11.1055  1
166    10.8398
37 14.9493  5
39    11.1143
40    8.44218
41    11.7166
42    10.409
43    12.139
38 7.50099  1
75    12.169
39 13.179  3
80    11.7334
96    10.7642
108    9.64943
40 11.7202  3
55    11.4068
69    10.6421
70    12.2022
41 6.95624  5
97    7.98349
98    10.2187
99    11.5177
100    9.75948
101    10.018
42 11.3997  2
75    11.8865
191    11.9402
43 5.90976  1
64    9.74081
44 7.98257  1
80    12.3185
45 14.7516  1
81    7.51161
46 6.85522  8
114    12.3793
115    12.573
116    7.20545
117    7.67788
118    9.22059
119    8.25834
120    11.1162
121    8.44823
47 11.0701  1
71    9.10486
48 14.8337  1
205    0
49 7.12348  2
54    8.34733
64    9.95706
50 11.946  2
75    10.9638
174    11.3172
51 7.69387  1
205    0
52 13.8086  3
64    10.6633
75    10.1116
174    12.169
53 13.7762  10
56    9.39729
57    8.83532
58    7.00018
59    7.00751
60    7.0315
61    7.10987
62    7.36567
63    8.20103
64    11.0321
69    12.9002
54 13.6703  2
64    12.9696
81    8.33799
55 13.3245  1
166    8.78954
56 12.1953  6
76    8.61742
77    12.2888
78    12.2776
79    12.2412
96    7.29902
165    11.0321
57 8.5081  1
205    0
58 6.46733  1
81    11.3764
59 9.80331  1
205    0
60 10.6969  5
140    8.48979
141    11.872
142    10.9166
143    7.79653
191    8.52293
61 13.6151  5
72    7.8804
73    9.88198
74    10.4181
81    9.29786
174    9.10486
62 13.1442  3
64    10.929
75    7.95071
96    11.8253
63 11.6063  1
69    8.11313
64 6.58452  1
80    10.4639
65 10.186  6
90    8.23582
91    11.0427
92    8.20853
93    10.9536
94    7.9172
95    10.0021
66 11.9466  1
80    7.15455
67 7.6957  1
107    7.80917
68 13.8147  1
70    12.2851
69 13.796  3
70    11.3172
96    10.8104
108    9.65877
70 13.7353  1
205    0
71 13.5369  1
82    8.51067
72 12.889  1
205    0
73 10.7732  1
205    0
74 13.8641  1
81    12.9198
75 13.9575  1
205    0
76 14.2624  1
191    8.67766
77 5.25758  1
205    0
78 5.85269  1
205    0
79 7.79611  1
205    0
80 14.1424  1
205    0
81 14.8663  1
205    0
82 7.22999  1
205    0
83 12.2939  1
205    0
84 8.82977  1
205    0
85 7.51778  1
205    0
86 13.2336  1
205    0
87 11.8984  1
205    0
88 7.53822  1
96    7.44972
89 13.3004  9
156    8.20103
157    10.929
158    7.83718
159    9.74081
160    9.95706
161    10.6633
162    12.9696
163    8.5006
164    11.9074
90 12.1166  1
173    12.2022
91 8.25083  5
109    9.78841
110    10.1125
111    11.1709
112    8.62694
113    12.3199
92 5.62716  1
205    0
93 7.05969  6
102    10.8624
103    7.61946
104    9.02997
105    7.63576
106    9.08307
173    12.2851
94 11.7379  10
130    11.7166
131    10.409
132    12.139
133    11.7885
134    10.6439
135    12.9062
136    8.29368
137    11.2315
138    8.82488
139    12.9663
95 7.01422  1
191    9.29786
96 11.5893  1
205    0
97 6.52867  8
122    11.7364
123    10.4736
124    12.3501
125    12.478
126    12.8953
127    8.25779
128    11.1143
173    11.9947
98 10.0035  1
173    12.2657
99 11.3506  1
205    0
100 5.74953  1
205    0
101 7.45918  1
205    0
102 13.0422  1
205    0
103 11.2737  1
205    0
104 5.49837  1
205    0
105 6.63915  1
205    0
106 10.3645  1
205    0
107 12.5295  1
205    0
108 9.59914  1
205    0
109 10.0301  1
205    0
110 11.4373  1
205    0
111 6.03244  1
205    0
112 8.38328  1
205    0
113 6.0596  1
205    0
114 8.47179  1
196    8.20853
115 6.34861  1
205    0
116 9.41572  1
191    11.3764
117 9.43129  1
205    0
118 9.48195  1
205    0
119 9.64736  1
205    0
120 10.1875  1
205    0
121 11.9515  1
205    0
122 7.71157  1
205    0
123 13.8665  2
174    7.8804
191    8.33799
124 13.9654  6
167    12.8509
168    8.11313
169    10.6421
170    12.9002
171    8.27409
172    11.1676
125 14.2883  1
205    0
126 5.34242  1
205    0
127 6.1298  1
205    0
128 8.70098  1
205    0
129 7.09723  1
205    0
130 11.8603  1
205    0
131 7.41371  1
205    0
132 12.8939  1
205    0
133 10.7894  1
205    0
134 13.9169  1
205    0
135 14.1299  1
205    0
136 14.8254  2
154    7.10987
155    7.36567
137 7.09632  1
205    0
138 11.8572  2
166    7.54585
191    8.51067
139 7.40364  1
205    0
140 12.861  1
205    0
141 10.6816  8
175    11.8865
176    10.9638
177    7.95071
178    10.1116
179    11.168
180    8.61742
181    12.2888
182    12.2776
142 13.565  1
205    0
143 12.9809  1
174    10.4181
144 11.0732  1
205    0
145 14.8437  1
205    0
146 7.15613  1
205    0
147 12.0525  1
205    0
148 8.04147  1
205    0
149 14.9438  1
205    0
150 7.48299  1
205    0
151 13.1201  1
190    7.15455
152 11.5276  1
205    0
153 6.32756  1
205    0
154 9.34675  1
205    0
155 9.20606  1
205    0
156 8.74645  1
205    0
157 7.24555  4
192    11.9803
193    11.27
194    8.9505
195    7.37629
158 12.3446  1
196    8.23582
159 8.99548  1
166    8.17374
160 8.05887  1
205    0
161 5.00031  1
205    0
162 5.01251  1
205    0
163 5.05249  1
205    0
164 5.18311  1
205    0
165 5.60945  1
205    0
166 7.00171  1
205    0
167 11.5484  1
205    0
168 6.39531  1
205    0
169 9.56801  1
205    0
170 9.92843  1
196    11.0427
171 11.1055  1
205    0
172 14.9493  7
183    12.2412
184    12.1222
185    11.7334
186    10.4639
187    12.3185
188    12.3745
189    12.5574
173 7.50099  1
205    0
174 13.179  1
205    0
175 11.7202  1
205    0
176 6.95624  1
205    0
177 11.3997  1
205    0
178 5.90976  1
205    0
179 7.98257  1
205    0
180 14.7516  1
205    0
181 6.85522  1
205    0
182 11.0701  1
205    0
183 14.8337  1
205    0
184 7.12348  1
205    0
185 11.946  1
205    0
186 7.69387  1
205    0
187 13.8086  1
196    10.9536
188 13.7762  1
205    0
189 13.6703  1
191    11.139
190 13.3245  1
205    0
191 12.1953  1
205    0
192 8.5081  1
205    0
193 6.46733  8
197    7.9172
198    10.0021
199    10.8104
200    7.44972
201    8.47551
202    11.8253
203    10.7642
204    7.29902
194 9.80331  1
205    0
195 10.6969  1
205    0
196 13.6151  1
205    0
197 13.1442  1
205    0
198 11.6063  1
205    0
199 6.58452  1
205    0
200 10.186  1
205    0
201 11.9466  1
205    0
202 7.6957  1
205    0
203 13.8147  1
205    0
204 13.796  1
205    0
205 0  0
