237
0 7.09723  10
1    4.10427
2    5.47678
5    4.23775
6    5.10936
7    5.43118
8    4.89421
27    6.06951
43    5.4819
96    3.91859
225    5.38211
1 11.8603  8
3    3.9586
5    3.64951
6    4.87974
7    4.82472
8    4.82939
86    5.93602
95    3.55493
149    6.28649
2 7.41371  10
3    5.00105
4    5.40518
5    3.72486
6    3.99174
7    3.81788
39    4.10051
42    6.13286
43    5.20907
86    4.14684
95    3.50375
3 12.8939  7
5    5.91267
6    5.75886
7    4.54154
8    5.58545
36    4.69865
84    4.22109
86    5.45828
4 10.7894  6
5    5.38211
6    5.00902
7    4.51498
62    5.40518
179    5.95369
181    6.4501
5 13.9169  6
7    3.80973
39    3.68284
44    3.97536
82    3.60273
97    5.41992
225    3.99174
6 14.1299  6
7    3.90458
8    5.05626
41    6.42547
44    4.30871
97    5.95369
127    4.25533
7 14.8254  1
8    4.84458
8 7.09632  10
9    4.31347
10    6.15996
11    6.18963
12    6.28649
13    3.60273
14    3.83894
15    4.61029
16    4.12917
17    5.55808
40    4.08687
9 11.8572  4
35    4.80403
39    6.4848
56    5.97008
84    5.20449
10 7.40364  10
18    4.22411
19    5.86818
20    5.23681
21    6.17507
22    6.23898
23    6.44763
24    4.12889
25    5.55716
26    4.22109
42    4.30816
11 12.861  2
35    3.89827
43    3.9402
12 10.6816  4
27    5.32196
62    4.10427
95    3.68284
216    4.64893
13 13.565  3
41    5.32104
56    4.169
71    4.51498
14 12.9809  5
57    5.99013
58    5.63498
59    4.47525
60    3.68815
61    4.11791
15 11.0732  6
38    3.55493
40    4.39477
43    6.08452
96    4.2503
128    3.68815
129    4.10427
16 14.8437  2
36    4.17367
96    4.97853
17 7.15613  3
37    3.50375
62    5.00105
127    4.64893
18 12.0525  4
36    4.41766
39    4.97853
56    4.25533
86    4.2449
19 8.04147  6
27    5.89427
84    5.55716
95    4.10051
96    5.33166
116    6.12059
227    4.84458
20 14.9438  4
40    3.77293
62    4.23775
128    4.47525
149    5.05626
21 7.48299  8
28    6.45312
29    4.14684
30    5.61576
31    4.41244
32    6.48315
33    4.2449
34    5.93602
35    5.45828
22 13.1201  5
27    5.20449
40    5.41992
83    6.44763
95    3.51575
116    6.13881
23 11.5276  2
40    5.95369
167    5.32196
24 6.32756  3
27    5.85829
39    4.8704
42    5.99736
25 9.34675  4
36    4.62394
44    5.58399
71    3.90458
168    6.48315
26 9.20606  2
43    4.94099
86    6.45312
27 8.74645  5
36    4.76182
40    5.51605
41    4.05657
129    5.00105
179    3.68284
28 7.24555  4
36    3.50009
39    5.33166
56    5.56952
83    4.22411
29 12.3446  5
39    5.46451
41    6.4501
42    6.10109
44    6.1444
116    6.1444
30 8.99548  2
54    3.75581
55    4.33883
31 8.05887  4
42    4.13704
43    5.6586
86    4.41244
97    5.51605
32 5.00031  4
36    5.70338
96    6.4848
149    4.89421
180    5.51605
33 5.01251  2
37    3.51575
116    3.97536
34 5.05249  3
82    3.83894
181    4.05657
225    3.9586
35 5.18311  4
39    3.91859
40    4.2503
84    6.06951
129    5.47678
36 5.60945  10
45    6.13881
46    6.12059
47    6.06108
48    5.86671
49    5.23196
50    6.15923
51    6.18725
52    6.27871
53    3.57727
62    3.9586
37 7.00171  4
42    5.5838
116    4.30871
149    3.60273
227    5.43118
38 11.5484  1
43    4.55243
39 6.39531  2
83    6.23898
235    5.86818
40 9.56801  2
42    6.14257
82    5.55808
41 9.92843  2
43    5.94325
181    4.13704
42 11.1055  4
44    5.0558
56    6.24273
62    3.72486
86    5.61576
43 14.9493  1
236    0
44 7.50099  1
217    4.26147
45 13.179  1
86    6.48315
46 11.7202  3
56    5.68818
128    5.52136
168    5.93602
47 6.95624  10
73    4.82939
74    4.84458
75    4.89421
76    5.05626
77    5.58545
78    4.31347
79    6.15996
80    6.18963
81    6.28649
84    4.12889
48 11.3997  3
56    6.4599
62    5.52136
83    5.86818
49 5.90976  3
63    3.64951
71    4.54154
167    4.14684
50 7.98257  2
84    5.89427
167    5.61576
51 14.7516  1
236    0
52 6.85522  3
56    4.64893
63    5.38211
149    5.58545
53 11.0701  1
116    5.94325
54 14.8337  7
64    3.99174
65    5.10936
66    5.75886
67    4.87974
68    5.00902
69    5.43118
70    3.80973
55 7.12348  2
56    4.26147
127    5.56952
56 11.946  3
71    3.81788
83    5.23681
227    3.81788
57 7.69387  1
235    4.61029
58 13.8086  2
62    5.47678
168    5.45828
59 13.7762  2
72    4.82472
130    5.40518
60 13.6703  1
236    0
61 13.3245  1
236    0
62 12.1953  2
63    5.91267
85    5.32196
63 8.5081  10
98    4.39477
99    6.42547
100    4.05657
101    5.32104
102    6.4501
103    4.13704
104    5.5838
105    4.30816
106    6.14257
107    6.13286
64 6.46733  1
236    0
65 9.80331  1
127    5.97008
66 10.6969  1
84    5.85829
67 13.6151  2
96    4.8704
179    4.8704
68 13.1442  1
83    6.17507
69 11.6063  8
87    4.80403
88    4.76182
89    4.62394
90    4.17367
91    5.70338
92    4.69865
93    4.41766
94    3.50009
70 6.58452  1
180    4.39477
71 10.186  10
157    6.17507
158    6.23898
159    6.44763
160    4.12889
161    5.55716
162    4.22109
163    5.85829
164    5.20449
165    6.06951
166    5.89427
72 11.9466  1
236    0
73 7.6957  3
82    4.61029
116    6.06108
127    4.26147
74 13.8147  1
82    4.12917
75 13.796  1
116    5.0558
76 13.7353  1
236    0
77 13.5369  1
97    4.08687
78 12.889  1
236    0
79 10.7732  1
168    4.80403
80 13.8641  2
97    3.77293
127    5.68818
81 13.9575  1
236    0
82 14.2624  1
236    0
83 5.25758  3
136    5.10936
137    5.75886
138    4.87974
84 5.85269  8
108    6.10109
109    5.99736
110    5.6586
111    4.55243
112    3.9402
113    4.94099
114    5.20907
115    6.08452
85 7.79611  1
86    3.89827
86 14.1424  1
95    5.46451
87 14.8663  1
236    0
88 7.22999  1
236    0
89 12.2939  2
130    3.72486
149    6.15996
90 8.82977  1
236    0
91 7.51778  3
117    5.86671
118    5.23196
127    4.169
92 13.2336  1
180    5.41992
93 11.8984  1
236    0
94 7.53822  1
236    0
95 13.3004  8
144    4.54154
145    3.90458
146    4.82472
147    4.82939
148    4.84458
149    4.31347
179    5.46451
235    5.23681
96 12.1166  8
119    6.15923
120    6.18725
121    6.27871
122    3.57727
123    3.75581
124    4.33883
125    6.24273
126    6.4599
97 8.25083  8
207    6.18725
208    6.27871
209    3.57727
210    3.75581
211    4.33883
212    6.24273
213    6.4599
214    4.169
98 5.62716  1
116    5.58399
99 7.05969  2
127    5.63498
149    6.18963
100 11.7379  1
127    5.99013
101 7.01422  2
179    3.91859
235    6.17507
102 11.5893  3
139    5.00902
140    5.43118
141    3.80973
103 6.52867  1
236    0
104 10.0035  1
236    0
105 11.3506  1
128    4.11791
106 5.74953  1
236    0
107 7.45918  1
116    5.4819
108 13.0422  1
236    0
109 11.2737  5
182    5.5838
183    4.30816
184    6.14257
185    6.13286
186    6.10109
110 5.49837  1
167    4.41244
111 6.63915  1
236    0
112 10.3645  1
179    4.97853
113 12.5295  1
236    0
114 9.59914  8
150    3.83894
151    4.61029
152    4.12917
153    5.55808
154    4.22411
155    5.86818
156    5.23681
227    4.51498
115 10.0301  1
225    5.91267
116 11.4373  1
236    0
117 6.03244  1
236    0
118 8.38328  1
180    3.77293
119 6.0596  1
236    0
120 8.47179  1
236    0
121 6.34861  1
236    0
122 9.41572  5
228    4.89421
229    5.05626
230    5.58545
231    4.31347
232    6.15996
123 9.43129  2
129    3.9586
226    4.87974
124 9.48195  7
218    5.99013
219    5.63498
220    4.47525
221    3.68815
222    4.11791
223    5.52136
224    4.10427
125 9.64736  5
131    4.23775
132    5.91267
133    5.38211
134    3.64951
135    3.99174
126 10.1875  1
236    0
127 11.9515  1
225    5.40518
128 7.71157  3
194    5.94325
195    5.4819
196    3.97536
129 13.8665  1
236    0
130 13.9654  1
236    0
131 14.2883  1
235    5.55808
132 5.34242  7
187    5.99736
188    5.6586
189    4.55243
190    3.9402
191    4.94099
192    5.20907
193    6.08452
133 6.1298  1
216    4.25533
134 8.70098  1
236    0
135 7.09723  1
236    0
136 11.8603  3
142    4.51498
143    3.81788
181    5.32104
137 7.41371  1
180    4.08687
138 12.8939  1
179    5.33166
139 10.7894  9
170    4.62394
171    4.17367
172    5.70338
173    4.69865
174    4.41766
175    3.50009
176    3.50375
177    3.51575
178    3.55493
140 13.9169  1
236    0
141 14.1299  1
236    0
142 14.8254  1
236    0
143 7.09632  1
236    0
144 11.8572  2
216    5.97008
227    3.90458
145 7.40364  1
236    0
146 12.861  1
236    0
147 10.6816  2
167    6.45312
179    6.4848
148 13.565  2
225    5.47678
227    4.82472
149 12.9809  1
225    5.00105
150 11.0732  1
236    0
151 14.8437  1
179    4.2503
152 7.15613  1
180    6.42547
153 12.0525  1
168    4.2449
154 8.04147  1
236    0
155 14.9438  1
169    4.76182
156 7.48299  1
235    4.12917
157 13.1201  1
236    0
158 11.5276  1
236    0
159 6.32756  1
236    0
160 9.34675  1
236    0
161 9.20606  1
236    0
162 8.74645  1
236    0
163 7.24555  1
226    5.00902
164 12.3446  1
168    3.89827
165 8.99548  1
236    0
166 8.05887  1
236    0
167 5.00031  10
197    5.0558
198    5.58399
199    4.30871
200    6.1444
201    6.13881
202    6.12059
203    6.06108
204    5.86671
205    5.23196
206    6.15923
168 5.01251  1
236    0
169 5.05249  1
236    0
170 5.18311  1
226    5.10936
171 5.60945  1
236    0
172 7.00171  1
236    0
173 11.5484  1
236    0
174 6.39531  1
179    4.10051
175 9.56801  1
235    3.83894
176 9.92843  1
236    0
177 11.1055  2
225    3.64951
235    4.22411
178 14.9493  1
236    0
179 7.50099  1
236    0
180 13.179  1
236    0
181 11.7202  2
233    6.18963
234    6.28649
182 6.95624  1
225    4.23775
183 11.3997  1
215    5.68818
184 5.90976  1
236    0
185 7.98257  1
236    0
186 14.7516  2
225    3.72486
235    3.60273
187 6.85522  1
236    0
188 11.0701  1
236    0
189 14.8337  1
236    0
190 7.12348  1
236    0
191 11.946  1
236    0
192 7.69387  1
236    0
193 13.8086  1
236    0
194 13.7762  1
236    0
195 13.6703  1
236    0
196 13.3245  1
236    0
197 12.1953  1
236    0
198 8.5081  1
236    0
199 6.46733  1
236    0
200 9.80331  1
236    0
201 10.6969  1
236    0
202 13.6151  1
236    0
203 13.1442  1
236    0
204 11.6063  1
236    0
205 6.58452  1
236    0
206 10.186  1
236    0
207 11.9466  1
236    0
208 7.6957  1
236    0
209 13.8147  1
236    0
210 13.796  1
226    5.75886
211 13.7353  1
227    4.54154
212 13.5369  1
227    4.82939
213 12.889  1
236    0
214 10.7732  1
236    0
215 13.8641  1
217    5.56952
216 13.9575  1
236    0
217 14.2624  1
236    0
218 5.25758  1
236    0
219 5.85269  1
236    0
220 7.79611  1
236    0
221 14.1424  1
236    0
222 14.8663  1
236    0
223 7.22999  1
227    3.80973
224 12.2939  1
236    0
225 8.82977  1
236    0
226 7.51778  1
236    0
227 13.2336  1
236    0
228 11.8984  1
236    0
229 7.53822  1
236    0
230 13.3004  1
236    0
231 12.1166  1
236    0
232 8.25083  1
236    0
233 5.62716  1
236    0
234 7.05969  1
236    0
235 11.7379  1
236    0
236 0  0
