94
0 6.46733  4
1    59.3602
38    41.1791
39    51.0936
43    54.3118
1 9.80331  10
2    54.5828
3    38.9827
4    48.0403
5    47.6182
6    46.2394
7    41.7367
8    57.0338
9    46.9865
10    35.1575
18    43.9477
2 10.6969  4
10    36.8284
21    43.0871
38    55.2136
39    54.0518
3 13.6151  5
10    41.0051
20    52.0907
21    61.2059
39    36.4951
74    64.848
4 13.1442  2
10    54.6451
19    64.2547
5 11.6063  6
10    44.1766
18    37.7293
19    64.501
38    36.8815
39    53.8211
72    57.0338
6 6.58452  5
10    35.0009
20    56.586
43    45.4154
45    55.8545
75    40.8687
7 10.186  3
10    35.5493
20    61.0109
43    48.2472
8 11.9466  5
10    35.0375
19    43.0816
20    49.4099
40    57.5886
74    49.7853
9 7.6957  5
18    54.1992
19    55.838
21    61.3881
54    62.3898
74    53.3166
10 13.8147  10
11    39.1859
12    48.704
13    49.7853
14    53.3166
15    64.848
16    42.503
17    59.5369
21    50.558
38    54.7678
39    39.9174
11 13.796  2
39    59.1267
45    48.9421
12 13.7353  1
20    60.8452
13 13.5369  3
19    41.3704
20    61.3286
21    39.7536
14 12.889  2
20    59.9736
21    59.4325
15 10.7732  3
19    40.5657
20    61.4257
44    48.2939
16 13.8641  6
18    55.1605
20    45.5243
21    54.819
38    41.0427
72    35.0009
75    42.503
17 13.9575  3
18    40.8687
20    39.402
21    55.8399
18 14.2624  4
19    53.2104
21    61.444
38    44.7525
75    64.2547
19 5.25758  4
34    56.8818
35    46.4893
36    42.5533
37    59.7008
20 5.85269  5
22    60.6108
23    58.6671
24    52.3196
25    61.5923
39    50.0105
21 7.79611  1
93    0
22 14.1424  2
45    43.1347
74    41.0051
23 14.8663  10
26    61.8725
27    62.7871
28    35.7727
29    37.5581
30    43.3883
31    62.4273
32    64.599
33    41.69
43    45.1498
54    55.5716
24 7.22999  8
55    42.2109
56    58.5829
57    52.0449
58    60.6951
59    58.9427
60    53.2196
61    64.5312
62    41.4684
25 12.2939  8
46    61.8963
47    62.8649
48    36.0273
49    38.3894
50    46.1029
51    41.2917
52    55.5808
75    37.7293
26 8.82977  1
54    58.6818
27 7.51778  1
93    0
28 13.2336  1
72    35.0375
29 11.8984  4
38    59.9013
41    48.7974
72    46.2394
75    59.5369
30 7.53822  1
93    0
31 13.3004  2
38    55.6952
39    42.3775
32 12.1166  2
39    39.586
45    61.5996
33 8.25083  2
43    38.0973
75    55.1605
34 5.62716  2
43    39.0458
54    41.2889
35 7.05969  2
38    42.6147
43    38.1788
36 11.7379  1
38    56.3498
37 7.01422  1
39    37.2486
38 11.5893  1
93    0
39 6.52867  1
42    50.0902
40 10.0035  1
74    48.704
41 11.3506  2
54    61.7507
72    41.7367
42 5.74953  1
93    0
43 7.45918  2
45    48.4458
54    64.4763
44 13.0422  1
45    50.5626
45 11.2737  2
53    42.2411
75    53.2104
46 5.49837  1
93    0
47 6.63915  1
73    36.8284
48 10.3645  1
73    35.5493
49 12.5295  1
54    52.3681
50 9.59914  8
85    45.5243
86    39.402
87    49.4099
88    52.0907
89    60.8452
90    59.4325
91    54.819
92    39.7536
51 10.0301  1
72    46.9865
52 11.4373  1
93    0
53 6.03244  1
93    0
54 8.38328  2
72    35.1575
74    39.1859
55 6.0596  1
93    0
56 8.47179  1
93    0
57 6.34861  9
63    56.1576
64    44.1244
65    64.8315
66    42.449
67    59.3602
68    54.5828
69    38.9827
70    48.0403
71    47.6182
58 9.41572  1
93    0
59 9.43129  1
93    0
60 9.48195  2
72    44.1766
75    54.1992
61 9.64736  1
93    0
62 10.1875  1
75    43.9477
63 11.9515  1
93    0
64 7.71157  1
93    0
65 13.8665  9
76    64.501
77    41.3704
78    55.838
79    43.0816
80    61.4257
81    61.3286
82    61.0109
83    59.9736
84    56.586
66 13.9654  1
93    0
67 14.2883  1
75    40.5657
68 5.34242  1
93    0
69 6.1298  1
93    0
70 8.70098  1
74    54.6451
71 7.09723  1
93    0
72 11.8603  1
93    0
73 7.41371  1
93    0
74 12.8939  1
93    0
75 10.7894  1
93    0
76 13.9169  1
93    0
77 14.1299  1
93    0
78 14.8254  1
93    0
79 7.09632  1
93    0
80 11.8572  1
93    0
81 7.40364  1
93    0
82 12.861  1
93    0
83 10.6816  1
93    0
84 13.565  1
93    0
85 12.9809  1
93    0
86 11.0732  1
93    0
87 14.8437  1
93    0
88 7.15613  1
93    0
89 12.0525  1
93    0
90 8.04147  1
93    0
91 14.9438  1
93    0
92 7.48299  1
93    0
93 0  0
