41
0 11.2737  1
1    5.89427
1 5.49837  8
2    5.32196
3    6.45312
4    4.14684
5    5.61576
6    4.41244
7    5.45828
8    5.70338
18    4.97853
2 6.63915  3
7    4.2449
8    4.17367
18    3.91859
3 10.3645  3
7    3.89827
8    4.80403
39    3.57727
4 12.5295  2
8    4.62394
39    6.18725
5 9.59914  2
7    6.48315
18    5.95369
6 10.0301  3
7    5.93602
18    4.2503
19    6.42547
7 11.4373  2
8    4.76182
18    6.4848
8 6.03244  4
9    4.69865
10    4.41766
19    4.05657
38    5.23196
9 8.38328  1
19    6.4501
10 6.0596  9
11    3.50009
12    3.50375
13    3.51575
14    3.55493
15    3.68284
16    4.10051
17    5.46451
19    4.39477
39    3.75581
11 8.47179  2
18    4.08687
39    6.24273
12 6.34861  3
18    5.51605
19    3.77293
39    4.169
13 9.41572  1
18    4.8704
14 9.43129  2
18    5.33166
19    5.41992
15 9.48195  9
29    4.94099
30    5.20907
31    6.08452
32    5.94325
33    5.4819
34    3.97536
35    5.0558
36    5.58399
39    4.33883
16 9.64736  1
19    5.32104
17 10.1875  2
19    4.13704
38    5.86671
18 11.9515  9
20    5.5838
21    4.30816
22    6.14257
23    6.13286
24    6.10109
25    5.99736
26    5.6586
27    4.55243
28    3.9402
19 7.71157  1
40    0
20 13.8665  1
40    0
21 13.9654  1
39    5.68818
22 14.2883  1
40    0
23 5.34242  1
38    6.13881
24 6.1298  1
40    0
25 8.70098  1
37    4.30871
26 7.09723  1
38    6.06108
27 11.8603  1
40    0
28 7.41371  1
40    0
29 12.8939  1
39    6.15923
30 10.7894  1
38    6.1444
31 13.9169  1
38    6.12059
32 14.1299  1
40    0
33 14.8254  1
40    0
34 7.09632  1
40    0
35 11.8572  1
40    0
36 7.40364  1
39    6.27871
37 12.861  1
39    6.4599
38 10.6816  1
40    0
39 13.565  1
40    0
40 0  0
