97
0 6.63915  6
1    55.8399
2    43.0871
3    61.444
4    61.2059
12    62.4273
14    39.9174
1 10.3645  5
4    61.3881
12    59.7008
13    39.586
14    59.1267
68    64.501
2 12.5295  2
4    60.6108
13    42.6147
3 9.59914  5
4    58.6671
12    46.4893
13    55.2136
14    51.0936
61    35.5493
4 10.0301  9
5    52.3196
6    61.5923
7    61.8725
8    62.7871
9    35.7727
12    42.5533
13    44.7525
14    53.8211
61    41.0051
5 11.4373  3
10    37.5581
11    43.3883
14    54.0518
6 6.03244  5
12    55.6952
13    41.0427
14    57.5886
22    48.2472
61    54.6451
7 8.38328  3
12    64.599
13    54.7678
68    41.3704
8 6.0596  4
13    36.8815
14    50.0105
22    48.4458
62    48.704
9 8.47179  2
12    56.8818
14    37.2486
10 6.34861  3
13    41.1791
14    42.3775
68    53.2104
11 9.41572  4
12    41.69
13    56.3498
14    36.4951
62    49.7853
12 9.43129  4
13    59.9013
22    50.5626
49    56.1576
69    45.5243
13 9.48195  8
23    55.8545
24    43.1347
25    61.5996
26    61.8963
27    62.8649
28    36.0273
29    38.3894
69    52.0907
14 9.64736  8
15    48.7974
16    50.0902
17    54.3118
18    38.0973
19    45.1498
20    38.1788
68    37.7293
69    59.9736
15 10.1875  1
21    45.4154
16 11.9515  5
50    44.1244
51    64.8315
52    42.449
53    59.3602
54    54.5828
17 7.71157  10
36    61.7507
37    62.3898
38    64.4763
39    41.2889
40    55.5716
41    42.2109
42    58.5829
43    52.0449
44    60.6951
45    58.9427
18 13.8665  2
22    39.0458
61    36.8284
19 13.9654  1
22    48.9421
20 14.2883  1
22    48.2939
21 5.34242  1
96    0
22 6.1298  1
96    0
23 8.70098  2
55    38.9827
61    35.0009
24 7.09723  1
96    0
25 11.8603  1
68    40.5657
26 7.41371  4
56    48.0403
57    47.6182
58    46.2394
59    41.7367
27 12.8939  6
30    46.1029
31    41.2917
32    55.5808
33    42.2411
34    58.6818
35    52.3681
28 10.7894  1
96    0
29 13.9169  1
96    0
30 14.1299  1
69    61.3286
31 14.8254  1
96    0
32 7.09632  3
46    53.2196
47    64.5312
48    41.4684
33 11.8572  1
96    0
34 7.40364  1
96    0
35 12.861  1
96    0
36 10.6816  2
61    46.9865
85    37.5581
37 13.565  2
61    39.1859
69    60.8452
38 12.9809  1
69    39.402
39 11.0732  1
96    0
40 14.8437  2
68    64.2547
69    61.0109
41 7.15613  1
96    0
42 12.0525  1
96    0
43 8.04147  1
96    0
44 14.9438  2
62    64.848
69    49.4099
45 7.48299  1
96    0
46 13.1201  5
63    42.503
64    59.5369
65    55.1605
66    40.8687
67    54.1992
47 11.5276  1
96    0
48 6.32756  1
68    43.9477
49 9.34675  1
69    56.586
50 9.20606  1
61    35.1575
51 8.74645  3
61    44.1766
62    53.3166
68    55.838
52 7.24555  1
96    0
53 12.3446  1
96    0
54 8.99548  1
69    59.4325
55 8.05887  6
70    54.819
71    39.7536
72    50.558
73    55.8399
74    43.0871
75    61.444
56 5.00031  2
61    35.0375
68    61.4257
57 5.01251  1
96    0
58 5.05249  1
96    0
59 5.18311  1
60    57.0338
60 5.60945  1
96    0
61 7.00171  1
96    0
62 11.5484  1
96    0
63 6.39531  1
96    0
64 9.56801  1
96    0
65 9.92843  1
96    0
66 11.1055  1
68    43.0816
67 14.9493  1
96    0
68 7.50099  1
96    0
69 13.179  9
76    61.3881
77    61.2059
78    60.6108
79    58.6671
80    52.3196
81    61.5923
82    61.8725
83    62.7871
84    35.7727
70 11.7202  1
96    0
71 6.95624  10
86    43.3883
87    62.4273
88    64.599
89    41.69
90    56.8818
91    46.4893
92    42.5533
93    59.7008
94    55.6952
95    42.6147
72 11.3997  1
96    0
73 5.90976  1
96    0
74 7.98257  1
96    0
75 14.7516  1
96    0
76 6.85522  1
96    0
77 11.0701  1
96    0
78 14.8337  1
96    0
79 7.12348  1
96    0
80 11.946  1
96    0
81 7.69387  1
96    0
82 13.8086  1
96    0
83 13.7762  1
96    0
84 13.6703  1
96    0
85 13.3245  1
96    0
86 12.1953  1
96    0
87 8.5081  1
96    0
88 6.46733  1
96    0
89 9.80331  1
96    0
90 10.6969  1
96    0
91 13.6151  1
96    0
92 13.1442  1
96    0
93 11.6063  1
96    0
94 6.58452  1
96    0
95 10.186  1
96    0
96 0  0
