59
0 12.861  4
1    10.9638
2    10.1116
10    8.67766
45    8.44218
1 10.6816  3
2    7.95071
10    10.4639
29    7.29902
2 13.565  3
3    11.168
4    8.61742
10    12.4855
3 12.9809  6
5    12.2888
6    12.2776
7    12.2412
8    12.1222
9    11.7334
10    12.3745
4 11.0732  2
10    12.5574
43    8.25834
5 14.8437  8
50    7.0315
51    7.10987
52    7.36567
53    8.20103
54    10.929
55    7.83718
56    9.74081
57    9.95706
6 7.15613  5
10    7.51161
29    9.75948
43    7.67788
46    11.7885
47    9.24787
7 12.0525  3
10    12.3185
29    10.2187
46    11.2315
8 8.04147  1
10    12.9198
9 14.9438  2
10    7.15455
30    7.61946
10 7.48299  10
11    8.33799
12    11.3764
13    9.29786
14    8.51067
15    11.9402
16    11.139
17    8.52293
18    11.9803
19    11.27
29    11.8253
11 13.1201  1
58    0
12 11.5276  1
29    8.47551
13 6.32756  9
31    7.63576
32    9.08307
33    7.80917
34    9.64943
35    9.65877
36    9.68917
37    9.78841
38    10.1125
39    11.1709
14 9.34675  1
46    12.9663
15 9.20606  1
45    10.409
16 8.74645  2
29    7.98349
47    11.4068
17 7.24555  1
46    8.82488
18 12.3446  5
40    8.62694
41    12.3199
42    12.3793
43    12.573
47    9.52364
19 8.99548  10
20    8.9505
21    7.37629
22    8.23582
23    11.0427
24    8.20853
25    10.9536
26    7.9172
27    10.0021
28    10.8104
30    9.02997
20 8.05887  3
29    11.5177
43    11.1162
44    12.478
21 5.00031  1
58    0
22 5.01251  1
29    10.7642
23 5.05249  1
46    8.48979
24 5.18311  1
29    7.44972
25 5.60945  3
30    10.8624
43    9.22059
44    11.1143
26 7.00171  3
29    10.018
44    11.7364
45    11.7166
27 11.5484  1
58    0
28 6.39531  1
47    7.79653
29 9.56801  2
44    8.25779
47    8.34733
30 9.92843  2
46    8.29368
47    9.39729
31 11.1055  1
43    8.44823
32 14.9493  1
43    7.20545
33 7.50099  1
58    0
34 13.179  1
58    0
35 11.7202  2
44    10.4736
46    10.6439
36 6.95624  1
58    0
37 11.3997  1
46    11.872
38 5.90976  1
58    0
39 7.98257  1
58    0
40 14.7516  2
44    12.8953
46    12.9062
41 6.85522  1
47    9.60805
42 11.0701  1
46    10.9166
43 14.8337  3
44    12.3501
45    12.139
47    8.83532
44 7.12348  2
48    7.00018
49    7.00751
45 11.946  1
58    0
46 7.69387  1
58    0
47 13.8086  1
58    0
48 13.7762  1
58    0
49 13.6703  1
58    0
50 13.3245  1
58    0
51 12.1953  1
58    0
52 8.5081  1
58    0
53 6.46733  1
58    0
54 9.80331  1
58    0
55 10.6969  1
58    0
56 13.6151  1
58    0
57 13.1442  1
58    0
58 0  0
