184
0 10.186  5
1    38.1788
2    45.4154
37    47.6182
47    54.1992
93    50.5626
1 11.9466  3
2    39.0458
50    54.819
178    50.5626
2 7.6957  4
3    48.2472
4    48.2939
27    52.0449
49    52.0907
3 13.8147  10
5    48.4458
6    48.9421
7    50.5626
8    55.8545
9    43.1347
10    61.5996
11    61.8963
12    62.8649
13    36.0273
37    41.7367
4 13.796  10
14    38.3894
15    46.1029
16    41.2917
17    55.5808
18    42.2411
19    58.6818
20    52.3681
27    58.9427
28    64.5312
47    37.7293
5 13.7353  1
183    0
6 13.5369  1
39    35.0009
7 12.889  3
58    37.5581
118    39.1859
119    42.503
8 10.7732  9
29    56.1576
30    44.1244
31    64.8315
32    42.449
33    59.3602
34    54.5828
35    38.9827
36    48.0403
58    43.3883
9 13.8641  2
50    39.7536
96    41.2917
10 13.9575  7
21    61.7507
22    62.3898
23    64.4763
24    41.2889
25    55.5716
26    42.2109
39    35.1575
11 14.2624  2
27    60.6951
47    64.2547
12 5.25758  7
60    41.69
61    56.8818
62    46.4893
63    42.5533
64    59.7008
65    55.6952
66    42.6147
13 5.85269  3
55    61.5923
56    61.8725
57    62.7871
14 7.79611  8
155    62.7871
156    35.7727
157    37.5581
158    43.3883
159    62.4273
160    64.599
161    41.69
162    56.8818
15 14.1424  1
118    41.0051
16 14.8663  7
40    39.1859
41    48.704
42    49.7853
43    53.3166
44    64.848
45    42.503
46    59.5369
17 7.22999  1
37    46.2394
18 12.2939  1
38    57.0338
19 8.82977  4
28    41.4684
39    35.0375
47    41.3704
93    55.8545
20 7.51778  3
27    53.2196
39    44.1766
97    52.3681
21 13.2336  2
27    58.5829
178    48.4458
22 11.8984  1
51    55.8399
23 7.53822  4
49    49.4099
97    55.5716
118    48.704
119    59.5369
24 13.3004  3
47    40.5657
49    59.9736
165    59.1267
25 12.1166  3
39    41.0051
48    61.3286
163    42.5533
26 8.25083  2
163    46.4893
179    41.2917
27 5.62716  2
51    61.3881
179    61.8963
28 7.05969  1
39    54.6451
29 11.7379  1
183    0
30 7.01422  2
47    55.1605
94    36.0273
31 11.5893  2
39    36.8284
93    43.1347
32 6.52867  2
49    39.402
96    42.2411
33 10.0035  1
183    0
34 11.3506  4
49    61.0109
51    61.2059
58    35.7727
114    44.1766
35 5.74953  4
39    46.9865
47    40.8687
48    55.838
97    60.6951
36 7.45918  4
52    60.6108
53    58.6671
54    52.3196
164    37.2486
37 13.0422  1
164    50.0105
38 11.2737  1
39    35.5493
39 5.49837  2
47    43.9477
48    61.4257
40 6.63915  1
50    59.4325
41 10.3645  1
50    60.8452
42 12.5295  2
59    64.599
93    48.9421
43 9.59914  2
47    64.501
51    43.0871
44 10.0301  2
47    53.2104
49    56.586
45 11.4373  1
96    55.5808
46 6.03244  1
48    43.0816
47 8.38328  4
49    45.5243
50    50.558
51    61.444
97    41.2889
48 6.0596  1
183    0
49 8.47179  2
58    62.4273
93    48.4458
50 6.34861  9
72    55.2136
73    41.0427
74    54.7678
75    39.586
76    50.0105
77    54.0518
78    37.2486
79    42.3775
179    46.1029
51 9.41572  4
80    59.1267
81    53.8211
82    36.4951
83    39.9174
52 9.43129  1
183    0
53 9.48195  1
183    0
54 9.64736  2
94    62.8649
119    53.3166
55 10.1875  1
183    0
56 11.9515  1
183    0
57 7.71157  3
98    58.9427
99    53.2196
100    64.5312
58 13.8665  1
183    0
59 13.9654  8
67    59.9013
68    56.3498
69    44.7525
70    36.8815
71    41.1791
93    48.2472
114    46.9865
164    55.2136
60 14.2883  1
183    0
61 5.34242  2
94    61.8963
97    62.3898
62 6.1298  3
94    61.5996
97    42.2109
164    44.7525
63 8.70098  1
183    0
64 7.09723  5
84    51.0936
85    57.5886
86    48.7974
87    50.0902
88    54.3118
65 11.8603  3
101    41.4684
102    56.1576
103    44.1244
66 7.41371  2
93    48.2939
119    55.1605
67 12.8939  10
104    64.8315
105    42.449
106    59.3602
107    54.5828
108    38.9827
109    48.0403
110    47.6182
111    46.2394
112    41.7367
113    57.0338
68 10.7894  8
137    39.402
138    49.4099
139    52.0907
140    60.8452
141    59.4325
142    54.819
143    39.7536
144    50.558
69 13.9169  1
164    39.586
70 14.1299  1
183    0
71 14.8254  1
97    58.5829
72 7.09632  2
153    61.5923
154    61.8725
73 11.8572  2
97    52.0449
118    49.7853
74 7.40364  1
183    0
75 12.861  2
97    61.7507
164    41.0427
76 10.6816  1
183    0
77 13.565  1
183    0
78 12.9809  1
183    0
79 11.0732  1
96    46.1029
80 14.8437  5
89    38.0973
90    45.1498
91    38.1788
92    45.4154
179    61.5996
81 7.15613  1
93    39.0458
82 12.0525  1
183    0
83 8.04147  1
114    35.0375
84 14.9438  1
183    0
85 7.48299  1
97    64.4763
86 13.1201  2
95    38.3894
165    39.9174
87 11.5276  3
180    42.2411
181    58.6818
182    52.3681
88 6.32756  5
146    43.0871
147    61.444
148    61.3881
149    61.2059
150    60.6108
89 9.34675  1
183    0
90 9.20606  1
183    0
91 8.74645  1
183    0
92 7.24555  1
118    54.6451
93 12.3446  1
183    0
94 8.99548  1
96    58.6818
95 8.05887  1
183    0
96 5.00031  3
115    35.1575
116    35.5493
117    36.8284
97 5.01251  1
183    0
98 5.05249  1
183    0
99 5.18311  1
183    0
100 5.60945  1
183    0
101 7.00171  1
119    64.848
102 11.5484  1
183    0
103 6.39531  1
178    55.8545
104 9.56801  1
145    55.8399
105 9.92843  9
128    41.3704
129    55.838
130    43.0816
131    61.4257
132    61.3286
133    61.0109
134    59.9736
135    56.586
136    45.5243
106 11.1055  2
114    35.0009
164    41.1791
107 14.9493  1
183    0
108 7.50099  1
183    0
109 13.179  1
183    0
110 11.7202  8
120    40.8687
121    54.1992
122    37.7293
123    43.9477
124    64.2547
125    40.5657
126    53.2104
127    64.501
111 6.95624  1
183    0
112 11.3997  1
183    0
113 5.90976  1
183    0
114 7.98257  1
183    0
115 14.7516  1
163    56.3498
116 6.85522  1
165    53.8211
117 11.0701  1
183    0
118 14.8337  2
176    48.2472
177    48.2939
119 7.12348  1
183    0
120 11.946  1
183    0
121 7.69387  1
183    0
122 13.8086  1
183    0
123 13.7762  1
183    0
124 13.6703  1
183    0
125 13.3245  1
183    0
126 12.1953  10
166    51.0936
167    57.5886
168    48.7974
169    50.0902
170    54.3118
171    38.0973
172    45.1498
173    38.1788
174    45.4154
175    39.0458
127 8.5081  1
183    0
128 6.46733  2
151    58.6671
152    52.3196
129 9.80331  1
183    0
130 10.6969  1
183    0
131 13.6151  1
183    0
132 13.1442  1
165    42.3775
133 11.6063  1
183    0
134 6.58452  1
183    0
135 10.186  2
163    42.6147
164    54.7678
136 11.9466  1
183    0
137 7.6957  1
163    55.6952
138 13.8147  1
183    0
139 13.796  1
183    0
140 13.7353  1
183    0
141 13.5369  1
183    0
142 12.889  1
165    36.4951
143 10.7732  1
183    0
144 13.8641  1
183    0
145 13.9575  1
183    0
146 14.2624  1
183    0
147 5.25758  1
163    59.7008
148 5.85269  1
183    0
149 7.79611  1
183    0
150 14.1424  1
183    0
151 14.8663  1
183    0
152 7.22999  1
179    36.0273
153 12.2939  1
183    0
154 8.82977  1
164    36.8815
155 7.51778  1
183    0
156 13.2336  2
164    54.0518
178    48.9421
157 11.8984  1
183    0
158 7.53822  1
183    0
159 13.3004  1
183    0
160 12.1166  1
183    0
161 8.25083  2
163    59.9013
179    62.8649
162 5.62716  1
183    0
163 7.05969  1
179    38.3894
164 11.7379  1
179    43.1347
165 7.01422  1
183    0
166 11.5893  1
183    0
167 6.52867  1
183    0
168 10.0035  1
183    0
169 11.3506  1
179    55.5808
170 5.74953  1
183    0
171 7.45918  1
183    0
172 13.0422  1
183    0
173 11.2737  1
183    0
174 5.49837  1
183    0
175 6.63915  1
183    0
176 10.3645  1
183    0
177 12.5295  1
183    0
178 9.59914  1
183    0
179 10.0301  1
183    0
180 11.4373  1
183    0
181 6.03244  1
183    0
182 8.38328  1
183    0
183 0  0
