222
0 8.05887  5
1    7.61946
2    9.02997
3    7.63576
59    9.88198
169    7.9172
1 5.00031  5
5    7.80917
6    9.64943
7    9.65877
8    10.1125
170    10.018
2 5.01251  4
8    8.62694
43    10.929
60    8.61742
120    8.20103
3 5.05249  2
4    9.08307
8    11.1709
4 5.18311  3
8    9.68917
51    10.6421
120    9.39729
5 5.60945  7
10    12.3793
11    12.573
12    7.20545
13    7.67788
14    9.22059
106    11.7885
201    10.929
6 7.00171  2
9    12.3199
43    9.39729
7 11.5484  1
8    9.78841
8 6.39531  4
56    12.2657
57    12.2022
58    11.9947
171    7.61946
9 9.56801  6
45    8.17374
46    10.8398
47    7.54585
48    8.78954
49    12.8509
144    12.1222
10 9.92843  8
15    8.25834
16    11.1162
17    8.44823
18    11.7364
19    10.4736
20    12.3501
21    12.478
61    12.3185
11 11.1055  3
61    11.7334
68    11.139
170    7.98349
12 14.9493  3
22    12.8953
120    7.00751
212    8.27409
13 7.50099  10
33    12.9663
34    8.48979
35    11.872
36    10.9166
37    7.79653
38    9.60805
39    9.52364
40    9.24787
41    8.34733
42    11.4068
14 13.179  1
59    10.4181
15 11.7202  4
43    7.36567
106    12.139
121    10.6633
173    12.3199
16 6.95624  5
43    8.83532
59    9.10486
61    12.2888
120    7.0315
135    12.169
17 11.3997  1
68    8.9505
18 5.90976  3
22    11.1143
44    12.9696
59    11.8865
19 7.98257  1
22    8.25779
20 14.7516  6
52    8.27409
53    11.1676
54    8.61632
55    12.2851
59    7.8804
65    11.3764
21 6.85522  10
23    8.44218
24    11.7166
25    10.409
26    12.139
27    11.7885
28    10.6439
29    12.9062
30    8.29368
31    11.2315
32    8.82488
22 11.0701  1
44    9.74081
23 14.8337  1
221    0
24 7.12348  2
43    7.10987
44    9.95706
25 11.946  4
43    7.0315
44    8.5006
171    9.65877
212    12.2022
26 7.69387  3
44    7.83718
68    11.9803
121    9.95706
27 13.8086  1
43    7.00751
28 13.7762  2
60    11.168
69    10.9536
29 13.6703  1
50    8.11313
30 13.3245  3
62    12.5574
63    7.15455
64    7.51161
31 12.1953  1
61    12.1222
32 8.5081  1
65    8.33799
33 6.46733  1
221    0
34 9.80331  3
44    10.6633
65    12.9198
172    11.1709
35 10.6969  1
68    11.0427
36 13.6151  2
43    7.00018
68    7.37629
37 13.1442  4
44    11.9074
59    11.3172
169    7.29902
173    7.67788
38 11.6063  3
43    8.20103
106    10.409
172    10.1125
39 6.58452  2
59    10.9638
106    8.25779
40 10.186  10
88    9.68917
89    9.78841
90    10.1125
91    11.1709
92    8.62694
93    12.3199
94    12.3793
95    12.573
96    7.20545
97    7.67788
41 11.9466  4
44    11.0321
61    12.3745
171    9.68917
218    10.9638
42 7.6957  1
59    12.169
43 13.8147  2
106    10.6439
120    7.00018
44 13.796  3
68    11.27
69    10.0021
106    12.9062
45 13.7353  1
105    12.478
46 13.5369  1
65    8.67766
47 12.889  3
61    12.2776
68    8.20853
173    8.25834
48 10.7732  1
51    12.9002
49 13.8641  1
221    0
50 13.9575  5
61    10.4639
77    11.5177
120    7.36567
121    8.5006
135    9.10486
51 14.2624  5
59    7.95071
60    10.1116
69    10.8104
78    9.75948
169    10.7642
52 5.25758  1
68    8.23582
53 5.85269  2
61    12.2412
65    12.4855
54 7.79611  1
174    10.4736
55 14.1424  8
70    7.44972
71    8.47551
72    11.8253
73    10.7642
74    7.29902
75    7.98349
76    10.2187
144    11.7334
56 14.8663  1
68    8.52293
57 7.22999  8
107    8.29368
108    11.2315
109    8.82488
110    12.9663
111    8.48979
112    11.872
113    10.9166
135    10.4181
58 12.2939  2
65    9.29786
173    9.22059
59 8.82977  10
79    10.018
80    10.8624
81    7.61946
82    9.02997
83    7.63576
84    9.08307
85    7.80917
86    9.64943
87    9.65877
134    11.9947
60 7.51778  1
221    0
61 13.2336  2
69    7.9172
121    9.74081
62 11.8984  2
170    9.75948
174    12.3501
63 7.53822  1
106    11.7166
64 13.3004  1
221    0
65 12.1166  3
66    8.51067
67    11.9402
212    8.61632
66 8.25083  1
221    0
67 5.62716  1
221    0
68 7.05969  1
221    0
69 11.7379  1
221    0
70 7.01422  7
114    7.79653
115    9.60805
116    9.52364
117    9.24787
118    8.34733
119    11.4068
200    7.00751
71 11.5893  8
98    9.22059
99    8.25834
100    11.1162
101    8.44823
102    11.7364
103    10.4736
104    12.3501
170    10.8624
72 6.52867  1
221    0
73 10.0035  1
221    0
74 11.3506  1
171    9.08307
75 5.74953  4
135    9.88198
169    7.44972
199    9.39729
200    7.36567
76 7.45918  5
175    12.478
176    12.8953
177    8.25779
178    11.1143
179    8.44218
77 13.0422  2
134    12.2022
173    12.3793
78 11.2737  1
221    0
79 5.49837  1
221    0
80 6.63915  1
221    0
81 10.3645  1
221    0
82 12.5295  1
221    0
83 9.59914  1
106    12.8953
84 10.0301  1
221    0
85 11.4373  1
221    0
86 6.03244  1
221    0
87 8.38328  1
173    8.62694
88 6.0596  1
199    8.83532
89 8.47179  1
221    0
90 6.34861  1
120    10.929
91 9.41572  8
136    11.8865
137    10.9638
138    7.95071
139    10.1116
140    11.168
141    8.61742
142    12.2888
143    12.2776
92 9.43129  1
171    9.64943
93 9.48195  1
120    8.83532
94 9.64736  2
106    8.44218
121    11.0321
95 10.1875  1
221    0
96 11.9515  2
135    7.8804
169    11.8253
97 7.71157  3
144    12.2412
212    12.8509
218    7.95071
98 13.8665  1
171    9.78841
99 13.9654  1
221    0
100 14.2883  1
121    12.9696
101 5.34242  1
201    7.83718
102 6.1298  1
106    11.1143
103 8.70098  1
221    0
104 7.09723  1
120    7.10987
105 11.8603  3
131    11.1676
132    8.61632
133    12.2851
106 7.41371  1
121    11.9074
107 12.8939  1
221    0
108 10.7894  10
202    9.95706
203    10.6633
204    12.9696
205    8.5006
206    11.9074
207    11.0321
208    8.17374
209    10.8398
210    7.54585
211    8.78954
109 13.9169  1
221    0
110 14.1299  1
221    0
111 14.8254  10
122    8.17374
123    10.8398
124    7.54585
125    8.78954
126    12.8509
127    8.11313
128    10.6421
129    12.9002
130    8.27409
212    12.2851
112 7.09632  10
145    10.4639
146    12.3185
147    12.3745
148    12.5574
149    7.15455
150    7.51161
151    8.67766
152    12.4855
153    12.9198
154    8.33799
113 11.8572  1
221    0
114 7.40364  1
121    7.83718
115 12.861  1
171    9.02997
116 10.6816  1
221    0
117 13.565  2
201    9.74081
218    12.169
118 12.9809  1
221    0
119 11.0732  1
221    0
120 14.8437  1
221    0
121 7.15613  1
134    12.2657
122 12.0525  1
221    0
123 8.04147  1
200    7.00018
124 14.9438  1
221    0
125 7.48299  1
221    0
126 13.1201  1
221    0
127 11.5276  10
189    12.9663
190    8.48979
191    11.872
192    10.9166
193    7.79653
194    9.60805
195    9.52364
196    9.24787
197    8.34733
198    11.4068
128 6.32756  1
221    0
129 9.34675  1
170    10.2187
130 9.20606  1
221    0
131 8.74645  1
218    10.1116
132 7.24555  1
135    11.3172
133 12.3446  1
221    0
134 8.99548  1
221    0
135 8.05887  1
221    0
136 5.00031  1
218    11.8865
137 5.01251  1
221    0
138 5.05249  1
173    7.20545
139 5.18311  6
163    8.9505
164    7.37629
165    8.23582
166    11.0427
167    8.20853
168    10.9536
140 5.60945  1
221    0
141 7.00171  1
174    11.7364
142 11.5484  1
169    10.8104
143 6.39531  1
221    0
144 9.56801  2
171    7.63576
200    7.0315
145 9.92843  1
221    0
146 11.1055  1
221    0
147 14.9493  8
155    11.3764
156    9.29786
157    8.51067
158    11.9402
159    11.139
160    8.52293
161    11.9803
162    11.27
148 7.50099  1
221    0
149 13.179  1
221    0
150 11.7202  2
173    11.1162
218    10.4181
151 6.95624  1
212    10.6421
152 11.3997  1
221    0
153 5.90976  1
221    0
154 7.98257  1
221    0
155 14.7516  1
221    0
156 6.85522  5
213    11.9947
214    11.3172
215    9.10486
216    7.8804
217    9.88198
157 11.0701  1
221    0
158 14.8337  1
221    0
159 7.12348  1
170    11.5177
160 11.946  1
221    0
161 7.69387  1
169    10.0021
162 13.8086  1
221    0
163 13.7762  2
174    8.44823
218    11.168
164 13.6703  1
171    7.80917
165 13.3245  1
221    0
166 12.1953  1
221    0
167 8.5081  1
169    8.47551
168 6.46733  1
221    0
169 9.80331  1
221    0
170 10.6969  1
221    0
171 13.6151  1
173    12.573
172 13.1442  1
221    0
173 11.6063  1
221    0
174 6.58452  1
221    0
175 10.186  1
221    0
176 11.9466  1
221    0
177 7.6957  1
221    0
178 13.8147  9
180    11.7166
181    10.409
182    12.139
183    11.7885
184    10.6439
185    12.9062
186    8.29368
187    11.2315
188    8.82488
179 13.796  1
221    0
180 13.7353  1
221    0
181 13.5369  1
221    0
182 12.889  1
201    8.20103
183 10.7732  1
221    0
184 13.8641  1
221    0
185 13.9575  1
221    0
186 14.2624  1
221    0
187 5.25758  1
221    0
188 5.85269  1
200    7.10987
189 7.79611  1
221    0
190 14.1424  1
218    8.61742
191 14.8663  1
221    0
192 7.22999  1
212    11.1676
193 12.2939  1
221    0
194 8.82977  1
212    12.2657
195 7.51778  1
221    0
196 13.2336  2
219    12.2888
220    12.2776
197 11.8984  1
221    0
198 7.53822  1
221    0
199 13.3004  1
212    8.11313
200 12.1166  1
221    0
201 8.25083  1
221    0
202 5.62716  1
221    0
203 7.05969  1
221    0
204 11.7379  1
212    12.9002
205 7.01422  1
221    0
206 11.5893  1
221    0
207 6.52867  1
221    0
208 10.0035  1
221    0
209 11.3506  1
221    0
210 5.74953  1
221    0
211 7.45918  1
221    0
212 13.0422  1
221    0
213 11.2737  1
221    0
214 5.49837  1
221    0
215 6.63915  1
221    0
216 10.3645  1
221    0
217 12.5295  1
221    0
218 9.59914  1
221    0
219 10.0301  1
221    0
220 11.4373  1
221    0
221 0  0
