105
0 13.9169  3
1    53.8211
35    52.0449
48    44.1766
1 14.1299  10
2    36.4951
3    39.9174
4    51.0936
5    57.5886
6    48.7974
7    50.0902
8    54.3118
9    38.0973
10    45.1498
11    38.1788
2 14.8254  1
104    0
3 7.09632  9
18    50.5626
19    55.8545
20    43.1347
21    61.5996
22    61.8963
23    62.8649
24    36.0273
25    38.3894
26    46.1029
4 11.8572  10
84    54.7678
85    39.586
86    50.0105
87    54.0518
88    37.2486
89    42.3775
90    59.1267
91    53.8211
92    36.4951
93    39.9174
5 7.40364  1
94    38.1788
6 12.861  1
63    55.838
7 10.6816  4
41    44.1244
42    64.8315
43    42.449
48    41.7367
8 13.565  7
12    45.4154
13    39.0458
14    48.2472
15    48.2939
16    48.4458
17    48.9421
48    47.6182
9 12.9809  1
83    59.7008
10 11.0732  1
63    64.501
11 14.8437  2
44    59.3602
47    48.0403
12 7.15613  1
104    0
13 12.0525  5
32    61.7507
33    62.3898
34    64.4763
48    46.9865
94    38.0973
14 8.04147  1
104    0
15 14.9438  2
45    54.5828
46    38.9827
16 7.48299  7
27    41.2917
28    55.5808
29    42.2411
30    58.6818
31    52.3681
35    58.5829
48    35.1575
17 13.1201  1
82    62.7871
18 11.5276  1
63    43.9477
19 6.32756  2
35    41.2889
82    35.7727
20 9.34675  1
48    57.0338
21 9.20606  2
63    61.4257
94    57.5886
22 8.74645  1
104    0
23 7.24555  3
48    35.5493
63    53.2104
94    45.4154
24 12.3446  2
35    60.6951
64    61.3286
25 8.99548  1
35    42.2109
26 8.05887  1
83    44.7525
27 5.00031  8
65    61.0109
66    59.9736
67    56.586
68    45.5243
69    39.402
70    49.4099
71    52.0907
82    37.5581
28 5.01251  1
104    0
29 5.05249  2
35    55.5716
48    35.0009
30 5.18311  1
104    0
31 5.60945  2
82    46.4893
94    54.3118
32 7.00171  1
94    39.0458
33 11.5484  1
104    0
34 6.39531  5
36    58.9427
37    53.2196
38    64.5312
39    41.4684
40    56.1576
35 9.56801  1
83    42.6147
36 9.92843  1
83    55.6952
37 11.1055  1
82    64.599
38 14.9493  2
63    40.5657
72    54.819
39 7.50099  1
48    46.2394
40 13.179  1
104    0
41 11.7202  1
63    41.3704
42 6.95624  1
63    64.2547
43 11.3997  6
49    36.8284
50    41.0051
51    54.6451
52    39.1859
53    48.704
54    49.7853
44 5.90976  1
72    50.558
45 7.98257  9
55    53.3166
56    64.848
57    42.503
58    59.5369
59    55.1605
60    40.8687
61    54.1992
62    37.7293
83    41.1791
46 14.7516  1
48    35.0375
47 6.85522  2
63    43.0816
72    55.8399
48 11.0701  1
82    43.3883
49 14.8337  1
104    0
50 7.12348  10
73    43.0871
74    61.444
75    61.3881
76    61.2059
77    60.6108
78    58.6671
79    52.3196
80    61.5923
81    61.8725
83    36.8815
51 11.946  1
83    55.2136
52 7.69387  1
82    41.69
53 13.8086  1
104    0
54 13.7762  1
72    59.4325
55 13.6703  1
104    0
56 13.3245  1
94    50.0902
57 12.1953  1
104    0
58 8.5081  1
104    0
59 6.46733  1
104    0
60 9.80331  1
104    0
61 10.6969  1
104    0
62 13.6151  1
83    56.3498
63 13.1442  1
104    0
64 11.6063  1
94    51.0936
65 6.58452  1
104    0
66 10.186  1
104    0
67 11.9466  1
72    60.8452
68 7.6957  1
94    45.1498
69 13.8147  1
104    0
70 13.796  2
72    39.7536
82    56.8818
71 13.7353  1
83    59.9013
72 13.5369  2
82    62.4273
94    48.7974
73 12.889  9
95    48.2472
96    48.2939
97    48.4458
98    48.9421
99    50.5626
100    55.8545
101    43.1347
102    61.5996
103    61.8963
74 10.7732  1
104    0
75 13.8641  1
104    0
76 13.9575  1
104    0
77 14.2624  2
82    42.5533
83    41.0427
78 5.25758  1
104    0
79 5.85269  1
104    0
80 7.79611  1
104    0
81 14.1424  1
104    0
82 14.8663  1
104    0
83 7.22999  1
104    0
84 12.2939  1
104    0
85 8.82977  1
104    0
86 7.51778  1
104    0
87 13.2336  1
104    0
88 11.8984  1
104    0
89 7.53822  1
104    0
90 13.3004  1
104    0
91 12.1166  1
104    0
92 8.25083  1
104    0
93 5.62716  1
104    0
94 7.05969  1
104    0
95 11.7379  1
104    0
96 7.01422  1
104    0
97 11.5893  1
104    0
98 6.52867  1
104    0
99 10.0035  1
104    0
100 11.3506  1
104    0
101 5.74953  1
104    0
102 7.45918  1
104    0
103 13.0422  1
104    0
104 0  0
