47
0 13.6703  4
1    37.2486
10    45.1498
11    48.4458
15    41.2917
1 13.3245  10
2    42.3775
3    59.1267
4    53.8211
5    36.4951
6    39.9174
7    51.0936
8    57.5886
9    48.7974
11    48.2472
31    46.2394
2 12.1953  2
11    48.9421
15    42.2411
3 8.5081  1
11    50.5626
4 6.46733  2
11    45.4154
21    42.2109
5 9.80331  3
10    54.3118
11    38.1788
15    58.6818
6 10.6969  4
10    50.0902
11    48.2939
15    52.3681
31    46.9865
7 13.6151  2
11    55.8545
15    46.1029
8 13.1442  2
11    39.0458
21    60.6951
9 11.6063  2
10    38.0973
15    36.0273
10 6.58452  3
11    43.1347
15    38.3894
31    41.7367
11 10.186  1
12    61.5996
12 11.9466  3
13    61.8963
14    62.8649
21    58.5829
13 7.6957  1
15    55.5808
14 13.8147  6
16    61.7507
17    62.3898
18    64.4763
19    41.2889
20    55.5716
21    41.4684
15 13.796  1
21    58.9427
16 13.7353  1
21    64.5312
17 13.5369  1
21    52.0449
18 12.889  1
46    0
19 10.7732  1
21    53.2196
20 13.8641  1
30    47.6182
21 13.9575  8
22    56.1576
23    44.1244
24    64.8315
25    42.449
26    59.3602
27    54.5828
28    38.9827
29    48.0403
22 14.2624  1
46    0
23 5.25758  1
46    0
24 5.85269  1
46    0
25 7.79611  1
46    0
26 14.1424  1
31    57.0338
27 14.8663  1
46    0
28 7.22999  1
46    0
29 12.2939  9
32    44.1766
33    35.0009
34    35.0375
35    35.1575
36    35.5493
37    36.8284
38    41.0051
39    54.6451
40    39.1859
30 8.82977  1
41    48.704
31 7.51778  1
46    0
32 13.2336  1
46    0
33 11.8984  1
46    0
34 7.53822  1
46    0
35 13.3004  1
46    0
36 12.1166  1
46    0
37 8.25083  1
46    0
38 5.62716  1
46    0
39 7.05969  4
42    49.7853
43    53.3166
44    64.848
45    42.503
40 11.7379  1
46    0
41 7.01422  1
46    0
42 11.5893  1
46    0
43 6.52867  1
46    0
44 10.0035  1
46    0
45 11.3506  1
46    0
46 0  0
