58
0 7.09723  7
1    8.61632
2    12.2851
3    12.2657
4    12.2022
5    11.9947
6    11.3172
7    9.10486
1 11.8603  4
33    11.27
35    11.8253
51    12.3501
53    8.29368
2 7.41371  9
8    7.8804
9    9.88198
10    10.4181
11    12.169
12    11.8865
13    10.9638
14    7.95071
15    10.1116
35    7.29902
3 12.8939  5
33    8.9505
35    7.98349
43    9.08307
51    12.478
56    8.83532
4 10.7894  1
33    8.51067
5 13.9169  1
57    0
6 14.1299  3
33    11.9803
43    9.68917
52    11.1143
7 14.8254  3
24    12.3745
34    10.8104
56    9.39729
8 7.09632  8
25    12.5574
26    7.15455
27    7.51161
28    8.67766
29    12.4855
30    12.9198
31    8.33799
32    11.3764
9 11.8572  1
57    0
10 7.40364  1
34    11.0427
11 12.861  3
51    8.25834
53    11.7885
54    8.34733
12 10.6816  3
24    12.3185
33    8.52293
56    7.00751
13 13.565  10
16    11.168
17    8.61742
18    12.2888
19    12.2776
20    12.2412
21    12.1222
22    11.7334
23    10.4639
43    9.78841
51    11.7364
14 12.9809  2
33    8.23582
34    10.9536
15 11.0732  2
33    7.37629
51    9.22059
16 14.8437  1
54    12.9663
17 7.15613  1
54    8.48979
18 12.0525  1
35    10.7642
19 8.04147  2
34    8.47551
56    7.00018
20 14.9438  1
54    10.9166
21 7.48299  3
34    7.9172
53    10.6439
55    11.4068
22 13.1201  7
44    11.1709
45    8.62694
46    12.3199
47    12.3793
48    12.573
49    7.20545
50    7.67788
23 11.5276  1
34    7.44972
24 6.32756  1
57    0
25 9.34675  3
34    8.20853
51    10.4736
54    9.60805
26 9.20606  1
33    11.9402
27 8.74645  1
57    0
28 7.24555  1
34    10.0021
29 12.3446  1
33    9.29786
30 8.99548  1
33    11.139
31 8.05887  2
43    7.80917
51    11.1162
32 5.00031  1
54    7.79653
33 5.01251  4
43    9.65877
52    12.8953
53    12.139
56    10.929
34 5.05249  8
36    10.2187
37    11.5177
38    9.75948
39    10.018
40    10.8624
41    7.61946
42    9.02997
56    7.0315
35 5.18311  1
54    9.24787
36 5.60945  2
43    9.64943
52    8.25779
37 7.00171  1
54    11.872
38 11.5484  2
43    7.63576
54    9.52364
39 6.39531  1
57    0
40 9.56801  1
43    10.1125
41 9.92843  1
57    0
42 11.1055  2
53    11.2315
54    8.82488
43 14.9493  1
57    0
44 7.50099  1
57    0
45 13.179  1
57    0
46 11.7202  1
56    7.36567
47 6.95624  1
56    8.20103
48 11.3997  1
57    0
49 5.90976  3
51    8.44823
52    11.7166
53    10.409
50 7.98257  2
53    12.9062
56    7.10987
51 14.7516  1
52    8.44218
52 6.85522  1
57    0
53 11.0701  1
57    0
54 14.8337  1
57    0
55 7.12348  1
57    0
56 11.946  1
57    0
57 0  0
