170
0 12.0525  6
1    8.11313
9    11.9947
10    7.95071
13    11.7334
26    11.8253
76    12.169
1 8.04147  3
2    10.6421
10    10.9638
26    8.47551
2 14.9438  9
3    12.9002
4    8.27409
5    11.1676
6    8.61632
7    12.2851
8    12.2657
9    9.88198
27    9.02997
28    12.3199
3 7.48299  5
9    7.8804
13    12.1222
26    10.018
39    12.139
103    10.018
4 13.1201  4
9    12.2022
13    12.3185
27    10.8624
28    12.3793
5 11.5276  6
9    12.169
10    11.8865
13    12.2412
26    7.29902
27    7.61946
39    8.29368
6 6.32756  5
9    9.10486
26    11.5177
27    9.08307
56    7.10987
114    7.67788
7 9.34675  6
9    11.3172
13    8.61742
24    11.27
28    10.1125
86    7.15455
93    11.27
8 9.20606  6
9    10.4181
13    12.2776
24    11.9803
80    8.61742
86    12.3745
114    12.573
9 8.74645  5
13    10.4639
26    10.7642
56    8.20103
93    8.52293
149    8.17374
10 7.24555  6
11    10.1116
12    11.168
24    11.139
27    7.63576
28    7.20545
39    10.409
11 12.3446  5
13    12.2888
24    8.9505
25    10.8104
27    9.78841
149    9.95706
12 8.99548  3
13    12.3745
39    11.7166
168    12.2776
13 8.05887  5
14    12.5574
25    7.9172
27    7.80917
28    7.67788
39    8.44218
14 5.00031  10
15    7.15455
16    7.51161
17    8.67766
18    12.4855
19    12.9198
20    8.33799
21    11.3764
22    9.29786
23    8.51067
25    10.0021
15 5.01251  4
24    11.0427
25    10.9536
39    11.7885
65    10.8398
16 5.05249  3
25    8.20853
27    9.65877
168    12.2888
17 5.18311  4
24    8.23582
25    7.44972
27    9.64943
121    8.44218
18 5.60945  4
24    7.37629
26    10.2187
38    8.25779
40    11.2315
19 7.00171  3
24    8.52293
28    8.62694
103    10.8624
20 11.5484  3
28    12.573
56    10.929
114    8.44823
21 6.39531  3
26    9.75948
75    10.4181
86    12.5574
22 9.56801  4
24    11.9402
27    9.68917
40    8.82488
75    7.8804
23 9.92843  1
39    11.1143
24 11.1055  2
26    7.98349
39    10.6439
25 14.9493  8
29    9.22059
30    8.25834
31    11.1162
32    8.44823
33    11.7364
34    10.4736
35    12.3501
167    11.168
26 7.50099  1
169    0
27 13.179  1
28    11.1709
28 11.7202  4
39    12.9062
75    11.9947
94    10.0021
121    11.1143
29 6.95624  5
51    9.39729
52    8.83532
53    7.00018
54    7.00751
55    7.0315
30 11.3997  1
103    7.61946
31 5.90976  2
36    12.478
37    12.8953
32 7.98257  1
167    11.8865
33 14.7516  2
80    12.2776
114    7.20545
34 6.85522  1
169    0
35 11.0701  10
41    12.9663
42    8.48979
43    11.872
44    10.9166
45    7.79653
46    9.60805
47    9.52364
48    9.24787
49    8.34733
50    11.4068
36 14.8337  7
69    10.6421
70    12.9002
71    8.27409
72    11.1676
73    8.61632
74    12.2851
168    12.2412
37 7.12348  2
75    12.2022
80    12.2888
38 11.946  3
76    11.8865
93    11.139
168    8.61742
39 7.69387  1
93    11.9402
40 13.8086  3
100    10.2187
101    11.5177
102    9.75948
41 13.7762  5
115    11.7364
116    10.4736
117    12.3501
118    12.478
119    12.8953
42 13.6703  1
56    7.36567
43 13.3245  1
169    0
44 12.1953  6
87    8.67766
88    12.4855
89    12.9198
90    8.33799
91    11.3764
122    12.139
45 8.5081  2
112    10.1125
113    11.1709
46 6.46733  9
150    12.8509
151    8.11313
152    10.6421
153    12.9002
154    8.27409
155    11.1676
156    8.61632
157    12.2851
158    12.2657
47 9.80331  1
169    0
48 10.6969  1
94    10.8104
49 13.6151  1
94    8.20853
50 13.1442  1
75    11.3172
51 11.6063  1
149    8.78954
52 6.58452  8
57    7.83718
58    9.74081
59    9.95706
60    10.6633
61    12.9696
62    8.5006
63    11.9074
64    11.0321
53 10.186  2
65    7.54585
114    11.1162
54 11.9466  4
66    8.78954
67    12.8509
68    8.11313
114    12.3199
55 7.6957  1
169    0
56 13.8147  2
75    9.10486
114    8.25834
57 13.796  1
149    10.6633
58 13.7353  1
114    9.22059
59 13.5369  1
94    10.9536
60 12.889  1
75    12.2657
61 10.7732  2
65    8.17374
107    7.80917
62 13.8641  2
123    10.6439
124    12.9062
63 13.9575  3
77    10.9638
78    7.95071
79    10.1116
64 14.2624  1
169    0
65 5.25758  1
169    0
66 5.85269  1
93    11.9803
67 7.79611  2
80    11.168
94    7.9172
68 14.1424  1
169    0
69 14.8663  7
81    12.2412
82    12.1222
83    11.7334
84    10.4639
85    12.3185
86    7.51161
121    10.409
70 7.22999  1
169    0
71 12.2939  1
169    0
72 8.82977  2
75    9.88198
121    11.7166
73 7.51778  1
169    0
74 13.2336  2
92    9.29786
168    12.1222
75 11.8984  1
169    0
76 7.53822  1
94    11.0427
77 13.3004  1
169    0
78 12.1166  1
99    7.29902
79 8.25083  1
149    12.9696
80 5.62716  1
93    7.37629
81 7.05969  3
97    11.8253
98    10.7642
167    10.9638
82 11.7379  1
169    0
83 7.01422  1
169    0
84 11.5893  1
92    8.51067
85 6.52867  2
95    7.44972
96    8.47551
86 10.0035  1
99    7.98349
87 11.3506  1
168    11.7334
88 5.74953  1
93    8.23582
89 7.45918  1
169    0
90 13.0422  1
169    0
91 11.2737  1
93    8.9505
92 5.49837  1
149    8.5006
93 6.63915  1
169    0
94 10.3645  1
169    0
95 12.5295  1
169    0
96 9.59914  1
169    0
97 10.0301  1
149    7.54585
98 11.4373  1
169    0
99 6.03244  3
104    9.02997
105    7.63576
106    9.08307
100 8.38328  1
169    0
101 6.0596  1
169    0
102 8.47179  1
169    0
103 6.34861  1
169    0
104 9.41572  4
125    8.29368
126    11.2315
127    8.82488
128    12.9663
105 9.43129  5
108    9.64943
109    9.65877
110    9.68917
111    9.78841
114    8.62694
106 9.48195  1
169    0
107 9.64736  1
169    0
108 10.1875  1
169    0
109 11.9515  1
122    11.7885
110 7.71157  1
169    0
111 13.8665  1
169    0
112 13.9654  1
114    12.3793
113 14.2883  6
143    7.10987
144    7.36567
145    8.20103
146    10.929
147    7.83718
148    9.74081
114 5.34242  1
149    11.0321
115 6.1298  1
149    10.8398
116 8.70098  1
169    0
117 7.09723  1
169    0
118 11.8603  1
169    0
119 7.41371  1
120    8.25779
120 12.8939  1
169    0
121 10.7894  8
159    12.2022
160    11.9947
161    11.3172
162    9.10486
163    7.8804
164    9.88198
165    10.4181
166    12.169
122 13.9169  6
137    11.4068
138    9.39729
139    8.83532
140    7.00018
141    7.00751
142    7.0315
123 14.1299  1
169    0
124 14.8254  1
169    0
125 7.09632  1
169    0
126 11.8572  8
129    8.48979
130    11.872
131    10.9166
132    7.79653
133    9.60805
134    9.52364
135    9.24787
136    8.34733
127 7.40364  1
169    0
128 12.861  1
169    0
129 10.6816  1
169    0
130 13.565  1
149    11.9074
131 12.9809  1
169    0
132 11.0732  1
169    0
133 14.8437  1
169    0
134 7.15613  1
167    10.1116
135 12.0525  1
169    0
136 8.04147  1
169    0
137 14.9438  1
169    0
138 7.48299  1
169    0
139 13.1201  1
169    0
140 11.5276  1
169    0
141 6.32756  1
169    0
142 9.34675  1
169    0
143 9.20606  1
168    10.4639
144 8.74645  1
169    0
145 7.24555  1
169    0
146 12.3446  1
169    0
147 8.99548  1
169    0
148 8.05887  1
169    0
149 5.00031  1
169    0
150 5.01251  1
169    0
151 5.05249  1
169    0
152 5.18311  1
169    0
153 5.60945  1
169    0
154 7.00171  1
169    0
155 11.5484  1
169    0
156 6.39531  1
169    0
157 9.56801  1
169    0
158 9.92843  1
169    0
159 11.1055  1
169    0
160 14.9493  1
169    0
161 7.50099  1
169    0
162 13.179  1
169    0
163 11.7202  1
169    0
164 6.95624  1
169    0
165 11.3997  1
169    0
166 5.90976  1
167    7.95071
167 7.98257  1
169    0
168 14.7516  1
169    0
169 0  0
