60
0 13.179  5
1    5.00105
2    5.40518
6    3.99174
7    4.51498
43    4.30871
1 11.7202  4
2    3.72486
6    4.87974
26    5.45828
36    3.68284
2 6.95624  7
3    4.23775
4    5.91267
5    5.38211
6    3.64951
25    6.06951
26    4.2449
46    4.33883
3 11.3997  3
6    5.10936
26    4.14684
41    5.20907
4 5.90976  5
6    5.75886
7    3.80973
18    6.15996
41    6.08452
42    5.58399
5 7.98257  4
6    5.00902
7    5.43118
18    3.83894
42    5.0558
6 14.7516  3
18    6.18963
25    4.12889
37    5.51605
7 6.85522  10
8    3.81788
9    4.54154
10    3.90458
11    4.82472
12    4.82939
13    4.84458
14    4.89421
15    5.05626
16    5.58545
17    4.31347
8 11.0701  6
19    4.22411
20    5.86818
21    5.23681
22    6.17507
23    6.23898
36    5.46451
9 14.8337  5
38    4.39477
39    6.42547
40    6.13286
41    5.94325
46    6.24273
10 7.12348  2
18    3.60273
40    6.10109
11 11.946  3
25    4.22109
36    3.91859
41    3.9402
12 7.69387  5
18    5.55808
26    6.48315
37    4.08687
45    6.06108
46    3.57727
13 13.8086  1
18    4.61029
14 13.7762  4
18    4.12917
26    3.89827
40    4.30816
41    5.6586
15 13.6703  1
26    5.32196
16 13.3245  5
26    5.93602
36    3.55493
37    4.2503
43    6.13881
46    6.4599
17 12.1953  2
18    6.28649
25    5.85829
18 8.5081  3
26    5.61576
36    6.4848
40    4.05657
19 6.46733  2
24    6.44763
45    5.86671
20 9.80331  3
25    5.89427
26    6.45312
43    6.1444
21 10.6969  1
59    0
22 13.6151  2
25    5.20449
41    5.4819
23 13.1442  4
25    5.55716
40    4.13704
45    6.18725
48    5.63498
24 11.6063  10
27    4.80403
28    4.76182
29    4.62394
30    4.17367
31    5.70338
32    4.69865
33    4.41766
34    3.50009
36    4.10051
45    6.27871
25 6.58452  3
26    4.41244
40    5.5838
47    5.68818
26 10.186  1
48    5.99013
27 11.9466  2
37    5.41992
47    4.25533
28 7.6957  2
36    4.97853
47    5.97008
29 13.8147  1
47    5.56952
30 13.796  1
36    4.8704
31 13.7353  2
37    3.77293
40    6.4501
32 13.5369  1
59    0
33 12.889  4
36    5.33166
42    3.97536
45    5.23196
47    4.64893
34 10.7732  5
35    3.50375
41    4.94099
45    6.15923
46    3.75581
48    4.26147
35 13.8641  1
36    3.51575
36 13.9575  2
37    5.95369
40    6.14257
37 14.2624  2
40    5.99736
41    4.55243
38 5.25758  1
59    0
39 5.85269  1
40    5.32104
40 7.79611  1
59    0
41 14.1424  1
44    6.12059
42 14.8663  1
59    0
43 7.22999  1
59    0
44 12.2939  1
59    0
45 8.82977  1
47    4.169
46 7.51778  1
59    0
47 13.2336  10
49    4.47525
50    3.68815
51    4.11791
52    5.52136
53    4.10427
54    5.47678
55    3.9586
56    5.00105
57    5.40518
58    3.72486
48 11.8984  1
59    0
49 7.53822  1
59    0
50 13.3004  1
59    0
51 12.1166  1
59    0
52 8.25083  1
59    0
53 5.62716  1
59    0
54 7.05969  1
59    0
55 11.7379  1
59    0
56 7.01422  1
59    0
57 11.5893  1
59    0
58 6.52867  1
59    0
59 0  0
