48
0 12.0525  5
1    4.94099
2    5.20907
3    5.94325
11    5.86671
41    4.51498
1 8.04147  1
2    6.08452
2 14.9438  2
3    5.4819
35    5.38211
3 7.48299  7
4    3.97536
5    5.0558
6    5.58399
7    4.30871
8    6.1444
9    6.13881
10    6.12059
4 13.1201  2
11    6.15923
41    4.54154
5 11.5276  7
12    3.57727
13    3.75581
14    4.33883
15    6.24273
16    6.4599
17    4.169
18    5.68818
6 6.32756  1
11    6.27871
7 9.34675  3
11    6.06108
43    4.84458
46    4.12917
8 9.20606  3
11    5.23196
35    3.64951
44    5.05626
9 8.74645  2
19    4.64893
46    5.55808
10 7.24555  1
11    6.18725
11 12.3446  1
47    0
12 8.99548  2
34    3.72486
44    3.60273
13 8.05887  1
47    0
14 5.00031  1
35    5.10936
15 5.01251  1
19    4.25533
16 5.05249  6
36    5.75886
37    4.87974
38    5.00902
39    5.43118
40    3.80973
46    4.22411
17 5.18311  7
20    5.97008
21    5.56952
22    4.26147
23    5.99013
24    5.63498
35    5.91267
44    6.18963
18 5.60945  1
41    3.90458
19 7.00171  1
43    4.89421
20 11.5484  9
25    4.47525
26    3.68815
27    4.11791
28    5.52136
29    4.10427
30    5.47678
31    3.9586
32    5.00105
33    5.40518
21 6.39531  1
42    4.82472
22 9.56801  1
35    4.23775
23 9.92843  1
47    0
24 11.1055  1
47    0
25 14.9493  1
41    3.81788
26 7.50099  2
35    3.99174
44    6.28649
27 13.179  1
47    0
28 11.7202  1
47    0
29 6.95624  1
44    5.58545
30 11.3997  1
47    0
31 5.90976  1
47    0
32 7.98257  1
47    0
33 14.7516  1
43    4.82939
34 6.85522  2
44    4.31347
46    4.61029
35 11.0701  1
47    0
36 14.8337  1
47    0
37 7.12348  1
47    0
38 11.946  1
44    6.15996
39 7.69387  1
45    3.83894
40 13.8086  1
47    0
41 13.7762  1
47    0
42 13.6703  1
47    0
43 13.3245  1
47    0
44 12.1953  1
47    0
45 8.5081  1
47    0
46 6.46733  1
47    0
47 0  0
