209
0 7.45918  6
1    11.9074
2    8.17374
4    7.54585
5    12.8509
13    12.2888
39    11.5177
1 13.0422  8
2    11.0321
3    10.8398
5    8.11313
6    11.1676
12    12.169
13    11.168
20    12.4855
206    10.1125
2 11.2737  4
4    8.78954
12    11.8865
14    11.7334
120    9.29786
3 5.49837  8
5    10.6421
6    12.9002
12    9.88198
13    10.1116
87    10.8398
121    11.0427
122    10.0021
174    8.78954
4 6.63915  9
7    8.61632
8    12.2851
9    12.2657
10    12.2022
11    11.9947
12    10.4181
40    9.08307
87    11.9074
170    11.4068
5 10.3645  3
6    8.27409
13    7.95071
20    11.3764
6 12.5295  3
12    11.3172
13    10.9638
20    7.51161
7 9.59914  4
12    7.8804
13    12.2412
40    9.65877
87    8.78954
8 10.0301  3
13    12.2776
75    8.83532
193    11.0427
9 11.4373  1
13    8.61742
10 6.03244  2
12    9.10486
39    10.7642
11 8.38328  1
39    10.018
12 6.0596  3
13    12.1222
20    8.67766
40    9.02997
13 8.47179  4
15    10.4639
16    12.3185
17    12.3745
18    12.5574
14 6.34861  9
26    11.9803
27    11.27
28    8.9505
29    7.37629
30    8.23582
31    11.0427
32    8.20853
33    10.9536
34    7.9172
15 9.41572  9
105    12.2888
106    12.2776
107    12.2412
108    12.1222
109    11.7334
110    10.4639
111    12.3185
112    12.3745
176    7.95071
16 9.43129  1
20    8.33799
17 9.48195  1
20    12.9198
18 9.64736  1
19    7.15455
19 10.1875  6
21    9.29786
22    8.51067
23    11.9402
24    11.139
25    8.52293
39    10.8624
20 11.9515  1
40    10.1125
21 7.71157  7
41    11.1709
42    8.62694
43    12.3199
44    12.3793
45    12.573
46    7.20545
176    10.4181
22 13.8665  4
50    11.1162
51    8.44823
64    8.29368
192    9.29786
23 13.9654  4
35    10.0021
36    10.8104
37    7.44972
38    8.47551
24 14.2883  3
40    7.63576
64    12.9062
120    11.3764
25 5.34242  1
39    9.75948
26 6.1298  4
40    9.64943
64    11.2315
137    9.64943
173    7.54585
27 8.70098  2
39    10.2187
170    9.39729
28 7.09723  4
120    11.139
159    10.6439
172    9.95706
176    7.8804
29 11.8603  3
40    9.78841
120    8.9505
174    12.9002
30 7.41371  3
40    7.61946
75    9.39729
171    8.83532
31 12.8939  2
39    7.98349
198    8.47551
32 10.7894  5
76    7.0315
77    7.10987
78    7.36567
79    8.20103
80    10.929
33 13.9169  1
171    10.929
34 14.1299  2
39    11.8253
193    11.9803
35 14.8254  5
64    10.6439
104    8.61742
120    11.27
176    9.88198
192    11.9402
36 7.09632  1
39    7.29902
37 11.8572  2
40    9.68917
120    11.9402
38 7.40364  3
40    7.80917
120    8.52293
122    10.8104
39 12.861  10
55    12.478
56    12.8953
57    8.25779
58    11.1143
59    8.44218
60    11.7166
61    10.409
62    12.139
63    11.7885
170    8.34733
40 10.6816  3
47    7.67788
48    9.22059
49    8.25834
41 13.565  2
118    12.9198
119    8.33799
42 12.9809  1
159    12.9062
43 11.0732  4
52    11.7364
53    10.4736
54    12.3501
98    9.88198
44 14.8437  1
206    9.78841
45 7.15613  1
208    0
46 12.0525  1
87    7.54585
47 8.04147  1
207    11.1709
48 14.9438  1
208    0
49 7.48299  10
65    12.9663
66    8.48979
67    11.872
68    10.9166
69    7.79653
70    9.60805
71    9.52364
72    9.24787
73    8.34733
74    11.4068
50 13.1201  2
137    7.80917
171    7.00018
51 11.5276  5
99    12.169
100    11.8865
101    10.9638
102    7.95071
103    10.1116
52 6.32756  1
87    8.17374
53 9.34675  1
64    8.82488
54 9.20606  1
208    0
55 8.74645  1
98    10.4181
56 7.24555  4
153    11.7364
154    10.4736
155    12.3501
174    8.27409
57 12.3446  6
81    7.83718
82    9.74081
83    9.95706
84    10.6633
85    12.9696
86    8.5006
58 8.99548  2
122    7.44972
174    10.6421
59 8.05887  2
75    7.00751
199    7.98349
60 5.00031  1
208    0
61 5.01251  2
87    11.0321
120    8.51067
62 5.05249  1
208    0
63 5.18311  1
208    0
64 5.60945  1
120    11.9803
65 7.00171  1
122    8.20853
66 11.5484  2
171    7.00751
175    11.3172
67 6.39531  2
75    7.00018
159    12.139
68 9.56801  1
208    0
69 9.92843  2
87    12.9002
171    7.83718
70 11.1055  1
208    0
71 14.9493  4
122    10.9536
175    12.2851
176    11.8865
199    10.8624
72 7.50099  3
87    8.11313
176    10.1116
192    11.3764
73 13.179  10
88    8.27409
89    11.1676
90    8.61632
91    12.2851
92    12.2657
93    12.2022
94    11.9947
95    11.3172
96    9.10486
97    7.8804
74 11.7202  1
198    11.8253
75 6.95624  10
138    9.65877
139    9.68917
140    9.78841
141    10.1125
142    11.1709
143    8.62694
144    12.3199
145    12.3793
146    12.573
147    7.20545
76 11.3997  6
160    11.2315
161    8.82488
162    12.9663
163    8.48979
164    11.872
165    10.9166
77 5.90976  1
208    0
78 7.98257  6
166    7.79653
167    9.60805
168    9.52364
169    9.24787
174    12.8509
198    10.8104
79 14.7516  1
104    11.168
80 6.85522  1
208    0
81 11.0701  1
208    0
82 14.8337  2
87    10.6421
199    7.29902
83 7.12348  1
208    0
84 11.946  1
208    0
85 7.69387  1
208    0
86 13.8086  1
87    12.8509
87 13.7762  1
193    11.27
88 13.6703  2
121    7.37629
172    12.9696
89 13.3245  1
193    7.37629
90 12.1953  2
122    7.9172
199    10.7642
91 8.5081  5
113    12.5574
114    7.15455
115    7.51161
116    8.67766
117    12.4855
92 6.46733  3
194    8.20853
195    10.9536
196    7.9172
93 9.80331  1
172    10.8398
94 10.6969  2
121    8.23582
159    11.7885
95 13.6151  1
174    8.61632
96 13.1442  1
172    8.5006
97 11.6063  1
208    0
98 6.58452  1
172    8.17374
99 10.186  1
159    11.1143
100 11.9466  1
159    8.29368
101 7.6957  1
174    8.11313
102 13.8147  1
208    0
103 13.796  1
208    0
104 13.7353  1
208    0
105 13.5369  1
171    7.36567
106 12.889  1
171    7.0315
107 10.7732  1
208    0
108 13.8641  1
208    0
109 13.9575  2
159    8.44218
175    12.2022
110 14.2624  2
190    12.4855
191    12.9198
111 5.25758  5
148    7.67788
149    9.22059
150    8.25834
151    11.1162
152    8.44823
112 5.85269  1
208    0
113 7.79611  1
175    11.9947
114 14.1424  1
208    0
115 14.8663  1
208    0
116 7.22999  5
133    7.61946
134    9.02997
135    7.63576
136    9.08307
193    11.139
117 12.2939  1
208    0
118 8.82977  8
177    8.61742
178    12.2888
179    12.2776
180    12.2412
181    12.1222
182    11.7334
183    10.4639
184    12.3185
119 7.51778  1
208    0
120 13.2336  10
123    8.47551
124    11.8253
125    10.7642
126    7.29902
127    7.98349
128    10.2187
129    11.5177
130    9.75948
131    10.018
132    10.8624
121 11.8984  1
197    10.0021
122 7.53822  1
176    12.169
123 13.3004  1
208    0
124 12.1166  1
208    0
125 8.25083  1
208    0
126 5.62716  1
208    0
127 7.05969  1
192    8.51067
128 11.7379  1
199    10.2187
129 7.01422  1
176    10.9638
130 11.5893  2
199    10.018
207    12.3199
131 6.52867  1
208    0
132 10.0035  1
206    9.68917
133 11.3506  1
208    0
134 5.74953  2
159    10.409
199    9.75948
135 7.45918  2
159    11.7166
176    9.10486
136 13.0422  1
172    11.0321
137 11.2737  1
171    8.20103
138 5.49837  1
172    10.6633
139 6.63915  1
208    0
140 10.3645  1
171    9.74081
141 12.5295  1
208    0
142 9.59914  1
208    0
143 10.0301  1
208    0
144 11.4373  1
208    0
145 6.03244  1
206    9.65877
146 8.38328  1
208    0
147 6.0596  1
208    0
148 8.47179  2
171    7.10987
172    11.9074
149 6.34861  1
208    0
150 9.41572  1
208    0
151 9.43129  1
208    0
152 9.48195  3
156    12.478
157    12.8953
158    8.25779
153 9.64736  1
208    0
154 10.1875  1
208    0
155 11.9515  1
208    0
156 7.71157  1
208    0
157 13.8665  1
207    8.62694
158 13.9654  1
208    0
159 14.2883  1
208    0
160 5.34242  2
193    8.23582
199    11.5177
161 6.1298  1
193    8.52293
162 8.70098  1
208    0
163 7.09723  1
208    0
164 11.8603  1
208    0
165 7.41371  1
208    0
166 12.8939  1
207    12.3793
167 10.7894  1
208    0
168 13.9169  1
208    0
169 14.1299  1
174    11.1676
170 14.8254  1
175    12.2657
171 7.09632  1
193    8.9505
172 11.8572  1
208    0
173 7.40364  1
208    0
174 12.861  1
208    0
175 10.6816  1
176    11.168
176 13.565  1
208    0
177 12.9809  1
208    0
178 11.0732  5
185    12.3745
186    12.5574
187    7.15455
188    7.51161
189    8.67766
179 14.8437  1
208    0
180 7.15613  1
208    0
181 12.0525  1
208    0
182 8.04147  1
192    8.33799
183 14.9438  1
198    7.44972
184 7.48299  1
208    0
185 13.1201  1
208    0
186 11.5276  1
208    0
187 6.32756  1
208    0
188 9.34675  1
208    0
189 9.20606  1
208    0
190 8.74645  1
208    0
191 7.24555  1
208    0
192 12.3446  1
208    0
193 8.99548  1
208    0
194 8.05887  1
208    0
195 5.00031  5
200    7.61946
201    9.02997
202    7.63576
203    9.08307
204    7.80917
196 5.01251  1
208    0
197 5.05249  1
208    0
198 5.18311  1
208    0
199 5.60945  1
208    0
200 7.00171  1
208    0
201 11.5484  1
208    0
202 6.39531  1
208    0
203 9.56801  1
205    9.64943
204 9.92843  1
208    0
205 11.1055  1
208    0
206 14.9493  1
208    0
207 7.50099  1
208    0
208 0  0
