101
0 12.1953  4
1    0.924787
2    1.14068
7    0.736567
20    1.22657
1 8.5081  2
2    0.834733
5    0.700018
2 6.46733  4
3    0.939729
4    0.883532
5    0.703149
62    0.965877
3 9.80331  1
5    0.700751
4 10.6969  1
6    0.710987
5 13.6151  1
7    0.820103
6 13.1442  5
7    1.0929
20    1.22851
59    1.00021
62    0.780917
78    1.29062
7 11.6063  8
8    0.783718
9    0.974081
10    0.995706
11    1.06633
12    1.29696
13    0.85006
14    1.19074
78    1.2139
8 6.58452  6
15    1.10321
16    0.817374
17    1.08398
18    0.754585
19    0.878954
59    0.737629
9 10.186  2
20    1.29002
61    1.18253
10 11.9466  2
20    0.861632
78    0.829368
11 7.6957  10
30    1.09638
31    0.795071
32    1.01116
33    1.1168
34    0.861742
35    1.22888
36    1.22776
37    1.22412
38    1.21222
39    1.17334
12 13.8147  2
61    1.08624
76    0.825779
13 13.796  1
100    0
14 13.7353  1
20    0.811313
15 13.5369  2
20    1.06421
61    1.07642
16 12.889  1
20    1.11676
17 10.7732  2
20    1.28509
62    0.902997
18 13.8641  1
100    0
19 13.9575  2
20    0.827409
46    0.867766
20 14.2624  9
21    1.22022
22    1.19947
23    1.13172
24    0.910486
25    0.78804
26    0.988198
27    1.04181
59    0.79172
61    1.15177
21 5.25758  2
61    1.0018
80    0.952364
22 5.85269  1
100    0
23 7.79611  1
81    0.700751
24 14.1424  1
100    0
25 14.8663  1
100    0
26 7.22999  1
63    1.11709
27 12.2939  2
28    1.2169
29    1.18865
28 8.82977  1
78    1.0409
29 7.51778  2
62    0.908307
79    1.29663
30 13.2336  1
63    0.968917
31 11.8984  6
40    1.04639
41    1.23185
42    1.23745
43    1.25574
44    0.715455
45    0.751161
32 7.53822  1
76    1.28953
33 13.3004  1
100    0
34 12.1166  1
100    0
35 8.25083  2
59    1.09536
78    1.17885
36 5.62716  1
59    0.823582
37 7.05969  1
80    0.960805
38 11.7379  2
78    0.844218
81    0.736567
39 7.01422  5
47    1.24855
48    1.29198
49    0.833799
50    1.13764
61    0.798349
40 11.5893  2
59    1.10427
62    0.763576
41 6.52867  1
64    0.862694
42 10.0035  1
100    0
43 11.3506  9
84    0.783718
85    0.974081
86    0.995706
87    1.06633
88    1.29696
89    0.85006
90    1.19074
91    1.10321
92    0.817374
44 5.74953  1
60    0.847551
45 7.45918  1
100    0
46 13.0422  1
61    0.729902
47 11.2737  1
79    0.882488
48 5.49837  10
51    0.929786
52    0.851067
53    1.19402
54    1.1139
55    0.852293
56    1.19803
57    1.127
58    0.89505
59    1.08104
81    0.703149
49 6.63915  1
100    0
50 10.3645  2
61    1.02187
80    0.779653
51 12.5295  2
78    1.17166
79    1.12315
52 9.59914  1
76    1.23501
53 10.0301  2
62    0.964943
80    1.1872
54 11.4373  8
65    1.23199
66    1.23793
67    1.2573
68    0.720545
69    0.767788
70    0.922059
71    0.825834
72    1.11162
55 6.03244  1
60    0.744972
56 8.38328  1
59    0.820853
57 6.0596  1
62    0.761946
58 8.47179  1
81    0.710987
59 6.34861  2
61    0.975948
63    0.978841
60 9.41572  1
100    0
61 9.43129  2
63    1.01125
81    1.14068
62 9.48195  1
81    0.939729
63 9.64736  2
82    0.820103
83    1.0929
64 10.1875  3
73    0.844823
74    1.17364
75    1.04736
65 11.9515  1
80    0.848979
66 7.71157  1
100    0
67 13.8665  1
76    1.24779
68 13.9654  1
100    0
69 14.2883  1
78    1.06439
70 5.34242  1
81    0.924787
71 6.1298  1
81    0.883532
72 8.70098  1
100    0
73 7.09723  1
77    1.11143
74 11.8603  1
100    0
75 7.41371  1
100    0
76 12.8939  1
81    0.834733
77 10.7894  1
100    0
78 13.9169  1
81    0.700018
79 14.1299  1
80    1.09166
80 14.8254  1
100    0
81 7.09632  1
100    0
82 11.8572  1
100    0
83 7.40364  1
100    0
84 12.861  1
100    0
85 10.6816  1
100    0
86 13.565  7
93    1.08398
94    0.754585
95    0.878954
96    1.28509
97    0.811313
98    1.06421
99    1.29002
87 12.9809  1
100    0
88 11.0732  1
100    0
89 14.8437  1
100    0
90 7.15613  1
100    0
91 12.0525  1
100    0
92 8.04147  1
100    0
93 14.9438  1
100    0
94 7.48299  1
100    0
95 13.1201  1
100    0
96 11.5276  1
100    0
97 6.32756  1
100    0
98 9.34675  1
100    0
99 9.20606  1
100    0
100 0  0
