117
0 5.05249  3
1    5.32196
2    6.45312
80    5.58545
1 5.18311  1
2    4.14684
2 5.60945  10
3    5.61576
4    4.41244
5    6.48315
6    4.2449
7    5.93602
8    5.45828
9    3.89827
10    4.80403
11    4.76182
12    4.62394
3 7.00171  4
82    5.55716
83    4.22109
84    5.85829
86    3.50009
4 11.5484  2
80    3.60273
84    5.89427
5 6.39531  1
67    6.4599
6 9.56801  3
81    6.44763
86    4.41766
108    5.23196
7 9.92843  2
68    4.47525
73    3.81788
8 11.1055  1
73    5.10936
9 14.9493  1
115    5.56952
10 7.50099  8
13    4.17367
14    5.70338
15    4.69865
16    4.41766
17    3.50009
29    4.2503
80    4.31347
106    4.94099
11 13.179  1
79    5.05626
12 11.7202  2
85    4.41244
107    5.20907
13 6.95624  1
84    5.61576
14 11.3997  10
18    3.50375
19    3.51575
20    3.55493
21    3.68284
22    4.10051
23    5.46451
24    3.91859
25    4.8704
26    4.97853
27    5.33166
15 5.90976  2
67    5.68818
73    5.00902
16 7.98257  3
97    5.41992
98    3.77293
99    4.39477
17 14.7516  1
68    5.97008
18 6.85522  9
41    5.5838
42    4.30816
43    6.14257
44    6.13286
45    6.10109
46    5.99736
47    5.6586
48    4.55243
69    4.10427
19 11.0701  9
36    6.42547
37    4.05657
38    5.32104
39    6.4501
40    4.13704
67    4.33883
69    3.9586
81    4.12889
84    5.20449
20 14.8337  1
28    6.4848
21 7.12348  1
116    0
22 11.946  2
68    5.99013
108    6.12059
23 7.69387  1
107    5.58399
24 13.8086  3
68    3.68815
73    5.43118
108    6.1444
25 13.7762  10
49    3.9402
50    4.94099
51    5.20907
52    6.08452
53    5.94325
54    5.4819
55    3.97536
56    5.0558
68    5.56952
81    5.23681
26 13.6703  4
67    4.169
73    5.75886
81    4.22411
106    6.13286
27 13.3245  1
116    0
28 12.1953  8
30    5.95369
31    5.51605
32    4.08687
33    5.41992
34    3.77293
35    4.39477
69    3.72486
86    4.17367
29 8.5081  2
84    6.06951
85    3.89827
30 6.46733  1
81    4.12917
31 9.80331  2
67    3.57727
69    5.40518
32 10.6969  2
69    5.00105
84    5.32196
33 13.6151  1
116    0
34 13.1442  1
106    6.10109
35 11.6063  2
80    6.28649
106    4.30816
36 6.58452  1
116    0
37 10.186  3
67    3.75581
69    5.47678
73    4.51498
38 11.9466  10
57    5.58399
58    4.30871
59    6.1444
60    6.13881
61    6.12059
62    6.06108
63    5.86671
64    5.23196
65    6.15923
66    6.18725
39 7.6957  1
86    3.68284
40 13.8147  1
85    4.62394
41 13.796  1
81    6.17507
42 13.7353  5
110    6.24273
111    6.4599
112    4.169
113    5.68818
114    4.64893
43 13.5369  7
100    6.42547
101    4.05657
102    5.32104
103    6.4501
104    4.13704
105    5.5838
109    3.75581
44 12.889  1
68    4.26147
45 10.7732  1
116    0
46 13.8641  1
86    4.69865
47 13.9575  1
116    0
48 14.2624  2
69    4.11791
81    5.55808
49 5.25758  1
80    3.83894
50 5.85269  2
85    4.76182
107    5.4819
51 7.79611  1
116    0
52 14.1424  1
81    6.23898
53 14.8663  7
74    3.90458
75    4.82472
76    4.82939
77    4.84458
78    4.89421
106    5.99736
108    6.15923
54 7.22999  6
70    5.38211
71    3.64951
72    3.99174
73    4.87974
81    4.61029
106    4.55243
55 12.2939  1
69    4.23775
56 8.82977  1
68    4.64893
57 7.51778  1
73    3.80973
58 13.2336  1
67    6.24273
59 11.8984  2
67    6.27871
85    5.45828
60 7.53822  2
68    4.25533
73    4.54154
61 13.3004  1
116    0
62 12.1166  2
69    5.52136
86    3.50375
63 8.25083  8
89    4.8704
90    4.97853
91    5.33166
92    6.4848
93    4.2503
94    5.95369
95    5.51605
96    4.08687
64 5.62716  3
68    5.63498
80    6.15996
85    4.80403
65 7.05969  1
84    4.14684
66 11.7379  1
116    0
67 7.01422  2
69    5.91267
108    6.06108
68 11.5893  2
86    3.55493
106    5.6586
69 6.52867  1
81    5.86818
70 10.0035  1
116    0
71 11.3506  1
116    0
72 5.74953  1
116    0
73 7.45918  1
85    4.2449
74 13.0422  2
86    5.70338
115    4.26147
75 11.2737  1
85    5.93602
76 5.49837  1
84    6.45312
77 6.63915  2
86    3.51575
107    5.94325
78 10.3645  1
80    6.18963
79 12.5295  1
109    4.33883
80 9.59914  1
86    4.10051
81 10.0301  1
85    6.48315
82 11.4373  1
116    0
83 6.03244  1
109    3.57727
84 8.38328  1
108    4.30871
85 6.0596  3
87    5.46451
88    3.91859
108    6.13881
86 8.47179  1
115    4.25533
87 6.34861  1
116    0
88 9.41572  1
106    6.14257
89 9.43129  1
116    0
90 9.48195  1
107    5.0558
91 9.64736  1
115    5.97008
92 10.1875  1
116    0
93 11.9515  1
108    5.86671
94 7.71157  1
116    0
95 13.8665  1
107    3.97536
96 13.9654  1
116    0
97 14.2883  1
116    0
98 5.34242  1
108    6.27871
99 6.1298  1
116    0
100 8.70098  1
106    3.9402
101 7.09723  1
107    6.08452
102 11.8603  1
116    0
103 7.41371  1
116    0
104 12.8939  1
116    0
105 10.7894  1
116    0
106 13.9169  1
116    0
107 14.1299  1
108    6.18725
108 14.8254  1
116    0
109 7.09632  1
116    0
110 11.8572  1
116    0
111 7.40364  1
116    0
112 12.861  1
116    0
113 10.6816  1
116    0
114 13.565  1
116    0
115 12.9809  1
116    0
116 0  0
