179
0 13.7762  8
1    54.7678
2    39.586
3    50.0105
5    42.3775
10    48.2939
20    62.3898
22    42.449
80    64.5312
1 13.6703  7
4    37.2486
7    48.7974
9    38.1788
10    61.5996
22    59.3602
91    64.848
112    41.1791
2 13.3245  6
5    53.8211
6    57.5886
10    48.9421
21    44.1244
34    37.7293
48    52.3196
3 12.1953  9
4    54.0518
5    59.1267
6    39.9174
8    54.3118
9    45.4154
10    55.8545
63    54.3118
90    41.0051
96    52.0907
4 8.5081  10
6    36.4951
9    45.1498
10    43.1347
22    54.5828
32    39.1859
33    55.1605
34    64.2547
38    39.402
53    56.3498
128    48.2472
5 6.46733  7
6    51.0936
7    50.0902
8    38.0973
10    50.5626
20    58.5829
63    53.8211
91    59.5369
6 9.80331  5
10    48.2472
20    64.4763
33    64.848
37    61.3286
83    38.9827
7 10.6969  5
33    49.7853
38    45.5243
64    38.0973
80    52.0449
82    54.5828
8 13.6151  5
9    39.0458
10    48.4458
21    64.5312
83    46.2394
92    40.5657
9 13.1442  5
20    41.2889
34    54.1992
35    55.838
38    49.4099
64    45.1498
10 11.6063  10
11    61.8963
12    62.8649
13    36.0273
14    38.3894
15    46.1029
16    41.2917
17    55.5808
18    42.2411
19    58.6818
20    60.6951
11 6.58452  5
20    42.2109
22    64.8315
32    35.5493
34    43.9477
90    48.704
12 10.186  4
20    52.3681
21    58.9427
71    62.8649
157    48.704
13 11.9466  3
22    48.0403
32    41.0051
83    48.0403
14 7.6957  5
20    61.7507
21    41.4684
33    40.8687
35    53.2104
52    59.7008
15 13.8147  3
39    52.0907
40    60.8452
156    35.5493
16 13.796  3
21    53.2196
41    59.4325
63    36.4951
17 13.7353  7
20    52.0449
21    56.1576
22    38.9827
32    36.8284
35    40.5657
37    61.0109
90    49.7853
18 13.5369  2
38    56.586
158    54.1992
19 12.889  2
20    55.5716
127    45.4154
20 10.7732  3
35    43.0816
92    41.3704
157    53.3166
21 13.8641  3
52    46.4893
71    50.5626
156    35.1575
22 13.9575  10
23    47.6182
24    46.2394
25    41.7367
26    57.0338
27    46.9865
28    44.1766
29    35.0009
30    35.0375
31    35.1575
32    54.6451
23 14.2624  3
52    55.6952
82    64.8315
128    55.8545
24 5.25758  7
42    50.558
43    55.8399
44    43.0871
45    61.444
46    61.3881
47    61.2059
48    62.7871
25 5.85269  4
41    39.7536
63    51.0936
91    54.1992
112    56.3498
26 7.79611  4
36    61.4257
63    59.1267
82    44.1244
96    56.586
27 14.1424  3
33    59.5369
38    59.9736
90    54.6451
28 14.8663  4
53    44.7525
92    43.9477
111    59.7008
137    58.6818
29 7.22999  2
48    60.6108
112    44.7525
30 12.2939  3
33    48.704
35    64.501
145    64.8315
31 8.82977  4
33    53.3166
52    56.8818
81    41.4684
158    40.8687
32 7.51778  3
33    42.503
41    54.819
91    40.8687
33 13.2336  5
35    41.3704
48    61.5923
92    53.2104
111    42.5533
157    49.7853
34 11.8984  4
80    42.2109
112    36.8815
145    64.5312
156    35.0375
35 7.53822  1
52    42.5533
36 13.3004  1
80    55.5716
37 12.1166  3
48    35.7727
81    56.1576
111    55.6952
38 8.25083  2
111    46.4893
156    36.8284
39 5.62716  3
52    64.599
53    36.8815
63    48.7974
40 7.05969  3
63    50.0902
80    41.2889
137    62.3898
41 11.7379  2
52    41.69
145    53.2196
42 7.01422  3
52    42.6147
64    38.1788
96    61.3286
43 11.5893  3
48    61.8725
63    39.9174
112    59.9013
44 6.52867  4
49    37.5581
50    43.3883
51    62.4273
127    45.1498
45 10.0035  3
48    58.6671
96    59.9736
157    39.1859
46 11.3506  2
52    59.9013
128    43.1347
47 5.74953  2
83    46.9865
156    44.1766
48 7.45918  2
63    57.5886
83    41.7367
49 13.0422  10
54    41.1791
55    55.2136
56    41.0427
57    54.7678
58    39.586
59    50.0105
60    54.0518
61    37.2486
62    42.3775
71    61.8963
50 11.2737  2
153    41.7367
154    57.0338
51 5.49837  3
71    43.1347
110    37.5581
127    50.0902
52 6.63915  2
71    61.5996
127    48.7974
53 10.3645  2
97    60.8452
98    59.4325
54 12.5295  2
92    64.501
157    42.503
55 9.59914  9
159    64.2547
160    40.5657
161    53.2104
162    64.501
163    41.3704
164    55.838
165    43.0816
166    61.4257
167    61.3286
56 10.0301  9
72    41.2917
73    55.5808
74    42.2411
75    58.6818
76    52.3681
77    61.7507
78    62.3898
79    64.4763
90    39.1859
57 11.4373  2
112    42.6147
158    37.7293
58 6.03244  8
65    45.4154
66    39.0458
67    48.2472
68    48.2939
69    48.4458
70    48.9421
71    36.0273
96    39.402
59 8.38328  6
84    44.1766
85    35.0009
86    35.0375
87    35.1575
88    35.5493
89    36.8284
60 6.0596  1
71    46.1029
61 8.47179  1
80    53.2196
62 6.34861  5
138    41.2889
139    55.5716
140    42.2109
141    58.5829
142    52.0449
63 9.41572  2
71    55.8545
156    35.0009
64 9.43129  7
146    42.449
147    59.3602
148    54.5828
149    38.9827
150    48.0403
151    47.6182
152    46.2394
65 9.48195  2
80    60.6951
137    52.3681
66 9.64736  1
178    0
67 10.1875  3
83    47.6182
127    38.1788
128    61.5996
68 11.9515  1
178    0
69 7.71157  1
71    38.3894
70 13.8665  2
110    43.3883
157    54.6451
71 13.9654  3
80    58.9427
111    56.8818
128    48.9421
72 14.2883  1
178    0
73 5.34242  6
172    39.402
173    49.4099
174    52.0907
175    60.8452
176    59.4325
177    54.819
74 6.1298  2
82    59.3602
96    49.4099
75 8.70098  2
83    57.0338
110    35.7727
76 7.09723  2
90    53.3166
91    55.1605
77 11.8603  2
80    58.5829
82    42.449
78 7.41371  3
91    42.503
96    61.0109
111    64.599
79 12.8939  1
145    44.1244
80 10.7894  1
128    39.0458
81 13.9169  1
155    46.9865
82 14.1299  1
96    45.5243
83 14.8254  1
110    61.8725
84 7.09632  1
128    48.4458
85 11.8572  1
178    0
86 7.40364  1
178    0
87 12.861  1
178    0
88 10.6816  1
178    0
89 13.565  1
178    0
90 12.9809  1
92    37.7293
91 11.0732  1
92    64.2547
92 14.8437  3
93    55.838
94    43.0816
95    61.4257
93 7.15613  1
178    0
94 12.0525  1
128    48.2939
95 8.04147  1
178    0
96 14.9438  3
99    54.819
100    39.7536
101    50.558
97 7.48299  8
129    61.8963
130    62.8649
131    36.0273
132    38.3894
133    46.1029
134    41.2917
135    55.5808
136    42.2411
98 13.1201  1
178    0
99 11.5276  8
102    55.8399
103    43.0871
104    61.444
105    61.3881
106    61.2059
107    60.6108
108    58.6671
109    52.3196
100 6.32756  2
127    54.3118
157    64.848
101 9.34675  1
178    0
102 9.20606  1
126    57.5886
103 8.74645  2
168    61.0109
169    59.9736
104 7.24555  6
113    55.2136
114    41.0427
115    54.7678
116    39.586
117    50.0105
118    54.0518
105 12.3446  2
111    62.4273
127    38.0973
106 8.99548  1
178    0
107 8.05887  1
137    64.4763
108 5.00031  2
110    61.5923
111    41.69
109 5.01251  2
110    62.7871
128    50.5626
110 5.05249  1
178    0
111 5.18311  1
178    0
112 5.60945  2
143    60.6951
144    58.9427
113 7.00171  1
145    41.4684
114 11.5484  1
158    55.1605
115 6.39531  7
119    37.2486
120    42.3775
121    59.1267
122    53.8211
123    36.4951
124    39.9174
125    51.0936
116 9.56801  1
178    0
117 9.92843  1
178    0
118 11.1055  1
178    0
119 14.9493  1
178    0
120 7.50099  1
178    0
121 13.179  1
178    0
122 11.7202  1
178    0
123 6.95624  1
178    0
124 11.3997  1
178    0
125 5.90976  1
178    0
126 7.98257  1
178    0
127 14.7516  1
178    0
128 6.85522  1
178    0
129 11.0701  1
178    0
130 14.8337  1
137    61.7507
131 7.12348  1
178    0
132 11.946  1
178    0
133 7.69387  1
178    0
134 13.8086  1
178    0
135 13.7762  1
178    0
136 13.6703  1
145    56.1576
137 13.3245  1
178    0
138 12.1953  1
178    0
139 8.5081  1
178    0
140 6.46733  1
178    0
141 9.80331  1
178    0
142 10.6969  1
178    0
143 13.6151  1
156    41.0051
144 13.1442  1
178    0
145 11.6063  1
178    0
146 6.58452  1
178    0
147 10.186  1
178    0
148 11.9466  1
158    43.9477
149 7.6957  2
170    56.586
171    45.5243
150 13.8147  1
178    0
151 13.796  1
178    0
152 13.7353  1
178    0
153 13.5369  1
178    0
154 12.889  1
178    0
155 10.7732  1
178    0
156 13.8641  1
158    59.5369
157 13.9575  1
178    0
158 14.2624  1
178    0
159 5.25758  1
178    0
160 5.85269  1
178    0
161 7.79611  1
178    0
162 14.1424  1
178    0
163 14.8663  1
178    0
164 7.22999  1
178    0
165 12.2939  1
178    0
166 8.82977  1
178    0
167 7.51778  1
178    0
168 13.2336  1
178    0
169 11.8984  1
178    0
170 7.53822  1
178    0
171 13.3004  1
178    0
172 12.1166  1
178    0
173 8.25083  1
178    0
174 5.62716  1
178    0
175 7.05969  1
178    0
176 11.7379  1
178    0
177 7.01422  1
178    0
178 0  0
