96
0 6.32756  5
1    7.63576
2    9.08307
4    9.65877
14    11.7364
58    12.2888
1 9.34675  5
2    7.80917
4    10.1125
22    9.39729
63    10.7642
68    9.08307
2 9.20606  6
3    9.64943
4    9.78841
14    11.1143
22    11.4068
60    11.3764
68    9.02997
3 8.74645  5
4    9.68917
14    8.44218
22    7.79653
60    8.51067
62    11.27
4 7.24555  10
5    11.1709
6    8.62694
7    12.3199
8    12.3793
9    12.573
10    7.20545
11    7.67788
12    9.22059
13    8.25834
15    8.29368
5 12.3446  5
14    12.8953
15    10.6439
22    9.52364
59    7.51161
68    9.64943
6 8.99548  3
15    11.7885
22    7.00018
59    12.1222
7 8.05887  3
14    10.4736
59    10.4639
68    7.63576
8 5.00031  3
14    8.25779
15    12.139
22    9.60805
9 5.01251  3
14    12.478
15    11.7166
59    12.2776
10 5.05249  2
14    8.44823
63    10.2187
11 5.18311  4
14    12.3501
15    12.9062
22    8.83532
60    12.9198
12 5.60945  3
14    11.1162
58    8.61742
63    7.29902
13 7.00171  7
16    11.2315
17    8.82488
18    12.9663
19    8.48979
20    11.872
21    10.9166
22    8.34733
14 11.5484  2
15    10.409
62    8.9505
15 6.39531  1
62    7.37629
16 9.56801  3
22    7.00751
60    8.67766
91    12.139
17 9.92843  1
95    0
18 11.1055  7
23    7.0315
24    7.10987
25    7.36567
26    8.20103
27    10.929
28    7.83718
29    9.74081
19 14.9493  1
59    7.15455
20 7.50099  2
22    9.24787
60    11.139
21 13.179  1
62    10.0021
22 11.7202  1
60    9.29786
23 6.95624  1
95    0
24 11.3997  1
95    0
25 5.90976  2
62    8.23582
91    8.48979
26 7.98257  10
30    9.95706
31    10.6633
32    12.9696
33    8.5006
34    11.9074
35    11.0321
36    8.17374
37    10.8398
38    7.54585
39    8.78954
27 14.7516  2
63    11.8253
91    11.7885
28 6.85522  1
59    12.3185
29 11.0701  1
59    12.3745
30 14.8337  1
58    11.168
31 7.12348  1
60    11.9402
32 11.946  1
59    11.7334
33 7.69387  1
62    11.0427
34 13.8086  1
58    7.95071
35 13.7762  2
61    8.52293
91    11.2315
36 13.6703  10
40    12.8509
41    8.11313
42    10.6421
43    12.9002
44    8.27409
45    11.1676
46    8.61632
47    12.2851
48    12.2657
49    12.2022
37 13.3245  2
60    8.33799
63    10.8104
38 12.1953  1
95    0
39 8.5081  2
61    11.9803
63    7.98349
40 6.46733  10
50    11.9947
51    11.3172
52    9.10486
53    7.8804
54    9.88198
55    10.4181
56    12.169
57    11.8865
58    10.9638
68    7.61946
41 9.80331  1
95    0
42 10.6969  1
59    12.5574
43 13.6151  1
62    10.9536
44 13.1442  1
67    10.8624
45 11.6063  1
95    0
46 6.58452  1
60    12.4855
47 10.186  3
62    8.20853
68    7.80917
79    11.1162
48 11.9466  4
80    8.44823
81    11.7364
82    10.4736
83    12.3501
49 7.6957  1
95    0
50 13.8147  2
58    10.1116
91    10.6439
51 13.796  1
95    0
52 13.7353  1
59    12.2412
53 13.5369  1
95    0
54 12.889  1
95    0
55 10.7732  3
64    11.5177
65    9.75948
66    10.018
56 13.8641  1
91    8.29368
57 13.9575  1
63    8.47551
58 14.2624  2
63    7.44972
79    7.67788
59 5.25758  1
79    9.22059
60 5.85269  1
62    7.9172
61 7.79611  1
95    0
62 14.1424  1
95    0
63 14.8663  10
69    9.65877
70    9.68917
71    9.78841
72    10.1125
73    11.1709
74    8.62694
75    12.3199
76    12.3793
77    12.573
78    7.20545
64 7.22999  1
95    0
65 12.2939  1
95    0
66 8.82977  1
95    0
67 7.51778  1
95    0
68 13.2336  1
95    0
69 11.8984  7
84    12.478
85    12.8953
86    8.25779
87    11.1143
88    8.44218
89    11.7166
90    10.409
70 7.53822  1
95    0
71 13.3004  1
91    12.9663
72 12.1166  1
91    12.9062
73 8.25083  1
95    0
74 5.62716  1
95    0
75 7.05969  1
95    0
76 11.7379  1
95    0
77 7.01422  1
79    8.25834
78 11.5893  1
95    0
79 6.52867  1
95    0
80 10.0035  1
95    0
81 11.3506  1
95    0
82 5.74953  1
95    0
83 7.45918  1
95    0
84 13.0422  3
92    11.872
93    10.9166
94    7.79653
85 11.2737  1
95    0
86 5.49837  1
95    0
87 6.63915  1
95    0
88 10.3645  1
91    8.82488
89 12.5295  1
95    0
90 9.59914  1
95    0
91 10.0301  1
95    0
92 11.4373  1
95    0
93 6.03244  1
95    0
94 8.38328  1
95    0
95 0  0
