93
0 5.62716  9
1    8.27409
2    11.1676
3    8.61632
4    12.2851
5    12.2657
6    12.2022
7    11.9947
9    10.9638
10    11.7334
1 7.05969  1
9    8.61742
2 11.7379  2
8    10.4181
9    12.169
3 7.01422  3
8    7.8804
9    11.168
38    11.5177
4 11.5893  4
8    9.88198
9    7.95071
10    12.1222
64    12.8953
5 6.52867  3
8    11.3172
9    12.2888
10    12.2412
6 10.0035  3
8    9.10486
9    10.1116
10    10.4639
7 11.3506  1
9    11.8865
8 5.74953  2
10    12.2776
38    7.29902
9 7.45918  9
11    12.3185
12    12.3745
13    12.5574
14    7.15455
15    7.51161
16    8.67766
17    12.4855
18    12.9198
38    10.2187
10 13.0422  1
92    0
11 11.2737  1
92    0
12 5.49837  1
38    7.98349
13 6.63915  1
38    8.47551
14 10.3645  1
38    10.7642
15 12.5295  1
38    11.8253
16 9.59914  1
92    0
17 10.0301  10
19    8.33799
20    11.3764
21    9.29786
22    8.51067
23    11.9402
24    11.139
25    8.52293
26    11.9803
27    11.27
38    10.018
18 11.4373  10
28    8.9505
29    7.37629
30    8.23582
31    11.0427
32    8.20853
33    10.9536
34    7.9172
35    10.0021
36    10.8104
37    7.44972
19 6.03244  1
92    0
20 8.38328  1
92    0
21 6.0596  1
64    8.25779
22 8.47179  1
92    0
23 6.34861  3
39    10.8624
40    7.61946
41    9.02997
24 9.41572  1
92    0
25 9.43129  1
38    9.75948
26 9.48195  1
92    0
27 9.64736  1
92    0
28 10.1875  6
86    9.39729
87    8.83532
88    7.00018
89    7.00751
90    7.0315
91    7.10987
29 11.9515  1
92    0
30 7.71157  6
65    11.1143
66    8.44218
67    11.7166
68    10.409
69    12.139
70    11.7885
31 13.8665  1
92    0
32 13.9654  1
92    0
33 14.2883  2
42    7.63576
43    9.08307
34 5.34242  1
92    0
35 6.1298  1
92    0
36 8.70098  9
45    9.65877
46    9.68917
47    9.78841
48    10.1125
49    11.1709
50    8.62694
51    12.3199
52    12.3793
53    12.573
37 7.09723  1
44    9.64943
38 11.8603  1
92    0
39 7.41371  1
44    7.80917
40 12.8939  1
92    0
41 10.7894  3
76    12.9663
77    8.48979
78    11.872
42 13.9169  1
92    0
43 14.1299  1
92    0
44 14.8254  1
92    0
45 7.09632  1
92    0
46 11.8572  1
92    0
47 7.40364  1
92    0
48 12.861  1
92    0
49 10.6816  1
92    0
50 13.565  10
54    7.20545
55    7.67788
56    9.22059
57    8.25834
58    11.1162
59    8.44823
60    11.7364
61    10.4736
62    12.3501
63    12.478
51 12.9809  1
92    0
52 11.0732  1
92    0
53 14.8437  1
92    0
54 7.15613  1
92    0
55 12.0525  1
92    0
56 8.04147  1
92    0
57 14.9438  1
92    0
58 7.48299  7
79    10.9166
80    7.79653
81    9.60805
82    9.52364
83    9.24787
84    8.34733
85    11.4068
59 13.1201  1
92    0
60 11.5276  1
92    0
61 6.32756  1
92    0
62 9.34675  4
72    12.9062
73    8.29368
74    11.2315
75    8.82488
63 9.20606  1
92    0
64 8.74645  1
92    0
65 7.24555  1
92    0
66 12.3446  1
92    0
67 8.99548  1
92    0
68 8.05887  1
92    0
69 5.00031  1
92    0
70 5.01251  1
71    10.6439
71 5.05249  1
92    0
72 5.18311  1
92    0
73 5.60945  1
92    0
74 7.00171  1
92    0
75 11.5484  1
92    0
76 6.39531  1
92    0
77 9.56801  1
92    0
78 9.92843  1
92    0
79 11.1055  1
92    0
80 14.9493  1
92    0
81 7.50099  1
92    0
82 13.179  1
92    0
83 11.7202  1
92    0
84 6.95624  1
92    0
85 11.3997  1
92    0
86 5.90976  1
92    0
87 7.98257  1
92    0
88 14.7516  1
92    0
89 6.85522  1
92    0
90 11.0701  1
92    0
91 14.8337  1
92    0
92 0  0
