103
0 7.51778  10
1    61.4257
2    61.3286
3    61.0109
4    59.9736
5    56.586
6    45.5243
7    39.402
8    49.4099
9    52.0907
10    60.8452
1 13.2336  3
13    60.6108
50    36.0273
63    54.5828
2 11.8984  1
13    58.6671
3 7.53822  3
48    38.1788
63    41.7367
87    61.0109
4 13.3004  1
102    0
5 12.1166  4
11    39.7536
48    38.0973
50    61.5996
53    42.2411
6 8.25083  3
11    59.4325
13    61.2059
53    58.6818
7 5.62716  3
11    55.8399
13    61.3881
63    46.2394
8 7.05969  3
12    43.0871
16    37.5581
77    42.503
9 11.7379  2
11    54.819
16    61.8725
10 7.01422  3
11    50.558
13    61.444
48    48.2472
11 11.5893  4
14    52.3196
15    61.5923
16    35.7727
53    55.5808
12 6.52867  3
16    62.7871
62    64.8315
87    61.3286
13 10.0035  1
50    43.1347
14 11.3506  10
17    43.3883
18    62.4273
19    64.599
20    41.69
21    56.8818
22    46.4893
23    42.5533
24    59.7008
25    55.6952
26    42.6147
15 5.74953  10
27    59.9013
28    56.3498
29    44.7525
30    36.8815
31    41.1791
32    55.2136
33    41.0427
34    54.7678
35    39.586
36    50.0105
16 7.45918  1
62    59.3602
17 13.0422  1
102    0
18 11.2737  2
50    38.3894
62    58.9427
19 5.49837  1
48    45.1498
20 6.63915  1
49    55.8545
21 10.3645  9
37    54.0518
38    37.2486
39    42.3775
40    59.1267
41    53.8211
42    36.4951
43    39.9174
50    62.8649
62    42.449
22 12.5295  1
102    0
23 9.59914  2
51    46.1029
52    41.2917
24 10.0301  1
88    60.8452
25 11.4373  1
102    0
26 6.03244  1
102    0
27 8.38328  1
48    54.3118
28 6.0596  1
48    48.4458
29 8.47179  1
62    64.5312
30 6.34861  3
49    50.5626
62    53.2196
63    48.0403
31 9.41572  1
102    0
32 9.43129  7
78    59.5369
79    55.1605
80    40.8687
81    54.1992
82    37.7293
83    43.9477
84    64.2547
33 9.48195  2
50    61.8963
87    41.3704
34 9.64736  1
62    56.1576
35 10.1875  1
63    57.0338
36 11.9515  6
44    51.0936
45    57.5886
46    48.7974
47    50.0902
48    39.0458
88    54.819
37 7.71157  1
102    0
38 13.8665  1
48    48.9421
39 13.9654  1
102    0
40 14.2883  1
62    60.6951
41 5.34242  1
48    45.4154
42 6.1298  1
87    45.5243
43 8.70098  9
54    61.7507
55    62.3898
56    64.4763
57    41.2889
58    55.5716
59    42.2109
60    58.5829
61    52.0449
62    41.4684
44 7.09723  1
102    0
45 11.8603  1
48    48.2939
46 7.41371  1
102    0
47 12.8939  1
102    0
48 10.7894  2
62    44.1244
88    49.4099
49 13.9169  1
53    52.3681
50 14.1299  1
73    39.1859
51 14.8254  1
102    0
52 7.09632  1
102    0
53 11.8572  1
102    0
54 7.40364  1
102    0
55 12.861  6
96    61.5923
97    61.8725
98    62.7871
99    35.7727
100    37.5581
101    43.3883
56 10.6816  3
73    48.704
87    43.0816
88    59.4325
57 13.565  3
63    38.9827
87    56.586
88    52.0907
58 12.9809  1
63    47.6182
59 11.0732  1
102    0
60 14.8437  1
102    0
61 7.15613  9
64    46.9865
65    44.1766
66    35.0009
67    35.0375
68    35.1575
69    35.5493
70    36.8284
71    41.0051
72    54.6451
62 12.0525  1
102    0
63 8.04147  1
102    0
64 14.9438  1
102    0
65 7.48299  1
88    50.558
66 13.1201  1
102    0
67 11.5276  1
87    55.838
68 6.32756  1
87    59.9736
69 9.34675  1
88    55.8399
70 9.20606  1
102    0
71 8.74645  4
74    49.7853
75    53.3166
76    64.848
87    64.501
72 7.24555  7
89    43.0871
90    61.444
91    61.3881
92    61.2059
93    60.6108
94    58.6671
95    52.3196
73 12.3446  2
85    40.5657
86    53.2104
74 8.99548  1
102    0
75 8.05887  1
102    0
76 5.00031  1
102    0
77 5.01251  1
88    39.402
78 5.05249  1
102    0
79 5.18311  1
102    0
80 5.60945  1
102    0
81 7.00171  1
102    0
82 11.5484  1
102    0
83 6.39531  1
102    0
84 9.56801  1
88    39.7536
85 9.92843  1
87    61.4257
86 11.1055  1
102    0
87 14.9493  1
102    0
88 7.50099  1
102    0
89 13.179  1
102    0
90 11.7202  1
102    0
91 6.95624  1
102    0
92 11.3997  1
102    0
93 5.90976  1
102    0
94 7.98257  1
102    0
95 14.7516  1
102    0
96 6.85522  1
102    0
97 11.0701  1
102    0
98 14.8337  1
102    0
99 7.12348  1
102    0
100 11.946  1
102    0
101 7.69387  1
102    0
102 0  0
