198
0 7.6957  9
1    8.25834
3    11.7364
4    12.3501
5    12.478
6    8.25779
8    11.7166
18    9.39729
21    12.8509
45    12.9198
1 13.8147  7
2    11.1162
3    8.44823
8    12.9062
21    8.27409
26    11.9947
45    11.9803
167    7.83718
2 13.796  4
7    11.1143
8    8.44218
20    12.9696
63    10.8624
3 13.7353  4
4    10.4736
8    12.139
119    10.4639
120    12.5574
4 13.5369  7
8    10.409
19    10.6633
20    8.5006
25    12.2657
36    11.168
83    11.7166
133    9.75948
5 12.889  5
6    12.8953
8    10.6439
18    7.00018
20    11.9074
119    12.2412
6 10.7732  4
18    7.0315
19    9.95706
20    10.8398
36    12.2412
7 13.8641  3
8    11.7885
18    7.10987
19    10.929
8 13.9575  10
9    8.29368
10    11.2315
11    8.82488
12    12.9663
13    8.48979
14    11.872
15    10.9166
16    7.79653
17    9.60805
19    9.74081
9 14.2624  3
19    7.83718
118    11.9947
134    7.63576
10 5.25758  2
18    11.4068
19    8.20103
11 5.85269  2
18    8.83532
120    8.67766
12 7.79611  4
19    7.36567
37    12.1222
46    8.9505
133    10.2187
13 14.1424  3
18    9.52364
21    8.11313
45    11.9402
14 14.8663  4
20    11.0321
21    8.78954
122    11.9803
136    9.65877
15 7.22999  2
18    8.34733
21    7.54585
16 12.2939  3
18    9.24787
20    8.17374
122    11.139
17 8.82977  3
18    7.00751
21    12.9002
184    12.2888
18 7.51778  4
21    10.6421
26    11.3172
45    12.4855
168    12.8509
19 13.2336  1
83    12.139
20 11.8984  6
22    11.1676
23    8.61632
24    12.2851
25    12.2022
118    7.8804
133    11.5177
21 7.53822  1
195    12.4855
22 13.3004  4
37    11.7334
120    12.3745
134    9.02997
167    9.95706
23 12.1166  1
45    11.3764
24 8.25083  3
36    12.2888
118    10.4181
122    11.9402
25 5.62716  3
46    7.37629
63    9.02997
83    8.25779
26 7.05969  10
27    9.10486
28    7.8804
29    9.88198
30    10.4181
31    12.169
32    11.8865
33    10.9638
34    7.95071
35    10.1116
36    12.2776
27 11.7379  8
176    9.88198
177    10.4181
178    12.169
179    11.8865
180    10.9638
181    7.95071
182    10.1116
183    11.168
28 7.01422  2
45    11.139
82    12.478
29 11.5893  2
118    12.169
122    11.27
30 6.52867  2
63    7.63576
90    8.48979
31 10.0035  1
197    0
32 11.3506  1
46    11.27
33 5.74953  3
36    8.61742
45    8.33799
108    7.54585
34 7.45918  9
38    10.4639
39    12.3185
40    12.3745
41    12.5574
42    7.15455
43    7.51161
44    8.67766
83    8.44218
107    8.5006
35 13.0422  3
45    8.51067
63    10.018
122    8.51067
36 11.2737  3
120    12.9198
154    11.2315
168    12.9002
37 5.49837  10
64    9.08307
65    7.80917
66    9.64943
67    9.65877
68    9.68917
69    9.78841
70    10.1125
71    11.1709
107    11.9074
121    11.3764
38 6.63915  1
197    0
39 10.3645  3
90    9.24787
118    11.3172
196    8.51067
40 12.5295  2
82    12.3501
154    10.9166
41 9.59914  2
90    10.9166
167    7.36567
42 10.0301  4
45    9.29786
133    7.98349
134    7.80917
154    11.872
43 11.4373  2
45    8.52293
118    10.9638
44 6.03244  1
197    0
45 8.38328  7
47    8.23582
48    11.0427
49    8.20853
50    10.9536
51    7.9172
52    10.0021
167    9.74081
46 6.0596  1
119    8.61742
47 8.47179  1
197    0
48 6.34861  2
63    7.61946
90    7.79653
49 9.41572  1
90    9.52364
50 9.43129  1
184    8.61742
51 9.48195  1
197    0
52 9.64736  10
53    10.8104
54    7.44972
55    8.47551
56    11.8253
57    10.7642
58    7.29902
59    7.98349
60    10.2187
61    11.5177
62    9.75948
53 10.1875  1
197    0
54 11.9515  2
83    11.1143
119    10.1116
55 7.71157  10
123    8.20853
124    10.9536
125    7.9172
126    10.0021
127    10.8104
128    7.44972
129    8.47551
130    11.8253
131    10.7642
132    7.29902
56 13.8665  2
83    10.409
118    11.8865
57 13.9654  1
197    0
58 14.2883  2
118    9.88198
119    12.2776
59 5.34242  2
89    12.9663
118    12.2022
60 6.1298  1
197    0
61 8.70098  1
108    11.0321
62 7.09723  2
82    11.7364
196    11.9803
63 11.8603  1
120    7.15455
64 7.41371  10
72    8.62694
73    12.3199
74    12.3793
75    12.573
76    7.20545
77    7.67788
78    9.22059
79    8.25834
80    11.1162
81    8.44823
65 12.8939  8
101    10.929
102    7.83718
103    9.74081
104    9.95706
105    10.6633
106    12.9696
136    12.3199
167    8.20103
66 10.7894  1
152    11.7885
67 13.9169  1
90    9.60805
68 14.1299  2
108    8.17374
196    11.9402
69 14.8254  1
197    0
70 7.09632  1
197    0
71 11.8572  2
122    8.23582
196    8.9505
72 7.40364  3
83    12.8953
134    7.61946
195    12.9198
73 12.861  6
84    11.7885
85    10.6439
86    12.9062
87    8.29368
88    11.2315
152    8.44218
74 10.6816  2
136    9.78841
195    9.29786
75 13.565  1
168    10.8398
76 12.9809  1
119    11.168
77 11.0732  1
197    0
78 14.8437  6
185    12.2776
186    12.2412
187    12.1222
188    11.7334
189    10.4639
190    12.3185
79 7.15613  2
133    10.8624
168    8.11313
80 12.0525  2
82    10.4736
154    8.29368
81 8.04147  1
197    0
82 14.9438  10
91    8.34733
92    11.4068
93    9.39729
94    8.83532
95    7.00018
96    7.00751
97    7.0315
98    7.10987
99    7.36567
100    8.20103
83 7.48299  2
90    11.872
167    11.9074
84 13.1201  1
197    0
85 11.5276  1
197    0
86 6.32756  1
197    0
87 9.34675  3
118    9.10486
152    11.7166
168    8.78954
88 9.20606  2
89    8.82488
119    12.1222
89 8.74645  1
197    0
90 7.24555  1
197    0
91 12.3446  2
122    8.9505
134    9.08307
92 8.99548  1
135    9.64943
93 8.05887  1
197    0
94 5.00031  9
109    12.8509
110    8.11313
111    10.6421
112    12.9002
113    8.27409
114    11.1676
115    8.61632
116    12.2851
117    12.2657
95 5.01251  1
197    0
96 5.05249  3
119    12.2888
122    8.52293
153    12.9062
97 5.18311  1
136    9.68917
98 5.60945  2
120    12.3185
195    8.33799
99 7.00171  1
122    11.0427
100 11.5484  1
108    8.78954
101 6.39531  2
167    10.6633
168    7.54585
102 9.56801  1
119    7.95071
103 9.92843  1
108    10.8398
104 11.1055  1
197    0
105 14.9493  7
138    12.573
139    7.20545
140    7.67788
141    9.22059
142    8.25834
143    11.1162
152    10.409
106 7.50099  1
121    9.29786
107 13.179  1
137    12.3793
108 11.7202  2
119    11.7334
136    11.1709
109 6.95624  1
197    0
110 11.3997  1
197    0
111 5.90976  1
120    12.4855
112 7.98257  1
197    0
113 14.7516  1
133    10.018
114 6.85522  1
197    0
115 11.0701  1
197    0
116 14.8337  3
120    7.51161
121    8.33799
152    10.6439
117 7.12348  1
197    0
118 11.946  1
122    7.37629
119 7.69387  1
196    11.27
120 13.8086  1
197    0
121 13.7762  1
197    0
122 13.6703  1
136    8.62694
123 13.3245  1
136    10.1125
124 12.1953  4
155    7.79653
156    9.60805
157    9.52364
158    9.24787
125 8.5081  1
197    0
126 6.46733  1
197    0
127 9.80331  1
197    0
128 10.6969  3
149    12.8953
150    8.25779
151    11.1143
129 13.6151  1
167    12.9696
130 13.1442  1
197    0
131 11.6063  1
197    0
132 6.58452  2
152    12.139
154    8.82488
133 10.186  6
144    8.44823
145    11.7364
146    10.4736
147    12.3501
148    12.478
168    8.17374
134 11.9466  1
197    0
135 7.6957  1
197    0
136 13.8147  1
197    0
137 13.796  1
197    0
138 13.7353  1
154    8.48979
139 13.5369  1
197    0
140 12.889  1
197    0
141 10.7732  1
197    0
142 13.8641  1
154    12.9663
143 13.9575  1
168    8.27409
144 14.2624  6
170    12.2657
171    12.2022
172    11.9947
173    11.3172
174    9.10486
175    7.8804
145 5.25758  1
197    0
146 5.85269  2
168    10.6421
169    12.2851
147 7.79611  1
168    11.0321
148 14.1424  8
159    8.34733
160    11.4068
161    9.39729
162    8.83532
163    7.00018
164    7.00751
165    7.0315
166    7.10987
149 14.8663  1
197    0
150 7.22999  1
197    0
151 12.2939  1
197    0
152 8.82977  1
196    7.37629
153 7.51778  1
169    11.1676
154 13.2336  1
167    8.5006
155 11.8984  1
197    0
156 7.53822  4
191    12.3745
192    12.5574
193    7.15455
194    7.51161
157 13.3004  1
197    0
158 12.1166  1
169    8.61632
159 8.25083  1
197    0
160 5.62716  1
197    0
161 7.05969  1
167    10.929
162 11.7379  1
197    0
163 7.01422  1
197    0
164 11.5893  1
197    0
165 6.52867  1
197    0
166 10.0035  1
197    0
167 11.3506  1
197    0
168 5.74953  1
197    0
169 7.45918  1
197    0
170 13.0422  1
197    0
171 11.2737  1
197    0
172 5.49837  1
197    0
173 6.63915  1
197    0
174 10.3645  1
197    0
175 12.5295  1
197    0
176 9.59914  1
197    0
177 10.0301  1
197    0
178 11.4373  1
197    0
179 6.03244  1
197    0
180 8.38328  1
195    8.67766
181 6.0596  1
196    11.139
182 8.47179  1
197    0
183 6.34861  1
196    8.52293
184 9.41572  1
197    0
185 9.43129  1
197    0
186 9.48195  1
197    0
187 9.64736  1
197    0
188 10.1875  1
197    0
189 11.9515  1
197    0
190 7.71157  1
197    0
191 13.8665  1
197    0
192 13.9654  1
197    0
193 14.2883  1
195    11.3764
194 5.34242  1
197    0
195 6.1298  1
197    0
196 8.70098  1
197    0
197 0  0
