210
0 13.6151  3
1    1.24779
32    0.988198
57    1.09536
1 13.1442  5
2    1.28953
3    0.825779
4    1.11143
5    0.844218
13    1.29663
2 11.6063  3
13    0.779653
103    1.19074
133    1.25574
3 6.58452  4
14    0.960805
20    0.783718
31    1.22851
133    0.867766
4 10.186  2
20    0.710987
140    0.79172
5 11.9466  9
6    1.17166
7    1.0409
8    1.2139
9    1.17885
10    1.06439
11    1.29062
12    0.829368
30    1.29002
59    0.975948
6 7.6957  1
13    1.09166
7 13.8147  4
13    0.882488
14    0.952364
32    1.13172
36    0.861742
8 13.796  2
20    0.700018
30    0.878954
9 13.7353  10
21    0.974081
22    0.995706
23    1.06633
24    1.29696
25    0.85006
26    1.19074
27    1.10321
46    0.715455
59    1.15177
139    1.10427
10 13.5369  1
13    1.1872
11 12.889  5
13    1.12315
20    0.700751
30    0.811313
32    1.04181
78    0.825779
12 10.7732  5
13    0.848979
30    0.754585
36    1.01116
57    0.79172
103    1.06633
13 13.8641  6
15    0.924787
16    0.834733
17    1.14068
18    0.939729
19    0.883532
57    0.823582
14 13.9575  1
20    0.736567
15 14.2624  5
20    1.0929
32    1.19947
36    1.1168
114    0.861632
168    1.23501
16 5.25758  4
20    0.820103
32    1.22657
58    1.18253
103    0.783718
17 5.85269  8
186    1.14068
187    0.939729
188    0.883532
189    0.700018
190    0.700751
191    0.703149
192    0.710987
193    0.736567
18 7.79611  2
77    1.17364
78    1.11143
19 14.1424  2
20    0.703149
59    0.798349
20 14.8663  3
32    1.2169
57    0.737629
77    1.24779
21 7.22999  2
32    0.910486
141    0.744972
22 12.2939  3
28    0.817374
29    1.08398
58    1.07642
23 8.82977  2
30    0.827409
58    0.729902
24 7.51778  2
32    0.78804
77    0.844823
25 13.2336  2
30    1.28509
59    1.02187
26 11.8984  1
30    1.11676
27 7.53822  10
37    1.22888
38    1.22776
39    1.22412
40    1.21222
41    1.17334
42    1.04639
43    1.23185
44    1.23745
45    1.25574
46    0.751161
28 13.3004  2
30    1.06421
31    0.861632
29 12.1166  1
32    1.22022
30 8.25083  10
47    1.29198
48    0.833799
49    1.13764
50    0.929786
51    0.851067
52    1.19402
53    1.1139
54    0.852293
77    1.11162
141    0.729902
31 5.62716  1
141    1.18253
32 7.05969  6
33    1.18865
34    1.09638
35    0.795071
46    0.867766
78    1.28953
199    1.06633
33 11.7379  1
209    0
34 7.01422  1
77    0.825834
35 11.5893  2
57    0.820853
58    0.744972
36 6.52867  1
113    1.11676
37 10.0035  2
55    1.19803
56    1.127
38 11.3506  1
57    1.00021
39 5.74953  1
185    0.960805
40 7.45918  1
209    0
41 13.0422  1
59    1.0018
42 11.2737  1
133    0.715455
43 5.49837  1
46    1.24855
44 6.63915  1
139    0.820853
45 10.3645  1
59    0.761946
46 12.5295  1
80    1.06439
47 9.59914  8
81    0.829368
82    1.12315
83    0.882488
84    1.29663
85    0.848979
86    1.1872
114    1.19947
141    1.00021
48 10.0301  4
125    0.861742
126    1.22888
127    1.22776
139    0.89505
49 11.4373  1
57    1.08104
50 6.03244  1
57    0.89505
51 8.38328  3
102    1.0929
133    1.24855
141    1.02187
52 6.0596  1
57    1.10427
53 8.47179  2
78    0.844218
103    0.85006
54 6.34861  3
58    0.847551
80    1.2139
141    1.08104
55 9.41572  7
88    0.779653
89    0.960805
90    0.952364
91    0.924787
92    0.834733
93    1.14068
141    0.798349
56 9.43129  1
209    0
57 9.48195  1
59    1.08624
58 9.64736  10
68    1.01125
69    1.11709
70    0.862694
71    1.23199
72    1.23793
73    1.2573
74    0.720545
75    0.767788
76    0.922059
77    1.23501
59 10.1875  9
60    0.902997
61    0.763576
62    0.908307
63    0.780917
64    0.964943
65    0.965877
66    0.968917
67    0.978841
141    1.07642
60 11.9515  1
209    0
61 7.71157  1
209    0
62 13.8665  1
209    0
63 13.9654  3
133    0.833799
141    0.847551
169    1.28953
64 14.2883  1
78    1.17166
65 5.34242  2
114    1.22022
133    1.23745
66 6.1298  4
142    1.15177
143    0.975948
144    1.0018
145    1.08624
67 8.70098  2
77    1.04736
114    1.22851
68 7.09723  2
79    1.0409
169    1.24779
69 11.8603  1
80    1.29062
70 7.41371  1
180    0.882488
71 12.8939  8
94    0.939729
95    0.883532
96    0.700018
97    0.700751
98    0.703149
99    0.710987
100    0.736567
101    0.820103
72 10.7894  1
209    0
73 13.9169  1
103    0.974081
74 14.1299  2
139    1.19803
168    1.04736
75 14.8254  1
209    0
76 7.09632  1
103    1.29696
77 11.8572  1
103    1.10321
78 7.40364  1
209    0
79 12.861  1
80    1.17885
80 10.6816  1
209    0
81 13.565  1
87    1.09166
82 12.9809  1
209    0
83 11.0732  1
209    0
84 14.8437  1
139    0.737629
85 7.15613  1
209    0
86 12.0525  1
209    0
87 8.04147  10
156    1.11709
157    0.862694
158    1.23199
159    1.23793
160    1.2573
161    0.720545
162    0.767788
163    0.922059
164    0.825834
165    1.11162
88 14.9438  9
104    0.817374
105    1.08398
106    0.754585
107    0.878954
108    1.28509
109    0.811313
110    1.06421
111    1.29002
112    0.827409
89 7.48299  3
153    0.968917
154    0.978841
155    1.01125
90 13.1201  1
209    0
91 11.5276  1
209    0
92 6.32756  1
209    0
93 9.34675  1
114    1.13172
94 9.20606  1
103    0.995706
95 8.74645  1
209    0
96 7.24555  1
209    0
97 12.3446  1
209    0
98 8.99548  1
139    1.127
99 8.05887  1
209    0
100 5.00031  1
209    0
101 5.01251  1
209    0
102 5.05249  1
209    0
103 5.18311  1
209    0
104 5.60945  1
209    0
105 7.00171  9
200    1.29696
201    0.85006
202    1.19074
203    1.10321
204    0.817374
205    1.08398
206    0.754585
207    0.878954
208    1.28509
106 11.5484  1
209    0
107 6.39531  1
209    0
108 9.56801  1
209    0
109 9.92843  2
166    0.844823
167    1.17364
110 11.1055  1
114    1.22657
111 14.9493  7
146    0.761946
147    0.902997
148    0.763576
149    0.908307
150    0.780917
151    0.964943
152    0.965877
112 7.50099  5
134    0.929786
135    0.851067
136    1.19402
137    1.1139
138    0.852293
113 13.179  10
115    0.910486
116    0.78804
117    0.988198
118    1.04181
119    1.2169
120    1.18865
121    1.09638
122    0.795071
123    1.01116
124    1.1168
114 11.7202  5
194    0.820103
195    1.0929
196    0.783718
197    0.974081
198    0.995706
115 6.95624  1
209    0
116 11.3997  2
133    1.13764
185    0.834733
117 5.90976  1
209    0
118 7.98257  1
209    0
119 14.7516  1
185    0.924787
120 6.85522  1
209    0
121 11.0701  1
209    0
122 14.8337  1
139    0.823582
123 7.12348  1
209    0
124 11.946  1
209    0
125 7.69387  5
128    1.22412
129    1.21222
130    1.17334
131    1.04639
132    1.23185
126 13.8086  1
209    0
127 13.7762  1
209    0
128 13.6703  1
133    1.29198
129 13.3245  1
169    0.825779
130 12.1953  1
209    0
131 8.5081  2
133    0.751161
140    1.09536
132 6.46733  1
209    0
133 9.80331  1
209    0
134 10.6969  1
209    0
135 13.6151  1
209    0
136 13.1442  1
209    0
137 11.6063  1
209    0
138 6.58452  1
209    0
139 10.186  1
209    0
140 11.9466  1
209    0
141 7.6957  1
209    0
142 13.8147  1
209    0
143 13.796  1
209    0
144 13.7353  1
209    0
145 13.5369  1
209    0
146 12.889  1
209    0
147 10.7732  1
209    0
148 13.8641  1
209    0
149 13.9575  1
209    0
150 14.2624  1
209    0
151 5.25758  1
209    0
152 5.85269  1
209    0
153 7.79611  10
170    1.11143
171    0.844218
172    1.17166
173    1.0409
174    1.2139
175    1.17885
176    1.06439
177    1.29062
178    0.829368
179    1.12315
154 14.1424  1
209    0
155 14.8663  4
181    1.29663
182    0.848979
183    1.1872
184    1.09166
156 7.22999  1
209    0
157 12.2939  1
209    0
158 8.82977  1
209    0
159 7.51778  1
209    0
160 13.2336  1
209    0
161 11.8984  1
209    0
162 7.53822  1
185    0.952364
163 13.3004  1
209    0
164 12.1166  1
209    0
165 8.25083  1
209    0
166 5.62716  1
209    0
167 7.05969  1
209    0
168 11.7379  1
209    0
169 7.01422  1
209    0
170 11.5893  1
209    0
171 6.52867  1
209    0
172 10.0035  1
209    0
173 11.3506  1
209    0
174 5.74953  1
209    0
175 7.45918  1
209    0
176 13.0422  1
209    0
177 11.2737  1
209    0
178 5.49837  1
185    0.779653
179 6.63915  1
209    0
180 10.3645  1
209    0
181 12.5295  1
209    0
182 9.59914  1
209    0
183 10.0301  1
209    0
184 11.4373  1
209    0
185 6.03244  1
209    0
186 8.38328  1
209    0
187 6.0596  1
209    0
188 8.47179  1
209    0
189 6.34861  1
209    0
190 9.41572  1
209    0
191 9.43129  1
209    0
192 9.48195  1
209    0
193 9.64736  1
209    0
194 10.1875  1
209    0
195 11.9515  1
209    0
196 7.71157  1
209    0
197 13.8665  1
209    0
198 13.9654  1
209    0
199 14.2883  1
209    0
200 5.34242  1
209    0
201 6.1298  1
209    0
202 8.70098  1
209    0
203 7.09723  1
209    0
204 11.8603  1
209    0
205 7.41371  1
209    0
206 12.8939  1
209    0
207 10.7894  1
209    0
208 13.9169  1
209    0
209 0  0
