102
0 14.9438  3
1    0.780917
35    0.779653
56    1.04181
1 7.48299  10
2    0.964943
3    0.965877
4    0.968917
5    0.978841
6    1.01125
7    1.11709
8    0.862694
9    1.23199
10    1.23793
11    1.2573
2 13.1201  8
36    0.700018
37    0.700751
38    0.703149
39    0.710987
40    0.736567
41    0.820103
42    1.0929
43    0.783718
3 11.5276  1
101    0
4 6.32756  5
12    0.720545
13    0.767788
14    0.922059
15    0.825834
16    1.11162
5 9.34675  1
58    1.04639
6 9.20606  2
18    1.23501
57    0.861742
7 8.74645  4
17    0.844823
18    1.04736
35    0.924787
55    1.11676
8 7.24555  1
17    1.17364
9 12.3446  1
35    0.939729
10 8.99548  6
23    1.0409
24    1.2139
25    1.17885
26    1.06439
27    1.29062
56    0.910486
11 8.05887  5
19    0.825779
20    1.11143
21    0.844218
22    1.17166
35    0.960805
12 5.00031  6
28    0.829368
29    1.12315
30    0.882488
31    1.29663
56    1.22022
57    1.09638
13 5.01251  2
18    1.24779
58    1.25574
14 5.05249  1
58    1.23185
15 5.18311  1
54    1.06421
16 5.60945  3
18    1.28953
43    1.06633
100    1.2573
17 7.00171  1
101    0
18 11.5484  1
57    1.01116
19 6.39531  1
101    0
20 9.56801  2
35    1.14068
54    1.29002
21 9.92843  1
35    0.883532
22 11.1055  2
35    0.952364
80    0.847551
23 14.9493  4
32    0.848979
33    1.1872
34    1.09166
56    0.988198
24 7.50099  1
56    1.18865
25 13.179  1
101    0
26 11.7202  10
44    1.29696
45    0.85006
46    1.19074
47    1.10321
48    0.817374
49    1.08398
50    0.754585
51    0.878954
52    1.28509
53    0.811313
27 6.95624  1
101    0
28 11.3997  1
54    0.827409
29 5.90976  2
35    0.834733
58    0.751161
30 7.98257  1
58    0.715455
31 14.7516  1
57    1.22412
32 6.85522  1
55    1.22851
33 11.0701  1
57    1.21222
34 14.8337  1
101    0
35 7.12348  1
101    0
36 11.946  1
101    0
37 7.69387  1
43    0.995706
38 13.8086  1
101    0
39 13.7762  1
101    0
40 13.6703  1
58    1.23745
41 13.3245  3
43    0.974081
55    1.22657
80    0.729902
42 12.1953  3
56    1.13172
58    1.17334
79    0.744972
43 8.5081  1
101    0
44 6.46733  1
101    0
45 9.80331  1
56    0.78804
46 10.6969  2
56    1.2169
57    0.795071
47 13.6151  9
59    1.24855
60    1.29198
61    0.833799
62    1.13764
63    0.929786
64    0.851067
65    1.19402
66    1.1139
67    0.852293
48 13.1442  1
57    1.22776
49 11.6063  3
55    0.861632
57    1.1168
58    0.867766
50 6.58452  1
80    1.18253
51 10.186  1
57    1.22888
52 11.9466  1
56    1.19947
53 7.6957  1
101    0
54 13.8147  9
81    0.798349
82    1.02187
83    1.15177
84    0.975948
85    1.0018
86    1.08624
87    0.761946
88    0.902997
89    0.763576
55 13.796  1
101    0
56 13.7353  10
90    0.908307
91    0.780917
92    0.964943
93    0.965877
94    0.968917
95    0.978841
96    1.01125
97    1.11709
98    0.862694
99    1.23199
57 13.5369  1
101    0
58 12.889  5
68    1.19803
69    1.127
70    0.89505
71    0.737629
72    0.823582
59 10.7732  1
101    0
60 13.8641  1
101    0
61 13.9575  1
101    0
62 14.2624  6
73    1.10427
74    0.820853
75    1.09536
76    0.79172
77    1.00021
78    1.08104
63 5.25758  1
101    0
64 5.85269  1
101    0
65 7.79611  1
101    0
66 14.1424  1
100    0.720545
67 14.8663  1
101    0
68 7.22999  1
101    0
69 12.2939  1
101    0
70 8.82977  1
101    0
71 7.51778  1
101    0
72 13.2336  1
80    1.07642
73 11.8984  1
100    1.23793
74 7.53822  1
101    0
75 13.3004  1
101    0
76 12.1166  1
101    0
77 8.25083  1
101    0
78 5.62716  1
101    0
79 7.05969  1
101    0
80 11.7379  1
101    0
81 7.01422  1
101    0
82 11.5893  1
101    0
83 6.52867  1
101    0
84 10.0035  1
101    0
85 11.3506  1
101    0
86 5.74953  1
101    0
87 7.45918  1
101    0
88 13.0422  1
101    0
89 11.2737  1
101    0
90 5.49837  1
101    0
91 6.63915  1
101    0
92 10.3645  1
101    0
93 12.5295  1
101    0
94 9.59914  1
101    0
95 10.0301  1
101    0
96 11.4373  1
101    0
97 6.03244  1
101    0
98 8.38328  1
101    0
99 6.0596  1
101    0
100 8.47179  1
101    0
101 0  0
