184
0 6.85522  5
1    55.2136
16    50.0902
31    53.2196
64    39.7536
93    53.2196
1 11.0701  10
2    41.0427
3    54.7678
4    39.586
5    50.0105
6    54.0518
7    37.2486
8    42.3775
9    59.1267
10    53.8211
119    43.0871
2 14.8337  2
106    64.848
127    50.0105
3 7.12348  5
29    61.7507
30    62.3898
64    60.8452
128    39.9174
164    38.9827
4 11.946  5
16    45.4154
28    41.2917
119    54.819
122    59.9013
164    57.0338
5 7.69387  3
16    48.2472
120    61.8725
155    58.9427
6 13.8086  2
33    54.5828
64    61.444
7 13.7762  3
16    54.3118
48    53.3166
93    58.9427
8 13.6703  5
16    48.2939
31    58.5829
33    44.1244
106    53.3166
121    43.3883
9 13.3245  9
11    36.4951
12    39.9174
13    51.0936
14    57.5886
15    48.7974
33    48.0403
55    41.3704
71    37.2486
107    37.7293
10 12.1953  2
16    45.1498
92    42.2109
11 8.5081  10
17    48.4458
18    48.9421
19    50.5626
20    55.8545
21    43.1347
22    61.5996
23    61.8963
24    62.8649
25    36.0273
26    38.3894
12 6.46733  3
16    39.0458
31    52.0449
91    61.7507
13 9.80331  5
28    58.6818
33    38.9827
71    54.0518
92    52.0449
173    48.704
14 10.6969  4
16    38.1788
31    60.6951
64    61.3881
93    64.8315
15 13.6151  4
16    38.0973
31    41.2889
66    35.7727
120    61.3881
16 13.1442  9
34    47.6182
35    46.2394
36    41.7367
37    57.0338
38    46.9865
39    44.1766
40    35.0009
56    61.4257
69    42.6147
17 11.6063  3
55    40.5657
69    59.7008
72    57.5886
18 6.58452  2
33    56.1576
64    55.8399
19 10.186  4
28    55.5808
56    55.838
73    39.0458
92    58.5829
20 11.9466  3
28    52.3681
32    64.5312
93    54.5828
21 7.6957  3
31    64.4763
106    54.6451
164    46.2394
22 13.8147  4
31    42.2109
48    59.5369
66    52.3196
122    36.8815
23 13.796  1
183    0
24 13.7353  2
27    46.1029
28    42.2411
25 13.5369  2
32    41.4684
92    64.4763
26 12.889  4
31    58.9427
64    54.819
71    39.586
155    41.2889
27 10.7732  3
31    55.5716
73    45.4154
106    41.0051
28 13.8641  6
49    55.1605
50    40.8687
51    54.1992
52    37.7293
53    43.9477
54    64.2547
29 13.9575  4
33    64.8315
48    42.503
65    60.6108
71    55.2136
30 14.2624  2
33    59.3602
107    40.8687
31 5.25758  4
33    42.449
48    48.704
93    41.4684
107    64.2547
32 5.85269  2
57    61.0109
121    62.4273
33 7.79611  1
73    54.3118
34 14.1424  8
41    35.0375
42    35.1575
43    35.5493
44    36.8284
45    41.0051
46    54.6451
47    39.1859
93    42.449
35 14.8663  2
69    56.3498
91    62.3898
36 7.22999  2
55    53.2104
127    37.2486
37 12.2939  4
48    64.848
66    61.8725
92    55.5716
122    55.6952
38 8.82977  3
48    49.7853
108    64.501
128    59.1267
39 7.51778  4
57    61.3286
64    43.0871
66    58.6671
69    41.69
40 13.2336  9
83    36.0273
84    38.3894
85    46.1029
86    41.2917
87    55.5808
88    42.2411
89    58.6818
90    52.3681
106    59.5369
41 11.8984  2
56    43.0816
121    56.8818
42 7.53822  2
72    48.7974
73    38.1788
43 13.3004  1
71    50.0105
44 12.1166  1
92    60.6951
45 8.25083  6
67    62.4273
68    64.599
69    42.5533
72    51.0936
73    48.2472
106    39.1859
46 5.62716  3
70    36.8815
71    59.1267
107    54.1992
47 7.05969  2
69    55.6952
122    42.5533
48 11.7379  3
55    64.501
66    62.7871
93    64.5312
49 7.01422  6
58    59.9736
59    56.586
60    45.5243
61    39.402
62    49.4099
63    52.0907
50 11.5893  3
66    43.3883
107    40.5657
119    50.558
51 6.52867  1
66    61.5923
52 10.0035  3
73    50.0902
119    60.8452
164    47.6182
53 11.3506  4
71    41.0427
73    38.0973
120    52.3196
155    58.5829
54 5.74953  1
183    0
55 7.45918  1
66    37.5581
56 13.0422  1
64    50.558
57 11.2737  1
122    59.7008
58 5.49837  3
64    59.4325
65    61.2059
119    55.8399
59 6.63915  1
127    54.0518
60 10.3645  3
69    59.9013
93    44.1244
128    51.0936
61 12.5295  2
72    36.4951
73    45.1498
62 9.59914  4
69    56.8818
71    42.3775
106    36.8284
149    41.2917
63 10.0301  2
106    49.7853
120    58.6671
64 11.4373  5
77    50.5626
78    55.8545
79    43.1347
80    61.5996
81    61.8963
65 6.03244  2
69    46.4893
155    42.2109
66 8.38328  2
71    41.1791
72    39.9174
67 6.0596  9
129    48.7974
130    50.0902
131    54.3118
132    38.0973
133    45.1498
134    38.1788
135    45.4154
136    39.0458
137    48.2472
68 8.47179  1
69    44.7525
69 6.34861  2
71    54.7678
93    56.1576
70 9.41572  5
74    48.2939
75    48.4458
76    48.9421
120    60.6108
122    44.7525
71 9.43129  1
72    53.8211
72 9.48195  1
183    0
73 9.64736  8
94    38.9827
95    48.0403
96    47.6182
97    46.2394
98    41.7367
99    57.0338
100    46.9865
101    44.1766
74 10.1875  1
183    0
75 11.9515  2
106    48.704
120    61.5923
76 7.71157  1
183    0
77 13.8665  1
121    35.7727
78 13.9654  1
93    59.3602
79 14.2883  2
82    62.8649
121    41.69
80 5.34242  1
183    0
81 6.1298  1
122    56.3498
82 8.70098  1
128    57.5886
83 7.09723  2
106    42.503
122    42.6147
84 11.8603  1
119    59.4325
85 7.41371  2
122    46.4893
128    53.8211
86 12.8939  1
92    41.2889
87 10.7894  4
123    55.2136
124    41.0427
125    54.7678
126    39.586
88 13.9169  1
108    53.2104
89 14.1299  1
155    52.0449
90 14.8254  1
155    62.3898
91 7.09632  1
164    41.7367
92 11.8572  1
120    61.2059
93 7.40364  8
156    53.2196
157    64.5312
158    41.4684
159    56.1576
160    44.1244
161    64.8315
162    42.449
163    59.3602
94 12.861  4
102    35.0009
103    35.0375
104    35.1575
105    35.5493
95 10.6816  1
183    0
96 13.565  1
183    0
97 12.9809  1
121    64.599
98 11.0732  1
108    41.3704
99 14.8437  1
107    43.9477
100 7.15613  1
121    37.5581
101 12.0525  1
183    0
102 8.04147  2
120    62.7871
128    36.4951
103 14.9438  2
107    55.1605
164    54.5828
104 7.48299  1
119    52.0907
105 13.1201  1
183    0
106 11.5276  1
127    42.3775
107 6.32756  1
122    41.1791
108 9.34675  10
109    55.838
110    43.0816
111    61.4257
112    61.3286
113    61.0109
114    59.9736
115    56.586
116    45.5243
117    39.402
118    49.4099
109 9.20606  1
183    0
110 8.74645  1
183    0
111 7.24555  1
120    61.444
112 12.3446  5
150    55.5808
151    42.2411
152    58.6818
153    52.3681
154    61.7507
113 8.99548  1
119    39.7536
114 8.05887  10
138    48.2939
139    48.4458
140    48.9421
141    50.5626
142    55.8545
143    43.1347
144    61.5996
145    61.8963
146    62.8649
147    36.0273
115 5.00031  1
183    0
116 5.01251  1
183    0
117 5.05249  1
183    0
118 5.18311  1
183    0
119 5.60945  1
183    0
120 7.00171  1
183    0
121 11.5484  1
183    0
122 6.39531  1
183    0
123 9.56801  1
183    0
124 9.92843  1
183    0
125 11.1055  1
183    0
126 14.9493  1
148    38.3894
127 7.50099  1
183    0
128 13.179  1
183    0
129 11.7202  1
183    0
130 6.95624  1
183    0
131 11.3997  1
183    0
132 5.90976  1
183    0
133 7.98257  1
183    0
134 14.7516  9
174    49.7853
175    53.3166
176    64.848
177    42.503
178    59.5369
179    55.1605
180    40.8687
181    54.1992
182    37.7293
135 6.85522  1
183    0
136 11.0701  1
148    46.1029
137 14.8337  1
183    0
138 7.12348  1
183    0
139 11.946  1
155    64.4763
140 7.69387  1
183    0
141 13.8086  1
155    55.5716
142 13.7762  1
183    0
143 13.6703  1
183    0
144 13.3245  1
183    0
145 12.1953  1
183    0
146 8.5081  1
173    39.1859
147 6.46733  1
183    0
148 9.80331  1
183    0
149 10.6969  1
183    0
150 13.6151  1
155    60.6951
151 13.1442  1
183    0
152 11.6063  1
183    0
153 6.58452  1
183    0
154 10.186  8
165    46.9865
166    44.1766
167    35.0009
168    35.0375
169    35.1575
170    35.5493
171    36.8284
172    41.0051
155 11.9466  1
164    48.0403
156 7.6957  1
183    0
157 13.8147  1
183    0
158 13.796  1
183    0
159 13.7353  1
183    0
160 13.5369  1
183    0
161 12.889  1
183    0
162 10.7732  1
183    0
163 13.8641  1
183    0
164 13.9575  1
183    0
165 14.2624  1
183    0
166 5.25758  1
183    0
167 5.85269  1
183    0
168 7.79611  1
183    0
169 14.1424  1
183    0
170 14.8663  1
183    0
171 7.22999  1
173    54.6451
172 12.2939  1
183    0
173 8.82977  1
183    0
174 7.51778  1
183    0
175 13.2336  1
183    0
176 11.8984  1
183    0
177 7.53822  1
183    0
178 13.3004  1
183    0
179 12.1166  1
183    0
180 8.25083  1
183    0
181 5.62716  1
183    0
182 7.05969  1
183    0
183 0  0
