49
0 5.90976  3
1    4.47525
2    3.68815
3    4.11791
1 7.98257  8
4    5.52136
5    4.10427
6    5.47678
7    3.9586
8    5.00105
9    5.40518
10    3.72486
39    6.44763
2 14.7516  1
48    0
3 6.85522  1
48    0
4 11.0701  2
11    4.23775
23    3.81788
5 14.8337  1
40    4.22109
6 7.12348  1
48    0
7 11.946  10
24    4.84458
25    4.89421
26    5.05626
27    5.58545
28    4.31347
29    6.15996
30    6.18963
31    6.28649
32    3.60273
33    3.83894
8 7.69387  1
48    0
9 13.8086  10
12    5.91267
13    5.38211
14    3.64951
15    3.99174
16    5.10936
17    5.75886
18    4.87974
19    5.00902
20    5.43118
40    5.85829
10 13.7762  1
39    4.12889
11 13.6703  7
41    5.20449
42    6.06951
43    5.89427
44    5.32196
45    6.45312
46    4.14684
47    5.61576
12 13.3245  1
23    4.54154
13 12.1953  1
23    4.82939
14 8.5081  2
23    4.82472
39    6.17507
15 6.46733  4
34    4.61029
35    4.12917
36    5.55808
37    4.22411
16 9.80331  1
48    0
17 10.6969  1
23    3.90458
18 13.6151  3
21    3.80973
22    4.51498
39    6.23898
19 13.1442  1
48    0
20 11.6063  1
48    0
21 6.58452  1
48    0
22 10.186  1
38    5.23681
23 11.9466  1
48    0
24 7.6957  1
48    0
25 13.8147  1
48    0
26 13.796  1
48    0
27 13.7353  1
48    0
28 13.5369  1
48    0
29 12.889  1
48    0
30 10.7732  1
48    0
31 13.8641  1
38    5.86818
32 13.9575  1
48    0
33 14.2624  1
48    0
34 5.25758  1
48    0
35 5.85269  1
40    5.55716
36 7.79611  1
48    0
37 14.1424  1
48    0
38 14.8663  1
48    0
39 7.22999  1
48    0
40 12.2939  1
48    0
41 8.82977  1
48    0
42 7.51778  1
48    0
43 13.2336  1
48    0
44 11.8984  1
48    0
45 7.53822  1
48    0
46 13.3004  1
48    0
47 12.1166  1
48    0
48 0  0
