104
0 9.92843  7
1    1.11143
2    0.844218
3    1.17166
4    1.0409
5    1.2139
6    1.12315
36    1.06421
1 11.1055  2
6    1.29062
14    1.14068
2 14.9493  1
6    1.17885
3 7.50099  3
6    1.06439
14    0.834733
47    1.2169
4 13.179  2
6    0.829368
81    0.964943
5 11.7202  1
14    0.924787
6 6.95624  9
7    0.882488
8    1.29663
9    0.848979
10    1.1872
11    1.09166
12    0.779653
13    0.960805
53    0.751161
93    1.28953
7 11.3997  7
22    1.0929
23    0.783718
24    0.974081
25    0.995706
26    1.06633
27    1.29696
47    1.04181
8 5.90976  1
14    0.952364
9 7.98257  1
48    0.795071
10 14.7516  1
37    1.11676
11 6.85522  1
47    1.18865
12 11.0701  1
14    0.939729
13 14.8337  5
17    0.700751
18    0.703149
19    0.710987
20    0.736567
21    0.820103
14 7.12348  3
15    0.883532
16    0.700018
76    0.729902
15 11.946  10
54    0.867766
55    1.24855
56    1.29198
57    0.833799
58    1.13764
59    0.929786
60    0.851067
61    1.19402
62    1.1139
63    0.852293
16 7.69387  1
48    1.04639
17 13.8086  8
28    0.85006
29    1.19074
30    1.10321
31    0.817374
32    1.08398
33    0.754585
34    0.878954
35    1.28509
18 13.7762  1
76    0.847551
19 13.6703  3
48    1.22776
76    1.18253
81    0.902997
20 13.3245  2
47    1.09638
92    1.04736
21 12.1953  1
103    0
22 8.5081  1
81    0.978841
23 6.46733  1
48    1.01116
24 9.80331  1
81    0.968917
25 10.6969  1
36    0.827409
26 13.6151  1
36    0.811313
27 13.1442  1
48    1.21222
28 11.6063  1
103    0
29 6.58452  1
103    0
30 10.186  10
38    0.861632
39    1.22851
40    1.22657
41    1.22022
42    1.19947
43    1.13172
44    0.910486
45    0.78804
46    0.988198
93    1.17166
31 11.9466  1
48    1.22412
32 7.6957  2
36    1.29002
81    0.761946
33 13.8147  1
48    1.17334
34 13.796  1
103    0
35 13.7353  1
103    0
36 13.5369  1
103    0
37 12.889  5
64    1.19803
65    1.127
66    0.89505
67    0.737629
76    1.07642
38 10.7732  3
49    1.23185
50    1.23745
51    1.25574
39 13.8641  2
48    0.861742
93    1.0409
40 13.9575  1
81    0.965877
41 14.2624  2
48    1.22888
81    1.08624
42 5.25758  1
103    0
43 5.85269  2
48    1.1168
81    0.908307
44 7.79611  1
103    0
45 14.1424  1
103    0
46 14.8663  1
103    0
47 7.22999  1
92    1.11162
48 12.2939  1
103    0
49 8.82977  1
103    0
50 7.51778  1
52    0.715455
51 13.2336  2
81    0.780917
93    1.24779
52 11.8984  1
103    0
53 7.53822  1
103    0
54 13.3004  9
94    1.2139
95    1.17885
96    1.06439
97    1.29062
98    0.829368
99    1.12315
100    0.882488
101    1.29663
102    0.848979
55 12.1166  1
103    0
56 8.25083  1
103    0
57 5.62716  1
103    0
58 7.05969  1
103    0
59 11.7379  1
91    0.825834
60 7.01422  1
77    0.798349
61 11.5893  1
92    0.844823
62 6.52867  1
103    0
63 10.0035  1
103    0
64 11.3506  8
68    0.823582
69    1.10427
70    0.820853
71    1.09536
72    0.79172
73    1.00021
74    1.08104
75    0.744972
65 5.74953  1
103    0
66 7.45918  1
77    1.02187
67 13.0422  1
103    0
68 11.2737  1
93    0.825779
69 5.49837  1
103    0
70 6.63915  1
103    0
71 10.3645  1
103    0
72 12.5295  1
103    0
73 9.59914  1
103    0
74 10.0301  1
103    0
75 11.4373  3
78    1.15177
79    0.975948
80    1.0018
76 6.03244  1
103    0
77 8.38328  1
103    0
78 6.0596  2
92    1.17364
93    0.844218
79 8.47179  4
82    1.01125
83    1.11709
84    0.862694
85    1.23199
80 6.34861  1
81    0.763576
81 9.41572  1
103    0
82 9.43129  1
93    1.11143
83 9.48195  1
103    0
84 9.64736  5
86    1.23793
87    1.2573
88    0.720545
89    0.767788
90    0.922059
85 10.1875  1
103    0
86 11.9515  1
92    1.23501
87 7.71157  1
103    0
88 13.8665  1
103    0
89 13.9654  1
103    0
90 14.2883  1
103    0
91 5.34242  1
103    0
92 6.1298  1
103    0
93 8.70098  1
103    0
94 7.09723  1
103    0
95 11.8603  1
103    0
96 7.41371  1
103    0
97 12.8939  1
103    0
98 10.7894  1
103    0
99 13.9169  1
103    0
100 14.1299  1
103    0
101 14.8254  1
103    0
102 7.09632  1
103    0
103 0  0
