92
0 7.24555  8
1    38.1788
2    45.4154
3    39.0458
4    48.2472
5    48.2939
6    48.4458
18    42.2411
36    36.8284
1 12.3446  1
35    46.9865
2 8.99548  7
7    48.9421
8    50.5626
9    55.8545
10    43.1347
11    61.5996
18    61.7507
35    41.7367
3 8.05887  7
12    61.8963
13    62.8649
14    36.0273
15    38.3894
16    46.1029
17    41.2917
36    35.0009
4 5.00031  2
18    62.3898
55    59.7008
5 5.01251  4
35    47.6182
36    35.0375
37    59.5369
44    50.558
6 5.05249  1
91    0
7 5.18311  1
38    64.2547
8 5.60945  2
37    53.3166
40    41.3704
9 7.00171  4
35    57.0338
36    39.1859
43    39.402
56    42.6147
10 11.5484  3
18    52.3681
44    59.4325
55    43.3883
11 6.39531  1
56    56.3498
12 9.56801  1
35    48.0403
13 9.92843  2
35    44.1766
55    41.69
14 11.1055  3
18    58.6818
36    41.0051
37    55.1605
15 14.9493  3
18    55.5808
41    61.3286
44    39.7536
16 7.50099  3
36    35.5493
38    37.7293
43    45.5243
17 13.179  9
28    64.5312
29    41.4684
30    56.1576
31    44.1244
32    64.8315
33    42.449
34    59.3602
37    64.848
43    60.8452
18 11.7202  6
19    64.4763
20    41.2889
21    55.5716
22    42.2109
23    58.5829
38    40.5657
19 6.95624  1
36    54.6451
20 11.3997  7
24    52.0449
25    60.6951
26    58.9427
27    53.2196
35    46.2394
37    49.7853
56    36.8815
21 5.90976  2
37    40.8687
43    49.4099
22 7.98257  2
38    54.1992
39    64.501
23 14.7516  1
41    55.838
24 6.85522  1
91    0
25 11.0701  1
41    61.0109
26 14.8337  1
55    62.4273
27 7.12348  1
91    0
28 11.946  2
35    54.5828
38    43.9477
29 7.69387  2
42    59.9736
44    55.8399
30 13.8086  1
91    0
31 13.7762  1
91    0
32 13.6703  2
43    56.586
55    35.7727
33 13.3245  3
35    38.9827
36    35.1575
39    53.2104
34 12.1953  3
37    42.503
55    46.4893
56    41.1791
35 8.5081  4
37    48.704
43    52.0907
44    54.819
55    64.599
36 6.46733  1
41    61.4257
37 9.80331  10
45    43.0871
46    61.444
47    61.3881
48    61.2059
49    60.6108
50    58.6671
51    52.3196
52    61.5923
53    61.8725
55    56.8818
38 10.6969  1
91    0
39 13.6151  1
41    43.0816
40 13.1442  1
56    55.6952
41 11.6063  5
57    55.2136
58    41.0427
59    54.7678
60    39.586
61    50.0105
42 6.58452  1
55    42.5533
43 10.186  1
56    59.9013
44 11.9466  1
91    0
45 7.6957  1
54    62.7871
46 13.8147  1
91    0
47 13.796  1
56    44.7525
48 13.7353  1
91    0
49 13.5369  1
91    0
50 12.889  1
55    37.5581
51 10.7732  1
91    0
52 13.8641  1
91    0
53 13.9575  1
91    0
54 14.2624  1
91    0
55 5.25758  1
91    0
56 5.85269  1
91    0
57 7.79611  10
62    54.0518
63    37.2486
64    42.3775
65    59.1267
66    53.8211
67    36.4951
68    39.9174
69    51.0936
70    57.5886
71    48.7974
58 14.1424  3
81    48.4458
82    48.9421
83    50.5626
59 14.8663  1
91    0
60 7.22999  1
91    0
61 12.2939  1
91    0
62 8.82977  1
91    0
63 7.51778  1
91    0
64 13.2336  1
91    0
65 11.8984  9
72    50.0902
73    54.3118
74    38.0973
75    45.1498
76    38.1788
77    45.4154
78    39.0458
79    48.2472
80    48.2939
66 7.53822  7
84    55.8545
85    43.1347
86    61.5996
87    61.8963
88    62.8649
89    36.0273
90    38.3894
67 13.3004  1
91    0
68 12.1166  1
91    0
69 8.25083  1
91    0
70 5.62716  1
91    0
71 7.05969  1
91    0
72 11.7379  1
91    0
73 7.01422  1
91    0
74 11.5893  1
91    0
75 6.52867  1
91    0
76 10.0035  1
91    0
77 11.3506  1
91    0
78 5.74953  1
91    0
79 7.45918  1
91    0
80 13.0422  1
91    0
81 11.2737  1
91    0
82 5.49837  1
91    0
83 6.63915  1
91    0
84 10.3645  1
91    0
85 12.5295  1
91    0
86 9.59914  1
91    0
87 10.0301  1
91    0
88 11.4373  1
91    0
89 6.03244  1
91    0
90 8.38328  1
91    0
91 0  0
