61
0 8.38328  5
1    64.848
2    42.503
3    40.8687
28    64.599
50    45.4154
1 6.0596  2
3    59.5369
28    35.7727
2 8.47179  4
3    55.1605
12    45.5243
51    62.8649
52    61.7507
3 6.34861  4
4    54.1992
12    59.9736
51    55.8545
54    42.2109
4 9.41572  3
5    37.7293
6    43.9477
12    55.838
5 9.43129  3
12    61.0109
28    62.7871
51    61.5996
6 9.48195  9
7    64.2547
8    40.5657
9    53.2104
10    64.501
11    41.3704
12    61.4257
28    37.5581
50    48.2472
54    55.5716
7 9.64736  1
12    39.402
8 10.1875  3
12    56.586
29    59.7008
52    55.5808
9 11.9515  2
12    43.0816
29    41.69
10 7.71157  3
12    61.3286
13    52.0907
29    55.6952
11 13.8665  1
12    49.4099
12 13.9654  10
19    55.8399
20    43.0871
21    61.444
22    61.3881
23    61.2059
24    60.6108
25    58.6671
26    52.3196
27    61.5923
51    43.1347
13 14.2883  2
14    60.8452
29    42.5533
14 5.34242  1
15    59.4325
15 6.1298  2
16    54.819
54    41.2889
16 8.70098  3
17    39.7536
18    50.558
29    59.9013
17 7.09723  1
60    0
18 11.8603  1
29    42.6147
19 7.41371  2
28    61.8725
51    61.8963
20 12.8939  2
50    38.1788
52    58.6818
21 10.7894  1
30    56.3498
22 13.9169  3
31    55.2136
32    41.0427
33    54.7678
23 14.1299  10
34    39.586
35    50.0105
36    54.0518
37    37.2486
38    42.3775
39    59.1267
40    53.8211
41    36.4951
42    39.9174
50    48.4458
24 14.8254  2
28    62.4273
30    41.1791
25 7.09632  2
28    43.3883
52    42.2411
26 11.8572  1
29    56.8818
27 7.40364  1
30    36.8815
28 12.861  3
29    46.4893
30    44.7525
50    48.2939
29 10.6816  1
54    58.5829
30 13.565  1
50    48.9421
31 12.9809  1
60    0
32 11.0732  1
60    0
33 14.8437  1
60    0
34 7.15613  5
55    52.0449
56    60.6951
57    58.9427
58    53.2196
59    64.5312
35 12.0525  1
60    0
36 8.04147  8
43    51.0936
44    57.5886
45    48.7974
46    50.0902
47    54.3118
48    38.0973
49    45.1498
52    52.3681
37 14.9438  1
60    0
38 7.48299  1
60    0
39 13.1201  1
52    38.3894
40 11.5276  1
60    0
41 6.32756  1
50    39.0458
42 9.34675  1
53    64.4763
43 9.20606  1
60    0
44 8.74645  2
51    36.0273
52    41.2917
45 7.24555  1
60    0
46 12.3446  1
60    0
47 8.99548  1
60    0
48 8.05887  2
50    50.5626
52    62.3898
49 5.00031  1
52    46.1029
50 5.01251  1
60    0
51 5.05249  1
60    0
52 5.18311  1
60    0
53 5.60945  1
60    0
54 7.00171  1
60    0
55 11.5484  1
60    0
56 6.39531  1
60    0
57 9.56801  1
60    0
58 9.92843  1
60    0
59 11.1055  1
60    0
60 0  0
