212
0 10.0035  10
1    5.95369
2    4.08687
3    5.41992
8    5.99736
9    3.9402
10    6.12059
11    6.18725
18    5.47678
47    5.61576
50    4.10051
1 11.3506  6
2    5.51605
3    4.39477
8    4.13704
10    5.0558
71    5.68818
149    6.17507
2 5.74953  10
3    3.77293
8    6.14257
9    5.20907
10    3.97536
11    6.4599
18    4.11791
26    6.15996
51    4.97853
83    5.10936
160    4.80403
3 7.45918  10
4    6.42547
5    4.05657
6    5.32104
7    6.4501
8    6.10109
9    6.08452
10    6.1444
11    4.33883
24    5.75886
69    6.12059
4 13.0422  8
8    6.13286
9    5.6586
10    5.23196
11    3.75581
18    4.47525
25    3.81788
48    6.48315
106    4.69865
5 11.2737  9
9    5.94325
10    6.13881
11    3.57727
17    5.99013
24    5.10936
47    6.45312
71    6.24273
106    3.68284
109    5.32104
6 5.49837  8
8    5.5838
9    4.94099
10    5.86671
11    4.169
24    4.87974
25    4.54154
26    5.05626
114    5.99736
7 6.63915  8
8    4.30816
9    4.55243
10    4.30871
11    6.15923
24    5.00902
71    5.56952
109    6.4501
144    6.15996
8 10.3645  10
9    5.4819
10    5.58399
11    6.27871
17    4.26147
24    3.64951
25    4.51498
26    4.89421
49    4.69865
51    5.95369
97    4.14684
9 12.5295  9
10    6.06108
11    6.24273
18    5.63498
25    3.80973
47    4.41244
49    5.70338
50    3.68284
106    5.46451
117    6.18725
10 9.59914  8
16    5.56952
18    3.68815
24    3.99174
25    4.84458
49    4.76182
50    3.91859
85    4.82939
120    5.56952
11 10.0301  5
12    5.68818
13    4.64893
14    4.25533
15    5.97008
120    5.63498
12 11.4373  1
18    4.10427
13 6.03244  4
18    5.52136
25    4.82939
26    4.31347
50    3.50009
14 8.38328  5
25    4.82472
47    4.14684
60    4.55243
119    4.169
149    6.23898
15 6.0596  6
19    5.40518
20    3.72486
21    4.23775
22    5.91267
23    5.38211
69    5.23196
16 8.47179  7
18    3.9586
24    5.43118
26    5.58545
50    3.51575
69    5.86671
70    3.57727
97    4.2449
17 6.34861  3
18    5.00105
70    6.18725
109    4.05657
18 9.41572  4
50    4.8704
70    6.15923
108    5.95369
117    6.27871
19 9.43129  3
50    3.55493
71    4.26147
109    4.39477
20 9.48195  1
211    0
21 9.64736  3
25    3.90458
51    4.2503
60    5.6586
22 10.1875  5
26    6.18963
49    5.45828
83    4.87974
85    5.05626
116    6.08452
23 11.9515  2
69    5.58399
88    4.12917
24 7.71157  2
50    5.46451
118    3.75581
25 13.8665  10
27    6.28649
28    3.60273
29    3.83894
30    4.61029
31    4.12917
32    5.55808
33    4.22411
34    5.86818
51    5.41992
60    6.13286
26 13.9654  5
51    5.51605
69    6.13881
117    6.12059
119    4.64893
136    3.81788
27 14.2883  2
49    3.89827
50    3.50375
28 5.34242  6
35    5.23681
36    6.17507
37    6.23898
38    6.44763
39    4.12889
97    6.48315
29 6.1298  1
135    5.43118
30 8.70098  4
72    3.68815
85    4.82472
86    3.83894
108    4.2503
31 7.09723  2
49    4.62394
118    3.57727
32 11.8603  8
52    3.77293
53    4.39477
54    6.42547
55    4.05657
56    5.32104
57    6.4501
58    4.13704
59    5.5838
33 7.41371  2
49    4.80403
117    5.23196
34 12.8939  10
40    5.55716
41    4.22109
42    5.85829
43    5.20449
44    6.06951
45    5.89427
46    5.32196
51    5.33166
84    5.43118
85    4.84458
35 10.7894  10
61    3.9402
62    4.94099
63    5.20907
64    6.08452
65    5.94325
66    5.4819
67    3.97536
68    5.0558
83    3.99174
116    5.0558
36 13.9169  3
48    4.2449
85    3.90458
116    5.94325
37 14.1299  3
49    5.93602
97    6.45312
181    6.10109
38 14.8254  2
70    6.27871
144    3.60273
39 7.09632  3
51    4.08687
116    3.97536
120    4.26147
40 11.8572  2
69    4.30871
106    3.91859
41 7.40364  1
72    5.63498
42 12.861  2
71    4.25533
159    4.41244
43 10.6816  4
69    6.1444
71    6.4599
97    4.41244
120    5.99013
44 13.565  2
49    4.17367
114    3.9402
45 12.9809  4
51    6.4848
71    5.99013
72    4.47525
181    5.6586
46 11.0732  3
60    4.30816
69    6.06108
109    3.77293
47 14.8437  1
50    4.41766
48 7.15613  1
160    5.93602
49 12.0525  3
85    4.31347
86    6.28649
116    6.1444
50 8.04147  1
70    4.33883
51 14.9438  1
211    0
52 7.48299  2
60    6.10109
97    5.89427
53 13.1201  8
60    6.14257
70    3.75581
84    4.51498
86    3.60273
96    4.12889
108    5.41992
114    4.94099
181    4.94099
54 11.5276  2
83    5.75886
85    4.89421
55 6.32756  1
83    5.00902
56 9.34675  4
60    5.99736
109    4.13704
117    5.86671
135    5.10936
57 9.20606  1
71    4.169
58 8.74645  1
120    4.47525
59 7.24555  3
96    6.06951
120    5.97008
181    6.13286
60 12.3446  4
93    6.17507
94    6.23898
95    6.44763
106    4.10051
61 8.99548  10
73    4.10427
74    5.47678
75    3.9586
76    5.00105
77    5.40518
78    3.72486
79    4.23775
80    5.91267
81    5.38211
82    3.64951
62 8.05887  4
72    4.11791
85    5.58545
108    4.08687
109    6.42547
63 5.00031  6
89    5.55808
90    4.22411
91    5.86818
92    5.23681
108    5.51605
119    5.68818
64 5.01251  1
96    5.20449
65 5.05249  2
72    5.52136
136    4.54154
66 5.18311  2
97    5.32196
106    3.50375
67 5.60945  3
71    4.64893
108    4.97853
115    5.20907
68 7.00171  1
118    6.4599
69 11.5484  2
85    4.54154
86    6.15996
70 6.39531  1
71    5.97008
71 9.56801  1
211    0
72 9.92843  1
211    0
73 11.1055  4
161    4.62394
162    4.17367
163    5.70338
164    4.69865
74 14.9493  1
96    4.22109
75 7.50099  1
211    0
76 13.179  1
211    0
77 11.7202  2
87    4.61029
136    4.51498
78 6.95624  2
106    4.41766
135    5.75886
79 11.3997  3
84    3.80973
160    5.45828
165    3.55493
80 5.90976  8
151    4.12889
152    5.55716
153    4.22109
154    5.85829
155    5.20449
156    6.06951
157    5.89427
158    5.32196
81 7.98257  8
98    5.93602
99    5.45828
100    3.89827
101    4.80403
102    4.76182
103    4.62394
104    4.17367
165    3.68284
82 14.7516  1
211    0
83 6.85522  4
84    3.81788
86    6.18963
106    3.50009
108    5.33166
84 11.0701  8
127    5.00105
128    5.40518
129    3.72486
130    4.23775
131    5.91267
132    5.38211
133    3.64951
134    3.99174
85 14.8337  1
166    5.33166
86 7.12348  1
211    0
87 11.946  2
96    5.85829
166    3.91859
88 7.69387  4
109    5.5838
117    6.15923
118    6.24273
159    5.61576
89 13.8086  3
116    4.30871
135    5.00902
144    6.28649
90 13.7762  1
107    4.8704
91 13.6703  1
106    3.55493
92 13.3245  2
97    5.61576
181    6.14257
93 12.1953  3
114    4.55243
118    4.33883
165    3.51575
94 8.5081  2
96    5.55716
116    5.58399
95 6.46733  1
149    5.23681
96 9.80331  1
117    6.06108
97 10.6969  3
106    3.51575
114    5.6586
117    6.13881
98 13.6151  1
211    0
99 13.1442  3
105    5.70338
116    5.4819
144    4.61029
100 11.6063  1
211    0
101 6.58452  1
181    4.55243
102 10.186  4
110    4.30816
111    6.14257
112    6.13286
113    6.10109
103 11.9466  3
124    4.10427
125    5.47678
126    3.9586
104 7.6957  1
108    6.4848
105 13.8147  1
150    6.44763
106 13.796  1
120    4.25533
107 13.7353  1
211    0
108 13.5369  1
160    3.89827
109 12.889  1
211    0
110 10.7732  1
211    0
111 13.8641  4
121    3.68815
122    4.11791
123    5.52136
144    6.18963
112 13.9575  6
175    4.05657
176    5.32104
177    6.4501
178    4.13704
179    5.5838
180    4.30816
113 14.2624  8
167    4.2503
168    5.95369
169    5.51605
170    4.08687
171    5.41992
172    3.77293
173    4.39477
174    6.42547
114 5.25758  1
166    6.4848
115 5.85269  1
211    0
116 7.79611  1
211    0
117 14.1424  1
211    0
118 14.8663  1
144    3.83894
119 7.22999  1
135    4.87974
120 12.2939  1
165    3.50375
121 8.82977  1
181    3.9402
122 7.51778  4
145    4.12917
146    5.55808
147    4.22411
148    5.86818
123 13.2336  1
159    4.14684
124 11.8984  1
211    0
125 7.53822  1
211    0
126 13.3004  1
136    3.90458
127 12.1166  8
137    4.82472
138    4.82939
139    4.84458
140    4.89421
141    5.05626
142    5.58545
143    4.31347
165    4.41766
128 8.25083  1
211    0
129 5.62716  1
211    0
130 7.05969  1
160    4.76182
131 11.7379  1
211    0
132 7.01422  1
181    5.99736
133 11.5893  1
135    3.80973
134 6.52867  1
159    6.45312
135 10.0035  1
211    0
136 11.3506  1
211    0
137 5.74953  1
211    0
138 7.45918  1
211    0
139 13.0422  1
211    0
140 11.2737  1
166    5.46451
141 5.49837  1
165    3.50009
142 6.63915  1
166    4.97853
143 10.3645  1
211    0
144 12.5295  1
211    0
145 9.59914  1
211    0
146 10.0301  1
211    0
147 11.4373  1
159    6.48315
148 6.03244  1
211    0
149 8.38328  1
165    4.10051
150 6.0596  1
211    0
151 8.47179  1
159    4.2449
152 6.34861  1
211    0
153 9.41572  1
211    0
154 9.43129  1
211    0
155 9.48195  1
211    0
156 9.64736  9
202    6.24273
203    6.4599
204    4.169
205    5.68818
206    4.64893
207    4.25533
208    5.97008
209    5.56952
210    4.26147
157 10.1875  1
211    0
158 11.9515  1
211    0
159 7.71157  1
211    0
160 13.8665  1
211    0
161 13.9654  4
192    6.12059
193    6.06108
194    5.86671
195    5.23196
162 14.2883  1
211    0
163 5.34242  1
211    0
164 6.1298  1
211    0
165 8.70098  1
166    4.8704
166 7.09723  1
211    0
167 11.8603  1
211    0
168 7.41371  1
211    0
169 12.8939  1
211    0
170 10.7894  1
211    0
171 13.9169  1
211    0
172 14.1299  1
211    0
173 14.8254  1
211    0
174 7.09632  1
211    0
175 11.8572  1
211    0
176 7.40364  1
211    0
177 12.861  1
211    0
178 10.6816  1
211    0
179 13.565  1
211    0
180 12.9809  10
182    5.20907
183    6.08452
184    5.94325
185    5.4819
186    3.97536
187    5.0558
188    5.58399
189    4.30871
190    6.1444
191    6.13881
181 11.0732  1
211    0
182 14.8437  6
196    6.15923
197    6.18725
198    6.27871
199    3.57727
200    3.75581
201    4.33883
183 7.15613  1
211    0
184 12.0525  1
211    0
185 8.04147  1
211    0
186 14.9438  1
211    0
187 7.48299  1
211    0
188 13.1201  1
211    0
189 11.5276  1
211    0
190 6.32756  1
211    0
191 9.34675  1
211    0
192 9.20606  1
211    0
193 8.74645  1
211    0
194 7.24555  1
211    0
195 12.3446  1
211    0
196 8.99548  1
211    0
197 8.05887  1
211    0
198 5.00031  1
211    0
199 5.01251  1
211    0
200 5.05249  1
211    0
201 5.18311  1
211    0
202 5.60945  1
211    0
203 7.00171  1
211    0
204 11.5484  1
211    0
205 6.39531  1
211    0
206 9.56801  1
211    0
207 9.92843  1
211    0
208 11.1055  1
211    0
209 14.9493  1
211    0
210 7.50099  1
211    0
211 0  0
