116
0 7.09723  5
1    10.018
2    10.8624
29    11.1143
31    12.9062
34    9.39729
1 11.8603  8
3    7.61946
4    9.02997
5    7.63576
6    9.08307
31    12.9663
34    8.34733
52    12.1222
53    12.3745
2 7.41371  1
53    12.4855
3 12.8939  10
16    12.3793
17    12.573
18    7.20545
19    7.67788
20    9.22059
21    8.25834
22    11.1162
23    8.44823
24    11.7364
25    10.4736
4 10.7894  3
34    11.4068
35    7.00751
51    11.8865
5 13.9169  10
7    7.80917
8    9.64943
9    9.65877
10    9.68917
11    9.78841
12    10.1125
13    11.1709
14    8.62694
15    12.3199
31    10.6439
6 14.1299  3
31    11.872
52    12.2776
54    11.27
7 14.8254  1
115    0
8 7.09632  4
31    8.29368
34    8.83532
54    9.29786
83    12.3199
9 11.8572  3
29    11.7166
35    7.10987
52    12.2888
10 7.40364  3
34    7.00018
83    7.20545
86    8.25834
11 12.861  2
32    7.79653
33    9.60805
12 10.6816  1
53    7.15455
13 13.565  3
35    7.36567
50    12.2022
51    7.95071
14 12.9809  2
35    8.20103
54    12.9198
15 11.0732  4
34    9.24787
51    7.8804
82    9.68917
83    12.573
16 14.8437  2
84    7.67788
85    9.22059
17 7.15613  7
26    12.3501
27    12.478
28    12.8953
31    11.2315
50    12.9002
51    9.10486
82    10.1125
18 12.0525  1
54    11.3764
19 8.04147  4
29    8.25779
35    10.929
52    12.2412
53    10.4639
20 14.9438  1
31    8.48979
21 7.48299  1
29    10.409
22 13.1201  1
29    8.44218
23 11.5276  1
31    8.82488
24 6.32756  1
54    8.51067
25 9.34675  2
35    7.0315
54    8.52293
26 9.20606  3
29    12.139
52    11.7334
53    7.51161
27 8.74645  4
30    11.7885
31    10.9166
35    7.83718
51    9.88198
28 7.24555  2
50    12.2851
51    10.9638
29 12.3446  1
115    0
30 8.99548  1
115    0
31 8.05887  1
50    8.27409
32 5.00031  2
34    9.52364
53    8.67766
33 5.01251  1
115    0
34 5.05249  1
115    0
35 5.18311  6
36    9.74081
37    9.95706
38    10.6633
39    12.9696
40    8.5006
50    12.2657
36 5.60945  1
115    0
37 7.00171  8
55    8.9505
56    7.37629
57    8.23582
58    11.0427
59    8.20853
60    10.9536
61    7.9172
62    10.0021
38 11.5484  10
41    11.9074
42    11.0321
43    8.17374
44    10.8398
45    7.54585
46    8.78954
47    12.8509
48    8.11313
49    10.6421
54    11.139
39 6.39531  1
51    12.169
40 9.56801  1
51    11.3172
41 9.92843  2
50    11.1676
51    10.1116
42 11.1055  1
51    10.4181
43 14.9493  1
50    11.9947
44 7.50099  3
50    8.61632
52    8.61742
87    11.1162
45 13.179  9
63    10.8104
64    7.44972
65    8.47551
66    11.8253
67    10.7642
68    7.29902
69    7.98349
70    10.2187
71    11.5177
46 11.7202  1
115    0
47 6.95624  1
115    0
48 11.3997  1
54    8.33799
49 5.90976  3
52    11.168
53    12.3185
54    11.9803
50 7.98257  2
53    12.5574
54    11.9402
51 14.7516  1
115    0
52 6.85522  1
115    0
53 11.0701  1
115    0
54 14.8337  1
115    0
55 7.12348  1
115    0
56 11.946  1
115    0
57 7.69387  1
83    8.62694
58 13.8086  1
115    0
59 13.7762  10
93    8.25779
94    11.1143
95    8.44218
96    11.7166
97    10.409
98    12.139
99    11.7885
100    10.6439
101    12.9062
102    8.29368
60 13.6703  6
76    9.02997
77    7.63576
78    9.08307
79    7.80917
80    9.64943
81    9.65877
61 13.3245  2
82    11.1709
87    8.44823
62 12.1953  1
115    0
63 8.5081  1
115    0
64 6.46733  1
115    0
65 9.80331  4
72    9.75948
73    10.018
74    10.8624
75    7.61946
66 10.6969  1
82    9.78841
67 13.6151  1
115    0
68 13.1442  1
115    0
69 11.6063  1
115    0
70 6.58452  1
115    0
71 10.186  1
115    0
72 11.9466  1
115    0
73 7.6957  1
115    0
74 13.8147  1
83    12.3793
75 13.796  1
115    0
76 13.7353  1
115    0
77 13.5369  1
115    0
78 12.889  1
115    0
79 10.7732  1
115    0
80 13.8641  1
115    0
81 13.9575  1
115    0
82 14.2624  5
88    11.7364
89    10.4736
90    12.3501
91    12.478
92    12.8953
83 5.25758  1
115    0
84 5.85269  1
115    0
85 7.79611  1
115    0
86 14.1424  1
115    0
87 14.8663  1
115    0
88 7.22999  1
115    0
89 12.2939  9
103    11.2315
104    8.82488
105    12.9663
106    8.48979
107    11.872
108    10.9166
109    7.79653
110    9.60805
111    9.52364
90 8.82977  1
115    0
91 7.51778  1
115    0
92 13.2336  1
115    0
93 11.8984  1
115    0
94 7.53822  3
112    9.24787
113    8.34733
114    11.4068
95 13.3004  1
115    0
96 12.1166  1
115    0
97 8.25083  1
115    0
98 5.62716  1
115    0
99 7.05969  1
115    0
100 11.7379  1
115    0
101 7.01422  1
115    0
102 11.5893  1
115    0
103 6.52867  1
115    0
104 10.0035  1
115    0
105 11.3506  1
115    0
106 5.74953  1
115    0
107 7.45918  1
115    0
108 13.0422  1
115    0
109 11.2737  1
115    0
110 5.49837  1
115    0
111 6.63915  1
115    0
112 10.3645  1
115    0
113 12.5295  1
115    0
114 9.59914  1
115    0
115 0  0
