49
0 7.51778  8
1    10.4736
2    12.3501
3    12.478
4    12.8953
5    8.25779
6    11.1143
22    10.8398
36    12.1222
1 13.2336  5
12    11.872
13    8.34733
26    8.61632
35    12.169
37    8.67766
2 11.8984  1
12    12.9062
3 7.53822  9
7    8.44218
8    11.7166
9    10.409
10    12.139
11    11.7885
12    11.2315
13    9.52364
22    12.9696
37    12.5574
4 13.3004  1
12    12.9663
5 12.1166  3
13    9.24787
22    11.9074
36    12.2776
6 8.25083  2
12    8.82488
13    11.4068
7 5.62716  2
13    7.79653
38    12.9198
8 7.05969  2
12    8.29368
13    7.00018
9 11.7379  3
12    10.6439
13    9.60805
36    11.7334
10 7.01422  3
12    8.48979
22    8.78954
27    12.2851
11 11.5893  4
12    10.9166
13    8.83532
22    9.95706
36    12.3745
12 6.52867  3
13    9.39729
22    8.17374
35    11.8865
13 10.0035  9
14    7.00751
15    7.0315
16    7.10987
17    7.36567
18    8.20103
19    10.929
20    7.83718
21    9.74081
22    11.0321
14 11.3506  1
36    8.61742
15 5.74953  1
22    8.5006
16 7.45918  2
35    10.9638
36    12.2412
17 13.0422  3
23    12.8509
24    8.11313
26    12.9002
18 11.2737  2
22    10.6633
36    10.4639
19 5.49837  1
37    7.15455
20 6.63915  3
22    7.54585
35    7.95071
37    7.51161
21 10.3645  2
25    10.6421
36    12.2888
22 12.5295  1
48    0
23 9.59914  1
26    8.27409
24 10.0301  1
34    9.88198
25 11.4373  1
26    11.1676
26 6.03244  1
35    10.1116
27 8.38328  6
28    12.2657
29    12.2022
30    11.9947
31    11.3172
32    9.10486
33    7.8804
28 6.0596  1
48    0
29 8.47179  1
48    0
30 6.34861  9
39    8.33799
40    11.3764
41    9.29786
42    8.51067
43    11.9402
44    11.139
45    8.52293
46    11.9803
47    11.27
31 9.41572  1
35    10.4181
32 9.43129  1
35    11.168
33 9.48195  1
36    12.3185
34 9.64736  1
48    0
35 10.1875  1
48    0
36 11.9515  1
37    12.4855
37 7.71157  1
48    0
38 13.8665  1
48    0
39 13.9654  1
48    0
40 14.2883  1
48    0
41 5.34242  1
48    0
42 6.1298  1
48    0
43 8.70098  1
48    0
44 7.09723  1
48    0
45 11.8603  1
48    0
46 7.41371  1
48    0
47 12.8939  1
48    0
48 0  0
