49
0 5.34242  4
1    5.95369
2    5.51605
3    4.08687
34    5.56952
1 6.1298  1
39    5.91267
2 8.70098  3
4    5.41992
5    3.77293
6    4.39477
3 7.09723  1
36    5.52136
4 11.8603  9
7    6.42547
8    4.05657
9    5.32104
10    6.4501
11    4.13704
12    5.5838
13    4.30816
14    6.14257
36    4.10427
5 7.41371  2
25    4.30871
34    4.169
6 12.8939  1
25    6.12059
7 10.7894  1
25    5.0558
8 13.9169  4
21    4.94099
22    5.20907
23    6.08452
24    5.94325
9 14.1299  1
48    0
10 14.8254  1
25    5.86671
11 7.09632  1
34    5.68818
12 11.8572  3
19    4.55243
20    3.9402
35    5.99013
13 7.40364  5
15    6.13286
16    6.10109
17    5.99736
18    5.6586
25    5.58399
14 12.861  3
25    6.13881
34    4.64893
36    5.63498
15 10.6816  1
25    5.4819
16 13.565  1
34    5.97008
17 12.9809  1
48    0
18 11.0732  2
25    6.06108
34    4.25533
19 14.8437  2
25    3.97536
36    3.9586
20 7.15613  1
48    0
21 12.0525  1
48    0
22 8.04147  2
37    3.72486
38    4.23775
23 14.9438  1
36    5.47678
24 7.48299  1
25    6.1444
25 13.1201  9
26    5.23196
27    6.15923
28    6.18725
29    6.27871
30    3.57727
31    3.75581
32    4.33883
33    6.24273
36    5.00105
26 11.5276  1
48    0
27 6.32756  5
43    5.75886
44    4.87974
45    5.00902
46    5.43118
47    3.80973
28 9.34675  1
48    0
29 9.20606  1
36    4.47525
30 8.74645  1
34    6.4599
31 7.24555  1
36    5.40518
32 12.3446  2
34    4.26147
36    3.68815
33 8.99548  1
48    0
34 8.05887  2
36    4.11791
39    5.38211
35 5.00031  1
48    0
36 5.01251  1
48    0
37 5.05249  1
48    0
38 5.18311  3
40    3.64951
41    3.99174
42    5.10936
39 5.60945  1
48    0
40 7.00171  1
48    0
41 11.5484  1
48    0
42 6.39531  1
48    0
43 9.56801  1
48    0
44 9.92843  1
48    0
45 11.1055  1
48    0
46 14.9493  1
48    0
47 7.50099  1
48    0
48 0  0
