190
0 11.7379  4
1    44.1244
23    42.503
66    42.2411
79    35.0009
1 7.01422  7
2    64.8315
23    64.848
27    61.3286
44    39.9174
66    58.6818
111    45.4154
112    55.8545
2 11.5893  5
3    42.449
30    55.8399
77    46.2394
109    56.3498
119    52.0449
3 6.52867  9
4    59.3602
5    54.5828
6    38.9827
7    48.0403
8    47.6182
23    37.7293
27    61.4257
29    60.8452
165    50.558
4 10.0035  1
30    61.444
5 11.3506  10
52    38.1788
53    45.4154
54    39.0458
55    48.2472
56    48.2939
57    48.4458
58    48.9421
59    50.5626
109    44.7525
110    39.586
6 5.74953  2
30    54.819
81    55.1605
7 7.45918  5
43    41.0427
44    59.1267
60    43.1347
77    54.5828
111    51.0936
8 13.0422  10
9    46.2394
10    41.7367
11    57.0338
12    46.9865
13    44.1766
14    35.0009
15    35.0375
16    35.1575
17    35.5493
18    36.8284
9 11.2737  10
19    41.0051
20    54.6451
21    39.1859
22    48.704
27    41.3704
28    45.5243
43    55.2136
107    43.3883
110    37.2486
111    50.0902
10 5.49837  5
31    61.3881
32    61.2059
33    60.6108
43    56.3498
44    42.3775
11 6.63915  3
23    49.7853
28    56.586
68    58.9427
12 10.3645  5
23    53.3166
62    36.0273
67    42.2109
95    52.0907
111    39.9174
13 12.5295  10
34    58.6671
35    52.3196
36    61.5923
37    61.8725
38    62.7871
39    35.7727
40    37.5581
41    43.3883
50    38.0973
67    41.2889
14 9.59914  4
23    59.5369
27    59.9736
44    54.0518
66    55.5808
15 10.0301  4
23    43.9477
27    61.0109
42    42.5533
43    36.8815
16 11.4373  2
30    39.7536
67    52.3681
17 6.03244  4
23    54.1992
27    64.501
44    37.2486
80    42.503
18 8.38328  5
23    55.1605
27    43.0816
79    35.0375
96    55.8399
109    36.8815
19 6.0596  3
24    64.2547
25    40.5657
26    53.2104
20 8.47179  5
23    40.8687
29    52.0907
42    56.8818
109    55.6952
119    42.2109
21 6.34861  2
60    55.8545
107    56.8818
22 9.41572  4
30    50.558
43    39.586
77    47.6182
110    54.7678
23 9.43129  2
28    39.402
109    59.9013
24 9.48195  1
51    45.1498
25 9.64736  4
27    55.838
29    59.4325
42    55.6952
68    52.0449
26 10.1875  9
69    53.2196
70    64.5312
71    41.4684
72    56.1576
73    44.1244
74    64.8315
75    42.449
76    59.3602
111    38.0973
27 11.9515  6
28    49.4099
30    43.0871
42    59.7008
44    36.4951
80    53.3166
119    60.6951
28 7.71157  4
42    64.599
43    41.1791
80    39.1859
95    49.4099
29 13.8665  6
45    51.0936
46    57.5886
47    48.7974
48    50.0902
49    54.3118
61    62.8649
30 13.9654  5
97    61.444
98    61.3881
99    61.2059
110    42.3775
132    44.1766
31 14.2883  3
44    50.0105
67    61.7507
132    35.0009
32 5.34242  4
43    54.7678
60    61.8963
79    35.5493
165    55.8399
33 6.1298  1
81    54.1992
34 8.70098  1
189    0
35 7.09723  3
43    44.7525
44    53.8211
108    46.4893
36 11.8603  1
43    42.6147
37 7.41371  1
42    62.4273
38 12.8939  6
114    61.7507
115    62.3898
116    64.4763
117    41.2889
118    55.5716
188    50.0105
39 10.7894  3
42    46.4893
60    61.5996
132    35.0375
40 13.9169  4
42    41.69
111    38.1788
112    43.1347
131    41.7367
41 14.1299  7
102    52.3196
103    61.5923
104    61.8725
105    62.7871
106    35.7727
110    59.1267
113    52.3681
42 14.8254  1
43    59.9013
43 7.09632  2
78    44.1766
81    37.7293
44 11.8572  3
67    55.5716
81    40.8687
109    55.2136
45 7.40364  2
79    35.1575
165    39.7536
46 12.861  1
80    64.848
47 10.6816  1
79    36.8284
48 13.565  3
67    64.4763
96    60.8452
107    37.5581
49 12.9809  1
189    0
50 11.0732  1
188    39.586
51 14.8437  1
80    59.5369
52 7.15613  1
189    0
53 12.0525  1
80    49.7853
54 8.04147  3
64    46.1029
65    41.2917
96    50.558
55 14.9438  3
109    41.1791
165    60.8452
166    52.3196
56 7.48299  1
96    59.4325
57 13.1201  1
67    62.3898
58 11.5276  1
111    54.3118
59 6.32756  1
68    60.6951
60 9.34675  2
110    50.0105
165    59.4325
61 9.20606  2
96    39.7536
109    41.0427
62 8.74645  2
63    38.3894
95    45.5243
63 7.24555  1
107    62.4273
64 12.3446  2
112    48.9421
165    54.819
65 8.99548  2
68    58.5829
77    38.9827
66 8.05887  1
113    62.8649
67 5.00031  1
77    41.7367
68 5.01251  1
112    48.4458
69 5.05249  3
77    48.0403
79    54.6451
165    61.444
70 5.18311  1
112    61.8963
71 5.60945  1
77    57.0338
72 7.00171  2
77    46.9865
119    58.5829
73 11.5484  1
80    48.704
74 6.39531  2
110    54.0518
112    50.5626
75 9.56801  10
87    41.3704
88    55.838
89    43.0816
90    61.4257
91    61.3286
92    61.0109
93    59.9736
94    56.586
110    53.8211
111    45.1498
76 9.92843  6
82    43.9477
83    64.2547
84    40.5657
85    53.2104
86    64.501
107    64.599
77 11.1055  1
108    42.5533
78 14.9493  2
79    41.0051
119    58.9427
79 7.50099  1
189    0
80 13.179  2
95    39.402
111    48.7974
81 11.7202  3
107    41.69
109    59.7008
113    41.2917
82 6.95624  1
113    38.3894
83 11.3997  3
121    56.1576
122    44.1244
188    54.0518
84 5.90976  1
189    0
85 7.98257  1
189    0
86 14.7516  1
189    0
87 6.85522  1
189    0
88 11.0701  1
166    58.6671
89 14.8337  2
113    55.5808
120    53.2196
90 7.12348  1
113    42.2411
91 11.946  3
100    60.6108
101    58.6671
112    39.0458
92 7.69387  2
96    54.819
113    36.0273
93 13.8086  3
96    43.0871
120    41.4684
131    57.0338
94 13.7762  8
123    64.8315
124    42.449
125    59.3602
126    54.5828
127    38.9827
128    48.0403
129    47.6182
130    46.2394
95 13.6703  1
165    61.3881
96 13.3245  2
112    48.2472
113    58.6818
97 12.1953  1
110    36.4951
98 8.5081  1
111    57.5886
99 6.46733  1
189    0
100 9.80331  1
112    61.5996
101 10.6969  1
189    0
102 13.6151  1
109    42.6147
103 13.1442  1
189    0
104 11.6063  1
112    48.2939
105 6.58452  1
189    0
106 10.186  1
189    0
107 11.9466  1
189    0
108 7.6957  2
113    46.1029
120    64.5312
109 13.8147  1
189    0
110 13.796  1
132    46.9865
111 13.7353  1
189    0
112 13.5369  1
189    0
113 12.889  1
189    0
114 10.7732  1
189    0
115 13.8641  2
150    64.2547
151    40.5657
116 13.9575  1
189    0
117 14.2624  1
189    0
118 5.25758  2
165    52.0907
166    61.2059
119 5.85269  1
189    0
120 7.79611  1
189    0
121 14.1424  6
144    59.5369
145    55.1605
146    40.8687
147    54.1992
148    37.7293
149    43.9477
122 14.8663  1
189    0
123 7.22999  4
152    53.2104
153    64.501
154    41.3704
155    55.838
124 12.2939  1
189    0
125 8.82977  1
189    0
126 7.51778  1
189    0
127 13.2336  1
189    0
128 11.8984  1
189    0
129 7.53822  1
189    0
130 13.3004  1
189    0
131 12.1166  5
133    35.1575
134    35.5493
135    36.8284
136    41.0051
137    54.6451
132 8.25083  6
138    39.1859
139    48.704
140    49.7853
141    53.3166
142    64.848
143    42.503
133 5.62716  1
189    0
134 7.05969  1
189    0
135 11.7379  1
189    0
136 7.01422  3
163    39.402
164    49.4099
166    60.6108
137 11.5893  7
167    62.7871
168    35.7727
169    37.5581
170    43.3883
171    62.4273
172    64.599
173    41.69
138 6.52867  1
165    43.0871
139 10.0035  1
189    0
140 11.3506  1
189    0
141 5.74953  1
189    0
142 7.45918  1
189    0
143 13.0422  1
189    0
144 11.2737  1
189    0
145 5.49837  1
188    37.2486
146 6.63915  7
181    56.3498
182    44.7525
183    36.8815
184    41.1791
185    55.2136
186    41.0427
187    54.7678
147 10.3645  1
189    0
148 12.5295  1
189    0
149 9.59914  7
156    43.0816
157    61.4257
158    61.3286
159    61.0109
160    59.9736
161    56.586
162    45.5243
150 10.0301  1
189    0
151 11.4373  6
174    56.8818
175    46.4893
176    42.5533
177    59.7008
178    55.6952
179    42.6147
152 6.03244  1
189    0
153 8.38328  1
166    61.5923
154 6.0596  1
189    0
155 8.47179  1
189    0
156 6.34861  1
189    0
157 9.41572  1
189    0
158 9.43129  1
189    0
159 9.48195  1
189    0
160 9.64736  1
180    59.9013
161 10.1875  1
166    61.8725
162 11.9515  1
189    0
163 7.71157  1
189    0
164 13.8665  1
189    0
165 13.9654  1
189    0
166 14.2883  1
189    0
167 5.34242  1
189    0
168 6.1298  1
189    0
169 8.70098  1
189    0
170 7.09723  1
189    0
171 11.8603  1
189    0
172 7.41371  1
189    0
173 12.8939  1
189    0
174 10.7894  1
189    0
175 13.9169  1
189    0
176 14.1299  1
189    0
177 14.8254  1
189    0
178 7.09632  1
189    0
179 11.8572  1
189    0
180 7.40364  1
189    0
181 12.861  1
189    0
182 10.6816  1
189    0
183 13.565  1
189    0
184 12.9809  1
189    0
185 11.0732  1
189    0
186 14.8437  1
189    0
187 7.15613  1
189    0
188 12.0525  1
189    0
189 0  0
