112
0 13.3004  10
1    1.01116
2    1.1168
3    0.861742
4    1.22888
5    1.22776
6    1.23185
9    0.851067
16    0.847551
19    1.08624
34    1.24779
1 12.1166  8
6    1.21222
8    1.24855
9    1.1139
15    0.820853
17    1.07642
42    1.09166
48    1.08398
49    1.22657
2 8.25083  4
6    1.23745
7    0.867766
9    1.13764
10    0.852293
3 5.62716  5
6    1.22412
9    0.833799
43    0.924787
44    0.783718
48    1.10321
4 7.05969  6
6    1.17334
7    0.751161
9    0.929786
15    0.79172
19    0.780917
34    1.17364
5 11.7379  6
6    1.04639
7    1.25574
8    1.29198
15    1.09536
16    0.744972
18    1.15177
6 7.01422  5
7    0.715455
15    0.823582
17    1.02187
34    0.825779
48    1.19074
7 11.5893  4
9    1.19402
17    1.18253
19    0.902997
49    0.811313
8 6.52867  3
17    0.798349
19    0.908307
56    1.18865
9 10.0035  7
11    1.19803
12    1.127
13    0.89505
14    0.737629
42    0.848979
48    0.878954
56    1.04181
10 11.3506  3
16    1.08104
19    0.763576
44    0.710987
11 5.74953  2
42    1.1872
43    0.883532
12 7.45918  4
19    0.761946
42    0.829368
43    0.952364
93    0.763576
13 13.0422  4
15    1.10427
16    1.00021
34    0.844823
93    0.780917
14 11.2737  10
20    0.964943
21    0.965877
22    0.968917
23    0.978841
24    1.01125
25    1.11709
26    0.862694
27    1.23199
28    1.23793
48    0.817374
15 5.49837  2
34    1.04736
48    0.754585
16 6.63915  2
17    0.729902
34    1.28953
17 10.3645  2
19    1.0018
93    1.08624
18 12.5295  4
19    0.975948
42    0.779653
44    0.820103
67    0.715455
19 9.59914  2
93    0.908307
101    1.23793
20 10.0301  3
29    1.2573
30    0.720545
31    0.767788
21 11.4373  2
34    1.11162
101    0.825834
22 6.03244  1
68    0.833799
23 8.38328  1
111    0
24 6.0596  2
34    1.11143
48    0.85006
25 8.47179  1
56    0.795071
26 6.34861  3
43    0.939729
44    1.0929
49    1.22851
27 9.41572  2
42    1.12315
49    0.827409
28 9.43129  8
35    0.844218
36    1.17166
37    1.0409
38    1.2139
39    1.17885
40    1.06439
41    1.29062
102    1.04736
29 9.48195  2
34    1.23501
48    1.28509
30 9.64736  2
32    0.922059
33    0.825834
31 10.1875  8
86    0.847551
87    1.18253
88    1.07642
89    0.729902
90    0.798349
91    1.02187
92    1.15177
93    0.975948
32 11.9515  1
44    0.703149
33 7.71157  1
49    1.06421
34 13.8665  7
50    1.22022
51    1.19947
52    1.13172
53    0.910486
54    0.78804
55    0.988198
56    1.01116
35 13.9654  3
44    0.736567
48    1.29696
49    0.861632
36 14.2883  4
43    0.834733
56    1.09638
93    0.761946
102    1.17364
37 5.34242  3
42    0.960805
43    0.700018
68    1.13764
38 6.1298  3
42    0.882488
49    1.11676
101    0.922059
39 8.70098  1
111    0
40 7.09723  2
42    1.29663
49    1.29002
41 11.8603  1
43    1.14068
42 7.41371  1
43    0.700751
43 12.8939  4
45    0.974081
46    0.995706
47    1.06633
68    1.29198
44 10.7894  1
67    1.25574
45 13.9169  1
111    0
46 14.1299  1
111    0
47 14.8254  6
69    0.929786
70    0.851067
71    1.19402
72    1.1139
73    0.852293
93    0.964943
48 7.09632  1
56    1.2169
49 11.8572  1
111    0
50 7.40364  7
94    0.965877
95    0.968917
96    0.978841
97    1.01125
98    1.11709
99    0.862694
102    1.11162
51 12.861  1
93    1.0018
52 10.6816  1
101    0.720545
53 13.565  6
61    1.22412
62    1.21222
63    1.17334
64    1.04639
65    1.23185
66    1.23745
54 12.9809  4
57    1.1168
58    0.861742
59    1.22888
60    1.22776
55 11.0732  1
111    0
56 14.8437  1
111    0
57 7.15613  1
111    0
58 12.0525  1
111    0
59 8.04147  1
111    0
60 14.9438  1
93    0.902997
61 7.48299  1
111    0
62 13.1201  1
67    0.867766
63 11.5276  1
100    1.23199
64 6.32756  3
67    0.751161
68    1.24855
102    0.844823
65 9.34675  1
111    0
66 9.20606  1
111    0
67 8.74645  1
111    0
68 7.24555  1
111    0
69 12.3446  1
111    0
70 8.99548  1
111    0
71 8.05887  7
74    1.19803
75    1.127
76    0.89505
77    0.737629
78    0.823582
79    1.10427
80    0.820853
72 5.00031  1
111    0
73 5.01251  1
111    0
74 5.05249  1
111    0
75 5.18311  1
111    0
76 5.60945  1
111    0
77 7.00171  1
111    0
78 11.5484  1
111    0
79 6.39531  2
84    1.08104
85    0.744972
80 9.56801  3
81    1.09536
82    0.79172
83    1.00021
81 9.92843  1
111    0
82 11.1055  1
111    0
83 14.9493  1
111    0
84 7.50099  1
111    0
85 13.179  1
111    0
86 11.7202  1
111    0
87 6.95624  1
111    0
88 11.3997  1
111    0
89 5.90976  1
111    0
90 7.98257  1
111    0
91 14.7516  1
111    0
92 6.85522  1
111    0
93 11.0701  1
111    0
94 14.8337  1
111    0
95 7.12348  8
103    1.23501
104    1.24779
105    1.28953
106    0.825779
107    1.11143
108    0.844218
109    1.17166
110    1.0409
96 11.946  1
101    0.767788
97 7.69387  1
111    0
98 13.8086  1
111    0
99 13.7762  1
101    1.2573
100 13.6703  1
111    0
101 13.3245  1
111    0
102 12.1953  1
111    0
103 8.5081  1
111    0
104 6.46733  1
111    0
105 9.80331  1
111    0
106 10.6969  1
111    0
107 13.6151  1
111    0
108 13.1442  1
111    0
109 11.6063  1
111    0
110 6.58452  1
111    0
111 0  0
