245
0 11.2737  6
1    35.7727
2    37.5581
3    43.3883
14    36.8815
194    50.5626
206    58.5829
1 5.49837  3
16    42.3775
117    39.0458
167    41.3704
2 6.63915  10
4    62.4273
5    64.599
6    41.69
7    56.8818
8    46.4893
9    42.5533
10    59.7008
11    55.6952
12    42.6147
104    59.9013
3 10.3645  1
176    37.5581
4 12.5295  2
13    44.7525
15    54.0518
5 9.59914  2
16    59.1267
46    42.2109
6 10.0301  1
14    41.1791
7 11.4373  3
14    39.586
104    59.7008
146    38.9827
8 6.03244  5
13    56.3498
14    55.2136
115    54.3118
170    56.586
229    40.8687
9 8.38328  1
14    41.0427
10 6.0596  10
23    50.0902
24    54.3118
25    38.0973
26    45.1498
27    38.1788
28    45.4154
29    39.0458
30    48.2472
46    61.7507
57    54.5828
11 8.47179  2
14    54.7678
15    50.0105
12 6.34861  3
13    59.9013
167    61.4257
170    59.9736
13 9.41572  2
105    36.8815
230    55.838
14 9.43129  1
104    42.5533
15 9.48195  3
16    37.2486
105    41.1791
138    42.2109
16 9.64736  9
17    53.8211
18    36.4951
19    39.9174
20    51.0936
21    57.5886
22    48.7974
170    52.0907
194    48.4458
206    60.6951
17 10.1875  3
46    52.3681
157    39.1859
211    64.8315
18 11.9515  9
40    36.0273
41    38.3894
42    46.1029
43    41.2917
44    55.5808
45    42.2411
88    39.402
94    58.6671
175    58.6671
19 7.71157  1
105    56.3498
20 13.8665  1
244    0
21 13.9654  6
58    47.6182
59    46.2394
60    41.7367
61    57.0338
62    46.9865
81    53.2104
22 14.2883  2
57    48.0403
176    61.8725
23 5.34242  2
46    58.6818
171    54.819
24 6.1298  10
47    58.5829
48    52.0449
49    60.6951
50    58.9427
51    53.2196
52    64.5312
53    41.4684
54    56.1576
146    42.449
183    55.2136
25 8.70098  1
46    55.5716
26 7.09723  10
31    48.2939
32    48.4458
33    48.9421
34    50.5626
35    55.8545
36    43.1347
37    61.5996
38    61.8963
39    62.8649
46    41.2889
27 11.8603  1
57    42.449
28 7.41371  4
170    39.402
175    61.3881
229    48.704
233    52.0907
29 12.8939  1
94    61.2059
30 10.7894  1
94    60.6108
31 13.9169  6
82    55.838
83    43.0816
84    61.4257
85    61.3286
86    61.0109
87    59.9736
32 14.1299  3
95    52.3196
96    61.5923
183    54.7678
33 14.8254  1
244    0
34 7.09632  1
229    49.7853
35 11.8572  1
57    59.3602
36 7.40364  8
66    35.1575
67    35.5493
68    36.8284
69    41.0051
70    54.6451
71    39.1859
72    48.704
184    53.8211
37 12.861  1
244    0
38 10.6816  2
89    52.0907
176    62.7871
39 13.565  2
81    43.9477
234    59.4325
40 12.9809  10
196    36.0273
197    38.3894
198    46.1029
199    41.2917
200    55.5808
201    42.2411
202    58.6818
203    52.3681
204    61.7507
205    62.3898
41 11.0732  2
88    49.4099
94    61.3881
42 14.8437  1
244    0
43 7.15613  4
90    60.8452
91    59.4325
92    54.819
93    39.7536
44 12.0525  3
46    62.3898
115    50.0902
230    41.3704
45 8.04147  4
46    64.4763
115    38.0973
137    64.4763
233    39.402
46 14.9438  2
81    40.5657
184    59.1267
47 7.48299  1
177    41.69
48 13.1201  3
57    38.9827
81    41.3704
211    59.3602
49 11.5276  2
88    45.5243
105    44.7525
50 6.32756  10
73    49.7853
74    53.3166
75    64.848
76    42.503
77    59.5369
78    55.1605
79    40.8687
80    54.1992
94    55.8399
146    64.8315
51 9.34675  4
63    44.1766
64    35.0009
65    35.0375
104    56.8818
52 9.20606  2
115    51.0936
146    56.1576
53 8.74645  1
244    0
54 7.24555  5
55    44.1244
56    64.8315
94    50.558
115    57.5886
167    43.9477
55 12.3446  2
88    56.586
230    64.501
56 8.99548  2
115    48.7974
183    41.1791
57 8.05887  3
168    61.3286
169    61.0109
194    48.9421
58 5.00031  1
81    64.501
59 5.01251  1
170    49.4099
60 5.05249  1
175    61.2059
61 5.18311  1
94    61.444
62 5.60945  4
139    58.5829
140    52.0449
141    60.6951
142    58.9427
63 7.00171  1
183    41.0427
64 11.5484  2
81    37.7293
104    41.69
65 6.39531  1
137    41.2889
66 9.56801  1
244    0
67 9.92843  1
157    54.6451
68 11.1055  1
244    0
69 14.9493  2
170    45.5243
184    39.9174
70 7.50099  1
244    0
71 13.179  1
244    0
72 11.7202  1
244    0
73 6.95624  3
94    43.0871
176    62.4273
235    39.7536
74 11.3997  2
115    39.9174
146    44.1244
75 5.90976  1
244    0
76 7.98257  9
118    48.2472
119    48.2939
120    48.4458
121    48.9421
122    50.5626
123    55.8545
124    43.1347
125    61.5996
126    61.8963
77 14.7516  1
244    0
78 6.85522  2
192    39.0458
193    48.2472
79 11.0701  1
116    45.1498
80 14.8337  4
81    64.2547
105    55.2136
176    43.3883
184    39.586
81 7.12348  1
244    0
82 11.946  1
184    50.0105
83 7.69387  1
157    36.8284
84 13.8086  1
104    42.6147
85 13.7762  8
97    61.8725
98    62.7871
99    35.7727
100    37.5581
101    43.3883
102    62.4273
103    64.599
184    42.3775
86 13.6703  1
244    0
87 13.3245  1
244    0
88 12.1953  1
244    0
89 8.5081  1
244    0
90 6.46733  3
104    55.6952
137    62.3898
146    59.3602
91 9.80331  1
115    36.4951
92 10.6969  5
188    38.0973
189    45.1498
190    38.1788
191    45.4154
206    42.2109
93 13.6151  1
146    54.5828
94 13.1442  9
149    46.2394
150    41.7367
151    57.0338
152    46.9865
153    44.1766
154    35.0009
155    35.0375
156    35.1575
157    48.704
95 11.6063  9
106    41.0427
107    54.7678
108    39.586
109    50.0105
110    54.0518
111    37.2486
112    42.3775
113    59.1267
114    53.8211
96 6.58452  2
167    64.2547
175    52.3196
97 10.186  2
117    38.1788
167    43.0816
98 11.9466  2
104    46.4893
167    53.2104
99 7.6957  3
143    53.2196
144    64.5312
145    41.4684
100 13.8147  1
175    61.5923
101 13.796  1
244    0
102 13.7353  1
244    0
103 13.5369  1
194    43.1347
104 12.889  1
244    0
105 10.7732  4
207    64.5312
208    41.4684
209    56.1576
210    44.1244
106 13.8641  1
194    55.8545
107 13.9575  1
244    0
108 14.2624  1
244    0
109 5.25758  8
212    54.5828
213    38.9827
214    48.0403
215    47.6182
216    46.2394
217    41.7367
218    57.0338
229    42.503
110 5.85269  1
183    36.8815
111 7.79611  2
183    56.3498
206    55.5716
112 14.1424  10
127    62.8649
128    36.0273
129    38.3894
130    46.1029
131    41.2917
132    55.5808
133    42.2411
134    58.6818
135    52.3681
136    61.7507
113 14.8663  1
195    62.8649
114 7.22999  2
176    64.599
194    48.2939
115 12.2939  2
117    45.4154
184    54.0518
116 8.82977  1
244    0
117 7.51778  1
229    55.1605
118 13.2336  1
137    55.5716
119 11.8984  1
244    0
120 7.53822  1
244    0
121 13.3004  5
178    56.8818
179    46.4893
180    42.5533
181    59.7008
182    55.6952
122 12.1166  1
244    0
123 8.25083  9
158    49.7853
159    53.3166
160    64.848
161    42.503
162    59.5369
163    55.1605
164    40.8687
165    54.1992
166    37.7293
124 5.62716  1
244    0
125 7.05969  1
194    61.5996
126 11.7379  1
244    0
127 7.01422  3
172    55.8399
173    43.0871
174    61.444
128 11.5893  1
194    61.8963
129 6.52867  1
184    37.2486
130 10.0035  1
244    0
131 11.3506  2
171    59.4325
187    54.3118
132 5.74953  1
244    0
133 7.45918  1
244    0
134 13.0422  1
244    0
135 11.2737  1
244    0
136 5.49837  1
171    39.7536
137 6.63915  1
167    55.838
138 10.3645  2
167    64.501
176    35.7727
139 12.5295  1
171    60.8452
140 9.59914  2
157    35.5493
183    42.6147
141 10.0301  1
183    59.9013
142 11.4373  1
244    0
143 6.03244  3
167    40.5657
230    37.7293
233    60.8452
144 8.38328  3
147    48.0403
148    47.6182
206    53.2196
145 6.0596  1
244    0
146 8.47179  1
244    0
147 6.34861  1
244    0
148 9.41572  3
157    41.0051
187    48.7974
229    59.5369
149 9.43129  1
244    0
150 9.48195  1
244    0
151 9.64736  1
244    0
152 10.1875  1
244    0
153 11.9515  1
244    0
154 7.71157  1
233    45.5243
155 13.8665  1
244    0
156 13.9654  1
244    0
157 14.2883  1
244    0
158 5.34242  1
175    60.6108
159 6.1298  1
184    36.4951
160 8.70098  1
229    64.848
161 7.09723  1
171    50.558
162 11.8603  1
244    0
163 7.41371  1
206    52.0449
164 12.8939  1
244    0
165 10.7894  1
244    0
166 13.9169  1
244    0
167 14.1299  1
244    0
168 14.8254  1
244    0
169 7.09632  1
187    50.0902
170 11.8572  1
234    54.819
171 7.40364  1
244    0
172 12.861  2
185    51.0936
186    57.5886
173 10.6816  1
244    0
174 13.565  1
183    44.7525
175 12.9809  1
244    0
176 11.0732  1
206    64.4763
177 14.8437  1
233    49.4099
178 7.15613  1
244    0
179 12.0525  1
244    0
180 8.04147  2
231    43.0816
232    61.4257
181 14.9438  1
244    0
182 7.48299  1
244    0
183 13.1201  1
244    0
184 11.5276  1
244    0
185 6.32756  1
233    59.9736
186 9.34675  1
244    0
187 9.20606  7
237    55.8399
238    43.0871
239    61.444
240    61.3881
241    61.2059
242    60.6108
243    58.6671
188 8.74645  2
206    58.9427
230    64.2547
189 7.24555  1
244    0
190 12.3446  1
244    0
191 8.99548  1
244    0
192 8.05887  10
219    46.9865
220    44.1766
221    35.0009
222    35.0375
223    35.1575
224    35.5493
225    36.8284
226    41.0051
227    54.6451
228    39.1859
193 5.00031  1
244    0
194 5.01251  1
211    42.449
195 5.05249  1
244    0
196 5.18311  1
206    41.2889
197 5.60945  1
244    0
198 7.00171  1
244    0
199 11.5484  1
244    0
200 6.39531  1
244    0
201 9.56801  2
229    53.3166
230    40.5657
202 9.92843  1
244    0
203 11.1055  1
230    53.2104
204 14.9493  1
244    0
205 7.50099  1
244    0
206 13.179  1
244    0
207 11.7202  1
230    43.9477
208 6.95624  1
244    0
209 11.3997  1
244    0
210 5.90976  1
244    0
211 7.98257  1
244    0
212 14.7516  1
244    0
213 6.85522  1
236    50.558
214 11.0701  1
244    0
215 14.8337  1
244    0
216 7.12348  1
244    0
217 11.946  1
244    0
218 7.69387  1
244    0
219 13.8086  1
233    61.3286
220 13.7762  1
244    0
221 13.6703  1
244    0
222 13.3245  1
244    0
223 12.1953  1
230    54.1992
224 8.5081  1
244    0
225 6.46733  1
244    0
226 9.80331  1
244    0
227 10.6969  1
233    56.586
228 13.6151  1
244    0
229 13.1442  1
233    61.0109
230 11.6063  1
244    0
231 6.58452  1
244    0
232 10.186  1
244    0
233 11.9466  1
244    0
234 7.6957  1
244    0
235 13.8147  1
244    0
236 13.796  1
244    0
237 13.7353  1
244    0
238 13.5369  1
244    0
239 12.889  1
244    0
240 10.7732  1
244    0
241 13.8641  1
244    0
242 13.9575  1
244    0
243 14.2624  1
244    0
244 0  0
