101
0 5.34242  6
1    8.9505
2    7.37629
12    7.98349
21    12.3793
66    10.1116
71    11.7334
1 6.1298  10
3    8.23582
4    11.0427
5    8.20853
6    10.9536
7    7.9172
8    10.0021
9    10.8104
10    7.44972
11    8.47551
65    11.3172
2 8.70098  2
12    10.7642
65    12.2851
3 7.09723  5
12    10.2187
13    7.61946
21    7.67788
92    11.1143
93    11.7885
4 11.8603  4
13    10.018
46    9.39729
66    10.4181
78    11.8253
5 7.41371  1
45    8.34733
6 12.8939  2
12    9.75948
13    7.63576
7 10.7894  2
21    7.20545
72    11.3764
8 13.9169  5
12    7.29902
14    9.08307
15    9.65877
21    8.25834
66    9.88198
9 14.1299  2
12    11.8253
39    8.82488
10 14.8254  3
13    9.02997
15    9.64943
40    10.9166
11 7.09632  3
12    11.5177
13    10.8624
21    12.3199
12 11.8572  1
91    12.3793
13 7.40364  2
14    7.80917
39    12.9663
14 12.861  2
16    9.68917
46    11.4068
15 10.6816  5
17    9.78841
18    10.1125
21    9.22059
46    8.83532
91    12.573
16 13.565  3
19    11.1709
20    8.62694
21    12.573
17 12.9809  3
21    11.1162
65    10.6421
80    7.98349
18 11.0732  2
40    11.872
66    10.9638
19 14.8437  7
60    10.8398
61    7.54585
62    8.78954
63    12.8509
64    8.11313
71    12.3745
72    8.67766
20 7.15613  4
41    7.79653
42    9.60805
43    9.52364
44    9.24787
21 12.0525  10
22    8.44823
23    11.7364
24    10.4736
25    12.3501
26    12.478
27    12.8953
28    8.25779
65    11.9947
66    11.8865
71    12.2412
22 8.04147  2
65    12.2657
78    7.44972
23 14.9438  10
29    11.1143
30    8.44218
31    11.7166
32    10.409
33    12.139
34    11.7885
35    10.6439
36    12.9062
37    8.29368
38    11.2315
24 7.48299  1
40    8.48979
25 13.1201  4
46    7.00751
71    7.15455
72    8.33799
92    8.25779
26 11.5276  1
65    8.61632
27 6.32756  2
72    7.51161
93    8.29368
28 9.34675  4
55    12.9696
56    8.5006
57    11.9074
58    11.0321
29 9.20606  1
78    11.0427
30 8.74645  5
73    8.52293
74    11.9803
75    11.27
76    8.9505
80    11.5177
31 7.24555  1
100    0
32 12.3446  3
65    8.27409
80    7.29902
93    12.9062
33 8.99548  1
100    0
34 8.05887  4
67    11.168
68    8.61742
69    12.2888
70    12.2776
35 5.00031  1
100    0
36 5.01251  2
72    12.9198
91    10.1125
37 5.05249  2
65    12.9002
78    7.9172
38 5.18311  1
72    11.139
39 5.60945  1
80    10.2187
40 7.00171  10
81    10.8624
82    7.61946
83    9.02997
84    7.63576
85    9.08307
86    7.80917
87    9.64943
88    9.65877
89    9.68917
90    9.78841
41 11.5484  1
100    0
42 6.39531  3
46    7.00018
66    9.10486
72    11.9402
43 9.56801  1
46    7.0315
44 9.92843  2
72    12.4855
78    10.0021
45 11.1055  1
71    12.5574
46 14.9493  8
47    7.10987
48    7.36567
49    8.20103
50    10.929
51    7.83718
52    9.74081
53    9.95706
54    10.6633
47 7.50099  1
59    8.17374
48 13.179  1
92    8.44823
49 11.7202  3
91    9.22059
92    12.3501
93    10.6439
50 6.95624  2
65    12.2022
91    8.62694
51 11.3997  1
66    7.8804
52 5.90976  2
80    10.018
91    11.1709
53 7.98257  1
66    12.169
54 14.7516  1
92    12.478
55 6.85522  1
100    0
56 11.0701  1
71    12.3185
57 14.8337  2
66    7.95071
72    9.29786
58 7.12348  1
65    11.1676
59 11.946  2
78    8.23582
93    11.7166
60 7.69387  1
100    0
61 13.8086  1
100    0
62 13.7762  1
79    10.7642
63 13.6703  3
71    10.4639
72    8.51067
92    11.7364
64 13.3245  1
100    0
65 12.1953  1
78    8.20853
66 8.5081  1
100    0
67 6.46733  1
91    8.25834
68 9.80331  1
92    11.1162
69 10.6969  1
91    7.20545
70 13.6151  1
71    12.1222
71 13.1442  1
93    8.44218
72 11.6063  1
78    8.47551
73 6.58452  1
77    7.37629
74 10.186  1
78    10.9536
75 11.9466  1
80    9.75948
76 7.6957  1
93    12.139
77 13.8147  1
78    10.8104
78 13.796  1
100    0
79 13.7353  1
91    7.67788
80 13.5369  1
100    0
81 12.889  1
100    0
82 10.7732  1
100    0
83 13.8641  6
94    11.2315
95    8.82488
96    12.9663
97    8.48979
98    11.872
99    10.9166
84 13.9575  2
92    10.4736
93    10.409
85 14.2624  1
92    12.8953
86 5.25758  1
100    0
87 5.85269  1
91    12.3199
88 7.79611  1
100    0
89 14.1424  1
100    0
90 14.8663  1
100    0
91 7.22999  1
100    0
92 12.2939  1
100    0
93 8.82977  1
100    0
94 7.51778  1
100    0
95 13.2336  1
100    0
96 11.8984  1
100    0
97 7.53822  1
100    0
98 13.3004  1
100    0
99 12.1166  1
100    0
100 0  0
