98
0 13.8147  2
1    7.36567
52    10.1125
1 13.796  7
2    8.20103
3    10.929
4    7.83718
5    9.74081
6    9.95706
7    10.6633
9    11.9074
2 13.7353  5
9    8.5006
24    12.2776
33    11.9803
52    9.65877
80    10.929
3 13.5369  3
17    8.27409
23    10.4181
33    11.139
4 12.889  1
97    0
5 10.7732  9
10    11.0321
11    8.17374
12    10.8398
13    7.54585
14    8.78954
15    12.8509
16    8.11313
17    12.9002
80    7.10987
6 13.8641  1
8    12.9696
7 13.9575  2
24    8.61742
32    11.9402
8 14.2624  3
17    10.6421
23    9.10486
52    7.63576
9 5.25758  2
23    9.88198
32    11.3764
10 5.85269  3
17    11.1676
29    8.67766
63    10.6439
11 7.79611  2
33    11.27
56    11.1162
12 14.1424  7
18    8.61632
19    12.2851
20    12.2657
21    12.2022
22    11.9947
24    10.1116
33    8.23582
13 14.8663  4
23    10.9638
24    11.168
33    11.0427
62    12.8953
14 7.22999  2
23    11.3172
24    12.1222
15 12.2939  3
24    12.2888
56    9.22059
85    10.6421
16 8.82977  4
25    11.7334
26    10.4639
27    12.3185
28    12.3745
17 7.51778  2
52    9.68917
54    12.573
18 13.2336  2
23    11.8865
29    12.5574
19 11.8984  4
23    12.169
24    7.95071
32    9.29786
55    7.67788
20 7.53822  10
40    8.47551
41    11.8253
42    10.7642
43    7.29902
44    7.98349
45    10.2187
46    11.5177
47    9.75948
48    10.018
49    10.8624
21 13.3004  1
24    12.2412
22 12.1166  4
23    7.8804
29    7.15455
52    9.78841
54    8.62694
23 8.25083  1
54    12.3199
24 5.62716  2
30    12.9198
52    9.64943
25 7.05969  2
31    8.33799
56    8.25834
26 11.7379  1
62    8.44218
27 7.01422  1
29    12.4855
28 11.5893  2
29    7.51161
32    8.51067
29 6.52867  2
33    8.9505
62    12.139
30 10.0035  2
33    7.37629
54    12.3793
31 11.3506  1
62    11.7166
32 5.74953  2
33    8.52293
52    9.08307
33 7.45918  6
34    8.20853
35    10.9536
36    7.9172
37    10.0021
38    10.8104
39    7.44972
34 13.0422  1
63    8.29368
35 11.2737  8
89    12.2851
90    12.2657
91    12.2022
92    11.9947
93    11.3172
94    9.10486
95    7.8804
96    9.88198
36 5.49837  1
85    12.9002
37 6.63915  2
53    11.1709
62    11.7885
38 10.3645  3
86    8.27409
87    11.1676
88    8.61632
39 12.5295  5
57    8.44823
58    11.7364
59    10.4736
60    12.3501
61    12.478
40 9.59914  1
85    8.17374
41 10.0301  2
63    11.2315
85    8.11313
42 11.4373  1
97    0
43 6.03244  3
50    7.61946
51    9.02997
62    10.409
44 8.38328  1
97    0
45 6.0596  2
52    7.80917
84    11.9074
46 8.47179  1
97    0
47 6.34861  1
97    0
48 9.41572  1
97    0
49 9.43129  1
97    0
50 9.48195  9
64    8.82488
65    12.9663
66    8.48979
67    11.872
68    10.9166
69    7.79653
70    9.60805
71    9.52364
72    9.24787
51 9.64736  1
97    0
52 10.1875  3
80    7.36567
84    11.0321
85    12.8509
53 11.9515  2
54    7.20545
63    12.9062
54 7.71157  1
80    9.95706
55 13.8665  1
97    0
56 13.9654  1
97    0
57 14.2883  1
62    8.25779
58 5.34242  2
80    9.74081
85    8.78954
59 6.1298  7
73    8.34733
74    11.4068
75    9.39729
76    8.83532
77    7.00018
78    7.00751
79    7.0315
60 8.70098  1
62    11.1143
61 7.09723  1
97    0
62 11.8603  1
97    0
63 7.41371  1
97    0
64 12.8939  1
97    0
65 10.7894  1
97    0
66 13.9169  1
97    0
67 14.1299  1
97    0
68 14.8254  1
97    0
69 7.09632  1
97    0
70 11.8572  1
97    0
71 7.40364  1
97    0
72 12.861  1
97    0
73 10.6816  1
97    0
74 13.565  1
97    0
75 12.9809  1
80    7.83718
76 11.0732  1
80    8.20103
77 14.8437  1
97    0
78 7.15613  1
97    0
79 12.0525  4
81    10.6633
82    12.9696
83    8.5006
85    7.54585
80 8.04147  1
97    0
81 14.9438  1
97    0
82 7.48299  1
85    10.8398
83 13.1201  1
97    0
84 11.5276  1
97    0
85 6.32756  1
97    0
86 9.34675  1
97    0
87 9.20606  1
97    0
88 8.74645  1
97    0
89 7.24555  1
97    0
90 12.3446  1
97    0
91 8.99548  1
97    0
92 8.05887  1
97    0
93 5.00031  1
97    0
94 5.01251  1
97    0
95 5.05249  1
97    0
96 5.18311  1
97    0
97 0  0
