52
0 6.34861  2
1    0.820103
2    1.0929
1 9.41572  1
2    0.783718
2 9.43129  7
3    0.974081
4    0.995706
5    1.06633
6    1.29696
7    0.85006
8    1.19074
9    1.10321
3 9.48195  1
51    0
4 9.64736  1
51    0
5 10.1875  5
29    1.04181
30    1.2169
31    1.18865
32    1.09638
33    0.795071
6 11.9515  1
51    0
7 7.71157  6
23    1.22022
24    1.19947
25    1.13172
26    0.910486
27    0.78804
28    0.988198
8 13.8665  1
51    0
9 13.9654  5
10    0.817374
11    1.08398
12    0.754585
13    0.878954
40    1.17334
10 14.2883  1
51    0
11 5.34242  1
51    0
12 6.1298  10
14    1.28509
15    0.811313
16    1.06421
17    1.29002
18    0.827409
19    1.11676
20    0.861632
21    1.22851
22    1.22657
40    1.23185
13 8.70098  1
51    0
14 7.09723  1
40    1.25574
15 11.8603  1
51    0
16 7.41371  6
34    1.01116
35    1.1168
36    0.861742
37    1.22888
38    1.22776
39    1.22412
17 12.8939  1
51    0
18 10.7894  1
51    0
19 13.9169  1
47    1.13764
20 14.1299  1
51    0
21 14.8254  1
47    0.929786
22 7.09632  6
41    0.715455
42    0.751161
43    0.867766
44    1.24855
45    1.29198
46    0.833799
23 11.8572  1
51    0
24 7.40364  1
51    0
25 12.861  3
48    0.851067
49    1.19402
50    1.1139
26 10.6816  1
40    1.23745
27 13.565  1
51    0
28 12.9809  1
51    0
29 11.0732  1
51    0
30 14.8437  1
51    0
31 7.15613  1
51    0
32 12.0525  1
51    0
33 8.04147  1
51    0
34 14.9438  1
51    0
35 7.48299  1
40    1.21222
36 13.1201  1
51    0
37 11.5276  1
40    1.04639
38 6.32756  1
51    0
39 9.34675  1
51    0
40 9.20606  1
51    0
41 8.74645  1
51    0
42 7.24555  1
51    0
43 12.3446  1
51    0
44 8.99548  1
51    0
45 8.05887  1
51    0
46 5.00031  1
51    0
47 5.01251  1
51    0
48 5.05249  1
51    0
49 5.18311  1
51    0
50 5.60945  1
51    0
51 0  0
