54
0 13.7353  4
1    12.3199
2    12.573
34    10.929
43    8.27409
1 13.5369  1
2    12.3793
2 12.889  9
3    7.20545
4    7.67788
5    9.22059
6    8.25834
7    11.1162
8    8.44823
9    11.7364
10    10.4736
34    7.36567
3 10.7732  1
11    12.3501
4 13.8641  1
53    0
5 13.9575  2
34    9.74081
44    8.61632
6 14.2624  1
34    9.95706
7 5.25758  1
53    0
8 5.85269  2
21    12.9062
33    9.39729
9 7.79611  2
12    12.478
13    12.8953
10 14.1424  1
53    0
11 14.8663  1
21    11.2315
12 7.22999  8
14    8.25779
15    11.1143
16    8.44218
17    11.7166
18    10.409
19    12.139
20    11.7885
33    8.83532
13 12.2939  3
22    8.82488
33    7.0315
43    12.9002
14 8.82977  2
21    8.29368
33    7.10987
15 7.51778  1
53    0
16 13.2336  1
21    10.6439
17 11.8984  2
34    8.20103
44    12.2022
18 7.53822  1
53    0
19 13.3004  10
23    12.9663
24    8.48979
25    11.872
26    10.9166
27    7.79653
28    9.60805
29    9.52364
30    9.24787
31    8.34733
32    11.4068
20 12.1166  1
44    11.9947
21 8.25083  1
33    7.00018
22 5.62716  1
34    7.83718
23 7.05969  1
53    0
24 11.7379  9
35    8.5006
36    11.9074
37    11.0321
38    8.17374
39    10.8398
40    7.54585
41    8.78954
42    12.8509
44    12.2657
25 7.01422  1
53    0
26 11.5893  1
53    0
27 6.52867  1
53    0
28 10.0035  1
43    11.1676
29 11.3506  1
53    0
30 5.74953  3
33    7.00751
34    12.9696
43    10.6421
31 7.45918  1
34    10.6633
32 13.0422  1
53    0
33 11.2737  8
45    11.3172
46    9.10486
47    7.8804
48    9.88198
49    10.4181
50    12.169
51    11.8865
52    10.9638
34 5.49837  1
43    8.11313
35 6.63915  1
53    0
36 10.3645  1
53    0
37 12.5295  1
44    12.2851
38 9.59914  1
53    0
39 10.0301  1
53    0
40 11.4373  1
53    0
41 6.03244  1
53    0
42 8.38328  1
53    0
43 6.0596  1
53    0
44 8.47179  1
53    0
45 6.34861  1
53    0
46 9.41572  1
53    0
47 9.43129  1
53    0
48 9.48195  1
53    0
49 9.64736  1
53    0
50 10.1875  1
53    0
51 11.9515  1
53    0
52 7.71157  1
53    0
53 0  0
