99
0 5.01251  2
1    1.2573
15    1.17166
1 5.05249  8
2    0.720545
3    0.767788
4    0.922059
5    0.825834
6    1.11162
7    0.844823
8    1.17364
20    1.29663
2 5.18311  3
15    1.0409
20    0.952364
21    0.924787
3 5.60945  1
15    1.2139
4 7.00171  7
9    1.04736
10    1.23501
11    1.24779
12    1.28953
13    0.825779
14    1.11143
15    0.844218
5 11.5484  1
98    0
6 6.39531  2
15    1.17885
56    1.22776
7 9.56801  1
20    0.779653
8 9.92843  2
15    1.06439
55    1.09638
9 11.1055  1
20    0.960805
10 14.9493  5
16    1.29062
17    0.829368
18    1.12315
19    0.882488
77    1.09536
11 7.50099  1
20    1.09166
12 13.179  1
21    0.939729
13 11.7202  1
55    1.2169
14 6.95624  1
88    0.763576
15 11.3997  2
21    1.14068
55    1.01116
16 5.90976  1
20    1.1872
17 7.98257  2
20    0.848979
88    0.780917
18 14.7516  1
21    0.883532
19 6.85522  9
28    1.0929
29    0.783718
30    0.974081
31    0.995706
32    1.06633
33    1.29696
34    0.85006
35    1.19074
36    1.10321
20 11.0701  1
21    0.834733
21 14.8337  6
22    0.700018
23    0.700751
24    0.703149
25    0.710987
26    0.736567
27    0.820103
22 7.12348  10
67    1.24855
68    1.29198
69    0.833799
70    1.13764
71    0.929786
72    0.851067
73    1.19402
74    1.1139
75    0.852293
76    1.19803
23 11.946  1
98    0
24 7.69387  1
55    1.04181
25 13.8086  7
37    0.817374
38    1.08398
39    0.754585
40    0.878954
41    1.28509
42    0.811313
43    1.06421
26 13.7762  1
98    0
27 13.6703  10
44    1.29002
45    0.827409
46    1.11676
47    0.861632
48    1.22851
49    1.22657
50    1.22022
51    1.19947
52    1.13172
53    0.910486
28 13.3245  1
98    0
29 12.1953  1
98    0
30 8.5081  2
54    0.988198
56    1.22888
31 6.46733  1
98    0
32 9.80331  10
57    1.22412
58    1.21222
59    1.17334
60    1.04639
61    1.23185
62    1.23745
63    1.25574
64    0.715455
65    0.751161
66    0.867766
33 10.6969  1
88    0.902997
34 13.6151  1
98    0
35 13.1442  1
55    0.795071
36 11.6063  1
98    0
37 6.58452  1
77    0.823582
38 10.186  1
98    0
39 11.9466  1
88    0.964943
40 7.6957  1
98    0
41 13.8147  1
98    0
42 13.796  3
54    0.78804
77    1.10427
88    0.908307
43 13.7353  1
88    1.08624
44 13.5369  1
98    0
45 12.889  1
98    0
46 10.7732  1
98    0
47 13.8641  1
98    0
48 13.9575  1
56    1.1168
49 14.2624  1
55    1.18865
50 5.25758  1
98    0
51 5.85269  1
98    0
52 7.79611  9
79    0.847551
80    1.18253
81    1.07642
82    0.729902
83    0.798349
84    1.02187
85    1.15177
86    0.975948
87    1.0018
53 14.1424  1
98    0
54 14.8663  1
56    0.861742
55 7.22999  1
98    0
56 12.2939  1
98    0
57 8.82977  1
98    0
58 7.51778  9
89    0.965877
90    0.968917
91    0.978841
92    1.01125
93    1.11709
94    0.862694
95    1.23199
96    1.23793
97    1.2573
59 13.2336  1
98    0
60 11.8984  1
77    1.08104
61 7.53822  1
88    0.761946
62 13.3004  1
77    1.127
63 12.1166  1
77    1.00021
64 8.25083  1
98    0
65 5.62716  1
77    0.737629
66 7.05969  1
77    0.820853
67 11.7379  1
98    0
68 7.01422  1
77    0.89505
69 11.5893  1
98    0
70 6.52867  1
98    0
71 10.0035  1
98    0
72 11.3506  1
98    0
73 5.74953  1
77    0.79172
74 7.45918  1
98    0
75 13.0422  1
98    0
76 11.2737  1
98    0
77 5.49837  1
78    0.744972
78 6.63915  1
98    0
79 10.3645  1
98    0
80 12.5295  1
98    0
81 9.59914  1
98    0
82 10.0301  1
98    0
83 11.4373  1
98    0
84 6.03244  1
98    0
85 8.38328  1
98    0
86 6.0596  1
98    0
87 8.47179  1
98    0
88 6.34861  1
98    0
89 9.41572  1
98    0
90 9.43129  1
98    0
91 9.48195  1
98    0
92 9.64736  1
98    0
93 10.1875  1
98    0
94 11.9515  1
98    0
95 7.71157  1
98    0
96 13.8665  1
98    0
97 13.9654  1
98    0
98 0  0
