49
0 12.861  5
1    12.2657
2    12.2022
3    11.9947
4    11.3172
35    10.8104
1 10.6816  3
5    9.10486
7    10.9638
11    8.61742
2 13.565  3
5    7.8804
35    8.20853
40    7.63576
3 12.9809  4
5    9.88198
6    12.169
33    8.9505
40    10.018
4 11.0732  5
7    11.8865
11    12.2888
34    8.23582
35    10.0021
40    9.02997
5 14.8437  1
6    10.4181
6 7.15613  1
48    0
7 12.0525  4
8    7.95071
9    10.1116
10    11.168
33    11.27
8 8.04147  3
12    12.2776
13    12.2412
14    12.1222
9 14.9438  1
48    0
10 7.48299  1
48    0
11 13.1201  1
48    0
12 11.5276  1
40    10.8624
13 6.32756  8
15    11.7334
16    10.4639
17    12.3185
18    12.3745
19    12.5574
20    7.15455
21    7.51161
35    7.44972
14 9.34675  2
22    8.67766
40    10.2187
15 9.20606  8
26    11.3764
27    9.29786
28    8.51067
29    11.9402
30    11.139
31    8.52293
32    11.9803
40    7.61946
16 8.74645  4
23    12.4855
24    12.9198
25    8.33799
35    11.0427
17 7.24555  7
41    7.80917
42    9.64943
43    9.65877
44    9.68917
45    9.78841
46    10.1125
47    11.1709
18 12.3446  1
48    0
19 8.99548  1
35    10.9536
20 8.05887  1
48    0
21 5.00031  1
48    0
22 5.01251  1
35    7.9172
23 5.05249  1
40    9.75948
24 5.18311  1
35    8.47551
25 5.60945  1
40    9.08307
26 7.00171  1
48    0
27 11.5484  1
48    0
28 6.39531  1
48    0
29 9.56801  2
34    7.37629
40    11.5177
30 9.92843  1
48    0
31 11.1055  1
48    0
32 14.9493  1
48    0
33 7.50099  1
48    0
34 13.179  1
48    0
35 11.7202  4
36    11.8253
37    10.7642
38    7.29902
39    7.98349
36 6.95624  1
48    0
37 11.3997  1
48    0
38 5.90976  1
48    0
39 7.98257  1
48    0
40 14.7516  1
48    0
41 6.85522  1
48    0
42 11.0701  1
48    0
43 14.8337  1
48    0
44 7.12348  1
48    0
45 11.946  1
48    0
46 7.69387  1
48    0
47 13.8086  1
48    0
48 0  0
