89
0 13.9575  4
1    0.703149
8    0.995706
9    1.11676
26    1.22776
1 14.2624  6
2    0.710987
3    0.736567
8    0.817374
9    1.06421
66    0.965877
83    1.12315
2 5.25758  4
8    1.10321
9    0.811313
16    0.988198
26    1.21222
3 5.85269  6
4    0.820103
5    1.0929
6    0.783718
7    0.974081
8    1.19074
9    0.827409
4 7.79611  5
8    1.06633
9    0.878954
27    1.17334
68    1.23793
73    1.23501
5 14.1424  1
9    1.08398
6 14.8663  2
8    1.29696
9    1.29002
7 7.22999  3
8    0.85006
9    0.754585
16    0.910486
8 12.2939  1
9    1.28509
9 8.82977  7
10    0.861632
11    1.22851
12    1.22657
13    1.22022
14    1.19947
15    1.13172
60    1.0018
10 7.51778  1
28    1.04639
11 13.2336  2
16    0.78804
67    1.01125
12 11.8984  10
18    1.2169
19    1.18865
20    1.09638
21    0.795071
22    1.01116
23    1.1168
24    0.861742
25    1.22888
28    1.23745
73    1.24779
13 7.53822  1
17    1.04181
14 13.3004  3
26    1.22412
28    1.23185
73    1.28953
15 12.1166  1
28    0.715455
16 8.25083  1
88    0
17 5.62716  1
68    1.2573
18 7.05969  1
73    1.04736
19 11.7379  1
88    0
20 7.01422  1
88    0
21 11.5893  1
88    0
22 6.52867  10
38    1.1139
39    0.852293
40    1.19803
41    1.127
42    0.89505
43    0.737629
44    0.823582
45    1.10427
46    0.820853
47    1.09536
23 10.0035  3
28    1.25574
67    0.968917
73    0.825779
24 11.3506  1
88    0
25 5.74953  9
51    0.744972
52    0.847551
53    1.18253
54    1.07642
55    0.729902
56    0.798349
57    1.02187
58    1.15177
59    0.975948
26 7.45918  9
29    0.751161
30    0.867766
31    1.24855
32    1.29198
33    0.833799
34    1.13764
35    0.929786
36    0.851067
37    1.19402
27 13.0422  1
88    0
28 11.2737  1
68    0.720545
29 5.49837  1
88    0
30 6.63915  1
88    0
31 10.3645  1
88    0
32 12.5295  1
88    0
33 9.59914  1
88    0
34 10.0301  1
88    0
35 11.4373  1
88    0
36 6.03244  1
66    0.964943
37 8.38328  1
88    0
38 6.0596  1
67    0.862694
39 8.47179  1
88    0
40 6.34861  3
48    0.79172
49    1.00021
50    1.08104
41 9.41572  1
88    0
42 9.43129  2
60    1.08624
68    0.767788
43 9.48195  5
61    0.761946
62    0.902997
63    0.763576
64    0.908307
65    0.780917
44 9.64736  1
68    1.23199
45 10.1875  1
88    0
46 11.9515  1
88    0
47 7.71157  1
88    0
48 13.8665  1
88    0
49 13.9654  4
69    0.922059
70    0.825834
71    1.11162
72    0.844823
50 14.2883  1
73    1.17364
51 5.34242  1
88    0
52 6.1298  1
88    0
53 8.70098  1
88    0
54 7.09723  1
67    0.978841
55 11.8603  1
67    1.11709
56 7.41371  1
88    0
57 12.8939  1
88    0
58 10.7894  1
88    0
59 13.9169  9
74    1.11143
75    0.844218
76    1.17166
77    1.0409
78    1.2139
79    1.17885
80    1.06439
81    1.29062
82    0.829368
60 14.1299  1
88    0
61 14.8254  1
88    0
62 7.09632  1
88    0
63 11.8572  1
88    0
64 7.40364  1
88    0
65 12.861  1
88    0
66 10.6816  1
88    0
67 13.565  1
88    0
68 12.9809  1
88    0
69 11.0732  1
88    0
70 14.8437  1
88    0
71 7.15613  1
88    0
72 12.0525  1
88    0
73 8.04147  1
88    0
74 14.9438  4
84    0.882488
85    1.29663
86    0.848979
87    1.1872
75 7.48299  1
88    0
76 13.1201  1
88    0
77 11.5276  1
88    0
78 6.32756  1
88    0
79 9.34675  1
88    0
80 9.20606  1
88    0
81 8.74645  1
88    0
82 7.24555  1
88    0
83 12.3446  1
88    0
84 8.99548  1
88    0
85 8.05887  1
88    0
86 5.00031  1
88    0
87 5.01251  1
88    0
88 0  0
