215
0 14.8254  2
1    1.24855
17    1.09536
1 7.09632  9
2    1.29198
3    0.833799
4    1.13764
5    0.929786
6    0.851067
7    1.19402
39    1.06439
108    1.23793
154    1.18865
2 11.8572  4
17    0.847551
28    0.780917
39    1.2139
67    1.22022
3 7.40364  1
53    0.974081
4 12.861  1
17    0.744972
5 10.6816  4
39    1.17885
53    0.995706
121    0.829368
199    1.11143
6 13.565  10
8    1.1139
9    0.852293
10    1.19803
11    1.127
12    0.89505
13    0.737629
14    0.823582
15    1.10427
17    1.08104
157    1.17334
7 12.9809  2
17    0.729902
28    0.965877
8 11.0732  4
17    1.00021
28    1.11709
39    1.29062
53    0.710987
9 14.8437  4
16    0.820853
28    0.978841
53    0.820103
135    0.783718
10 7.15613  2
17    1.18253
52    0.939729
11 12.0525  10
29    1.2573
30    0.720545
31    0.767788
32    0.922059
33    0.825834
34    1.11162
35    0.844823
36    1.17364
37    1.04736
156    1.22412
12 8.04147  4
17    0.79172
39    1.28953
53    0.783718
157    1.04639
13 14.9438  3
28    1.01125
100    1.07642
136    1.10321
14 7.48299  3
17    1.07642
28    0.964943
136    0.85006
15 13.1201  1
67    1.11676
16 11.5276  10
19    1.02187
20    1.15177
21    0.975948
22    1.0018
23    1.08624
24    0.761946
25    0.902997
26    0.763576
27    0.908307
72    1.18865
17 6.32756  2
18    0.798349
28    1.23793
18 9.34675  4
28    0.862694
38    1.24779
52    1.14068
136    1.19074
19 9.20606  1
214    0
20 8.74645  5
40    0.829368
41    1.12315
42    0.882488
43    1.29663
44    0.848979
21 7.24555  5
68    1.13172
69    0.910486
70    0.78804
71    0.988198
121    1.17166
22 12.3446  2
52    0.700018
98    1.10427
23 8.99548  3
39    1.0409
53    0.700751
106    0.964943
24 8.05887  4
28    1.23199
39    0.825779
99    0.79172
157    1.23745
25 5.00031  2
53    0.703149
108    1.23199
26 5.01251  2
28    0.968917
106    0.908307
27 5.05249  3
38    1.23501
127    0.924787
155    1.01116
28 5.18311  1
39    1.17166
29 5.60945  1
39    0.844218
30 7.00171  6
62    1.28509
63    0.811313
64    1.06421
65    1.29002
66    0.827409
188    1.23199
31 11.5484  1
99    1.18253
32 6.39531  9
45    1.1872
46    1.09166
47    0.779653
48    0.960805
49    0.952364
50    0.924787
51    0.834733
53    0.736567
157    1.23185
33 9.56801  2
39    1.11143
136    0.817374
34 9.92843  2
121    1.2139
127    0.779653
35 11.1055  1
214    0
36 14.9493  2
53    1.0929
199    1.28953
37 7.50099  2
107    1.11709
154    0.795071
38 13.179  1
98    0.89505
39 11.7202  1
121    1.17885
40 6.95624  1
101    1.15177
41 11.3997  10
144    1.22851
145    1.22657
146    1.22022
147    1.19947
148    1.13172
149    0.910486
150    0.78804
151    0.988198
152    1.04181
153    1.2169
42 5.90976  1
121    1.0409
43 7.98257  1
53    1.06633
44 14.7516  1
214    0
45 6.85522  3
72    1.2169
127    1.14068
137    0.754585
46 11.0701  2
52    0.883532
155    0.861742
47 14.8337  3
122    0.882488
123    1.29663
136    1.29696
48 7.12348  10
79    1.22776
80    1.22412
81    1.21222
82    1.17334
83    1.04639
84    1.23185
85    1.23745
86    1.25574
87    0.715455
174    1.07642
49 11.946  1
214    0
50 7.69387  1
214    0
51 13.8086  1
98    0.820853
52 13.7762  3
72    1.04181
108    1.2573
135    0.820103
53 13.6703  9
54    1.29696
55    0.85006
56    1.19074
57    1.10321
58    0.817374
59    1.08398
60    0.754585
61    0.878954
101    0.798349
54 13.3245  2
67    1.19947
121    0.844218
55 12.1953  1
98    1.19803
56 8.5081  1
101    0.729902
57 6.46733  1
67    1.22657
58 9.80331  2
157    1.25574
188    1.23793
59 10.6969  1
214    0
60 13.6151  2
98    0.852293
99    1.00021
61 13.1442  2
98    0.823582
121    1.06439
62 11.6063  1
106    0.763576
63 6.58452  2
106    0.902997
155    1.1168
64 10.186  1
67    1.22851
65 11.9466  1
214    0
66 7.6957  2
67    0.861632
157    1.29198
67 13.8147  1
214    0
68 13.796  6
73    1.09638
74    0.795071
75    1.01116
76    1.1168
77    0.861742
78    1.22888
69 13.7353  1
174    0.847551
70 13.5369  1
107    0.862694
71 12.889  1
214    0
72 10.7732  1
214    0
73 13.8641  1
106    1.01125
74 13.9575  10
88    0.751161
89    0.867766
90    1.24855
91    1.29198
92    0.833799
93    1.13764
94    0.929786
95    0.851067
96    1.19402
97    1.1139
75 14.2624  1
214    0
76 5.25758  1
117    1.24779
77 5.85269  3
98    0.737629
99    0.744972
101    1.02187
78 7.79611  1
106    0.780917
79 14.1424  1
214    0
80 14.8663  1
174    1.18253
81 7.22999  1
98    1.09536
82 12.2939  1
214    0
83 8.82977  5
138    0.878954
139    1.28509
140    0.811313
141    1.06421
142    1.29002
84 7.51778  2
98    1.127
136    1.08398
85 13.2336  1
155    1.22888
86 11.8984  9
205    1.12315
206    0.882488
207    1.29663
208    0.848979
209    1.1872
210    1.09166
211    0.779653
212    0.960805
213    0.952364
87 7.53822  2
99    0.847551
106    0.978841
88 13.3004  2
118    1.28953
119    0.825779
89 12.1166  1
135    1.0929
90 8.25083  1
121    1.12315
91 5.62716  5
102    0.975948
103    1.0018
104    1.08624
105    0.761946
186    0.965877
92 7.05969  1
106    0.968917
93 11.7379  1
214    0
94 7.01422  2
99    1.08104
143    0.827409
95 11.5893  1
127    0.960805
96 6.52867  1
214    0
97 10.0035  1
214    0
98 11.3506  2
157    1.24855
199    0.844218
99 5.74953  1
214    0
100 7.45918  1
154    1.09638
101 13.0422  8
109    0.767788
110    0.922059
111    0.825834
112    1.11162
113    0.844823
114    1.17364
115    1.04736
116    1.23501
102 11.2737  1
106    0.965877
103 5.49837  4
124    0.848979
125    1.1872
126    1.09166
143    1.11676
104 6.63915  1
214    0
105 10.3645  1
108    0.720545
106 12.5295  1
214    0
107 9.59914  1
135    0.995706
108 10.0301  1
120    1.11143
109 11.4373  1
214    0
110 6.03244  2
121    1.29062
127    0.952364
111 8.38328  1
214    0
112 6.0596  1
214    0
113 8.47179  5
181    0.902997
182    0.763576
183    0.908307
184    0.780917
185    0.964943
114 6.34861  5
200    1.2139
201    1.17885
202    1.06439
203    1.29062
204    0.829368
115 9.41572  1
143    0.861632
116 9.43129  1
214    0
117 9.48195  1
214    0
118 9.64736  1
174    0.729902
119 10.1875  1
157    0.751161
120 11.9515  7
128    0.939729
129    0.883532
130    0.700018
131    0.700751
132    0.703149
133    0.710987
134    0.736567
121 7.71157  1
214    0
122 13.8665  1
214    0
123 13.9654  2
127    0.834733
135    0.974081
124 14.2883  1
214    0
125 5.34242  1
214    0
126 6.1298  1
214    0
127 8.70098  2
136    1.06633
156    1.21222
128 7.09723  1
214    0
129 11.8603  1
214    0
130 7.41371  1
214    0
131 12.8939  1
156    1.22776
132 10.7894  1
175    1.02187
133 13.9169  1
214    0
134 14.1299  1
214    0
135 14.8254  1
214    0
136 7.09632  1
186    0.978841
137 11.8572  1
214    0
138 7.40364  1
157    0.867766
139 12.861  1
214    0
140 10.6816  1
214    0
141 13.565  7
158    0.833799
159    1.13764
160    0.929786
161    0.851067
162    1.19402
163    1.1139
175    0.798349
142 12.9809  1
214    0
143 11.0732  1
174    1.00021
144 14.8437  1
214    0
145 7.15613  1
214    0
146 12.0525  1
214    0
147 8.04147  1
214    0
148 14.9438  1
157    0.715455
149 7.48299  1
214    0
150 13.1201  1
214    0
151 11.5276  1
214    0
152 6.32756  1
214    0
153 9.34675  1
214    0
154 9.20606  1
214    0
155 8.74645  1
199    1.17166
156 7.24555  1
214    0
157 12.3446  10
164    0.852293
165    1.19803
166    1.127
167    0.89505
168    0.737629
169    0.823582
170    1.10427
171    0.820853
172    1.09536
173    0.79172
158 8.99548  1
214    0
159 8.05887  1
174    0.744972
160 5.00031  1
214    0
161 5.01251  2
187    1.11709
199    1.24779
162 5.05249  1
214    0
163 5.18311  1
214    0
164 5.60945  1
174    1.08104
165 7.00171  1
214    0
166 11.5484  1
214    0
167 6.39531  1
214    0
168 9.56801  5
176    1.15177
177    0.975948
178    1.0018
179    1.08624
180    0.761946
169 9.92843  1
214    0
170 11.1055  1
214    0
171 14.9493  1
214    0
172 7.50099  1
214    0
173 13.179  1
214    0
174 11.7202  1
214    0
175 6.95624  1
214    0
176 11.3997  1
214    0
177 5.90976  1
214    0
178 7.98257  1
186    0.968917
179 14.7516  1
214    0
180 6.85522  1
214    0
181 11.0701  1
199    1.0409
182 14.8337  1
186    1.01125
183 7.12348  1
214    0
184 11.946  1
199    0.825779
185 7.69387  1
187    0.862694
186 13.8086  1
214    0
187 13.7762  10
189    1.2573
190    0.720545
191    0.767788
192    0.922059
193    0.825834
194    1.11162
195    0.844823
196    1.17364
197    1.04736
198    1.23501
188 13.6703  1
214    0
189 13.3245  1
214    0
190 12.1953  1
214    0
191 8.5081  1
214    0
192 6.46733  1
214    0
193 9.80331  1
214    0
194 10.6969  1
214    0
195 13.6151  1
214    0
196 13.1442  1
214    0
197 11.6063  1
214    0
198 6.58452  1
214    0
199 10.186  1
214    0
200 11.9466  1
214    0
201 7.6957  1
214    0
202 13.8147  1
214    0
203 13.796  1
214    0
204 13.7353  1
214    0
205 13.5369  1
214    0
206 12.889  1
214    0
207 10.7732  1
214    0
208 13.8641  1
214    0
209 13.9575  1
214    0
210 14.2624  1
214    0
211 5.25758  1
214    0
212 5.85269  1
214    0
213 7.79611  1
214    0
214 0  0
