163
0 13.3004  5
1    9.64943
14    11.1162
15    12.9062
25    7.83718
101    11.3172
1 12.1166  2
2    9.65877
102    10.4639
2 8.25083  10
3    9.68917
4    9.78841
5    10.1125
6    11.1709
7    8.62694
8    12.3199
9    12.3793
10    12.573
11    7.20545
12    7.67788
3 5.62716  9
14    11.7364
15    12.9663
16    11.872
25    7.0315
59    8.52293
60    11.9803
87    10.9166
102    12.3185
160    11.2315
4 7.05969  5
15    11.2315
25    9.74081
37    11.1676
100    11.9947
160    12.9663
5 11.7379  4
14    12.3501
37    12.2022
58    7.51161
101    12.169
6 7.01422  3
14    12.8953
15    10.409
25    7.36567
7 11.5893  5
14    8.25779
15    8.29368
58    12.4855
88    9.52364
100    12.2851
8 6.52867  3
14    8.44218
15    10.6439
25    8.20103
9 10.0035  6
14    12.478
15    11.7885
25    10.929
70    10.8624
82    8.25779
90    11.9074
10 11.3506  4
13    9.22059
14    10.4736
15    11.7166
16    7.79653
11 5.74953  5
14    8.44823
15    8.82488
16    10.9166
25    7.00751
88    8.34733
12 7.45918  2
13    8.25834
25    7.10987
13 13.0422  6
14    11.1143
15    12.139
16    8.48979
37    12.2657
70    9.75948
89    9.39729
14 11.2737  1
52    12.2776
15 5.49837  9
17    9.60805
18    9.52364
19    9.24787
20    8.34733
21    11.4068
22    9.39729
23    8.83532
37    12.9002
81    8.44823
16 6.63915  2
51    12.2888
82    12.3501
17 10.3645  4
24    7.00018
71    7.63576
89    7.36567
90    12.9696
18 12.5295  3
37    8.27409
89    7.00018
101    11.8865
19 9.59914  3
37    8.61632
61    8.23582
101    7.95071
20 10.0301  3
58    12.9198
121    10.0021
161    9.60805
21 11.4373  4
35    8.78954
36    12.8509
58    9.29786
121    10.8104
22 6.03244  9
38    11.9947
39    11.3172
40    9.10486
41    7.8804
42    9.88198
43    10.4181
44    12.169
45    11.8865
86    10.6439
23 8.38328  10
26    9.95706
27    10.6633
28    12.9696
29    8.5006
30    11.9074
31    11.0321
32    8.17374
33    10.8398
34    7.54585
102    10.1116
24 6.0596  2
37    10.6421
59    11.139
25 8.47179  1
86    11.2315
26 6.34861  2
37    8.11313
90    8.5006
27 9.41572  1
60    11.27
28 9.43129  10
72    9.64943
73    9.65877
74    9.68917
75    9.78841
76    10.1125
77    11.1709
78    8.62694
79    12.3199
80    12.3793
86    12.9062
29 9.48195  1
87    8.48979
30 9.64736  1
90    10.929
31 10.1875  1
58    11.3764
32 11.9515  3
37    12.2851
58    8.67766
61    8.9505
33 7.71157  7
46    10.9638
47    7.95071
48    10.1116
49    11.168
50    8.61742
52    12.2412
58    8.33799
34 13.8665  1
162    0
35 13.9654  5
53    11.7334
54    10.4639
55    12.3185
56    12.3745
57    12.5574
36 14.2883  1
59    8.51067
37 5.34242  1
161    8.48979
38 6.1298  4
111    11.3764
112    9.29786
113    8.51067
114    11.9402
39 8.70098  2
61    11.0427
87    12.9663
40 7.09723  1
101    7.8804
41 11.8603  1
89    8.83532
42 7.41371  3
70    7.98349
82    11.1143
91    8.17374
43 12.8939  1
162    0
44 10.7894  1
81    11.1162
45 13.9169  2
101    10.9638
120    7.9172
46 14.1299  2
52    12.1222
59    11.9402
47 14.8254  2
70    7.29902
90    9.74081
48 7.09632  1
102    12.2412
49 11.8572  1
70    10.7642
50 7.40364  2
71    7.61946
101    9.88198
51 12.861  1
162    0
52 10.6816  3
58    7.15455
82    12.8953
89    7.0315
53 13.565  1
162    0
54 12.9809  2
91    11.0321
102    12.2776
55 11.0732  1
70    11.5177
56 14.8437  9
62    8.20853
63    10.9536
64    7.9172
65    10.0021
66    10.8104
67    7.44972
68    8.47551
69    11.8253
100    12.2657
57 7.15613  1
87    11.872
58 12.0525  2
61    7.37629
70    10.2187
59 8.04147  1
71    9.08307
60 14.9438  1
162    0
61 7.48299  1
162    0
62 13.1201  1
87    9.60805
63 11.5276  1
162    0
64 6.32756  2
70    10.018
81    7.67788
65 9.34675  2
82    10.4736
88    9.24787
66 9.20606  1
162    0
67 8.74645  2
71    7.80917
90    10.6633
68 7.24555  2
71    9.02997
89    7.00751
69 12.3446  3
81    9.22059
90    7.83718
100    12.2022
70 8.99548  2
109    12.9198
110    8.33799
71 8.05887  9
142    8.25834
143    11.1162
144    8.44823
145    11.7364
146    10.4736
147    12.3501
148    12.478
149    12.8953
160    8.82488
72 5.00031  1
102    12.2888
73 5.01251  4
82    12.478
86    11.7885
99    8.27409
140    9.68917
74 5.05249  3
81    12.573
82    11.7364
101    10.4181
75 5.18311  2
89    7.10987
141    12.573
76 5.60945  8
92    10.8398
93    7.54585
94    8.78954
95    12.8509
96    8.11313
97    10.6421
98    12.9002
141    12.3199
77 7.00171  3
86    12.139
87    7.79653
102    12.1222
78 11.5484  1
81    7.20545
79 6.39531  2
86    8.82488
90    9.95706
80 9.56801  1
81    8.25834
81 9.92843  1
90    8.20103
82 11.1055  4
83    8.44218
84    11.7166
85    10.409
86    8.29368
83 14.9493  5
103    12.3745
104    12.5574
105    7.15455
106    7.51161
107    8.67766
84 7.50099  2
101    9.10486
120    8.23582
85 13.179  1
162    0
86 11.7202  1
89    11.4068
87 6.95624  1
162    0
88 11.3997  1
141    8.62694
89 5.90976  1
162    0
90 7.98257  1
141    7.20545
91 14.7516  2
100    8.61632
102    11.168
92 6.85522  5
135    7.63576
136    9.08307
137    7.80917
138    9.64943
139    9.65877
93 11.0701  1
141    10.1125
94 14.8337  1
162    0
95 7.12348  1
162    0
96 11.946  2
100    11.1676
120    11.0427
97 7.69387  1
120    7.37629
98 13.8086  4
156    11.7885
157    10.6439
158    12.9062
159    8.29368
99 13.7762  2
102    11.7334
120    10.9536
100 13.6703  1
162    0
101 13.3245  1
102    8.61742
102 12.1953  1
108    12.4855
103 8.5081  1
161    7.79653
104 6.46733  1
162    0
105 9.80331  1
162    0
106 10.6969  1
162    0
107 13.6151  1
162    0
108 13.1442  3
122    7.44972
123    8.47551
124    11.8253
109 11.6063  1
162    0
110 6.58452  1
162    0
111 10.186  8
125    10.7642
126    7.29902
127    7.98349
128    10.2187
129    11.5177
130    9.75948
131    10.018
132    10.8624
112 11.9466  1
162    0
113 7.6957  1
120    8.20853
114 13.8147  5
115    11.139
116    8.52293
117    11.9803
118    11.27
119    8.9505
115 13.796  1
141    7.67788
116 13.7353  1
162    0
117 13.5369  1
141    11.1709
118 12.889  1
162    0
119 10.7732  1
162    0
120 13.8641  1
162    0
121 13.9575  1
162    0
122 14.2624  1
162    0
123 5.25758  1
162    0
124 5.85269  1
162    0
125 7.79611  1
141    12.3793
126 14.1424  2
133    7.61946
134    9.02997
127 14.8663  1
141    9.22059
128 7.22999  1
162    0
129 12.2939  1
162    0
130 8.82977  1
141    9.78841
131 7.51778  1
162    0
132 13.2336  1
162    0
133 11.8984  1
162    0
134 7.53822  1
162    0
135 13.3004  1
162    0
136 12.1166  1
162    0
137 8.25083  1
162    0
138 5.62716  1
162    0
139 7.05969  1
162    0
140 11.7379  1
162    0
141 7.01422  1
162    0
142 11.5893  1
162    0
143 6.52867  1
161    10.9166
144 10.0035  6
150    8.25779
151    11.1143
152    8.44218
153    11.7166
154    10.409
155    12.139
145 11.3506  1
162    0
146 5.74953  1
161    11.872
147 7.45918  1
162    0
148 13.0422  1
162    0
149 11.2737  1
162    0
150 5.49837  1
162    0
151 6.63915  1
162    0
152 10.3645  1
162    0
153 12.5295  1
162    0
154 9.59914  1
162    0
155 10.0301  1
162    0
156 11.4373  1
162    0
157 6.03244  1
162    0
158 8.38328  1
162    0
159 6.0596  1
162    0
160 8.47179  1
162    0
161 6.34861  1
162    0
162 0  0
