208
0 10.7894  4
1    1.22412
3    1.17334
10    0.852293
65    1.17334
1 13.9169  7
2    1.21222
3    1.04639
9    1.29198
10    1.19402
17    0.847551
18    0.902997
145    0.929786
2 14.1299  4
3    1.23185
9    1.24855
17    1.15177
18    0.964943
3 14.8254  9
4    1.23745
5    1.25574
6    0.715455
7    0.751161
8    0.867766
10    1.10427
17    0.729902
18    0.763576
145    0.715455
4 7.09632  7
9    0.851067
10    1.127
18    0.965877
19    0.862694
40    0.820103
124    1.10321
144    1.04639
5 11.8572  7
9    0.833799
10    1.19803
17    0.798349
18    0.908307
19    0.720545
41    0.817374
175    0.862694
6 7.40364  4
9    0.929786
10    0.89505
17    1.18253
39    0.736567
7 12.861  6
9    1.13764
10    1.1139
17    1.07642
19    1.23793
109    0.844218
144    1.22776
8 10.6816  3
10    0.823582
18    0.968917
41    1.19074
9 13.565  3
10    0.737629
37    1.12315
38    0.924787
10 12.9809  6
11    0.820853
17    1.02187
19    0.767788
37    0.848979
42    1.29002
124    1.28509
11 11.0732  7
12    1.09536
13    0.79172
14    1.00021
15    1.08104
16    0.744972
19    1.2573
145    0.867766
12 14.8437  5
19    0.978841
34    1.2139
40    0.995706
41    1.10321
198    0.817374
13 7.15613  4
17    0.975948
18    0.761946
125    1.06421
146    0.851067
14 12.0525  2
17    1.0018
42    0.878954
15 8.04147  1
19    1.23199
16 14.9438  5
17    1.08624
18    0.780917
39    0.710987
41    0.754585
113    0.834733
17 7.48299  4
19    1.01125
37    0.779653
38    0.834733
41    0.85006
18 13.1201  2
19    1.11709
37    0.829368
19 11.5276  10
20    0.922059
21    0.825834
22    1.11162
23    0.844823
24    1.17364
25    1.04736
37    0.882488
40    1.06633
77    1.127
88    1.02187
20 6.32756  2
40    1.0929
41    1.08398
21 9.34675  10
26    1.23501
27    1.24779
28    1.28953
29    0.825779
30    1.11143
31    0.844218
32    1.17166
33    1.0409
37    1.1872
42    1.06421
22 9.20606  2
38    1.14068
109    1.2139
23 8.74645  2
35    1.17885
36    1.06439
24 7.24555  3
39    0.700018
42    0.811313
76    0.852293
25 12.3446  2
37    1.29663
39    0.883532
26 8.99548  2
38    0.952364
42    0.827409
27 8.05887  2
37    1.09166
41    1.29696
28 5.00031  2
42    1.28509
198    0.995706
29 5.01251  2
37    0.960805
146    1.19402
30 5.05249  3
39    0.700751
65    1.04639
105    1.11162
31 5.18311  2
39    0.703149
104    1.2573
32 5.60945  2
40    0.974081
110    0.829368
33 7.00171  4
106    1.17364
107    1.04736
108    1.23501
175    1.2573
34 11.5484  2
37    1.29062
39    0.939729
35 6.39531  1
103    1.11709
36 9.56801  3
109    1.28953
145    1.25574
175    1.23199
37 9.92843  9
67    0.715455
68    0.751161
69    0.867766
70    1.24855
71    1.29198
72    0.833799
73    1.13764
74    0.929786
110    0.882488
38 11.1055  3
88    0.798349
105    0.825834
113    1.14068
39 14.9493  4
40    0.783718
77    1.19803
124    0.811313
144    1.17334
40 7.50099  4
156    0.79172
157    1.00021
158    1.08104
159    0.744972
41 13.179  10
55    1.18865
56    1.09638
57    0.795071
58    1.01116
59    1.1168
60    0.861742
61    1.22888
62    1.22776
109    1.0409
113    0.700751
42 11.7202  9
43    1.11676
44    0.861632
45    1.22851
46    1.22657
47    1.22022
48    1.19947
49    1.13172
50    0.910486
51    0.78804
43 6.95624  1
207    0
44 11.3997  1
109    1.17885
45 5.90976  2
109    1.17166
113    0.883532
46 7.98257  3
63    1.22412
64    1.21222
66    1.25574
47 14.7516  2
105    0.844823
145    1.13764
48 6.85522  2
75    0.851067
197    0.883532
49 11.0701  3
76    1.19402
125    0.827409
144    1.22412
50 14.8337  3
52    0.988198
53    1.04181
54    1.2169
51 7.12348  3
111    0.779653
112    0.960805
113    0.700018
52 11.946  3
66    1.23745
85    0.744972
113    0.710987
53 7.69387  7
90    0.975948
91    1.0018
92    1.08624
93    0.761946
94    0.902997
95    0.763576
109    1.11143
54 13.8086  1
113    0.703149
55 13.7762  1
196    0.779653
56 13.6703  7
78    0.823582
79    1.10427
80    0.820853
81    1.09536
82    0.79172
83    1.00021
84    1.08104
57 13.3245  3
86    1.18253
87    1.07642
198    1.19074
58 12.1953  1
110    1.09166
59 8.5081  2
105    0.922059
160    0.729902
60 6.46733  1
65    1.23185
61 9.80331  2
88    0.729902
198    1.06633
62 10.6969  2
77    0.89505
143    1.22888
63 13.6151  3
104    1.23793
109    1.06439
145    0.833799
64 13.1442  1
207    0
65 11.6063  1
207    0
66 6.58452  4
99    0.965877
100    0.968917
101    0.978841
102    1.01125
67 10.186  1
89    1.15177
68 11.9466  3
76    1.1139
197    0.939729
198    1.08398
69 7.6957  1
197    1.0929
70 13.8147  4
85    0.847551
103    1.23199
175    1.11709
197    0.820103
71 13.796  1
113    0.924787
72 13.7353  1
197    0.700751
73 13.5369  1
175    0.720545
74 12.889  1
207    0
75 10.7732  1
77    0.737629
76 13.8641  2
110    1.29663
144    1.23185
77 13.9575  1
110    0.848979
78 14.2624  1
207    0
79 5.25758  2
113    0.952364
196    1.14068
80 5.85269  3
165    1.08624
166    0.761946
167    0.902997
81 7.79611  1
110    1.12315
82 14.1424  2
109    1.24779
113    0.939729
83 14.8663  1
105    0.767788
84 7.22999  1
124    1.08398
85 12.2939  1
109    0.825779
86 8.82977  1
207    0
87 7.51778  5
161    1.02187
162    1.15177
163    0.975948
164    1.0018
198    0.783718
88 13.2336  10
176    0.922059
177    0.825834
178    1.11162
179    0.844823
180    1.17364
181    1.04736
182    1.23501
183    1.24779
184    1.28953
196    1.29663
89 11.8984  1
207    0
90 7.53822  2
125    1.29002
185    0.825779
91 13.3004  1
197    0.736567
92 12.1166  1
103    0.862694
93 8.25083  3
104    0.720545
145    1.29198
197    0.710987
94 5.62716  1
124    0.878954
95 7.05969  3
96    0.908307
97    0.780917
98    0.964943
96 11.7379  1
207    0
97 7.01422  2
110    1.1872
198    1.29696
98 11.5893  10
114    0.736567
115    0.820103
116    1.0929
117    0.783718
118    0.974081
119    0.995706
120    1.06633
121    1.29696
122    0.85006
123    1.19074
99 6.52867  3
124    0.817374
143    0.861742
185    1.11143
100 10.0035  1
207    0
101 11.3506  1
160    0.798349
102 5.74953  1
145    0.751161
103 7.45918  1
144    1.23745
104 13.0422  1
196    0.952364
105 11.2737  1
207    0
106 5.49837  2
110    1.29062
144    1.21222
107 6.63915  1
196    1.09166
108 10.3645  1
207    0
109 12.5295  1
207    0
110 9.59914  9
147    0.852293
148    1.19803
149    1.127
150    0.89505
151    0.737629
152    0.823582
153    1.10427
154    0.820853
155    1.09536
111 10.0301  1
146    1.1139
112 11.4373  1
124    0.754585
113 6.03244  1
207    0
114 8.38328  8
199    0.754585
200    0.878954
201    1.28509
202    0.811313
203    1.06421
204    1.29002
205    0.827409
206    1.11676
115 6.0596  3
175    1.01125
196    0.924787
198    0.974081
116 8.47179  1
160    0.847551
117 6.34861  1
175    1.23793
118 9.41572  1
207    0
119 9.43129  1
207    0
120 9.48195  10
126    1.11676
127    0.861632
128    1.22851
129    1.22657
130    1.22022
131    1.19947
132    1.13172
133    0.910486
134    0.78804
135    0.988198
121 9.64736  1
207    0
122 10.1875  1
207    0
123 11.9515  1
175    0.767788
124 7.71157  1
207    0
125 13.8665  10
186    0.844218
187    1.17166
188    1.0409
189    1.2139
190    1.17885
191    1.06439
192    1.29062
193    0.829368
194    1.12315
195    0.882488
126 13.9654  1
207    0
127 14.2883  1
207    0
128 5.34242  1
207    0
129 6.1298  1
207    0
130 8.70098  1
207    0
131 7.09723  1
207    0
132 11.8603  1
207    0
133 7.41371  1
196    0.848979
134 12.8939  7
136    1.04181
137    1.2169
138    1.18865
139    1.09638
140    0.795071
141    1.01116
142    1.1168
135 10.7894  1
207    0
136 13.9169  1
207    0
137 14.1299  1
207    0
138 14.8254  1
207    0
139 7.09632  1
145    1.24855
140 11.8572  1
207    0
141 7.40364  1
207    0
142 12.861  1
207    0
143 10.6816  1
207    0
144 13.565  1
207    0
145 12.9809  1
160    1.07642
146 11.0732  1
207    0
147 14.8437  1
207    0
148 7.15613  1
198    1.10321
149 12.0525  1
197    0.700018
150 8.04147  1
207    0
151 14.9438  1
207    0
152 7.48299  1
196    0.960805
153 13.1201  1
160    1.18253
154 11.5276  1
207    0
155 6.32756  1
207    0
156 9.34675  1
207    0
157 9.20606  1
207    0
158 8.74645  1
207    0
159 7.24555  1
196    0.834733
160 12.3446  1
207    0
161 8.99548  1
207    0
162 8.05887  1
207    0
163 5.00031  1
207    0
164 5.01251  1
207    0
165 5.05249  7
168    0.763576
169    0.908307
170    0.780917
171    0.964943
172    0.965877
173    0.968917
174    0.978841
166 5.18311  1
207    0
167 5.60945  1
207    0
168 7.00171  1
207    0
169 11.5484  1
196    1.1872
170 6.39531  1
207    0
171 9.56801  1
207    0
172 9.92843  1
207    0
173 11.1055  1
207    0
174 14.9493  1
207    0
175 7.50099  1
207    0
176 13.179  1
197    0.703149
177 11.7202  1
207    0
178 6.95624  1
198    0.85006
179 11.3997  1
207    0
180 5.90976  1
207    0
181 7.98257  1
207    0
182 14.7516  1
207    0
183 6.85522  1
207    0
184 11.0701  1
207    0
185 14.8337  1
207    0
186 7.12348  1
207    0
187 11.946  1
207    0
188 7.69387  1
207    0
189 13.8086  1
207    0
190 13.7762  1
207    0
191 13.6703  1
207    0
192 13.3245  1
207    0
193 12.1953  1
207    0
194 8.5081  1
207    0
195 6.46733  1
207    0
196 9.80331  1
207    0
197 10.6969  1
207    0
198 13.6151  1
207    0
199 13.1442  1
207    0
200 11.6063  1
207    0
201 6.58452  1
207    0
202 10.186  1
207    0
203 11.9466  1
207    0
204 7.6957  1
207    0
205 13.8147  1
207    0
206 13.796  1
207    0
207 0  0
