91
0 14.2883  2
1    1.24855
12    1.00021
1 5.34242  6
2    1.29198
3    0.833799
4    1.13764
5    0.929786
6    0.851067
11    1.10427
2 6.1298  2
11    1.127
12    1.08104
3 8.70098  2
21    0.780917
72    0.811313
4 7.09723  1
21    0.761946
5 11.8603  5
11    0.737629
12    0.820853
21    0.908307
37    1.23501
38    1.28953
6 7.41371  5
7    1.19402
8    1.1139
9    0.852293
10    1.19803
70    0.85006
7 12.8939  4
11    0.89505
12    1.09536
72    0.827409
81    1.01116
8 10.7894  2
12    0.79172
83    1.22776
9 13.9169  3
11    0.823582
12    0.847551
72    1.29002
10 14.1299  10
13    1.18253
14    1.07642
15    0.729902
16    0.798349
17    1.02187
18    1.15177
19    0.975948
20    1.0018
70    0.995706
72    1.11676
11 14.8254  4
12    0.744972
21    0.763576
38    1.24779
84    1.23185
12 7.09632  3
22    0.968917
23    0.978841
70    1.06633
13 11.8572  7
63    0.700018
64    0.700751
65    0.703149
66    0.710987
67    0.736567
68    0.820103
69    1.0929
14 7.40364  1
21    0.965877
15 12.861  1
21    1.08624
16 10.6816  4
24    1.01125
25    1.11709
26    0.862694
70    1.10321
17 13.565  2
72    0.878954
82    1.1168
18 12.9809  2
37    1.04736
85    0.715455
19 11.0732  3
21    0.964943
73    1.22022
83    1.22888
20 14.8437  2
21    0.902997
73    1.13172
21 7.15613  3
70    1.29696
72    1.28509
84    1.21222
22 12.0525  10
27    1.23199
28    1.23793
29    1.2573
30    0.720545
31    0.767788
32    0.922059
33    0.825834
34    1.11162
35    0.844823
36    1.17364
23 8.04147  1
90    0
24 14.9438  7
39    0.825779
40    1.11143
41    0.844218
42    1.17166
43    1.0409
44    1.2139
45    1.17885
25 7.48299  1
90    0
26 13.1201  3
70    0.783718
72    1.22851
84    1.04639
27 11.5276  9
46    1.06439
47    1.29062
48    0.829368
49    1.12315
50    0.882488
51    1.29663
52    0.848979
53    1.1872
54    1.09166
28 6.32756  1
71    0.817374
29 9.34675  1
90    0
30 9.20606  1
90    0
31 8.74645  1
90    0
32 7.24555  1
90    0
33 12.3446  1
83    1.22412
34 8.99548  1
90    0
35 8.05887  1
90    0
36 5.00031  1
90    0
37 5.01251  1
90    0
38 5.05249  1
90    0
39 5.18311  1
84    1.23745
40 5.60945  1
90    0
41 7.00171  3
55    0.779653
56    0.960805
57    0.952364
42 11.5484  1
70    0.974081
43 6.39531  1
90    0
44 9.56801  1
72    1.06421
45 9.92843  1
90    0
46 11.1055  1
90    0
47 14.9493  1
82    0.861742
48 7.50099  1
70    1.19074
49 13.179  1
90    0
50 11.7202  1
90    0
51 6.95624  1
73    1.22657
52 11.3997  1
90    0
53 5.90976  5
58    0.924787
59    0.834733
60    1.14068
61    0.939729
62    0.883532
54 7.98257  1
90    0
55 14.7516  1
90    0
56 6.85522  1
90    0
57 11.0701  2
71    1.08398
73    1.19947
58 14.8337  1
90    0
59 7.12348  1
71    0.754585
60 11.946  1
81    0.795071
61 7.69387  1
90    0
62 13.8086  1
90    0
63 13.7762  1
90    0
64 13.6703  1
90    0
65 13.3245  1
90    0
66 12.1953  1
90    0
67 8.5081  7
74    0.910486
75    0.78804
76    0.988198
77    1.04181
78    1.2169
79    1.18865
80    1.09638
68 6.46733  1
72    0.861632
69 9.80331  1
90    0
70 10.6969  1
84    1.17334
71 13.6151  1
90    0
72 13.1442  1
90    0
73 11.6063  1
90    0
74 6.58452  1
90    0
75 10.186  1
84    1.25574
76 11.9466  1
90    0
77 7.6957  1
90    0
78 13.8147  1
90    0
79 13.796  1
90    0
80 13.7353  1
90    0
81 13.5369  1
90    0
82 12.889  1
90    0
83 10.7732  1
90    0
84 13.8641  4
86    0.751161
87    0.867766
88    1.24855
89    1.29198
85 13.9575  1
90    0
86 14.2624  1
90    0
87 5.25758  1
90    0
88 5.85269  1
90    0
89 7.79611  1
90    0
90 0  0
