48
0 12.2939  8
1    11.1162
2    8.44823
3    11.7364
4    10.4736
5    12.3501
6    12.478
7    12.8953
8    8.25779
1 8.82977  1
47    0
2 7.51778  1
22    11.872
3 13.2336  2
22    9.60805
23    9.52364
4 11.8984  1
47    0
5 7.53822  1
47    0
6 13.3004  10
14    11.7885
15    10.6439
16    12.9062
17    8.29368
18    11.2315
19    8.82488
20    12.9663
21    8.48979
22    7.79653
23    8.34733
7 12.1166  1
23    9.24787
8 8.25083  1
9    11.1143
9 5.62716  6
10    8.44218
11    11.7166
12    10.409
13    12.139
22    10.9166
28    7.10987
10 7.05969  3
23    11.4068
28    7.0315
29    10.929
11 11.7379  4
24    9.39729
25    8.83532
26    7.00018
27    7.00751
12 7.01422  1
28    8.20103
13 11.5893  1
47    0
14 6.52867  1
47    0
15 10.0035  1
29    9.74081
16 11.3506  1
47    0
17 5.74953  1
47    0
18 7.45918  1
47    0
19 13.0422  1
47    0
20 11.2737  1
47    0
21 5.49837  1
28    7.36567
22 6.63915  1
47    0
23 10.3645  1
47    0
24 12.5295  1
29    7.83718
25 9.59914  1
47    0
26 10.0301  9
30    9.95706
31    10.6633
32    12.9696
33    8.5006
34    11.9074
35    11.0321
36    8.17374
37    10.8398
38    7.54585
27 11.4373  1
47    0
28 6.03244  1
47    0
29 8.38328  1
47    0
30 6.0596  1
47    0
31 8.47179  8
39    8.78954
40    12.8509
41    8.11313
42    10.6421
43    12.9002
44    8.27409
45    11.1676
46    8.61632
32 6.34861  1
47    0
33 9.41572  1
47    0
34 9.43129  1
47    0
35 9.48195  1
47    0
36 9.64736  1
47    0
37 10.1875  1
47    0
38 11.9515  1
47    0
39 7.71157  1
47    0
40 13.8665  1
47    0
41 13.9654  1
47    0
42 14.2883  1
47    0
43 5.34242  1
47    0
44 6.1298  1
47    0
45 8.70098  1
47    0
46 7.09723  1
47    0
47 0  0
