119
0 14.2883  8
1    48.7974
2    50.0902
3    54.3118
4    38.0973
5    45.1498
6    38.1788
7    45.4154
24    52.3681
1 5.34242  2
18    62.8649
74    60.6108
2 6.1298  3
43    35.0375
52    55.1605
100    59.1267
3 8.70098  6
13    50.5626
14    55.8545
15    43.1347
16    61.5996
17    61.8963
24    61.7507
4 7.09723  6
8    39.0458
9    48.2472
10    48.2939
11    48.4458
12    48.9421
114    41.4684
5 11.8603  9
25    58.5829
26    52.0449
27    60.6951
28    58.9427
29    53.2196
30    64.5312
31    41.4684
32    56.1576
33    44.1244
6 7.41371  2
72    61.444
73    61.3881
7 12.8939  2
43    35.1575
60    61.3286
8 10.7894  3
24    42.2411
43    46.9865
61    45.5243
9 13.9169  1
118    0
10 14.1299  1
24    41.2889
11 14.8254  3
24    62.3898
101    48.7974
105    42.2411
12 7.09632  3
24    58.6818
101    38.1788
114    53.2196
13 11.8572  6
19    36.0273
20    38.3894
21    46.1029
22    41.2917
24    64.4763
105    61.7507
14 7.40364  2
23    55.5808
52    54.1992
15 12.861  1
118    0
16 10.6816  1
74    61.2059
17 13.565  1
102    48.2939
18 12.9809  2
43    35.0009
105    52.3681
19 11.0732  1
24    42.2109
20 14.8437  3
34    64.8315
35    42.449
36    59.3602
21 7.15613  1
118    0
22 12.0525  4
24    55.5716
43    57.0338
105    58.6818
114    64.5312
23 8.04147  6
37    54.5828
38    38.9827
39    48.0403
40    47.6182
41    46.2394
42    41.7367
24 14.9438  2
100    53.8211
102    48.4458
25 7.48299  7
44    36.8284
45    41.0051
46    54.6451
47    39.1859
48    48.704
49    49.7853
50    53.3166
26 13.1201  10
62    39.402
63    49.4099
64    52.0907
65    60.8452
66    59.4325
67    54.819
68    39.7536
69    50.558
70    55.8399
71    43.0871
27 11.5276  1
102    48.9421
28 6.32756  1
118    0
29 9.34675  1
118    0
30 9.20606  3
53    37.7293
54    43.9477
55    64.2547
31 8.74645  1
43    44.1766
32 7.24555  1
60    61.4257
33 12.3446  2
43    35.5493
103    43.1347
34 8.99548  2
60    61.0109
103    61.8963
35 8.05887  1
118    0
36 5.00031  1
101    51.0936
37 5.01251  1
118    0
38 5.05249  3
60    55.838
61    59.9736
74    52.3196
39 5.18311  2
52    40.8687
102    48.2472
40 5.60945  3
115    42.449
116    59.3602
117    54.5828
41 7.00171  1
118    0
42 11.5484  1
118    0
43 6.39531  1
118    0
44 9.56801  1
118    0
45 9.92843  1
118    0
46 11.1055  2
51    42.503
52    59.5369
47 14.9493  1
118    0
48 7.50099  1
118    0
49 13.179  3
51    64.848
74    61.8725
114    44.1244
50 11.7202  1
118    0
51 6.95624  2
59    41.3704
60    43.0816
52 11.3997  1
118    0
53 5.90976  1
74    62.7871
54 7.98257  2
104    62.8649
105    55.5808
55 14.7516  3
56    40.5657
57    53.2104
58    64.501
56 6.85522  1
61    56.586
57 11.0701  1
118    0
58 14.8337  1
118    0
59 7.12348  1
74    58.6671
60 11.946  1
101    38.0973
61 7.69387  1
118    0
62 13.8086  1
74    61.5923
63 13.7762  1
101    54.3118
64 13.6703  1
118    0
65 13.3245  1
118    0
66 12.1953  1
114    58.9427
67 8.5081  1
118    0
68 6.46733  8
75    35.7727
76    37.5581
77    43.3883
78    62.4273
79    64.599
80    41.69
81    56.8818
82    46.4893
69 9.80331  1
118    0
70 10.6969  1
118    0
71 13.6151  1
118    0
72 13.1442  8
106    62.3898
107    64.4763
108    41.2889
109    55.5716
110    42.2109
111    58.5829
112    52.0449
113    60.6951
73 11.6063  1
101    50.0902
74 6.58452  1
102    45.4154
75 10.186  1
118    0
76 11.9466  1
118    0
77 7.6957  2
100    39.9174
105    41.2917
78 13.8147  1
103    55.8545
79 13.796  1
118    0
80 13.7353  1
118    0
81 13.5369  10
90    36.8815
91    41.1791
92    55.2136
93    41.0427
94    54.7678
95    39.586
96    50.0105
97    54.0518
98    37.2486
99    42.3775
82 12.889  7
83    42.5533
84    59.7008
85    55.6952
86    42.6147
87    59.9013
88    56.3498
89    44.7525
83 10.7732  1
118    0
84 13.8641  1
105    46.1029
85 13.9575  1
118    0
86 14.2624  1
103    50.5626
87 5.25758  1
102    39.0458
88 5.85269  1
118    0
89 7.79611  1
118    0
90 14.1424  3
100    36.4951
103    61.5996
105    36.0273
91 14.8663  2
101    45.1498
114    64.8315
92 7.22999  1
118    0
93 12.2939  1
118    0
94 8.82977  1
101    57.5886
95 7.51778  1
118    0
96 13.2336  1
118    0
97 11.8984  1
118    0
98 7.53822  1
118    0
99 13.3004  1
118    0
100 12.1166  1
118    0
101 8.25083  1
105    38.3894
102 5.62716  1
118    0
103 7.05969  1
118    0
104 11.7379  1
118    0
105 7.01422  1
118    0
106 11.5893  1
114    56.1576
107 6.52867  1
118    0
108 10.0035  1
118    0
109 11.3506  1
118    0
110 5.74953  1
118    0
111 7.45918  1
118    0
112 13.0422  1
118    0
113 11.2737  1
118    0
114 5.49837  1
118    0
115 6.63915  1
118    0
116 10.3645  1
118    0
117 12.5295  1
118    0
118 0  0
