45
0 7.09632  2
1    40.5657
8    61.0109
1 11.8572  4
2    53.2104
3    64.501
4    41.3704
5    55.838
2 7.40364  1
8    59.9736
3 12.861  5
9    56.586
10    45.5243
11    39.402
12    49.4099
13    39.7536
4 10.6816  1
13    52.0907
5 13.565  3
6    43.0816
7    61.4257
13    60.8452
6 12.9809  1
8    61.3286
7 11.0732  6
14    50.558
15    55.8399
16    43.0871
17    61.444
18    61.3881
19    61.2059
8 14.8437  1
44    0
9 7.15613  1
13    59.4325
10 12.0525  8
20    60.6108
21    58.6671
22    52.3196
23    61.5923
24    61.8725
25    62.7871
26    35.7727
27    37.5581
11 8.04147  1
13    54.819
12 14.9438  1
44    0
13 7.48299  1
44    0
14 13.1201  1
44    0
15 11.5276  1
44    0
16 6.32756  1
44    0
17 9.34675  1
44    0
18 9.20606  1
44    0
19 8.74645  6
28    43.3883
29    62.4273
30    64.599
31    41.69
32    56.8818
33    46.4893
20 7.24555  1
44    0
21 12.3446  1
44    0
22 8.99548  1
44    0
23 8.05887  1
44    0
24 5.00031  1
44    0
25 5.01251  1
44    0
26 5.05249  1
44    0
27 5.18311  10
34    42.5533
35    59.7008
36    55.6952
37    42.6147
38    59.9013
39    56.3498
40    44.7525
41    36.8815
42    41.1791
43    55.2136
28 5.60945  1
44    0
29 7.00171  1
44    0
30 11.5484  1
44    0
31 6.39531  1
44    0
32 9.56801  1
44    0
33 9.92843  1
44    0
34 11.1055  1
44    0
35 14.9493  1
44    0
36 7.50099  1
44    0
37 13.179  1
44    0
38 11.7202  1
44    0
39 6.95624  1
44    0
40 11.3997  1
44    0
41 5.90976  1
44    0
42 7.98257  1
44    0
43 14.7516  1
44    0
44 0  0
