164
0 8.25083  5
1    4.89421
25    6.48315
30    4.2503
88    4.14684
98    5.51605
1 5.62716  7
2    5.05626
3    5.58545
4    4.31347
5    6.15996
29    6.4848
49    4.25533
78    4.12917
2 7.05969  8
8    3.60273
9    3.83894
10    4.61029
11    4.12917
26    4.62394
27    3.68284
30    5.41992
38    4.55243
3 11.7379  4
7    6.28649
27    4.10051
49    4.169
78    4.22411
4 7.01422  4
6    6.18963
26    4.80403
30    5.51605
88    4.41244
5 11.5893  3
30    6.42547
38    5.6586
47    5.23196
6 6.52867  10
12    5.55808
13    4.22411
14    5.86818
15    5.23681
16    6.17507
17    6.23898
18    6.44763
25    4.14684
27    3.50009
49    5.68818
7 10.0035  3
25    5.45828
30    4.08687
88    5.32196
8 11.3506  1
48    4.33883
9 5.74953  8
20    5.55716
21    4.22109
22    5.85829
23    5.20449
24    6.06951
25    5.61576
38    4.94099
92    3.50009
10 7.45918  9
100    6.42547
101    4.05657
102    5.32104
103    6.4501
104    4.13704
105    5.5838
106    4.30816
107    6.14257
108    6.13286
11 13.0422  4
25    5.32196
28    4.8704
29    5.33166
38    5.94325
12 11.2737  2
38    5.99736
98    6.4848
13 5.49837  6
27    4.41766
28    3.91859
30    3.77293
77    6.28649
98    5.41992
137    5.63498
14 6.63915  2
25    5.89427
27    5.70338
15 10.3645  3
19    4.12889
49    6.4599
77    6.18963
16 12.5295  6
25    4.2449
30    5.32104
38    5.20907
48    6.24273
49    5.99013
153    5.86818
17 9.59914  2
27    3.50375
153    4.22109
18 10.0301  4
25    4.41244
26    3.89827
27    3.51575
30    5.95369
19 11.4373  4
26    4.76182
27    4.69865
78    5.86818
89    5.93602
20 6.03244  2
47    6.15923
92    4.41766
21 8.38328  3
27    4.17367
49    5.97008
153    5.23681
22 6.0596  4
25    6.45312
28    5.46451
59    5.10936
114    4.94099
23 8.47179  5
29    4.97853
30    4.05657
48    3.57727
49    5.56952
138    4.23775
24 6.34861  1
25    5.93602
25 9.41572  2
30    4.39477
48    3.75581
26 9.43129  4
27    3.55493
57    3.72486
114    5.58399
137    4.11791
27 9.48195  6
31    6.4501
32    4.13704
33    5.5838
34    4.30816
35    6.14257
146    5.58545
28 9.64736  3
48    6.27871
77    3.83894
114    5.94325
29 10.1875  2
49    4.64893
57    3.64951
30 11.9515  5
38    3.9402
47    5.86671
49    4.26147
57    5.38211
89    5.45828
31 7.71157  6
50    4.47525
51    3.68815
52    4.11791
53    5.52136
54    4.10427
146    4.82472
32 13.8665  3
36    6.13286
37    6.10109
48    6.18725
33 13.9654  2
77    4.61029
99    4.39477
34 14.2883  3
38    6.08452
57    5.91267
88    6.48315
35 5.34242  2
38    5.4819
86    5.85829
36 6.1298  9
60    5.75886
61    4.87974
62    5.00902
63    5.43118
64    3.80973
65    4.51498
66    3.81788
98    4.08687
146    4.84458
37 8.70098  7
115    6.1444
116    6.13881
117    6.12059
118    6.06108
119    5.86671
120    5.23196
121    6.15923
38 7.09723  3
39    3.97536
40    5.0558
98    3.91859
39 11.8603  9
41    5.58399
42    4.30871
43    6.1444
44    6.13881
45    6.12059
46    6.06108
49    5.63498
57    5.40518
137    4.10427
40 7.41371  1
163    0
41 12.8939  1
153    4.22411
42 10.7894  3
58    3.99174
78    5.55808
88    5.89427
43 13.9169  2
84    5.55716
85    4.22109
44 14.1299  7
122    6.18725
123    6.27871
124    3.57727
125    3.75581
126    4.33883
127    6.24273
137    5.52136
45 14.8254  1
98    5.33166
46 7.09632  5
79    5.23681
80    6.17507
81    6.23898
82    6.44763
83    4.12889
47 11.8572  3
90    3.89827
91    4.80403
92    5.70338
48 7.40364  1
163    0
49 12.861  3
114    5.0558
137    4.47525
138    3.64951
50 10.6816  4
55    5.47678
56    3.9586
57    4.23775
114    3.97536
51 13.565  10
67    4.54154
68    3.90458
69    4.82472
70    4.82939
71    4.84458
72    4.89421
73    5.05626
74    5.58545
75    4.31347
76    6.15996
52 12.9809  1
163    0
53 11.0732  1
163    0
54 14.8437  6
147    6.18963
148    6.28649
149    3.60273
150    3.83894
151    4.61029
152    4.12917
55 7.15613  1
57    5.00105
56 12.0525  1
163    0
57 8.04147  3
86    5.20449
92    4.69865
137    5.00105
58 14.9438  1
98    4.2503
59 7.48299  3
89    4.2449
92    4.76182
98    4.97853
60 13.1201  1
163    0
61 11.5276  1
92    4.62394
62 6.32756  1
163    0
63 9.34675  1
163    0
64 9.20606  1
92    4.17367
65 8.74645  1
163    0
66 7.24555  1
77    3.60273
67 12.3446  1
163    0
68 8.99548  5
109    6.10109
110    5.99736
111    5.6586
112    4.55243
113    3.9402
69 8.05887  5
93    3.51575
94    3.55493
95    3.68284
96    4.10051
97    5.46451
70 5.00031  1
153    6.23898
71 5.01251  1
163    0
72 5.05249  5
154    5.85829
155    5.20449
156    6.06951
157    5.89427
158    5.32196
73 5.18311  1
163    0
74 5.60945  1
163    0
75 7.00171  1
88    5.61576
76 11.5484  1
98    4.8704
77 6.39531  1
163    0
78 9.56801  1
163    0
79 9.92843  10
128    6.4599
129    4.169
130    5.68818
131    4.64893
132    4.25533
133    5.97008
134    5.56952
135    4.26147
136    5.99013
153    6.17507
80 11.1055  1
163    0
81 14.9493  1
163    0
82 7.50099  2
87    6.06951
153    5.55808
83 13.179  1
163    0
84 11.7202  2
138    3.99174
146    4.31347
85 6.95624  1
88    6.45312
86 11.3997  1
163    0
87 5.90976  1
163    0
88 7.98257  1
92    3.50375
89 14.7516  1
138    5.10936
90 6.85522  1
114    6.08452
91 11.0701  1
163    0
92 14.8337  1
163    0
93 7.12348  1
163    0
94 11.946  1
98    5.95369
95 7.69387  1
163    0
96 13.8086  1
146    5.05626
97 13.7762  1
146    4.82939
98 13.6703  1
99    3.77293
99 13.3245  1
163    0
100 12.1953  2
138    5.91267
146    6.15996
101 8.5081  1
163    0
102 6.46733  1
163    0
103 9.80331  1
114    5.20907
104 10.6969  1
163    0
105 13.6151  2
137    5.47678
146    4.89421
106 13.1442  1
163    0
107 11.6063  2
137    3.9586
138    3.72486
108 6.58452  1
114    5.4819
109 10.186  1
163    0
110 11.9466  1
163    0
111 7.6957  1
163    0
112 13.8147  1
163    0
113 13.796  1
114    4.30871
114 13.7353  1
163    0
115 13.5369  1
163    0
116 12.889  1
163    0
117 10.7732  1
163    0
118 13.8641  1
163    0
119 13.9575  1
163    0
120 14.2624  1
163    0
121 5.25758  1
163    0
122 5.85269  1
138    5.40518
123 7.79611  1
163    0
124 14.1424  1
163    0
125 14.8663  1
163    0
126 7.22999  1
163    0
127 12.2939  1
138    5.38211
128 8.82977  1
163    0
129 7.51778  1
163    0
130 13.2336  7
139    5.75886
140    4.87974
141    5.00902
142    5.43118
143    3.80973
144    4.51498
145    3.81788
131 11.8984  2
146    4.54154
153    4.12889
132 7.53822  1
163    0
133 13.3004  1
153    6.44763
134 12.1166  1
137    3.68815
135 8.25083  1
163    0
136 5.62716  1
153    5.55716
137 7.05969  1
163    0
138 11.7379  1
163    0
139 7.01422  1
163    0
140 11.5893  1
163    0
141 6.52867  1
163    0
142 10.0035  1
163    0
143 11.3506  1
163    0
144 5.74953  1
163    0
145 7.45918  1
146    3.90458
146 13.0422  1
163    0
147 11.2737  1
163    0
148 5.49837  1
163    0
149 6.63915  1
163    0
150 10.3645  1
163    0
151 12.5295  1
163    0
152 9.59914  1
163    0
153 10.0301  1
163    0
154 11.4373  1
163    0
155 6.03244  4
159    6.45312
160    4.14684
161    5.61576
162    4.41244
156 8.38328  1
163    0
157 6.0596  1
163    0
158 8.47179  1
163    0
159 6.34861  1
163    0
160 9.41572  1
163    0
161 9.43129  1
163    0
162 9.48195  1
163    0
163 0  0
