118
0 7.71157  5
1    36.4951
9    38.1788
10    48.2472
74    42.6147
110    38.9827
1 13.8665  4
2    39.9174
3    51.0936
10    45.4154
33    44.1766
2 13.9654  3
3    57.5886
21    62.3898
84    38.0973
3 14.2883  9
4    48.7974
5    50.0902
6    54.3118
7    38.0973
8    45.1498
10    48.2939
19    38.3894
20    58.6818
76    41.0427
4 5.34242  2
20    42.2411
112    44.1766
5 6.1298  4
10    39.0458
19    36.0273
21    58.5829
33    46.9865
6 8.70098  9
11    48.4458
12    48.9421
13    50.5626
14    55.8545
15    43.1347
16    61.5996
17    61.8963
18    62.8649
26    59.3602
7 7.09723  3
21    60.6951
54    55.838
69    37.5581
8 11.8603  4
20    52.3681
26    44.1244
54    61.4257
62    61.444
9 7.41371  2
21    58.9427
62    61.3881
10 12.8939  4
21    42.2109
26    64.8315
69    43.3883
76    54.0518
11 10.7894  1
26    54.5828
12 13.9169  5
20    46.1029
21    64.4763
33    35.0375
76    50.0105
84    38.1788
13 14.1299  2
21    41.2889
110    48.0403
14 14.8254  1
21    55.5716
15 7.09632  1
33    35.0009
16 11.8572  2
20    55.5808
21    52.0449
17 7.40364  1
117    0
18 12.861  4
20    41.2917
21    61.7507
84    39.0458
95    55.5808
19 10.6816  9
22    53.2196
23    64.5312
24    41.4684
25    56.1576
33    35.5493
62    39.7536
84    50.0902
96    52.3681
111    47.6182
20 13.565  2
74    56.3498
110    44.1244
21 12.9809  2
26    42.449
95    41.2917
22 11.0732  1
75    55.2136
23 14.8437  7
27    38.9827
28    48.0403
29    47.6182
30    46.2394
31    41.7367
32    57.0338
54    61.0109
24 7.15613  7
34    36.8284
35    41.0051
36    54.6451
37    39.1859
38    48.704
39    49.7853
96    61.7507
25 12.0525  1
117    0
26 8.04147  1
117    0
27 14.9438  5
91    43.1347
92    61.5996
93    61.8963
94    62.8649
95    36.0273
28 7.48299  1
117    0
29 13.1201  1
112    35.0375
30 11.5276  2
33    35.1575
110    42.449
31 6.32756  1
117    0
32 9.34675  2
69    62.7871
76    39.586
33 9.20606  1
84    45.1498
34 8.74645  5
70    41.69
71    56.8818
72    46.4893
73    42.5533
110    54.5828
35 7.24555  1
117    0
36 12.3446  10
40    53.3166
41    64.848
42    42.503
43    59.5369
44    55.1605
45    40.8687
46    54.1992
47    37.7293
54    43.0816
95    38.3894
37 8.99548  1
112    41.7367
38 8.05887  7
103    52.0449
104    60.6951
105    58.9427
106    53.2196
107    64.5312
108    41.4684
109    56.1576
39 5.00031  8
63    61.2059
64    60.6108
65    58.6671
66    52.3196
67    61.5923
68    61.8725
69    62.4273
74    55.6952
40 5.01251  1
117    0
41 5.05249  8
48    43.9477
49    64.2547
50    40.5657
51    53.2104
52    64.501
53    41.3704
84    45.4154
112    46.2394
42 5.18311  1
110    59.3602
43 5.60945  2
54    61.3286
96    58.6818
44 7.00171  1
117    0
45 11.5484  2
75    41.1791
96    42.2411
46 6.39531  2
54    56.586
62    50.558
47 9.56801  1
117    0
48 9.92843  1
117    0
49 11.1055  1
112    35.1575
50 14.9493  4
113    36.8284
114    41.0051
115    54.6451
116    39.1859
51 7.50099  1
74    59.7008
52 13.179  7
55    45.5243
56    39.402
57    49.4099
58    52.0907
59    60.8452
60    59.4325
61    54.819
53 11.7202  1
54    59.9736
54 6.95624  1
117    0
55 11.3997  1
62    55.8399
56 5.90976  2
62    43.0871
112    57.0338
57 7.98257  1
117    0
58 14.7516  1
117    0
59 6.85522  1
117    0
60 11.0701  1
69    64.599
61 14.8337  1
117    0
62 7.12348  2
69    35.7727
75    44.7525
63 11.946  1
117    0
64 7.69387  1
75    36.8815
65 13.8086  1
117    0
66 13.7762  2
76    54.7678
84    48.7974
67 13.6703  1
117    0
68 13.3245  1
117    0
69 12.1953  1
117    0
70 8.5081  1
117    0
71 6.46733  1
117    0
72 9.80331  6
97    62.3898
98    64.4763
99    41.2889
100    55.5716
101    42.2109
102    58.5829
73 10.6969  1
74    59.9013
74 13.6151  7
77    37.2486
78    42.3775
79    59.1267
80    53.8211
81    36.4951
82    39.9174
83    51.0936
75 13.1442  1
117    0
76 11.6063  1
84    57.5886
77 6.58452  1
117    0
78 10.186  1
117    0
79 11.9466  1
117    0
80 7.6957  1
117    0
81 13.8147  1
117    0
82 13.796  1
84    54.3118
83 13.7353  1
117    0
84 13.5369  6
85    48.2472
86    48.2939
87    48.4458
88    48.9421
89    50.5626
90    55.8545
85 12.889  1
117    0
86 10.7732  1
117    0
87 13.8641  1
112    46.9865
88 13.9575  1
117    0
89 14.2624  1
117    0
90 5.25758  1
95    46.1029
91 5.85269  1
117    0
92 7.79611  1
117    0
93 14.1424  1
117    0
94 14.8663  1
117    0
95 7.22999  1
117    0
96 12.2939  1
117    0
97 8.82977  1
117    0
98 7.51778  1
112    35.5493
99 13.2336  1
112    35.0009
100 11.8984  1
117    0
101 7.53822  1
117    0
102 13.3004  1
117    0
103 12.1166  1
117    0
104 8.25083  1
117    0
105 5.62716  1
117    0
106 7.05969  1
117    0
107 11.7379  1
117    0
108 7.01422  1
110    64.8315
109 11.5893  1
117    0
110 6.52867  1
117    0
111 10.0035  1
117    0
112 11.3506  1
117    0
113 5.74953  1
117    0
114 7.45918  1
117    0
115 13.0422  1
117    0
116 11.2737  1
117    0
117 0  0
