101
0 13.796  2
1    0.974081
58    0.729902
1 13.7353  10
2    0.995706
3    1.06633
4    1.29696
5    0.85006
6    1.19074
7    1.10321
8    0.817374
9    1.08398
10    0.754585
11    0.878954
2 13.5369  1
100    0
3 12.889  8
13    0.811313
14    1.06421
15    1.29002
16    0.827409
17    1.11676
18    0.861632
19    1.22851
58    1.07642
4 10.7732  1
59    0.975948
5 13.8641  4
12    1.28509
28    1.01116
57    0.847551
58    1.02187
6 13.9575  1
28    1.1168
7 14.2624  9
20    1.22657
21    1.22022
22    1.19947
23    1.13172
24    0.910486
25    0.78804
26    0.988198
27    1.04181
28    1.09638
8 5.25758  4
46    0.929786
47    0.851067
48    1.19402
49    1.1139
9 5.85269  1
28    1.2169
10 7.79611  1
28    0.795071
11 14.1424  1
100    0
12 14.8663  1
57    0.820853
13 7.22999  1
100    0
14 12.2939  1
58    0.798349
15 8.82977  1
57    1.08104
16 7.51778  7
50    0.852293
51    1.19803
52    1.127
53    0.89505
54    0.737629
55    0.823582
56    1.10427
17 13.2336  1
61    0.908307
18 11.8984  1
100    0
19 7.53822  1
60    0.761946
20 13.3004  1
100    0
21 12.1166  5
29    0.861742
30    1.22888
31    1.22776
32    1.22412
33    1.21222
22 8.25083  9
87    1.17166
88    1.0409
89    1.2139
90    1.17885
91    1.06439
92    1.29062
93    0.829368
94    1.12315
95    0.882488
23 5.62716  2
34    1.17334
35    1.04639
24 7.05969  2
57    0.744972
60    1.08624
25 11.7379  10
36    1.23185
37    1.23745
38    1.25574
39    0.715455
40    0.751161
41    0.867766
42    1.24855
43    1.29198
44    0.833799
45    1.13764
26 7.01422  1
76    0.825834
27 11.5893  1
28    1.18865
28 6.52867  1
100    0
29 10.0035  1
58    1.15177
30 11.3506  1
100    0
31 5.74953  1
60    1.0018
32 7.45918  1
100    0
33 13.0422  1
100    0
34 11.2737  1
57    1.18253
35 5.49837  1
100    0
36 6.63915  1
100    0
37 10.3645  1
100    0
38 12.5295  1
100    0
39 9.59914  8
62    0.780917
63    0.964943
64    0.965877
65    0.968917
66    0.978841
67    1.01125
68    1.11709
69    0.862694
40 10.0301  1
100    0
41 11.4373  1
57    0.79172
42 6.03244  1
100    0
43 8.38328  1
100    0
44 6.0596  1
100    0
45 8.47179  1
60    0.763576
46 6.34861  1
57    1.00021
47 9.41572  1
100    0
48 9.43129  1
100    0
49 9.48195  1
60    0.902997
50 9.64736  1
100    0
51 10.1875  6
70    1.23199
71    1.23793
72    1.2573
73    0.720545
74    0.767788
75    0.922059
52 11.9515  1
100    0
53 7.71157  1
57    1.09536
54 13.8665  1
100    0
55 13.9654  9
78    0.844823
79    1.17364
80    1.04736
81    1.23501
82    1.24779
83    1.28953
84    0.825779
85    1.11143
86    0.844218
56 14.2883  1
100    0
57 5.34242  1
77    1.11162
58 6.1298  1
100    0
59 8.70098  1
100    0
60 7.09723  1
100    0
61 11.8603  1
100    0
62 7.41371  1
100    0
63 12.8939  1
100    0
64 10.7894  1
100    0
65 13.9169  1
100    0
66 14.1299  1
100    0
67 14.8254  1
100    0
68 7.09632  1
100    0
69 11.8572  1
100    0
70 7.40364  1
100    0
71 12.861  1
100    0
72 10.6816  4
96    1.29663
97    0.848979
98    1.1872
99    1.09166
73 13.565  1
100    0
74 12.9809  1
100    0
75 11.0732  1
100    0
76 14.8437  1
100    0
77 7.15613  1
100    0
78 12.0525  1
100    0
79 8.04147  1
100    0
80 14.9438  1
100    0
81 7.48299  1
100    0
82 13.1201  1
100    0
83 11.5276  1
100    0
84 6.32756  1
100    0
85 9.34675  1
100    0
86 9.20606  1
100    0
87 8.74645  1
100    0
88 7.24555  1
100    0
89 12.3446  1
100    0
90 8.99548  1
100    0
91 8.05887  1
100    0
92 5.00031  1
100    0
93 5.01251  1
100    0
94 5.05249  1
100    0
95 5.18311  1
100    0
96 5.60945  1
100    0
97 7.00171  1
100    0
98 11.5484  1
100    0
99 6.39531  1
100    0
100 0  0
