106
0 10.0035  6
1    12.2888
4    12.3185
16    11.27
20    11.8253
32    12.8953
47    9.74081
1 11.3506  8
2    12.2776
3    12.2412
4    11.7334
5    7.51161
20    8.47551
21    7.98349
22    7.80917
33    12.9062
2 5.74953  7
4    12.1222
5    7.15455
16    8.23582
21    10.018
22    7.63576
33    11.1143
35    8.48979
3 7.45918  2
4    10.4639
5    12.5574
4 13.0422  5
5    12.3745
20    7.44972
22    9.78841
32    12.3501
47    10.6633
5 11.2737  10
6    8.67766
7    12.4855
8    12.9198
9    8.33799
10    11.3764
11    9.29786
12    8.51067
13    11.9402
14    11.139
15    8.52293
6 5.49837  4
16    8.20853
22    10.1125
32    8.25779
33    10.6439
7 6.63915  4
16    10.9536
21    10.2187
22    9.65877
55    11.9947
8 10.3645  2
20    10.7642
32    10.4736
9 12.5295  3
16    7.37629
23    11.1709
46    7.36567
10 9.59914  6
16    8.9505
20    7.29902
21    11.5177
22    9.08307
23    12.3793
33    11.7166
11 10.0301  3
17    7.9172
18    10.0021
19    10.8104
12 11.4373  1
105    0
13 6.03244  1
16    11.9803
14 8.38328  2
33    11.7885
55    9.10486
15 6.0596  2
16    11.0427
21    10.8624
16 8.47179  5
22    9.02997
23    8.62694
33    8.29368
34    12.9663
46    10.929
17 6.34861  4
21    9.75948
22    7.61946
34    8.82488
46    8.20103
18 9.41572  1
22    9.64943
19 9.43129  2
47    12.9696
55    8.61632
20 9.48195  1
55    11.3172
21 9.64736  2
22    9.68917
23    12.3199
22 10.1875  3
33    12.139
47    11.0321
55    12.2851
23 11.9515  8
24    12.573
25    7.20545
26    7.67788
27    9.22059
28    8.25834
29    11.1162
30    8.44823
31    11.7364
24 7.71157  1
55    12.2657
25 13.8665  2
33    10.409
47    11.9074
26 13.9654  1
33    8.44218
27 14.2883  1
33    11.2315
28 5.34242  3
32    12.478
47    9.95706
55    12.2022
29 6.1298  1
47    8.17374
30 8.70098  1
47    10.8398
31 7.09723  2
35    11.872
46    7.0315
32 11.8603  4
85    8.52293
86    11.9803
87    11.27
88    8.9505
33 7.41371  3
56    9.88198
57    10.4181
58    12.169
34 12.8939  1
105    0
35 10.7894  10
36    10.9166
37    7.79653
38    9.60805
39    9.52364
40    9.24787
41    8.34733
42    11.4068
43    9.39729
44    8.83532
45    7.00018
36 13.9169  1
105    0
37 14.1299  1
105    0
38 14.8254  9
74    7.15455
75    7.51161
76    8.67766
77    12.4855
78    12.9198
79    8.33799
80    11.3764
81    9.29786
82    8.51067
39 7.09632  3
46    7.00751
47    8.5006
55    11.1676
40 11.8572  1
55    7.8804
41 7.40364  1
46    7.10987
42 12.861  5
69    11.7334
70    10.4639
71    12.3185
72    12.3745
73    12.5574
43 10.6816  1
105    0
44 13.565  1
105    0
45 12.9809  7
48    7.54585
49    8.78954
50    12.8509
51    8.11313
52    10.6421
53    12.9002
54    8.27409
46 11.0732  1
47    7.83718
47 14.8437  1
105    0
48 7.15613  2
83    11.9402
84    11.139
49 12.0525  1
105    0
50 8.04147  1
105    0
51 14.9438  1
105    0
52 7.48299  1
105    0
53 13.1201  1
105    0
54 11.5276  9
59    11.8865
60    10.9638
61    7.95071
62    10.1116
63    11.168
64    8.61742
65    12.2888
66    12.2776
67    12.2412
55 6.32756  1
105    0
56 9.34675  1
105    0
57 9.20606  1
105    0
58 8.74645  1
105    0
59 7.24555  1
105    0
60 12.3446  1
105    0
61 8.99548  1
105    0
62 8.05887  1
105    0
63 5.00031  1
105    0
64 5.01251  1
68    12.1222
65 5.05249  1
105    0
66 5.18311  1
105    0
67 5.60945  1
105    0
68 7.00171  1
100    10.7642
69 11.5484  1
105    0
70 6.39531  1
105    0
71 9.56801  1
105    0
72 9.92843  1
99    11.8253
73 11.1055  10
89    7.37629
90    8.23582
91    11.0427
92    8.20853
93    10.9536
94    7.9172
95    10.0021
96    10.8104
97    7.44972
98    8.47551
74 14.9493  1
105    0
75 7.50099  1
105    0
76 13.179  1
105    0
77 11.7202  1
105    0
78 6.95624  1
105    0
79 11.3997  1
105    0
80 5.90976  1
105    0
81 7.98257  1
105    0
82 14.7516  1
105    0
83 6.85522  1
105    0
84 11.0701  1
105    0
85 14.8337  4
101    7.29902
102    7.98349
103    10.2187
104    11.5177
86 7.12348  1
105    0
87 11.946  1
105    0
88 7.69387  1
105    0
89 13.8086  1
105    0
90 13.7762  1
105    0
91 13.6703  1
105    0
92 13.3245  1
105    0
93 12.1953  1
105    0
94 8.5081  1
105    0
95 6.46733  1
105    0
96 9.80331  1
105    0
97 10.6969  1
105    0
98 13.6151  1
105    0
99 13.1442  1
105    0
100 11.6063  1
105    0
101 6.58452  1
105    0
102 10.186  1
105    0
103 11.9466  1
105    0
104 7.6957  1
105    0
105 0  0
