222
0 13.8641  6
1    0.883532
3    0.703149
11    1.29696
12    0.827409
72    1.10321
167    1.09638
1 13.9575  6
2    0.700018
3    0.710987
11    0.817374
73    0.878954
142    0.844218
164    1.13172
2 14.2624  2
3    0.700751
11    1.10321
3 5.25758  9
4    0.736567
5    0.820103
6    1.0929
7    0.783718
8    0.974081
9    0.995706
10    1.06633
11    0.878954
47    0.729902
4 5.85269  4
11    1.28509
12    1.06421
44    0.823582
113    1.08104
5 7.79611  5
47    0.744972
51    1.23199
63    0.960805
70    1.0929
163    0.878954
6 14.1424  4
12    1.11676
13    1.22851
73    1.28509
92    0.861742
7 14.8663  3
11    0.85006
13    1.22657
63    0.779653
8 7.22999  4
11    0.754585
13    0.861632
51    0.862694
53    1.24779
9 12.2939  4
11    1.08398
12    0.811313
73    1.08398
200    1.15177
10 8.82977  4
11    1.19074
47    0.847551
52    1.23793
63    0.834733
11 7.51778  2
12    1.29002
142    1.24779
12 13.2336  6
34    1.25574
35    0.715455
36    0.751161
37    0.867766
38    1.24855
52    1.2573
13 11.8984  9
14    1.22022
15    1.19947
16    1.13172
17    0.910486
18    0.78804
19    0.988198
20    1.04181
21    1.2169
48    1.0018
14 7.53822  5
29    1.22776
44    1.127
47    0.798349
200    0.729902
201    0.761946
15 13.3004  10
22    1.18865
23    1.09638
24    0.795071
25    1.01116
26    1.1168
27    0.861742
28    1.22888
39    1.13764
50    0.763576
63    1.14068
16 12.1166  1
53    1.17364
17 8.25083  4
33    1.23745
39    1.29198
72    0.817374
153    0.736567
18 5.62716  2
44    0.737629
47    0.79172
19 7.05969  3
29    1.22412
72    0.974081
92    1.22776
20 11.7379  1
49    0.902997
21 7.01422  1
47    1.07642
22 11.5893  5
44    1.10427
48    0.975948
51    0.780917
52    0.720545
210    1.23199
23 6.52867  2
29    1.21222
44    0.89505
24 10.0035  3
47    1.18253
113    0.820853
143    1.12315
25 11.3506  1
48    1.02187
26 5.74953  4
30    1.17334
31    1.04639
32    1.23185
48    0.761946
27 7.45918  3
47    1.00021
52    0.767788
53    1.11143
28 13.0422  2
51    0.964943
52    0.922059
29 11.2737  3
45    0.820853
46    1.09536
63    0.848979
30 5.49837  3
52    1.11162
53    1.28953
92    0.795071
31 6.63915  3
53    0.844218
63    1.1872
72    0.995706
32 10.3645  1
48    1.08624
33 12.5295  1
72    1.29696
34 9.59914  1
63    0.924787
35 10.0301  1
48    1.15177
36 11.4373  1
39    0.833799
37 6.03244  5
40    0.929786
41    0.851067
42    1.19402
43    1.1139
50    0.908307
38 8.38328  1
70    0.736567
39 6.0596  2
51    0.978841
53    1.23501
40 8.47179  3
44    1.19803
72    0.85006
143    0.829368
41 6.34861  3
47    1.08104
52    0.844823
53    1.04736
42 9.41572  1
44    0.852293
43 9.43129  2
53    0.825779
143    1.29062
44 9.48195  4
51    0.968917
167    1.2169
200    0.975948
201    0.902997
45 9.64736  2
51    1.01125
70    0.820103
46 10.1875  1
221    0
47 11.9515  1
92    1.01116
48 7.71157  2
51    0.965877
113    1.00021
49 13.8665  2
52    0.825834
63    0.952364
50 13.9654  1
51    1.11709
51 14.2883  1
113    0.79172
52 5.34242  9
54    1.17166
55    1.0409
56    1.2139
57    1.17885
58    1.06439
59    1.29062
60    0.829368
61    1.12315
62    0.882488
53 6.1298  3
63    1.09166
114    0.798349
143    0.882488
54 8.70098  2
92    1.1168
143    1.29663
55 7.09723  9
74    0.811313
75    1.06421
76    1.29002
77    0.827409
78    1.11676
79    0.861632
80    1.22851
81    1.22657
82    1.22022
56 11.8603  1
167    0.861742
57 7.41371  2
112    1.127
167    1.04181
58 12.8939  2
63    1.29663
112    0.89505
59 10.7894  3
71    0.783718
73    0.754585
167    1.01116
60 13.9169  1
112    1.10427
61 14.1299  4
72    1.19074
113    0.744972
143    0.848979
163    1.11676
62 14.8254  8
64    0.939729
65    0.883532
66    0.700018
67    0.700751
68    0.703149
69    0.710987
167    1.1168
201    0.908307
63 7.09632  2
72    1.06633
149    0.834733
64 11.8572  1
221    0
65 7.40364  1
221    0
66 12.861  1
221    0
67 10.6816  1
142    1.28953
68 13.565  1
221    0
69 12.9809  1
113    0.847551
70 11.0732  1
142    1.2139
71 14.8437  10
93    1.21222
94    1.17334
95    1.04639
96    1.23185
97    1.23745
98    1.25574
99    0.715455
100    0.751161
101    0.867766
114    1.02187
72 7.15613  1
221    0
73 12.0525  9
83    1.19947
84    1.13172
85    0.910486
86    0.78804
87    0.988198
88    1.04181
89    1.2169
90    1.18865
91    1.09638
74 8.04147  2
92    1.22888
149    0.939729
75 14.9438  2
165    0.78804
166    0.988198
76 7.48299  1
221    0
77 13.1201  1
92    1.22412
78 11.5276  1
221    0
79 6.32756  1
221    0
80 9.34675  1
221    0
81 9.20606  1
221    0
82 8.74645  2
113    1.09536
164    1.22851
83 7.24555  1
112    0.823582
84 12.3446  2
142    1.23501
163    1.29002
85 8.99548  1
221    0
86 8.05887  1
221    0
87 5.00031  1
114    1.18253
88 5.01251  1
221    0
89 5.05249  1
221    0
90 5.18311  1
153    0.710987
91 5.60945  1
221    0
92 7.00171  9
103    1.29198
104    0.833799
105    1.13764
106    0.929786
107    0.851067
108    1.19402
109    1.1139
110    0.852293
111    1.19803
93 11.5484  3
102    1.24855
149    0.924787
153    1.0929
94 6.39531  1
221    0
95 9.56801  1
221    0
96 9.92843  1
114    1.07642
97 11.1055  10
154    0.995706
155    1.06633
156    1.29696
157    0.85006
158    1.19074
159    1.10321
160    0.817374
161    1.08398
162    0.754585
200    0.798349
98 14.9493  10
115    1.15177
116    0.975948
117    1.0018
118    1.08624
119    0.761946
120    0.902997
121    0.763576
122    0.908307
142    1.0409
164    1.22022
99 7.50099  1
221    0
100 13.179  1
221    0
101 11.7202  1
221    0
102 6.95624  1
153    0.820103
103 11.3997  1
163    0.827409
104 5.90976  1
149    0.883532
105 7.98257  10
132    1.23793
133    1.2573
134    0.720545
135    0.767788
136    0.922059
137    0.825834
138    1.11162
139    0.844823
140    1.17364
141    1.04736
106 14.7516  1
221    0
107 6.85522  6
144    1.1872
145    1.09166
146    0.779653
147    0.960805
148    0.952364
210    0.720545
108 11.0701  1
221    0
109 14.8337  8
202    0.780917
203    0.964943
204    0.965877
205    0.968917
206    0.978841
207    1.01125
208    1.11709
209    0.862694
110 7.12348  3
112    0.737629
153    0.974081
164    1.19947
111 11.946  1
143    1.17885
112 7.69387  1
163    0.811313
113 13.8086  1
114    0.729902
114 13.7762  9
123    0.780917
124    0.964943
125    0.965877
126    0.968917
127    0.978841
128    1.01125
129    1.11709
130    0.862694
131    1.23199
115 13.6703  1
200    1.07642
116 13.3245  1
179    0.867766
117 12.1953  1
221    0
118 8.5081  1
143    1.06439
119 6.46733  1
164    1.22657
120 9.80331  1
167    0.795071
121 10.6969  1
221    0
122 13.6151  1
142    0.825779
123 13.1442  1
221    0
124 11.6063  3
176    1.25574
177    0.715455
178    0.751161
125 6.58452  1
221    0
126 10.186  1
221    0
127 11.9466  1
221    0
128 7.6957  1
221    0
129 13.8147  1
153    0.783718
130 13.796  1
221    0
131 13.7353  1
221    0
132 13.5369  1
221    0
133 12.889  3
150    0.700018
151    0.700751
152    0.703149
134 10.7732  1
221    0
135 13.8641  2
149    1.14068
167    1.18865
136 13.9575  5
180    1.29198
181    0.833799
182    1.13764
183    0.929786
184    0.851067
137 14.2624  1
163    1.28509
138 5.25758  1
221    0
139 5.85269  1
142    1.11143
140 7.79611  1
200    1.0018
141 14.1424  1
142    1.17166
142 14.8663  1
221    0
143 7.22999  1
221    0
144 12.2939  1
200    1.18253
145 8.82977  1
179    1.24855
146 7.51778  1
164    0.861632
147 13.2336  1
221    0
148 11.8984  1
163    1.06421
149 7.53822  8
168    1.22888
169    1.22776
170    1.22412
171    1.21222
172    1.17334
173    1.04639
174    1.23185
175    1.23745
150 13.3004  1
221    0
151 12.1166  1
221    0
152 8.25083  1
221    0
153 5.62716  1
221    0
154 7.05969  1
221    0
155 11.7379  1
221    0
156 7.01422  1
221    0
157 11.5893  1
221    0
158 6.52867  1
221    0
159 10.0035  1
221    0
160 11.3506  3
164    0.910486
201    1.08624
210    0.922059
161 5.74953  1
221    0
162 7.45918  7
190    0.89505
191    0.737629
192    0.823582
193    1.10427
194    0.820853
195    1.09536
196    0.79172
163 13.0422  1
221    0
164 11.2737  10
211    0.825834
212    1.11162
213    0.844823
214    1.17364
215    1.04736
216    1.23501
217    1.24779
218    1.28953
219    0.825779
220    1.11143
165 5.49837  1
221    0
166 6.63915  1
221    0
167 10.3645  5
185    1.19402
186    1.1139
187    0.852293
188    1.19803
189    1.127
168 12.5295  1
200    0.847551
169 9.59914  1
221    0
170 10.0301  1
221    0
171 11.4373  1
221    0
172 6.03244  1
221    0
173 8.38328  1
221    0
174 6.0596  3
197    1.00021
198    1.08104
199    0.744972
175 8.47179  1
221    0
176 6.34861  1
210    1.2573
177 9.41572  1
221    0
178 9.43129  1
221    0
179 9.48195  1
221    0
180 9.64736  1
221    0
181 10.1875  1
221    0
182 11.9515  1
221    0
183 7.71157  1
221    0
184 13.8665  1
221    0
185 13.9654  1
221    0
186 14.2883  2
200    1.02187
210    1.23793
187 5.34242  1
221    0
188 6.1298  1
221    0
189 8.70098  1
221    0
190 7.09723  1
221    0
191 11.8603  1
221    0
192 7.41371  1
221    0
193 12.8939  1
221    0
194 10.7894  1
221    0
195 13.9169  1
221    0
196 14.1299  1
221    0
197 14.8254  1
221    0
198 7.09632  1
221    0
199 11.8572  1
221    0
200 7.40364  2
201    0.763576
210    0.767788
201 12.861  1
221    0
202 10.6816  1
221    0
203 13.565  1
221    0
204 12.9809  1
221    0
205 11.0732  1
221    0
206 14.8437  1
221    0
207 7.15613  1
221    0
208 12.0525  1
221    0
209 8.04147  1
221    0
210 14.9438  1
221    0
211 7.48299  1
221    0
212 13.1201  1
221    0
213 11.5276  1
221    0
214 6.32756  1
221    0
215 9.34675  1
221    0
216 9.20606  1
221    0
217 8.74645  1
221    0
218 7.24555  1
221    0
219 12.3446  1
221    0
220 8.99548  1
221    0
221 0  0
