47
0 13.2336  8
1    1.17364
2    1.04736
4    0.844218
20    1.0929
24    1.11676
36    1.23745
37    0.867766
38    1.29198
1 11.8984  5
3    1.24779
4    1.28953
20    0.700751
21    1.29696
22    1.29002
2 7.53822  5
3    1.23501
4    0.825779
20    0.974081
22    0.754585
35    1.17334
3 13.3004  3
4    1.11143
19    0.939729
25    1.04181
4 12.1166  10
5    1.17166
6    1.0409
7    1.2139
8    1.17885
9    1.06439
10    1.29062
11    0.829368
12    1.12315
19    0.924787
20    0.736567
5 8.25083  3
20    0.700018
22    0.817374
25    0.78804
6 5.62716  3
21    1.06633
25    1.2169
38    0.852293
7 7.05969  4
20    0.820103
22    0.811313
24    1.22022
38    0.833799
8 11.7379  3
21    0.85006
22    1.10321
36    1.23185
9 7.01422  2
20    0.710987
25    1.18865
10 11.5893  1
24    0.910486
11 6.52867  3
19    0.834733
20    0.883532
36    1.04639
12 10.0035  10
13    0.882488
14    1.29663
15    0.848979
16    1.1872
17    1.09166
18    0.779653
19    1.14068
20    0.703149
22    0.878954
38    0.851067
13 11.3506  1
21    0.995706
14 5.74953  1
46    0
15 7.45918  2
24    1.22851
25    0.988198
16 13.0422  3
20    0.783718
36    0.715455
38    1.1139
17 11.2737  4
19    0.960805
21    1.19074
22    1.06421
38    0.929786
18 5.49837  3
19    0.952364
22    1.28509
24    1.19947
19 6.63915  1
24    0.861632
20 10.3645  2
22    1.08398
38    1.13764
21 12.5295  7
39    1.19803
40    1.127
41    0.89505
42    0.737629
43    0.823582
44    1.10427
45    0.820853
22 9.59914  3
23    0.827409
24    1.13172
38    1.24855
23 10.0301  1
24    1.22657
24 11.4373  7
26    1.09638
27    0.795071
28    1.01116
29    1.1168
30    0.861742
31    1.22888
36    1.25574
25 6.03244  4
32    1.22776
33    1.22412
34    1.21222
36    0.751161
26 8.38328  1
46    0
27 6.0596  1
46    0
28 8.47179  1
46    0
29 6.34861  1
46    0
30 9.41572  1
46    0
31 9.43129  1
46    0
32 9.48195  1
46    0
33 9.64736  1
46    0
34 10.1875  1
46    0
35 11.9515  1
46    0
36 7.71157  1
38    1.19402
37 13.8665  1
46    0
38 13.9654  1
46    0
39 14.2883  1
46    0
40 5.34242  1
46    0
41 6.1298  1
46    0
42 8.70098  1
46    0
43 7.09723  1
46    0
44 11.8603  1
46    0
45 7.41371  1
46    0
46 0  0
