50
0 8.38328  8
1    3.50009
2    3.50375
3    3.51575
4    3.55493
5    3.68284
7    4.8704
8    4.08687
13    4.30816
1 6.0596  3
6    5.46451
7    6.4848
24    5.0558
2 8.47179  2
7    4.2503
13    5.5838
3 6.34861  2
7    4.97853
25    5.23196
4 9.41572  3
7    3.91859
8    5.51605
9    4.05657
5 9.43129  6
6    4.10051
7    5.95369
8    5.41992
9    6.42547
13    6.14257
25    6.1444
6 9.48195  2
7    5.33166
8    3.77293
7 9.64736  2
10    5.32104
24    5.4819
8 10.1875  2
9    4.39477
25    6.13881
9 11.9515  10
26    6.15923
27    6.18725
28    6.27871
29    3.57727
30    3.75581
31    4.33883
32    6.24273
33    6.4599
34    4.169
35    5.68818
10 7.71157  3
11    6.4501
12    4.13704
25    5.86671
11 13.8665  1
49    0
12 13.9654  6
14    6.13286
15    6.10109
16    5.99736
17    5.6586
18    4.55243
24    3.97536
13 14.2883  1
25    6.12059
14 5.34242  1
49    0
15 6.1298  1
49    0
16 8.70098  1
49    0
17 7.09723  1
25    5.58399
18 11.8603  5
19    3.9402
20    4.94099
21    5.20907
22    6.08452
23    5.94325
19 7.41371  1
25    6.06108
20 12.8939  3
46    5.52136
47    4.10427
48    5.47678
21 10.7894  1
49    0
22 13.9169  1
25    4.30871
23 14.1299  1
49    0
24 14.8254  1
49    0
25 7.09632  1
49    0
26 11.8572  1
49    0
27 7.40364  1
49    0
28 12.861  10
36    4.64893
37    4.25533
38    5.97008
39    5.56952
40    4.26147
41    5.99013
42    5.63498
43    4.47525
44    3.68815
45    4.11791
29 10.6816  1
49    0
30 13.565  1
49    0
31 12.9809  1
49    0
32 11.0732  1
49    0
33 14.8437  1
49    0
34 7.15613  1
49    0
35 12.0525  1
49    0
36 8.04147  1
49    0
37 14.9438  1
49    0
38 7.48299  1
49    0
39 13.1201  1
49    0
40 11.5276  1
49    0
41 6.32756  1
49    0
42 9.34675  1
49    0
43 9.20606  1
49    0
44 8.74645  1
49    0
45 7.24555  1
49    0
46 12.3446  1
49    0
47 8.99548  1
49    0
48 8.05887  1
49    0
49 0  0
