165
0 10.7732  7
1    5.91267
2    5.38211
3    3.64951
4    3.99174
6    4.54154
86    4.11791
117    5.32196
1 13.8641  2
4    5.10936
6    3.81788
2 13.9575  2
4    5.75886
6    5.43118
3 14.2624  3
4    4.87974
14    6.28649
163    5.86671
4 5.25758  3
5    5.00902
6    3.80973
14    6.15996
5 5.85269  3
6    4.51498
49    3.51575
55    5.41992
6 7.79611  10
7    3.90458
8    4.82472
9    4.82939
10    4.84458
11    4.89421
12    5.05626
55    4.97853
86    4.47525
94    3.64951
95    4.51498
7 14.1424  3
49    3.50375
55    5.51605
57    4.05657
8 14.8663  1
164    0
9 7.22999  1
13    5.58545
10 12.2939  2
14    4.31347
107    5.86818
11 8.82977  5
21    5.86818
22    5.23681
23    6.17507
24    6.23898
25    6.44763
12 7.51778  6
15    3.60273
16    3.83894
17    4.61029
18    4.12917
19    5.55808
20    4.22411
13 13.2336  2
14    6.18963
55    4.08687
14 11.8984  7
142    6.42547
143    4.05657
144    5.32104
145    6.4501
146    4.13704
147    5.5838
148    4.30816
15 7.53822  8
42    3.89827
43    4.80403
44    4.76182
45    4.62394
46    4.17367
47    5.70338
48    4.69865
57    4.39477
16 13.3004  5
60    3.9402
61    4.94099
62    5.20907
63    6.08452
64    5.94325
17 12.1166  10
70    6.12059
71    6.06108
72    5.86671
73    5.23196
74    6.15923
75    6.18725
76    6.27871
77    3.57727
85    5.97008
107    4.22411
18 8.25083  1
164    0
19 5.62716  10
26    4.12889
27    5.55716
28    4.22109
29    5.85829
30    5.20449
31    6.06951
32    5.89427
33    5.32196
85    5.63498
117    5.89427
20 7.05969  3
56    3.77293
95    5.00902
163    6.18725
21 11.7379  1
49    4.41766
22 7.01422  1
55    5.33166
23 11.5893  4
51    4.10051
52    5.46451
53    3.91859
54    4.8704
24 6.52867  3
34    6.45312
57    5.5838
59    5.6586
25 10.0035  1
164    0
26 11.3506  1
164    0
27 5.74953  1
164    0
28 7.45918  7
87    3.9586
88    5.00105
89    5.40518
90    3.72486
91    4.23775
92    5.91267
93    5.38211
29 13.0422  7
35    4.14684
36    5.61576
37    4.41244
38    6.48315
39    4.2449
40    5.93602
41    5.45828
30 11.2737  1
57    6.42547
31 5.49837  1
164    0
32 6.63915  1
55    6.4848
33 10.3645  1
164    0
34 12.5295  1
50    3.68284
35 9.59914  1
57    4.13704
36 10.0301  3
49    3.50009
57    6.4501
86    5.47678
37 11.4373  1
58    6.13286
38 6.03244  1
164    0
39 8.38328  1
107    4.12917
40 6.0596  2
57    5.32104
95    5.10936
41 8.47179  1
164    0
42 6.34861  4
50    3.55493
55    4.2503
85    4.26147
95    5.43118
43 9.41572  5
65    5.4819
66    3.97536
67    5.0558
68    5.58399
69    4.30871
44 9.43129  1
164    0
45 9.48195  1
69    6.1444
46 9.64736  7
156    5.4819
157    3.97536
158    5.0558
159    5.58399
160    4.30871
161    6.1444
162    6.13881
47 10.1875  1
58    6.10109
48 11.9515  1
164    0
49 7.71157  2
58    4.30816
140    4.2503
50 13.8665  2
59    5.99736
163    3.75581
51 13.9654  6
55    5.95369
58    6.14257
59    4.55243
85    5.99013
86    4.10427
140    5.95369
52 14.2883  1
164    0
53 5.34242  2
69    6.13881
163    3.57727
54 6.1298  1
164    0
55 8.70098  1
107    3.83894
56 7.09723  1
96    3.90458
57 11.8603  1
95    3.80973
58 7.41371  2
95    3.81788
140    5.51605
59 12.8939  1
164    0
60 10.7894  1
164    0
61 13.9169  1
117    6.06951
62 14.1299  1
164    0
63 14.8254  1
163    6.15923
64 7.09632  1
164    0
65 11.8572  1
164    0
66 7.40364  1
164    0
67 12.861  8
78    3.75581
79    4.33883
80    6.24273
81    6.4599
82    4.169
83    5.68818
84    4.64893
141    5.41992
68 10.6816  2
86    5.52136
94    3.99174
69 13.565  2
86    3.68815
140    4.8704
70 12.9809  10
108    5.23681
109    6.17507
110    6.23898
111    6.44763
112    4.12889
113    5.55716
114    4.22109
115    5.85829
116    5.20449
141    4.39477
71 11.0732  10
97    4.82939
98    4.84458
99    4.89421
100    5.05626
101    5.58545
102    4.31347
103    6.15996
104    6.18963
105    6.28649
106    3.60273
72 14.8437  1
164    0
73 7.15613  1
164    0
74 12.0525  1
164    0
75 8.04147  1
85    4.25533
76 14.9438  1
164    0
77 7.48299  1
95    4.87974
78 13.1201  2
85    5.56952
140    4.97853
79 11.5276  1
164    0
80 6.32756  1
155    3.9402
81 9.34675  1
164    0
82 9.20606  1
164    0
83 8.74645  1
164    0
84 7.24555  1
164    0
85 12.3446  2
96    4.82472
140    3.91859
86 8.99548  1
140    5.33166
87 8.05887  1
107    5.55808
88 5.00031  1
164    0
89 5.01251  1
164    0
90 5.05249  7
128    4.76182
129    4.62394
130    4.17367
131    5.70338
132    4.69865
133    4.41766
134    3.50009
91 5.18311  1
164    0
92 5.60945  1
164    0
93 7.00171  1
164    0
94 11.5484  1
95    5.75886
95 6.39531  1
96    4.54154
96 9.56801  1
164    0
97 9.92843  1
163    4.33883
98 11.1055  5
135    3.50375
136    3.51575
137    3.55493
138    3.68284
139    4.10051
99 14.9493  1
164    0
100 7.50099  1
164    0
101 13.179  1
164    0
102 11.7202  1
107    4.61029
103 6.95624  1
164    0
104 11.3997  1
164    0
105 5.90976  1
164    0
106 7.98257  10
118    6.45312
119    4.14684
120    5.61576
121    4.41244
122    6.48315
123    4.2449
124    5.93602
125    5.45828
126    3.89827
127    4.80403
107 14.7516  1
164    0
108 6.85522  1
164    0
109 11.0701  1
164    0
110 14.8337  1
164    0
111 7.12348  2
155    4.94099
163    6.27871
112 11.946  1
164    0
113 7.69387  1
164    0
114 13.8086  1
164    0
115 13.7762  1
164    0
116 13.6703  1
163    5.23196
117 13.3245  1
164    0
118 12.1953  1
164    0
119 8.5081  1
140    4.08687
120 6.46733  1
164    0
121 9.80331  1
164    0
122 10.6969  1
155    5.94325
123 13.6151  1
164    0
124 13.1442  1
164    0
125 11.6063  1
164    0
126 6.58452  1
164    0
127 10.186  1
164    0
128 11.9466  1
164    0
129 7.6957  1
164    0
130 13.8147  1
140    6.4848
131 13.796  1
155    5.20907
132 13.7353  1
164    0
133 13.5369  1
164    0
134 12.889  1
164    0
135 10.7732  1
163    6.06108
136 13.8641  1
140    5.46451
137 13.9575  1
155    6.08452
138 14.2624  1
164    0
139 5.25758  1
141    3.77293
140 5.85269  1
163    6.12059
141 7.79611  1
164    0
142 14.1424  6
149    6.14257
150    6.13286
151    6.10109
152    5.99736
153    5.6586
154    4.55243
143 14.8663  1
164    0
144 7.22999  1
164    0
145 12.2939  1
164    0
146 8.82977  1
164    0
147 7.51778  1
164    0
148 13.2336  1
164    0
149 11.8984  1
164    0
150 7.53822  1
164    0
151 13.3004  1
164    0
152 12.1166  1
164    0
153 8.25083  1
164    0
154 5.62716  1
164    0
155 7.05969  1
164    0
156 11.7379  1
164    0
157 7.01422  1
164    0
158 11.5893  1
164    0
159 6.52867  1
164    0
160 10.0035  1
164    0
161 11.3506  1
164    0
162 5.74953  1
164    0
163 7.45918  1
164    0
164 0  0
