93
0 13.0422  5
1    49.4099
2    52.0907
7    50.558
32    59.1267
46    52.3681
1 11.2737  3
4    59.4325
5    54.819
6    39.7536
2 5.49837  2
3    60.8452
30    41.0427
3 6.63915  1
64    35.0375
4 10.3645  2
21    42.5533
39    48.2939
5 12.5295  2
32    57.5886
63    48.0403
6 9.59914  10
8    55.8399
9    43.0871
10    61.444
11    61.3881
12    61.2059
13    60.6108
14    58.6671
15    52.3196
21    64.599
30    50.0105
7 10.0301  7
33    50.0902
34    54.3118
35    38.0973
36    45.1498
37    38.1788
39    61.5996
64    44.1766
8 11.4373  2
22    55.6952
46    58.6818
9 6.03244  3
21    56.8818
32    39.9174
44    55.5808
10 8.38328  4
16    61.5923
17    61.8725
18    62.7871
19    35.7727
11 6.0596  2
29    55.2136
32    53.8211
12 8.47179  1
21    43.3883
13 6.34861  3
60    59.3602
61    54.5828
62    38.9827
14 9.41572  1
20    37.5581
15 9.43129  10
65    35.5493
66    36.8284
67    41.0051
68    54.6451
69    39.1859
70    48.704
71    49.7853
72    53.3166
73    64.848
74    42.503
16 9.48195  7
23    42.6147
24    59.9013
25    56.3498
26    44.7525
27    36.8815
28    41.1791
39    48.4458
17 9.64736  2
21    46.4893
39    48.9421
18 10.1875  2
21    62.4273
30    54.0518
19 11.9515  3
22    59.7008
32    51.0936
39    43.1347
20 7.71157  2
21    41.69
64    57.0338
21 13.8665  1
56    58.9427
22 13.9654  2
32    48.7974
39    55.8545
23 14.2883  3
30    54.7678
38    45.4154
63    47.6182
24 5.34242  3
30    39.586
31    42.3775
44    41.2917
25 6.1298  2
39    61.8963
59    41.4684
26 8.70098  1
39    48.2472
27 7.09723  1
30    37.2486
28 11.8603  1
32    36.4951
29 7.41371  1
92    0
30 12.8939  2
39    50.5626
64    46.9865
31 10.7894  1
92    0
32 13.9169  2
59    44.1244
64    35.0009
33 14.1299  1
92    0
34 14.8254  2
39    39.0458
59    42.449
35 7.09632  1
92    0
36 11.8572  1
92    0
37 7.40364  5
40    62.8649
41    36.0273
42    38.3894
43    46.1029
64    35.1575
38 12.861  1
58    64.5312
39 10.6816  6
47    61.7507
48    62.3898
49    64.4763
50    41.2889
51    55.5716
52    42.2109
40 13.565  1
92    0
41 12.9809  1
59    64.8315
42 11.0732  1
92    0
43 14.8437  1
92    0
44 7.15613  1
45    42.2411
45 12.0525  1
57    53.2196
46 8.04147  1
92    0
47 14.9438  1
64    41.7367
48 7.48299  1
92    0
49 13.1201  1
59    56.1576
50 11.5276  3
53    58.5829
54    52.0449
55    60.6951
51 6.32756  1
92    0
52 9.34675  1
92    0
53 9.20606  1
92    0
54 8.74645  1
92    0
55 7.24555  1
92    0
56 12.3446  9
83    53.2104
84    64.501
85    41.3704
86    55.838
87    43.0816
88    61.4257
89    61.3286
90    61.0109
91    59.9736
57 8.99548  1
92    0
58 8.05887  1
92    0
59 5.00031  1
92    0
60 5.01251  1
92    0
61 5.05249  1
92    0
62 5.18311  1
63    46.2394
63 5.60945  1
92    0
64 7.00171  1
92    0
65 11.5484  1
92    0
66 6.39531  1
92    0
67 9.56801  1
92    0
68 9.92843  1
92    0
69 11.1055  1
92    0
70 14.9493  1
92    0
71 7.50099  8
75    59.5369
76    55.1605
77    40.8687
78    54.1992
79    37.7293
80    43.9477
81    64.2547
82    40.5657
72 13.179  1
92    0
73 11.7202  1
92    0
74 6.95624  1
92    0
75 11.3997  1
92    0
76 5.90976  1
92    0
77 7.98257  1
92    0
78 14.7516  1
92    0
79 6.85522  1
92    0
80 11.0701  1
92    0
81 14.8337  1
92    0
82 7.12348  1
92    0
83 11.946  1
92    0
84 7.69387  1
92    0
85 13.8086  1
92    0
86 13.7762  1
92    0
87 13.6703  1
92    0
88 13.3245  1
92    0
89 12.1953  1
92    0
90 8.5081  1
92    0
91 6.46733  1
92    0
92 0  0
