211
0 13.1442  10
1    0.825779
2    1.11143
3    0.844218
14    1.14068
19    0.974081
20    1.06633
36    1.22776
60    0.975948
117    0.811313
122    1.04639
1 11.6063  7
3    1.17166
13    1.1872
14    1.09166
18    1.0929
20    1.08398
36    1.1168
44    0.867766
2 6.58452  6
14    0.939729
20    0.754585
36    1.04181
108    0.736567
172    0.952364
193    0.827409
3 10.186  10
4    1.0409
5    1.2139
6    1.17885
7    1.06439
8    1.29062
9    0.829368
14    0.779653
64    0.763576
106    0.883532
119    1.04181
4 11.9466  5
13    0.848979
14    0.883532
36    1.2169
60    1.15177
85    0.825779
5 7.6957  4
14    0.960805
108    0.710987
132    0.737629
170    0.844218
6 13.8147  2
45    1.1139
193    1.29002
7 13.796  2
14    0.952364
20    0.817374
8 13.7353  3
10    1.12315
11    0.882488
12    1.29663
9 13.5369  5
15    0.700018
16    0.700751
17    0.703149
18    0.736567
36    1.01116
10 12.889  3
14    0.834733
19    0.995706
43    0.715455
11 10.7732  3
20    1.10321
171    1.12315
172    1.29663
12 13.8641  3
14    0.924787
18    0.783718
118    1.22022
13 13.9575  1
20    1.19074
14 14.2624  5
31    1.19947
32    1.13172
33    0.910486
119    0.988198
132    1.1139
15 5.25758  3
18    0.820103
20    0.85006
36    1.18865
16 5.85269  4
18    0.710987
20    0.878954
36    1.22888
120    0.795071
17 7.79611  3
20    1.29696
43    1.25574
132    0.89505
18 14.1424  10
75    0.767788
76    0.922059
77    0.825834
78    1.11162
79    0.844823
80    1.17364
81    1.04736
82    1.23501
83    1.24779
84    1.28953
19 14.8663  1
210    0
20 7.22999  10
21    1.28509
22    0.811313
23    1.06421
24    1.29002
25    0.827409
26    1.11676
27    0.861632
28    1.22851
29    1.22657
30    1.22022
21 12.2939  1
36    0.795071
22 8.82977  1
45    1.19803
23 7.51778  2
44    1.13764
194    0.78804
24 13.2336  3
45    0.852293
186    1.29696
194    1.18865
25 11.8984  1
210    0
26 7.53822  3
45    1.19402
118    0.827409
194    0.795071
27 13.3004  2
36    0.861742
60    1.02187
28 12.1166  7
46    1.127
47    0.89505
48    0.737629
49    0.823582
64    0.908307
105    0.834733
106    0.700018
29 8.25083  6
143    0.729902
144    0.798349
145    1.02187
146    1.15177
147    0.975948
148    1.0018
30 5.62716  2
44    0.929786
121    1.21222
31 7.05969  7
37    1.22412
38    1.21222
39    1.17334
40    1.04639
41    1.23185
42    1.23745
64    0.964943
32 11.7379  3
34    0.78804
35    0.988198
60    0.798349
33 7.01422  1
210    0
34 11.5893  3
44    0.833799
192    0.754585
193    1.22851
35 6.52867  2
36    1.09638
43    0.751161
36 10.0035  1
210    0
37 11.3506  2
118    1.22657
172    1.09166
38 5.74953  3
44    0.851067
112    0.974081
121    1.22412
39 7.45918  1
44    1.29198
40 13.0422  2
44    1.24855
60    0.729902
41 11.2737  1
194    1.01116
42 5.49837  1
103    0.952364
43 6.63915  1
210    0
44 10.3645  4
61    1.08624
62    0.761946
104    0.924787
132    0.852293
45 12.5295  1
108    0.703149
46 9.59914  1
192    0.878954
47 10.0301  1
210    0
48 11.4373  4
50    1.10427
51    0.820853
52    1.09536
112    1.06633
49 6.03244  10
86    1.11143
87    0.844218
88    1.17166
89    1.0409
90    1.2139
91    1.17885
92    1.06439
93    1.29062
94    0.829368
95    1.12315
50 8.38328  1
117    0.878954
51 6.0596  1
210    0
52 8.47179  8
53    0.79172
54    1.00021
55    1.08104
56    0.744972
57    0.847551
58    1.18253
59    1.07642
117    0.754585
53 6.34861  1
60    1.0018
54 9.41572  1
210    0
55 9.43129  2
63    0.902997
193    1.22022
56 9.48195  10
65    0.965877
66    0.968917
67    0.978841
68    1.01125
69    1.11709
70    0.862694
71    1.23199
72    1.23793
73    1.2573
74    0.720545
57 9.64736  7
96    0.882488
97    1.29663
98    0.848979
99    1.1872
100    1.09166
101    0.779653
102    0.960805
58 10.1875  10
133    1.10427
134    0.820853
135    1.09536
136    0.79172
137    1.00021
138    1.08104
139    0.744972
140    0.847551
141    1.18253
142    1.07642
59 11.9515  1
163    0.720545
60 7.71157  4
113    0.85006
114    1.19074
115    1.10321
116    0.817374
61 13.8665  1
118    1.22851
62 13.9654  1
112    1.29696
63 14.2883  2
64    0.780917
117    1.28509
64 5.34242  1
210    0
65 6.1298  1
117    1.06421
66 8.70098  1
122    1.23185
67 7.09723  1
210    0
68 11.8603  1
163    0.767788
69 7.41371  1
210    0
70 12.8939  1
120    1.01116
71 10.7894  1
163    0.825834
72 13.9169  2
149    0.761946
164    0.844823
73 14.1299  1
121    0.861742
74 14.8254  1
210    0
75 7.09632  1
210    0
76 11.8572  1
172    0.779653
77 7.40364  1
172    0.924787
78 12.861  1
170    1.17166
79 10.6816  1
210    0
80 13.565  2
107    0.700751
119    1.13172
81 12.9809  1
210    0
82 11.0732  1
119    0.78804
83 14.8437  1
210    0
84 7.15613  2
132    1.127
170    1.0409
85 12.0525  1
122    1.25574
86 8.04147  5
174    0.883532
175    0.700018
176    0.700751
177    0.703149
178    0.710987
87 14.9438  1
105    1.14068
88 7.48299  1
194    0.988198
89 13.1201  1
210    0
90 11.5276  1
120    1.18865
91 6.32756  1
121    1.17334
92 9.34675  2
122    0.715455
168    1.28953
93 9.20606  1
106    0.939729
94 8.74645  1
210    0
95 7.24555  5
123    0.751161
124    0.867766
125    1.24855
126    1.29198
164    1.11162
96 12.3446  1
118    0.861632
97 8.99548  1
118    1.11676
98 8.05887  1
210    0
99 5.00031  2
121    1.22776
122    1.23745
100 5.01251  4
109    0.820103
110    1.0929
111    0.783718
196    1.22888
101 5.05249  1
119    1.19947
102 5.18311  1
112    0.995706
103 5.60945  2
117    1.29002
120    1.2169
104 7.00171  5
127    0.833799
128    1.13764
129    0.929786
130    0.851067
131    1.19402
105 11.5484  2
119    0.910486
121    1.22888
106 6.39531  2
117    1.08398
172    1.1872
107 9.56801  1
210    0
108 9.92843  1
210    0
109 11.1055  1
195    0.861742
110 14.9493  1
210    0
111 7.50099  2
120    1.1168
163    0.922059
112 13.179  1
210    0
113 11.7202  3
165    1.17364
166    1.04736
167    1.23501
114 6.95624  1
132    0.823582
115 11.3997  1
210    0
116 5.90976  1
210    0
117 7.98257  1
210    0
118 14.7516  1
210    0
119 6.85522  1
120    1.09638
120 11.0701  1
210    0
121 14.8337  1
210    0
122 7.12348  1
210    0
123 11.946  1
172    0.834733
124 7.69387  1
210    0
125 13.8086  1
210    0
126 13.7762  1
132    1.19803
127 13.6703  1
210    0
128 13.3245  1
170    1.2139
129 12.1953  1
210    0
130 8.5081  1
210    0
131 6.46733  1
210    0
132 9.80331  1
149    1.08624
133 10.6969  1
210    0
134 13.6151  1
170    1.17885
135 13.1442  1
169    0.825779
136 11.6063  1
170    1.29062
137 6.58452  5
187    0.85006
188    1.19074
189    1.10321
190    0.817374
191    1.08398
138 10.186  6
157    0.978841
158    1.01125
159    1.11709
160    0.862694
161    1.23199
162    1.23793
139 11.9466  1
210    0
140 7.6957  1
173    0.939729
141 13.8147  1
210    0
142 13.796  1
193    1.11676
143 13.7353  7
150    0.902997
151    0.763576
152    0.908307
153    0.780917
154    0.964943
155    0.965877
156    0.968917
144 13.5369  1
172    1.14068
145 12.889  1
171    0.829368
146 10.7732  1
193    1.13172
147 13.8641  1
163    1.2573
148 13.9575  1
210    0
149 14.2624  1
210    0
150 5.25758  1
210    0
151 5.85269  2
168    1.24779
193    1.19947
152 7.79611  1
210    0
153 14.1424  7
179    0.736567
180    0.820103
181    1.0929
182    0.783718
183    0.974081
184    0.995706
185    1.06633
154 14.8663  1
210    0
155 7.22999  1
210    0
156 12.2939  1
210    0
157 8.82977  1
210    0
158 7.51778  2
170    1.11143
171    0.882488
159 13.2336  1
210    0
160 11.8984  1
210    0
161 7.53822  1
210    0
162 13.3004  2
172    0.960805
196    1.22776
163 12.1166  1
210    0
164 8.25083  1
210    0
165 5.62716  1
192    1.06421
166 7.05969  1
193    0.910486
167 11.7379  1
210    0
168 7.01422  1
210    0
169 11.5893  1
170    1.06439
170 6.52867  1
194    1.1168
171 10.0035  1
172    0.848979
172 11.3506  6
204    0.715455
205    0.751161
206    0.867766
207    1.24855
208    1.29198
209    0.833799
173 5.74953  1
210    0
174 7.45918  1
210    0
175 13.0422  1
210    0
176 11.2737  1
210    0
177 5.49837  1
210    0
178 6.63915  1
210    0
179 10.3645  1
193    0.861632
180 12.5295  1
210    0
181 9.59914  1
194    1.2169
182 10.0301  1
210    0
183 11.4373  1
210    0
184 6.03244  1
210    0
185 8.38328  1
193    1.22657
186 6.0596  2
192    0.811313
194    1.04181
187 8.47179  1
192    1.28509
188 6.34861  1
194    1.09638
189 9.41572  1
210    0
190 9.43129  1
210    0
191 9.48195  1
210    0
192 9.64736  1
210    0
193 10.1875  1
210    0
194 11.9515  1
210    0
195 7.71157  1
210    0
196 13.8665  7
197    1.22412
198    1.21222
199    1.17334
200    1.04639
201    1.23185
202    1.23745
203    1.25574
197 13.9654  1
210    0
198 14.2883  1
210    0
199 5.34242  1
210    0
200 6.1298  1
210    0
201 8.70098  1
210    0
202 7.09723  1
210    0
203 11.8603  1
210    0
204 7.41371  1
210    0
205 12.8939  1
210    0
206 10.7894  1
210    0
207 13.9169  1
210    0
208 14.1299  1
210    0
209 14.8254  1
210    0
210 0  0
