181
0 14.1299  5
1    64.2547
3    64.501
50    61.8963
72    36.8284
111    42.5533
1 14.8254  4
2    40.5657
3    53.2104
25    55.6952
45    54.3118
2 7.09632  1
13    43.0871
3 11.8572  10
4    41.3704
5    55.838
6    43.0816
7    61.4257
8    61.3286
9    61.0109
10    59.9736
11    56.586
12    45.5243
13    50.558
4 7.40364  3
13    52.0907
49    48.4458
113    55.2136
5 12.861  4
13    59.4325
25    42.5533
49    48.9421
133    57.0338
6 10.6816  7
13    60.8452
50    50.5626
51    41.2917
53    64.4763
109    52.3196
110    37.5581
131    53.2196
7 13.565  6
19    52.3196
20    61.5923
21    61.8725
25    56.8818
50    61.5996
72    35.5493
8 12.9809  3
13    39.7536
25    41.69
50    55.8545
9 11.0732  5
13    54.819
25    42.6147
109    62.7871
149    59.9736
157    43.3883
10 14.8437  3
13    49.4099
111    46.4893
114    50.0105
11 7.15613  3
13    39.402
25    43.3883
49    48.2472
12 12.0525  4
13    55.8399
111    43.3883
114    39.9174
116    38.1788
13 8.04147  5
14    61.444
15    61.3881
16    61.2059
17    60.6108
18    58.6671
14 14.9438  3
88    40.5657
109    60.6108
157    61.8725
15 7.48299  4
33    54.7678
34    39.586
35    50.0105
36    54.0518
16 13.1201  2
25    64.599
109    61.5923
17 11.5276  3
52    42.2411
113    56.3498
117    48.2939
18 6.32756  3
45    38.0973
53    52.3681
118    36.0273
19 9.34675  2
50    38.3894
72    44.1766
20 9.20606  5
22    62.7871
23    35.7727
24    37.5581
25    62.4273
117    48.4458
21 8.74645  1
53    61.7507
22 7.24555  3
50    43.1347
53    41.2889
131    54.5828
23 12.3446  3
25    46.4893
52    55.5808
118    62.8649
24 8.99548  2
25    59.7008
145    59.5369
25 8.05887  6
26    59.9013
27    56.3498
28    44.7525
29    36.8815
30    41.1791
31    55.2136
26 5.00031  2
112    42.6147
118    38.3894
27 5.01251  5
37    37.2486
38    42.3775
39    59.1267
40    53.8211
52    58.6818
28 5.05249  1
180    0
29 5.18311  4
53    55.5716
114    42.3775
145    53.2104
154    43.0871
30 5.60945  2
32    41.0427
114    53.8211
31 7.00171  1
51    46.1029
32 11.5484  3
45    50.0902
53    62.3898
149    56.586
33 6.39531  4
46    45.1498
50    62.8649
88    64.501
131    56.1576
34 9.56801  3
72    35.0375
114    36.4951
131    64.5312
35 9.92843  7
73    41.0051
74    54.6451
75    39.1859
76    48.704
77    49.7853
78    53.3166
166    59.9013
36 11.1055  8
41    36.4951
42    39.9174
43    51.0936
44    57.5886
46    38.1788
116    54.3118
145    55.1605
167    56.3498
37 14.9493  1
180    0
38 7.50099  1
157    52.3196
39 13.179  3
47    45.4154
48    39.0458
133    46.9865
40 11.7202  2
50    36.0273
145    37.7293
41 6.95624  2
45    48.7974
154    61.444
42 11.3997  1
116    45.4154
43 5.90976  6
59    53.2196
60    64.5312
61    41.4684
62    56.1576
116    39.0458
149    61.0109
44 7.98257  2
146    64.501
147    41.3704
45 14.7516  1
111    56.8818
46 6.85522  1
72    35.1575
47 11.0701  4
57    60.6951
58    58.9427
109    61.8725
111    55.6952
48 14.8337  3
49    48.2939
118    55.5808
154    39.7536
49 7.12348  1
113    41.0427
50 11.946  1
180    0
51 7.69387  3
54    42.2109
55    58.5829
56    52.0449
52 13.8086  6
103    39.7536
104    50.558
105    55.8399
106    43.0871
107    61.444
108    61.3881
53 13.7762  1
72    35.0009
54 13.6703  2
88    53.2104
112    59.9013
55 13.3245  10
79    64.848
80    42.503
81    59.5369
82    55.1605
83    40.8687
84    54.1992
85    37.7293
86    43.9477
87    64.2547
115    57.5886
56 12.1953  10
63    44.1244
64    64.8315
65    42.449
66    59.3602
67    54.5828
68    38.9827
69    48.0403
70    47.6182
71    46.2394
111    41.69
57 8.5081  3
119    58.6818
120    52.3681
121    61.7507
58 6.46733  1
109    61.2059
59 9.80331  2
88    41.3704
131    41.4684
60 10.6969  1
180    0
61 13.6151  1
72    57.0338
62 13.1442  1
117    50.5626
63 11.6063  1
131    42.449
64 6.58452  1
144    64.848
65 10.186  1
154    60.8452
66 11.9466  2
72    41.7367
113    39.586
67 7.6957  1
180    0
68 13.8147  1
180    0
69 13.796  1
131    64.8315
70 13.7353  2
72    46.9865
131    44.1244
71 13.5369  1
180    0
72 12.889  1
116    45.1498
73 10.7732  10
95    56.586
96    45.5243
97    39.402
98    49.4099
99    52.0907
100    60.8452
101    59.4325
102    54.819
110    35.7727
116    38.0973
74 13.8641  1
113    44.7525
75 13.9575  1
132    48.0403
76 14.2624  1
111    64.599
77 5.25758  1
180    0
78 5.85269  1
180    0
79 7.79611  1
180    0
80 14.1424  2
113    54.7678
117    48.9421
81 14.8663  6
89    55.838
90    43.0816
91    61.4257
92    61.3286
93    61.0109
94    59.9736
82 7.22999  1
180    0
83 12.2939  2
114    51.0936
118    41.2917
84 8.82977  3
111    62.4273
114    54.0518
133    46.2394
85 7.51778  3
131    59.3602
133    41.7367
148    43.0816
86 13.2336  1
114    59.1267
87 11.8984  1
154    59.4325
88 7.53822  1
114    37.2486
89 13.3004  1
148    55.838
90 12.1166  1
157    60.6108
91 8.25083  2
130    58.9427
145    40.8687
92 5.62716  1
133    44.1766
93 7.05969  1
180    0
94 11.7379  1
157    62.7871
95 7.01422  1
157    62.4273
96 11.5893  1
116    48.2472
97 6.52867  1
180    0
98 10.0035  1
118    42.2411
99 11.3506  1
180    0
100 5.74953  1
180    0
101 7.45918  2
113    41.1791
116    50.0902
102 13.0422  3
109    58.6671
118    61.5996
157    35.7727
103 11.2737  1
180    0
104 5.49837  2
155    61.3881
156    61.2059
105 6.63915  3
113    36.8815
148    61.4257
154    50.558
106 10.3645  1
145    42.503
107 12.5295  1
118    46.1029
108 9.59914  1
180    0
109 10.0301  2
111    59.7008
133    47.6182
110 11.4373  7
137    36.8284
138    41.0051
139    54.6451
140    39.1859
141    48.704
142    49.7853
143    53.3166
111 6.03244  1
117    43.1347
112 8.38328  1
180    0
113 6.0596  2
116    48.7974
117    55.8545
114 8.47179  1
180    0
115 6.34861  9
122    62.3898
123    64.4763
124    41.2889
125    55.5716
126    42.2109
127    58.5829
128    52.0449
129    60.6951
149    61.3286
116 9.41572  1
145    64.2547
117 9.43129  1
118    61.8963
118 9.48195  1
167    41.1791
119 9.64736  1
180    0
120 10.1875  1
180    0
121 11.9515  1
180    0
122 7.71157  2
133    35.0009
145    40.5657
123 13.8665  1
180    0
124 13.9654  2
131    38.9827
145    43.9477
125 14.2883  3
134    35.0375
135    35.1575
136    35.5493
126 5.34242  1
180    0
127 6.1298  1
180    0
128 8.70098  1
180    0
129 7.09723  1
180    0
130 11.8603  1
180    0
131 7.41371  1
180    0
132 12.8939  1
180    0
133 10.7894  1
180    0
134 13.9169  1
167    55.2136
135 14.1299  1
157    61.5923
136 14.8254  8
158    64.599
159    41.69
160    56.8818
161    46.4893
162    42.5533
163    59.7008
164    55.6952
165    42.6147
137 7.09632  2
145    54.1992
154    55.8399
138 11.8572  1
167    44.7525
139 7.40364  4
150    45.5243
151    39.402
152    49.4099
153    52.0907
140 12.861  1
180    0
141 10.6816  1
167    36.8815
142 13.565  1
154    54.819
143 12.9809  1
157    58.6671
144 11.0732  1
180    0
145 14.8437  1
180    0
146 7.15613  1
180    0
147 12.0525  1
180    0
148 8.04147  1
180    0
149 14.9438  1
180    0
150 7.48299  1
180    0
151 13.1201  1
180    0
152 11.5276  1
157    37.5581
153 6.32756  1
180    0
154 9.34675  1
180    0
155 9.20606  1
180    0
156 8.74645  1
180    0
157 7.24555  1
180    0
158 12.3446  2
178    39.9174
179    51.0936
159 8.99548  10
168    41.0427
169    54.7678
170    39.586
171    50.0105
172    54.0518
173    37.2486
174    42.3775
175    59.1267
176    53.8211
177    36.4951
160 8.05887  1
180    0
161 5.00031  1
180    0
162 5.01251  1
180    0
163 5.05249  1
180    0
164 5.18311  1
180    0
165 5.60945  1
180    0
166 7.00171  1
180    0
167 11.5484  1
180    0
168 6.39531  1
180    0
169 9.56801  1
180    0
170 9.92843  1
180    0
171 11.1055  1
180    0
172 14.9493  1
180    0
173 7.50099  1
180    0
174 13.179  1
180    0
175 11.7202  1
180    0
176 6.95624  1
180    0
177 11.3997  1
180    0
178 5.90976  1
180    0
179 7.98257  1
180    0
180 0  0
