45
0 13.1201  10
1    1.04181
2    1.2169
3    1.18865
4    1.09638
5    0.795071
6    1.01116
7    1.1168
8    0.861742
9    1.22888
25    1.10427
1 11.5276  5
10    1.22776
11    1.22412
12    1.21222
13    1.17334
14    1.04639
2 6.32756  1
17    0.833799
3 9.34675  1
17    1.24855
4 9.20606  1
25    0.820853
5 8.74645  2
15    1.25574
17    1.29198
6 7.24555  1
44    0
7 12.3446  1
17    0.867766
8 8.99548  1
25    0.737629
9 8.05887  1
15    1.23745
10 5.00031  8
18    0.929786
19    0.851067
20    1.19402
21    1.1139
22    0.852293
23    1.19803
24    1.127
25    1.08104
11 5.01251  1
44    0
12 5.05249  3
15    0.715455
17    1.13764
25    0.79172
13 5.18311  1
15    1.23185
14 5.60945  2
16    0.751161
25    0.89505
15 7.00171  1
25    0.744972
16 11.5484  1
44    0
17 6.39531  1
25    1.00021
18 9.56801  9
26    0.847551
27    1.18253
28    1.07642
29    0.729902
30    0.798349
31    1.02187
32    1.15177
33    0.975948
34    1.0018
19 9.92843  1
44    0
20 11.1055  1
44    0
21 14.9493  1
44    0
22 7.50099  1
25    1.09536
23 13.179  1
44    0
24 11.7202  1
25    0.823582
25 6.95624  1
44    0
26 11.3997  1
44    0
27 5.90976  1
44    0
28 7.98257  1
44    0
29 14.7516  1
35    1.08624
30 6.85522  1
44    0
31 11.0701  1
44    0
32 14.8337  1
44    0
33 7.12348  1
44    0
34 11.946  1
44    0
35 7.69387  8
36    0.761946
37    0.902997
38    0.763576
39    0.908307
40    0.780917
41    0.964943
42    0.965877
43    0.968917
36 13.8086  1
44    0
37 13.7762  1
44    0
38 13.6703  1
44    0
39 13.3245  1
44    0
40 12.1953  1
44    0
41 8.5081  1
44    0
42 6.46733  1
44    0
43 9.80331  1
44    0
44 0  0
