223
0 5.34242  10
1    3.75581
2    4.33883
3    6.24273
4    6.4599
5    4.169
6    5.68818
7    4.64893
8    4.25533
9    5.97008
16    5.00902
1 6.1298  4
14    3.9586
23    5.55808
83    4.25533
166    3.75581
2 8.70098  4
14    3.68815
69    3.9402
83    5.68818
108    5.86818
3 7.09723  7
14    4.47525
15    3.99174
16    4.87974
22    4.89421
23    3.83894
115    4.41244
159    4.30871
4 11.8603  4
15    5.10936
21    4.54154
97    4.82939
108    4.12889
5 7.41371  4
15    5.00105
23    3.60273
94    3.64951
95    5.00902
6 12.8939  3
14    4.11791
22    5.58545
33    6.48315
7 10.7894  7
10    5.56952
11    4.26147
12    5.99013
13    5.63498
15    3.64951
22    6.15996
24    4.12889
8 13.9169  2
15    5.40518
24    6.44763
9 14.1299  3
16    5.75886
21    4.82939
24    5.23681
10 14.8254  2
14    4.10427
70    5.58399
11 7.09632  3
14    5.52136
15    4.23775
21    4.82472
12 11.8572  2
15    5.38211
33    3.89827
13 7.40364  3
14    5.47678
15    3.72486
82    6.24273
14 12.861  3
15    5.91267
22    5.05626
23    6.18963
15 10.6816  4
21    3.90458
22    4.31347
23    4.22411
24    5.86818
16 13.565  5
17    5.43118
24    5.55716
33    4.41244
104    3.83894
188    4.51498
17 12.9809  5
18    3.80973
19    4.51498
20    3.81788
24    6.17507
33    5.93602
18 11.0732  2
23    4.12917
24    4.22109
19 14.8437  3
21    4.84458
23    4.61029
108    6.44763
20 7.15613  1
33    4.2449
21 12.0525  10
25    5.85829
26    5.20449
27    6.06951
28    5.89427
29    5.32196
30    6.45312
31    4.14684
32    5.61576
47    3.91859
70    5.0558
22 8.04147  3
23    6.28649
47    5.46451
148    5.5838
23 14.9438  2
24    6.23898
33    5.45828
24 7.48299  1
83    4.64893
25 13.1201  1
69    4.94099
26 11.5276  4
44    3.55493
45    3.68284
46    4.10051
94    4.87974
27 6.32756  1
222    0
28 9.34675  1
222    0
29 9.20606  1
108    5.23681
30 8.74645  5
57    3.77293
58    4.39477
59    6.42547
60    4.05657
148    6.14257
31 7.24555  6
98    5.58545
99    4.31347
100    6.15996
101    6.18963
102    6.28649
103    3.60273
32 12.3446  1
187    5.40518
33 8.99548  3
34    4.80403
94    5.75886
95    4.51498
34 8.05887  9
35    4.76182
36    4.62394
37    4.17367
38    5.70338
39    4.69865
40    4.41766
41    3.50009
42    3.50375
43    3.51575
35 5.00031  2
69    6.08452
83    4.26147
36 5.01251  1
96    4.82472
37 5.05249  1
222    0
38 5.18311  3
105    4.12917
106    5.55808
107    4.22411
39 5.60945  3
83    5.97008
94    3.99174
187    3.99174
40 7.00171  5
155    5.20907
156    6.08452
157    5.94325
158    5.4819
188    4.82472
41 11.5484  1
69    5.20907
42 6.39531  2
93    3.72486
188    5.75886
43 9.56801  1
69    5.6586
44 9.92843  2
69    4.55243
188    5.00902
45 11.1055  1
115    6.48315
46 14.9493  1
70    4.30871
47 7.50099  9
48    4.8704
49    4.97853
50    5.33166
51    6.4848
52    4.2503
53    5.95369
54    5.51605
55    4.08687
56    5.41992
48 13.179  1
97    5.05626
49 11.7202  9
72    6.12059
73    6.06108
74    5.86671
75    5.23196
76    6.15923
77    6.18725
78    6.27871
79    3.57727
80    3.75581
50 6.95624  1
83    6.4599
51 11.3997  1
83    5.56952
52 5.90976  2
94    5.38211
148    6.4501
53 7.98257  1
116    4.2449
54 14.7516  1
222    0
55 6.85522  8
61    5.32104
62    6.4501
63    4.13704
64    5.5838
65    4.30816
66    6.14257
67    6.13286
68    6.10109
56 11.0701  2
69    5.4819
96    3.90458
57 14.8337  1
93    5.40518
58 7.12348  1
81    4.33883
59 11.946  2
71    6.13881
83    4.169
60 7.69387  9
134    3.91859
135    4.8704
136    4.97853
137    5.33166
138    6.4848
139    4.2503
140    5.95369
141    5.51605
142    4.08687
61 13.8086  1
222    0
62 13.7762  1
222    0
63 13.6703  1
222    0
64 13.3245  2
70    3.97536
115    5.61576
65 12.1953  1
69    5.94325
66 8.5081  3
69    5.99736
93    4.23775
108    6.23898
67 6.46733  1
222    0
68 9.80331  1
222    0
69 10.6969  2
70    6.1444
187    5.38211
70 13.6151  1
222    0
71 13.1442  1
222    0
72 11.6063  1
187    3.64951
73 6.58452  2
93    5.91267
104    4.61029
74 10.186  1
95    3.81788
75 11.9466  1
93    5.00105
76 7.6957  1
188    3.80973
77 13.8147  1
95    3.80973
78 13.796  3
108    6.17507
115    4.14684
189    4.82939
79 13.7353  1
97    4.84458
80 13.5369  1
222    0
81 12.889  1
222    0
82 10.7732  2
94    5.10936
95    5.43118
83 13.8641  9
84    5.99013
85    5.63498
86    4.47525
87    3.68815
88    4.11791
89    5.52136
90    4.10427
91    5.47678
92    3.9586
84 13.9575  1
95    4.54154
85 14.2624  1
222    0
86 5.25758  10
117    5.93602
118    5.45828
119    3.89827
120    4.80403
121    4.76182
122    4.62394
123    4.17367
124    5.70338
125    4.69865
126    4.41766
87 5.85269  1
222    0
88 7.79611  1
222    0
89 14.1424  1
222    0
90 14.8663  1
97    4.89421
91 7.22999  1
222    0
92 12.2939  1
115    6.45312
93 8.82977  1
154    4.94099
94 7.51778  1
188    3.90458
95 13.2336  1
222    0
96 11.8984  2
108    5.55716
170    4.169
97 7.53822  7
109    4.22109
110    5.85829
111    5.20449
112    6.06951
113    5.89427
114    5.32196
166    3.57727
98 13.3004  1
222    0
99 12.1166  1
222    0
100 8.25083  1
222    0
101 5.62716  1
222    0
102 7.05969  6
160    6.13881
161    6.12059
162    6.06108
163    5.86671
164    5.23196
165    6.15923
103 11.7379  1
148    5.32104
104 7.01422  7
180    3.68815
181    4.11791
182    5.52136
183    4.10427
184    5.47678
185    3.9586
186    5.00105
105 11.5893  1
222    0
106 6.52867  1
222    0
107 10.0035  1
222    0
108 11.3506  1
222    0
109 5.74953  1
222    0
110 7.45918  1
222    0
111 13.0422  1
222    0
112 11.2737  1
222    0
113 5.49837  1
222    0
114 6.63915  1
222    0
115 10.3645  5
143    5.41992
144    3.77293
145    4.39477
146    6.42547
147    4.05657
116 12.5295  5
149    6.10109
150    5.99736
151    5.6586
152    4.55243
153    3.9402
117 9.59914  2
159    3.97536
187    5.91267
118 10.0301  1
159    5.0558
119 11.4373  1
222    0
120 6.03244  1
222    0
121 8.38328  1
148    4.30816
122 6.0596  7
127    3.50009
128    3.50375
129    3.51575
130    3.55493
131    3.68284
132    4.10051
133    5.46451
123 8.47179  1
222    0
124 6.34861  1
187    4.23775
125 9.41572  1
222    0
126 9.43129  1
222    0
127 9.48195  9
213    5.20449
214    6.06951
215    5.89427
216    5.32196
217    6.45312
218    4.14684
219    5.61576
220    4.41244
221    6.48315
128 9.64736  1
159    5.58399
129 10.1875  1
166    6.18725
130 11.9515  3
167    4.33883
168    6.24273
169    6.4599
131 7.71157  1
222    0
132 13.8665  1
222    0
133 13.9654  1
222    0
134 14.2883  2
159    6.1444
188    5.43118
135 5.34242  1
222    0
136 6.1298  8
190    4.84458
191    4.89421
192    5.05626
193    5.58545
194    4.31347
195    6.15996
196    6.18963
197    6.28649
137 8.70098  1
222    0
138 7.09723  1
222    0
139 11.8603  1
222    0
140 7.41371  1
222    0
141 12.8939  1
222    0
142 10.7894  1
148    6.13286
143 13.9169  1
148    4.13704
144 14.1299  1
222    0
145 14.8254  7
206    6.17507
207    6.23898
208    6.44763
209    4.12889
210    5.55716
211    4.22109
212    5.85829
146 7.09632  1
222    0
147 11.8572  1
222    0
148 7.40364  1
222    0
149 12.861  1
222    0
150 10.6816  1
222    0
151 13.565  1
166    6.27871
152 12.9809  1
222    0
153 11.0732  1
222    0
154 14.8437  8
198    3.60273
199    3.83894
200    4.61029
201    4.12917
202    5.55808
203    4.22411
204    5.86818
205    5.23681
155 7.15613  1
222    0
156 12.0525  1
222    0
157 8.04147  1
188    3.81788
158 14.9438  1
222    0
159 7.48299  1
222    0
160 13.1201  1
222    0
161 11.5276  1
222    0
162 6.32756  1
222    0
163 9.34675  1
222    0
164 9.20606  1
222    0
165 8.74645  1
222    0
166 7.24555  9
171    5.68818
172    4.64893
173    4.25533
174    5.97008
175    5.56952
176    4.26147
177    5.99013
178    5.63498
179    4.47525
167 12.3446  1
222    0
168 8.99548  1
222    0
169 8.05887  1
222    0
170 5.00031  1
222    0
171 5.01251  1
222    0
172 5.05249  1
222    0
173 5.18311  1
222    0
174 5.60945  1
188    4.87974
175 7.00171  1
222    0
176 11.5484  1
187    3.72486
177 6.39531  1
222    0
178 9.56801  1
222    0
179 9.92843  1
222    0
180 11.1055  1
222    0
181 14.9493  1
222    0
182 7.50099  1
222    0
183 13.179  1
187    5.10936
184 11.7202  1
222    0
185 6.95624  1
188    4.54154
186 11.3997  1
222    0
187 5.90976  1
222    0
188 7.98257  1
222    0
189 14.7516  1
222    0
190 6.85522  1
222    0
191 11.0701  1
222    0
192 14.8337  1
222    0
193 7.12348  1
222    0
194 11.946  1
222    0
195 7.69387  1
222    0
196 13.8086  1
222    0
197 13.7762  1
222    0
198 13.6703  1
222    0
199 13.3245  1
222    0
200 12.1953  1
222    0
201 8.5081  1
222    0
202 6.46733  1
222    0
203 9.80331  1
222    0
204 10.6969  1
222    0
205 13.6151  1
222    0
206 13.1442  1
222    0
207 11.6063  1
222    0
208 6.58452  1
222    0
209 10.186  1
222    0
210 11.9466  1
222    0
211 7.6957  1
222    0
212 13.8147  1
222    0
213 13.796  1
222    0
214 13.7353  1
222    0
215 13.5369  1
222    0
216 12.889  1
222    0
217 10.7732  1
222    0
218 13.8641  1
222    0
219 13.9575  1
222    0
220 14.2624  1
222    0
221 5.25758  1
222    0
222 0  0
