57
0 7.48299  3
1    6.06108
9    4.33883
31    3.81788
1 13.1201  8
2    5.86671
3    5.23196
4    6.15923
5    6.18725
6    6.27871
7    3.57727
9    4.169
31    4.51498
2 11.5276  3
9    6.4599
10    5.68818
31    4.54154
3 6.32756  1
31    5.75886
4 9.34675  1
8    3.75581
5 9.20606  2
9    6.24273
10    4.64893
6 8.74645  1
31    4.87974
7 7.24555  1
56    0
8 12.3446  1
56    0
9 8.99548  1
11    4.25533
10 8.05887  1
56    0
11 5.00031  10
12    5.97008
13    5.56952
14    4.26147
15    5.99013
16    5.63498
17    4.47525
18    3.68815
19    4.11791
20    5.52136
21    4.10427
12 5.01251  1
56    0
13 5.05249  1
56    0
14 5.18311  1
56    0
15 5.60945  6
44    3.83894
45    4.61029
46    4.12917
47    5.55808
48    4.22411
49    5.86818
16 7.00171  1
56    0
17 11.5484  9
22    5.47678
23    3.9586
24    5.00105
25    5.40518
26    3.72486
27    4.23775
28    5.91267
29    5.38211
30    3.64951
18 6.39531  5
51    6.23898
52    6.44763
53    4.12889
54    5.55716
55    4.22109
19 9.56801  1
56    0
20 9.92843  1
31    3.80973
21 11.1055  1
56    0
22 14.9493  1
31    5.10936
23 7.50099  1
31    5.43118
24 13.179  1
31    5.00902
25 11.7202  1
56    0
26 6.95624  1
56    0
27 11.3997  6
38    5.58545
39    4.31347
40    6.15996
41    6.18963
42    6.28649
43    3.60273
28 5.90976  1
56    0
29 7.98257  6
32    3.90458
33    4.82472
34    4.82939
35    4.84458
36    4.89421
37    5.05626
30 14.7516  1
31    3.99174
31 6.85522  1
56    0
32 11.0701  1
56    0
33 14.8337  1
56    0
34 7.12348  1
56    0
35 11.946  1
56    0
36 7.69387  1
56    0
37 13.8086  1
56    0
38 13.7762  1
56    0
39 13.6703  1
56    0
40 13.3245  1
56    0
41 12.1953  1
56    0
42 8.5081  1
56    0
43 6.46733  1
56    0
44 9.80331  1
50    6.17507
45 10.6969  1
56    0
46 13.6151  1
56    0
47 13.1442  1
50    5.23681
48 11.6063  1
56    0
49 6.58452  1
56    0
50 10.186  1
56    0
51 11.9466  1
56    0
52 7.6957  1
56    0
53 13.8147  1
56    0
54 13.796  1
56    0
55 13.7353  1
56    0
56 0  0
