90
0 14.8254  4
1    11.27
24    9.64943
25    9.78841
74    7.51161
1 7.09632  4
2    8.9505
3    7.37629
4    8.23582
85    9.65877
2 11.8572  8
5    11.0427
6    8.20853
7    10.9536
8    7.9172
9    10.0021
10    10.8104
25    8.62694
42    8.48979
3 7.40364  1
32    12.8953
4 12.861  7
43    9.52364
44    9.24787
45    8.34733
46    11.4068
47    9.39729
48    8.83532
67    9.10486
5 10.6816  6
18    9.75948
19    10.018
20    10.8624
21    7.61946
22    9.02997
23    7.63576
6 13.565  2
11    8.47551
24    7.80917
7 12.9809  2
11    7.44972
25    10.1125
8 11.0732  9
12    11.8253
13    10.7642
14    7.29902
15    7.98349
32    11.1143
42    9.60805
67    11.8865
75    11.27
84    7.98349
9 14.8437  1
32    12.3501
10 7.15613  3
25    11.1709
49    7.00751
85    10.8624
11 12.0525  1
56    10.6633
12 8.04147  3
32    8.44823
67    7.95071
85    9.02997
13 14.9438  4
16    10.2187
17    11.5177
25    9.68917
67    10.4181
14 7.48299  1
32    8.25834
15 13.1201  1
89    0
16 11.5276  3
25    9.65877
49    7.00018
84    11.5177
17 6.32756  3
41    8.82488
73    12.1222
74    12.5574
18 9.34675  2
24    9.08307
32    11.7364
19 9.20606  3
32    8.25779
41    11.2315
74    7.15455
20 8.74645  6
26    12.3199
27    12.3793
28    12.573
29    7.20545
30    7.67788
31    9.22059
21 7.24555  2
32    12.478
67    10.1116
22 12.3446  1
89    0
23 8.99548  10
33    8.44218
34    11.7166
35    10.409
36    12.139
37    11.7885
38    10.6439
39    12.9062
40    8.29368
41    12.9663
61    10.6421
24 8.05887  2
42    7.79653
56    8.5006
25 5.00031  3
42    11.872
49    7.0315
61    8.11313
26 5.01251  1
32    10.4736
27 5.05249  4
62    8.61632
63    12.2851
64    12.2657
65    12.2022
28 5.18311  2
32    11.1162
75    8.9505
29 5.60945  1
89    0
30 7.00171  1
56    12.9696
31 11.5484  1
84    7.29902
32 6.39531  2
67    12.169
74    9.29786
33 9.56801  1
42    10.9166
34 9.92843  1
75    11.139
35 11.1055  1
61    12.8509
36 14.9493  7
50    7.36567
51    8.20103
52    10.929
53    7.83718
54    9.74081
55    9.95706
73    12.3185
37 7.50099  2
49    7.10987
61    8.27409
38 13.179  1
89    0
39 11.7202  2
74    8.33799
75    8.51067
40 6.95624  1
89    0
41 11.3997  2
61    8.78954
74    8.67766
42 5.90976  2
61    7.54585
84    8.47551
43 7.98257  3
66    11.9947
67    9.88198
74    12.4855
44 14.7516  1
74    12.3745
45 6.85522  1
89    0
46 11.0701  1
89    0
47 14.8337  1
61    11.1676
48 7.12348  1
89    0
49 11.946  5
57    11.9074
58    11.0321
59    8.17374
60    10.8398
75    11.9402
50 7.69387  2
74    11.3764
84    7.44972
51 13.8086  2
67    10.9638
84    10.018
52 13.7762  1
89    0
53 13.6703  6
68    11.168
69    8.61742
70    12.2888
71    12.2776
72    12.2412
73    11.7334
54 13.3245  1
84    9.75948
55 12.1953  1
85    9.64943
56 8.5081  1
85    9.08307
57 6.46733  2
61    12.9002
66    11.3172
58 9.80331  1
89    0
59 10.6969  1
84    11.8253
60 13.6151  1
73    10.4639
61 13.1442  1
89    0
62 11.6063  1
84    10.7642
63 6.58452  3
86    10.1125
87    11.1709
88    8.62694
64 10.186  1
89    0
65 11.9466  2
67    7.8804
85    7.61946
66 7.6957  1
89    0
67 13.8147  1
75    8.52293
68 13.796  1
89    0
69 13.7353  1
89    0
70 13.5369  1
89    0
71 12.889  1
84    10.2187
72 10.7732  1
85    7.63576
73 13.8641  2
74    12.9198
85    7.80917
74 13.9575  1
75    11.9803
75 14.2624  9
76    7.37629
77    8.23582
78    11.0427
79    8.20853
80    10.9536
81    7.9172
82    10.0021
83    10.8104
85    9.78841
76 5.25758  1
89    0
77 5.85269  1
89    0
78 7.79611  1
89    0
79 14.1424  1
85    9.68917
80 14.8663  1
89    0
81 7.22999  1
89    0
82 12.2939  1
89    0
83 8.82977  1
89    0
84 7.51778  1
89    0
85 13.2336  1
89    0
86 11.8984  1
89    0
87 7.53822  1
89    0
88 13.3004  1
89    0
89 0  0
