174
0 12.889  7
1    54.3118
2    38.0973
16    41.2917
17    52.3681
18    56.1576
21    54.6451
54    37.5581
1 10.7732  6
2    45.1498
16    38.3894
17    61.7507
18    52.0449
21    35.5493
105    55.1605
2 13.8641  8
3    38.1788
16    36.0273
17    41.2889
19    54.5828
21    39.1859
38    61.0109
55    42.5533
158    52.0449
3 13.9575  10
4    45.4154
5    39.0458
6    48.2472
7    48.2939
8    48.4458
9    48.9421
10    50.5626
11    55.8545
12    43.1347
13    61.5996
4 14.2624  2
20    46.2394
154    48.9421
5 5.25758  6
18    58.9427
19    42.449
21    36.8284
79    61.5996
80    52.3681
155    50.5626
6 5.85269  6
17    64.4763
19    48.0403
21    48.704
54    41.69
65    36.4951
104    35.0009
7 7.79611  9
14    61.8963
15    62.8649
18    41.4684
19    59.3602
20    35.0009
54    62.7871
65    53.8211
105    54.6451
135    52.3196
8 14.1424  5
17    42.2109
54    64.599
79    46.1029
136    55.6952
138    50.0105
9 14.8663  3
18    60.6951
21    49.7853
138    42.3775
10 7.22999  5
17    42.2411
18    64.5312
20    41.7367
38    45.5243
104    44.1766
11 12.2939  3
20    35.0375
38    39.402
81    61.7507
12 8.82977  3
16    46.1029
17    62.3898
37    61.4257
13 7.51778  4
17    58.6818
19    64.8315
55    56.8818
154    48.4458
14 13.2336  4
18    58.5829
20    46.9865
21    41.0051
65    59.1267
15 11.8984  4
17    55.5716
18    53.2196
20    47.6182
104    46.9865
16 7.53822  4
17    55.5808
19    44.1244
55    46.4893
80    42.2411
17 13.3004  4
19    38.9827
20    57.0338
38    49.4099
137    41.0427
18 12.1166  7
22    53.3166
23    64.848
24    42.503
25    59.5369
26    55.1605
38    59.9736
79    43.1347
19 8.25083  2
20    44.1766
21    35.1575
20 5.62716  3
54    43.3883
138    54.7678
156    52.3681
21 7.05969  10
39    60.8452
40    59.4325
41    54.819
42    39.7536
43    50.558
44    55.8399
45    43.0871
46    61.444
65    37.2486
157    42.2109
22 11.7379  3
65    57.5886
136    59.7008
156    62.3898
23 7.01422  3
38    52.0907
105    64.848
157    55.5716
24 11.5893  10
27    40.8687
28    54.1992
29    37.7293
30    43.9477
31    64.2547
32    40.5657
33    53.2104
34    64.501
35    41.3704
36    55.838
25 6.52867  6
60    41.1791
61    55.2136
62    41.0427
63    54.7678
64    39.586
80    41.2917
26 10.0035  2
118    61.3286
156    42.2411
27 11.3506  1
173    0
28 5.74953  2
37    43.0816
38    56.586
29 7.45918  2
55    59.7008
80    58.6818
30 13.0422  4
55    42.6147
79    38.3894
105    53.3166
138    37.2486
31 11.2737  2
79    55.8545
105    49.7853
32 5.49837  1
173    0
33 6.63915  1
65    51.0936
34 10.3645  2
38    61.3286
55    55.6952
35 12.5295  1
65    50.0105
36 9.59914  8
47    61.3881
48    61.2059
49    60.6108
50    58.6671
51    52.3196
52    61.5923
53    61.8725
65    39.9174
37 10.0301  1
136    56.8818
38 11.4373  6
98    54.5828
99    38.9827
100    48.0403
101    47.6182
102    46.2394
103    41.7367
39 6.03244  8
71    38.1788
72    45.4154
73    39.0458
74    48.2472
75    48.2939
76    48.4458
77    48.9421
78    50.5626
40 8.38328  2
135    61.8725
136    43.3883
41 6.0596  1
156    41.2889
42 8.47179  1
173    0
43 6.34861  1
173    0
44 9.41572  3
105    42.503
137    59.9013
138    39.586
45 9.43129  1
54    35.7727
46 9.48195  1
137    41.1791
47 9.64736  1
173    0
48 10.1875  2
54    62.4273
156    58.6818
49 11.9515  6
66    48.7974
67    50.0902
68    54.3118
69    38.0973
70    45.1498
138    54.0518
50 7.71157  1
173    0
51 13.8665  1
173    0
52 13.9654  1
104    35.1575
53 14.2883  4
56    59.9013
57    56.3498
58    44.7525
59    36.8815
54 5.34242  1
137    36.8815
55 6.1298  1
156    61.7507
56 8.70098  4
79    62.8649
104    35.5493
136    42.5533
153    48.2472
57 7.09723  1
65    54.0518
58 11.8603  2
79    61.8963
154    48.2939
59 7.41371  2
106    40.8687
107    54.1992
60 12.8939  1
65    42.3775
61 10.7894  1
155    61.5996
62 13.9169  1
81    62.3898
63 14.1299  1
104    35.0375
64 14.8254  1
104    36.8284
65 7.09632  1
155    55.8545
66 11.8572  4
109    43.9477
110    64.2547
111    40.5657
112    53.2104
67 7.40364  7
113    64.501
114    41.3704
115    55.838
116    43.0816
117    61.4257
118    61.0109
136    62.4273
68 12.861  1
173    0
69 10.6816  1
173    0
70 13.565  1
79    36.0273
71 12.9809  2
97    59.3602
155    38.3894
72 11.0732  1
80    55.5808
73 14.8437  1
173    0
74 7.15613  1
173    0
75 12.0525  1
119    56.586
76 8.04147  1
173    0
77 14.9438  1
173    0
78 7.48299  10
82    64.4763
83    41.2889
84    55.5716
85    42.2109
86    58.5829
87    52.0449
88    60.6951
89    58.9427
104    57.0338
105    39.1859
79 13.1201  1
173    0
80 11.5276  2
135    62.7871
136    37.5581
81 6.32756  1
173    0
82 9.34675  5
130    43.0871
131    61.444
132    61.3881
133    61.2059
134    60.6108
83 9.20606  1
173    0
84 8.74645  1
173    0
85 7.24555  1
173    0
86 12.3446  7
90    53.2196
91    64.5312
92    41.4684
93    56.1576
94    44.1244
95    64.8315
96    42.449
87 8.99548  2
108    37.7293
155    43.1347
88 8.05887  1
173    0
89 5.00031  2
136    41.69
137    56.3498
90 5.01251  4
139    59.1267
140    53.8211
141    36.4951
142    39.9174
91 5.05249  1
173    0
92 5.18311  1
105    48.704
93 5.60945  1
173    0
94 7.00171  2
135    58.6671
136    46.4893
95 11.5484  1
105    59.5369
96 6.39531  1
156    41.2917
97 9.56801  1
155    62.8649
98 9.92843  1
137    55.2136
99 11.1055  1
173    0
100 14.9493  2
105    41.0051
137    42.6147
101 7.50099  1
173    0
102 13.179  1
173    0
103 11.7202  1
173    0
104 6.95624  1
173    0
105 11.3997  1
173    0
106 5.90976  1
173    0
107 7.98257  1
173    0
108 14.7516  1
173    0
109 6.85522  1
155    36.0273
110 11.0701  1
173    0
111 14.8337  4
126    54.819
127    39.7536
128    50.558
129    55.8399
112 7.12348  1
135    35.7727
113 11.946  1
118    59.9736
114 7.69387  6
120    45.5243
121    39.402
122    49.4099
123    52.0907
124    60.8452
125    59.4325
115 13.8086  4
159    60.6951
160    58.9427
161    53.2196
162    64.5312
116 13.7762  2
137    44.7525
156    64.4763
117 13.6703  1
173    0
118 13.3245  1
136    64.599
119 12.1953  1
173    0
120 8.5081  1
155    61.8963
121 6.46733  1
135    61.5923
122 9.80331  1
173    0
123 10.6969  1
173    0
124 13.6151  1
173    0
125 13.1442  1
173    0
126 11.6063  1
173    0
127 6.58452  1
173    0
128 10.186  1
173    0
129 11.9466  1
173    0
130 7.6957  1
173    0
131 13.8147  10
163    41.4684
164    56.1576
165    44.1244
166    64.8315
167    42.449
168    59.3602
169    54.5828
170    38.9827
171    48.0403
172    47.6182
132 13.796  1
156    55.5808
133 13.7353  1
173    0
134 13.5369  1
173    0
135 12.889  1
173    0
136 10.7732  1
173    0
137 13.8641  1
173    0
138 13.9575  10
143    51.0936
144    57.5886
145    48.7974
146    50.0902
147    54.3118
148    38.0973
149    45.1498
150    38.1788
151    45.4154
152    39.0458
139 14.2624  1
173    0
140 5.25758  1
173    0
141 5.85269  1
158    58.5829
142 7.79611  1
173    0
143 14.1424  1
173    0
144 14.8663  1
173    0
145 7.22999  1
173    0
146 12.2939  1
173    0
147 8.82977  1
173    0
148 7.51778  1
173    0
149 13.2336  1
173    0
150 11.8984  1
173    0
151 7.53822  1
173    0
152 13.3004  1
156    46.1029
153 12.1166  1
173    0
154 8.25083  1
173    0
155 5.62716  1
173    0
156 7.05969  1
173    0
157 11.7379  1
173    0
158 7.01422  1
173    0
159 11.5893  1
173    0
160 6.52867  1
173    0
161 10.0035  1
173    0
162 11.3506  1
173    0
163 5.74953  1
173    0
164 7.45918  1
173    0
165 13.0422  1
173    0
166 11.2737  1
173    0
167 5.49837  1
173    0
168 6.63915  1
173    0
169 10.3645  1
173    0
170 12.5295  1
173    0
171 9.59914  1
173    0
172 10.0301  1
173    0
173 0  0
