56
0 14.9493  2
1    0.737629
40    1.0409
1 7.50099  8
2    0.823582
3    1.10427
4    0.820853
5    1.09536
6    0.79172
7    1.00021
8    1.08104
29    1.23199
2 13.179  10
9    0.744972
10    0.847551
11    1.18253
12    1.07642
13    0.729902
14    0.798349
15    1.02187
16    1.15177
17    0.975948
18    1.0018
3 11.7202  1
55    0
4 6.95624  2
19    0.761946
29    0.862694
5 11.3997  10
45    0.848979
46    1.1872
47    1.09166
48    0.779653
49    0.960805
50    0.952364
51    0.924787
52    0.834733
53    1.14068
54    0.939729
6 5.90976  1
19    1.08624
7 7.98257  1
55    0
8 14.7516  1
55    0
9 6.85522  1
29    0.922059
10 11.0701  1
55    0
11 14.8337  1
55    0
12 7.12348  10
30    0.844823
31    1.17364
32    1.04736
33    1.23501
34    1.24779
35    1.28953
36    0.825779
37    1.11143
38    0.844218
39    1.17166
13 11.946  2
29    0.767788
40    1.06439
14 7.69387  9
20    0.902997
21    0.763576
22    0.908307
23    0.780917
24    0.964943
25    0.965877
26    0.968917
27    0.978841
28    1.01125
15 13.8086  1
55    0
16 13.7762  1
55    0
17 13.6703  4
41    0.829368
42    1.12315
43    0.882488
44    1.29663
18 13.3245  1
55    0
19 12.1953  1
29    1.2573
20 8.5081  1
29    1.11162
21 6.46733  1
29    0.720545
22 9.80331  1
29    1.23793
23 10.6969  1
55    0
24 13.6151  1
29    1.11709
25 13.1442  2
29    0.825834
40    1.17885
26 11.6063  1
55    0
27 6.58452  1
55    0
28 10.186  1
55    0
29 11.9466  1
55    0
30 7.6957  1
55    0
31 13.8147  1
55    0
32 13.796  1
55    0
33 13.7353  1
55    0
34 13.5369  1
40    1.29062
35 12.889  1
55    0
36 10.7732  1
55    0
37 13.8641  1
55    0
38 13.9575  1
40    1.2139
39 14.2624  1
55    0
40 5.25758  1
55    0
41 5.85269  1
55    0
42 7.79611  1
55    0
43 14.1424  1
55    0
44 14.8663  1
55    0
45 7.22999  1
55    0
46 12.2939  1
55    0
47 8.82977  1
55    0
48 7.51778  1
55    0
49 13.2336  1
55    0
50 11.8984  1
55    0
51 7.53822  1
55    0
52 13.3004  1
55    0
53 12.1166  1
55    0
54 8.25083  1
55    0
55 0  0
