120
0 13.2336  10
1    1.22412
2    1.21222
3    1.17334
4    1.04639
5    1.23185
6    1.23745
7    1.25574
8    0.715455
13    1.19402
24    0.798349
1 11.8984  3
12    0.833799
13    0.852293
24    1.07642
2 7.53822  4
9    0.751161
10    0.867766
11    1.24855
13    1.127
3 13.3004  2
13    0.929786
24    1.0018
4 12.1166  1
13    0.851067
5 8.25083  8
36    1.23793
37    1.2573
38    0.720545
39    0.767788
40    0.922059
41    0.825834
42    1.11162
43    0.844823
6 5.62716  10
14    0.89505
15    0.737629
16    0.823582
17    1.10427
18    0.820853
19    1.09536
20    0.79172
21    1.00021
22    1.08104
23    0.744972
7 7.05969  2
13    1.19803
24    1.02187
8 11.7379  2
44    1.04736
65    0.710987
9 7.01422  2
12    1.13764
86    1.22657
10 11.5893  2
12    1.29198
35    1.11709
11 6.52867  3
13    1.1139
24    1.18253
65    0.924787
12 10.0035  2
66    0.736567
80    1.28509
13 11.3506  3
24    1.08624
35    1.23199
44    1.23501
14 5.74953  1
24    0.847551
15 7.45918  1
119    0
16 13.0422  1
24    0.729902
17 11.2737  1
97    1.22412
18 5.49837  1
24    0.975948
19 6.63915  1
24    1.15177
20 10.3645  4
65    0.703149
89    1.13172
98    0.715455
110    1.19803
21 12.5295  2
60    1.1872
65    0.700018
22 9.59914  2
97    1.1168
98    1.23745
23 10.0301  1
119    0
24 11.4373  10
25    0.761946
26    0.902997
27    0.763576
28    0.908307
29    0.780917
30    0.964943
31    0.965877
32    0.968917
33    0.978841
34    1.01125
25 6.03244  1
119    0
26 8.38328  1
119    0
27 6.0596  1
119    0
28 8.47179  1
119    0
29 6.34861  1
65    0.939729
30 9.41572  1
65    0.834733
31 9.43129  1
44    1.24779
32 9.48195  1
35    0.862694
33 9.64736  6
45    1.28953
46    0.825779
47    1.11143
48    0.844218
49    1.17166
50    1.0409
34 10.1875  1
119    0
35 11.9515  1
119    0
36 7.71157  6
51    1.2139
52    1.17885
53    1.06439
54    1.29062
55    0.829368
80    0.811313
37 13.8665  2
84    0.861632
85    1.22851
38 13.9654  1
110    0.89505
39 14.2883  1
97    1.04639
40 5.34242  2
44    1.17364
97    1.23185
41 6.1298  1
119    0
42 8.70098  2
87    1.22022
88    1.19947
43 7.09723  1
119    0
44 11.8603  2
97    1.01116
98    1.25574
45 7.41371  4
61    1.09166
62    0.779653
63    0.960805
64    0.952364
46 12.8939  7
73    1.29696
74    0.85006
75    1.19074
76    1.10321
77    0.817374
78    1.08398
79    0.754585
47 10.7894  1
119    0
48 13.9169  1
65    0.883532
49 14.1299  1
89    0.910486
50 14.8254  1
119    0
51 7.09632  1
119    0
52 11.8572  5
56    1.12315
57    0.882488
58    1.29663
59    0.848979
97    1.22776
53 7.40364  6
67    0.820103
68    1.0929
69    0.783718
70    0.974081
71    0.995706
72    1.06633
54 12.861  1
119    0
55 10.6816  1
65    1.14068
56 13.565  1
119    0
57 12.9809  1
119    0
58 11.0732  1
119    0
59 14.8437  1
119    0
60 7.15613  1
65    0.700751
61 12.0525  2
82    0.827409
83    1.11676
62 8.04147  1
119    0
63 14.9438  1
119    0
64 7.48299  4
99    0.751161
100    0.867766
101    1.24855
102    1.29198
65 13.1201  1
119    0
66 11.5276  1
119    0
67 6.32756  1
119    0
68 9.34675  1
110    1.127
69 9.20606  1
119    0
70 8.74645  2
80    1.06421
110    0.737629
71 7.24555  1
119    0
72 12.3446  1
97    1.17334
73 8.99548  2
80    0.878954
97    0.861742
74 8.05887  7
103    0.833799
104    1.13764
105    0.929786
106    0.851067
107    1.19402
108    1.1139
109    0.852293
75 5.00031  1
119    0
76 5.01251  1
97    1.22888
77 5.05249  1
81    1.29002
78 5.18311  1
119    0
79 5.60945  1
119    0
80 7.00171  1
119    0
81 11.5484  7
90    0.78804
91    0.988198
92    1.04181
93    1.2169
94    1.18865
95    1.09638
96    0.795071
82 6.39531  1
119    0
83 9.56801  1
119    0
84 9.92843  1
97    1.21222
85 11.1055  1
119    0
86 14.9493  1
119    0
87 7.50099  1
119    0
88 13.179  1
119    0
89 11.7202  1
119    0
90 6.95624  8
111    0.823582
112    1.10427
113    0.820853
114    1.09536
115    0.79172
116    1.00021
117    1.08104
118    0.744972
91 11.3997  1
119    0
92 5.90976  1
119    0
93 7.98257  1
119    0
94 14.7516  1
119    0
95 6.85522  1
119    0
96 11.0701  1
119    0
97 14.8337  1
119    0
98 7.12348  1
119    0
99 11.946  1
119    0
100 7.69387  1
119    0
101 13.8086  1
119    0
102 13.7762  1
119    0
103 13.6703  1
119    0
104 13.3245  1
119    0
105 12.1953  1
119    0
106 8.5081  1
119    0
107 6.46733  1
119    0
108 9.80331  1
119    0
109 10.6969  1
119    0
110 13.6151  1
119    0
111 13.1442  1
119    0
112 11.6063  1
119    0
113 6.58452  1
119    0
114 10.186  1
119    0
115 11.9466  1
119    0
116 7.6957  1
119    0
117 13.8147  1
119    0
118 13.796  1
119    0
119 0  0
