183
0 9.48195  7
1    7.36567
2    10.929
4    10.6633
7    10.8398
14    9.88198
32    11.9402
63    7.79653
1 9.64736  9
2    8.20103
3    9.74081
4    8.5006
7    8.78954
8    12.9002
14    11.3172
52    7.67788
74    10.8398
98    8.20853
2 10.1875  7
3    7.83718
4    9.95706
7    8.11313
8    8.27409
14    11.8865
32    11.139
75    8.11313
3 11.9515  4
4    12.9696
19    12.2776
32    8.52293
62    11.7885
4 7.71157  7
5    11.9074
6    11.0321
7    8.17374
14    7.8804
32    8.51067
48    10.018
118    9.22059
5 13.8665  5
7    7.54585
14    7.95071
19    12.2412
49    9.08307
64    9.24787
6 13.9654  5
7    12.8509
8    10.6421
14    11.9947
51    9.78841
121    12.3501
7 14.2883  9
9    11.1676
10    8.61632
11    12.2851
12    12.2657
13    12.2022
14    9.10486
86    10.4639
129    10.9166
146    12.2022
8 5.34242  2
48    9.75948
52    8.25834
9 6.1298  4
14    10.4181
50    9.64943
75    12.9002
146    10.6421
10 8.70098  1
14    12.169
11 7.09723  2
14    10.9638
85    8.61742
12 11.8603  2
19    11.7334
63    11.872
13 7.41371  1
52    11.7364
14 12.8939  8
15    10.1116
16    11.168
17    8.61742
18    12.2888
48    10.2187
52    8.44823
121    8.44218
156    11.7334
15 10.7894  1
73    9.95706
16 13.9169  2
51    8.62694
109    7.61946
17 14.1299  3
19    12.1222
51    9.68917
146    8.27409
18 14.8254  1
121    12.478
19 7.09632  10
20    10.4639
21    12.3185
22    12.3745
23    12.5574
24    7.15455
25    7.51161
26    8.67766
27    12.4855
28    12.9198
29    8.33799
20 11.8572  6
49    9.02997
50    7.80917
52    11.1162
62    8.29368
97    8.9505
156    12.2412
21 7.40364  9
34    7.37629
35    8.23582
36    11.0427
37    8.20853
38    10.9536
39    7.9172
51    7.20545
75    12.8509
118    11.1162
22 12.861  4
33    8.9505
109    9.08307
118    7.67788
129    11.4068
23 10.6816  4
32    11.9803
49    7.61946
84    10.1116
146    11.9947
24 13.565  5
48    11.5177
49    7.63576
64    7.00018
121    8.25779
156    12.2776
25 12.9809  2
50    9.65877
128    8.48979
26 11.0732  3
30    11.3764
31    9.29786
86    12.1222
27 14.8437  6
32    11.27
49    10.8624
51    12.3199
62    11.2315
146    12.2657
157    10.4639
28 7.15613  1
118    8.25834
29 12.0525  7
57    8.25779
58    11.1143
59    8.44218
60    11.7166
61    10.409
109    10.8624
128    8.29368
30 8.04147  3
64    11.4068
85    12.2888
121    11.1143
31 14.9438  2
62    10.6439
129    11.872
32 7.48299  6
63    8.82488
64    8.34733
85    12.2412
109    9.75948
156    8.61742
170    11.9402
33 13.1201  9
40    10.0021
41    10.8104
42    7.44972
43    8.47551
44    11.8253
45    10.7642
46    7.29902
73    12.9696
87    7.15455
34 11.5276  1
63    10.9166
35 6.32756  2
63    8.48979
109    9.02997
36 9.34675  2
51    12.3793
52    9.22059
37 9.20606  4
47    7.98349
51    11.1709
62    12.9062
63    9.60805
38 8.74645  1
86    11.7334
39 7.24555  2
51    12.573
74    8.17374
40 12.3446  2
97    11.0427
118    12.3199
41 8.99548  4
53    10.4736
54    12.3501
55    12.478
56    12.8953
42 8.05887  1
182    0
43 5.00031  8
65    7.00751
66    7.0315
67    7.10987
68    7.36567
69    8.20103
70    10.929
71    7.83718
72    9.74081
44 5.01251  8
76    8.61632
77    12.2851
78    12.2657
79    12.2022
80    11.9947
81    11.3172
82    9.10486
83    7.8804
45 5.05249  1
97    11.9803
46 5.18311  1
84    11.8865
47 5.60945  10
99    10.9536
100    7.9172
101    10.0021
102    10.8104
103    7.44972
104    8.47551
105    11.8253
106    10.7642
107    7.29902
108    7.98349
48 7.00171  2
84    12.169
118    12.3793
49 11.5484  3
51    10.1125
64    9.39729
121    12.8953
50 6.39531  3
84    9.88198
97    11.27
138    11.9074
51 9.56801  1
118    12.573
52 9.92843  1
138    8.5006
53 11.1055  4
74    7.54585
75    8.27409
109    11.5177
118    8.44823
54 14.9493  4
63    12.9663
73    10.6633
75    10.6421
84    11.168
55 7.50099  1
182    0
56 13.179  1
62    12.139
57 11.7202  2
64    9.52364
118    7.20545
58 6.95624  1
182    0
59 11.3997  2
84    10.9638
85    12.2776
60 5.90976  3
73    11.9074
75    11.1676
86    12.3185
61 7.98257  1
182    0
62 14.7516  6
171    11.139
172    8.52293
173    11.9803
174    11.27
175    8.9505
176    7.37629
63 6.85522  1
64    8.83532
64 11.0701  1
182    0
65 14.8337  1
182    0
66 7.12348  3
129    7.79653
138    12.9696
146    12.9002
67 11.946  1
73    8.5006
68 7.69387  1
97    8.52293
69 13.8086  2
84    7.95071
129    8.34733
70 13.7762  1
182    0
71 13.6703  1
74    11.0321
72 13.3245  1
75    8.78954
73 12.1953  8
130    7.00018
131    7.00751
132    7.0315
133    7.10987
134    7.36567
135    8.20103
136    10.929
137    7.83718
74 8.5081  1
182    0
75 6.46733  1
86    12.5574
76 9.80331  4
142    7.54585
143    8.78954
144    12.8509
145    8.11313
77 10.6969  1
182    0
78 13.6151  1
86    12.3745
79 13.1442  2
84    10.4181
146    12.2851
80 11.6063  5
91    12.9198
92    8.33799
93    11.3764
94    9.29786
129    9.24787
81 6.58452  1
182    0
82 10.186  5
165    12.9198
166    8.33799
167    11.3764
168    9.29786
169    8.51067
83 11.9466  1
109    10.2187
84 7.6957  1
97    11.139
85 13.8147  4
88    7.51161
89    8.67766
90    12.4855
109    10.018
86 13.796  1
129    9.60805
87 13.7353  1
97    7.37629
88 13.5369  7
122    11.7166
123    10.409
124    12.139
125    11.7885
126    10.6439
127    12.9062
129    9.39729
89 12.889  1
109    7.63576
90 10.7732  1
128    11.2315
91 13.8641  7
110    7.80917
111    9.64943
112    9.65877
113    9.68917
114    9.78841
115    10.1125
146    11.1676
92 13.9575  2
95    8.51067
96    11.9402
93 14.2624  1
97    8.23582
94 5.25758  1
156    12.1222
95 5.85269  1
182    0
96 7.79611  1
182    0
97 14.1424  1
182    0
98 14.8663  1
182    0
99 7.22999  1
182    0
100 12.2939  1
182    0
101 8.82977  1
182    0
102 7.51778  1
182    0
103 13.2336  1
138    9.95706
104 11.8984  1
128    12.9663
105 7.53822  1
128    8.82488
106 13.3004  1
182    0
107 12.1166  1
156    11.168
108 8.25083  1
182    0
109 5.62716  2
116    11.1709
117    8.62694
110 7.05969  1
182    0
111 11.7379  3
119    11.7364
120    10.4736
146    8.61632
112 7.01422  3
139    11.0321
140    8.17374
141    10.8398
113 11.5893  1
182    0
114 6.52867  1
129    9.52364
115 10.0035  1
182    0
116 11.3506  1
182    0
117 5.74953  1
182    0
118 7.45918  1
182    0
119 13.0422  1
138    9.74081
120 11.2737  1
182    0
121 5.49837  1
182    0
122 6.63915  1
182    0
123 10.3645  1
138    10.6633
124 12.5295  1
182    0
125 9.59914  1
182    0
126 10.0301  1
129    8.83532
127 11.4373  1
182    0
128 6.03244  1
182    0
129 8.38328  1
182    0
130 6.0596  1
182    0
131 8.47179  1
182    0
132 6.34861  1
182    0
133 9.41572  1
182    0
134 9.43129  1
182    0
135 9.48195  9
147    9.10486
148    7.8804
149    9.88198
150    10.4181
151    12.169
152    11.8865
153    10.9638
154    7.95071
155    10.1116
136 9.64736  1
182    0
137 10.1875  1
182    0
138 11.9515  1
146    11.3172
139 7.71157  1
182    0
140 13.8665  1
182    0
141 13.9654  1
182    0
142 14.2883  7
158    12.3185
159    12.3745
160    12.5574
161    7.15455
162    7.51161
163    8.67766
164    12.4855
143 5.34242  1
182    0
144 6.1298  1
182    0
145 8.70098  1
182    0
146 7.09723  1
182    0
147 11.8603  1
182    0
148 7.41371  1
182    0
149 12.8939  1
182    0
150 10.7894  1
182    0
151 13.9169  1
182    0
152 14.1299  1
182    0
153 14.8254  1
156    12.2888
154 7.09632  1
182    0
155 11.8572  1
182    0
156 7.40364  1
182    0
157 12.861  1
182    0
158 10.6816  1
182    0
159 13.565  1
182    0
160 12.9809  1
182    0
161 11.0732  1
182    0
162 14.8437  1
182    0
163 7.15613  1
182    0
164 12.0525  1
182    0
165 8.04147  1
182    0
166 14.9438  1
182    0
167 7.48299  1
182    0
168 13.1201  1
182    0
169 11.5276  1
182    0
170 6.32756  5
177    8.23582
178    11.0427
179    8.20853
180    10.9536
181    7.9172
171 9.34675  1
182    0
172 9.20606  1
182    0
173 8.74645  1
182    0
174 7.24555  1
182    0
175 12.3446  1
182    0
176 8.99548  1
182    0
177 8.05887  1
182    0
178 5.00031  1
182    0
179 5.01251  1
182    0
180 5.05249  1
182    0
181 5.18311  1
182    0
182 0  0
