55
0 14.8254  4
1    1.19947
2    1.13172
24    0.89505
43    0.767788
1 7.09632  1
17    1.23745
2 11.8572  10
3    0.910486
4    0.78804
5    0.988198
6    1.04181
7    1.2169
8    1.18865
9    1.09638
10    0.795071
11    1.01116
12    1.1168
3 7.40364  1
26    0.744972
4 12.861  3
17    1.23185
25    0.820853
26    1.00021
5 10.6816  9
28    1.08624
29    0.761946
30    0.902997
31    0.763576
32    0.908307
33    0.780917
34    0.964943
35    0.965877
36    0.968917
6 13.565  3
17    1.04639
24    1.19402
26    0.79172
7 12.9809  10
44    0.922059
45    0.825834
46    1.11162
47    0.844823
48    1.17364
49    1.04736
50    1.23501
51    1.24779
52    1.28953
53    0.825779
8 11.0732  2
24    1.19803
26    0.847551
9 14.8437  5
13    0.861742
14    1.22888
15    1.22776
16    1.22412
26    1.07642
10 7.15613  2
24    1.1139
43    1.2573
11 12.0525  2
17    1.25574
26    0.729902
12 8.04147  1
27    0.975948
13 14.9438  1
17    1.17334
14 7.48299  1
18    0.751161
15 13.1201  2
17    1.21222
24    0.851067
16 11.5276  3
18    0.715455
24    1.127
25    1.09536
17 6.32756  2
18    0.867766
27    1.0018
18 9.34675  6
19    1.24855
20    1.29198
21    0.833799
22    1.13764
23    0.929786
27    1.02187
19 9.20606  2
24    0.737629
25    0.823582
20 8.74645  1
26    1.18253
21 7.24555  2
24    0.852293
27    1.15177
22 12.3446  3
40    0.862694
41    1.23199
42    1.23793
23 8.99548  2
25    1.10427
26    0.798349
24 8.05887  1
26    1.08104
25 5.00031  1
54    0
26 5.01251  1
54    0
27 5.05249  1
54    0
28 5.18311  1
54    0
29 5.60945  1
54    0
30 7.00171  1
54    0
31 11.5484  1
54    0
32 6.39531  3
37    0.978841
38    1.01125
39    1.11709
33 9.56801  1
54    0
34 9.92843  1
43    0.720545
35 11.1055  1
54    0
36 14.9493  1
54    0
37 7.50099  1
54    0
38 13.179  1
54    0
39 11.7202  1
54    0
40 6.95624  1
54    0
41 11.3997  1
54    0
42 5.90976  1
54    0
43 7.98257  1
54    0
44 14.7516  1
54    0
45 6.85522  1
54    0
46 11.0701  1
54    0
47 14.8337  1
54    0
48 7.12348  1
54    0
49 11.946  1
54    0
50 7.69387  1
54    0
51 13.8086  1
54    0
52 13.7762  1
54    0
53 13.6703  1
54    0
54 0  0
