100
0 6.34861  10
1    8.67766
2    12.4855
3    12.9198
4    8.33799
5    11.3764
6    9.29786
7    8.51067
18    10.9536
46    12.8953
76    8.78954
1 9.41572  8
31    10.018
32    10.8624
33    7.61946
34    9.02997
35    7.63576
36    9.08307
37    7.80917
76    11.9074
2 9.43129  1
45    9.22059
3 9.48195  1
99    0
4 9.64736  10
8    11.9402
9    11.139
10    8.52293
11    11.9803
12    11.27
13    8.9505
14    7.37629
15    8.23582
16    11.0427
17    8.20853
5 10.1875  2
83    9.88198
84    10.4181
6 11.9515  1
99    0
7 7.71157  2
41    12.3199
88    12.3745
8 13.8665  1
45    8.44823
9 13.9654  2
46    12.478
80    11.3172
10 14.2883  1
76    7.54585
11 5.34242  4
38    9.64943
39    9.65877
40    9.68917
44    7.20545
12 6.1298  1
45    11.1162
13 8.70098  1
80    12.2851
14 7.09723  4
41    10.1125
42    12.3793
46    11.7364
75    9.95706
15 11.8603  4
19    7.9172
20    10.0021
21    10.8104
22    7.44972
16 7.41371  1
46    8.25779
17 12.8939  1
99    0
18 10.7894  1
99    0
19 13.9169  5
54    11.2315
55    8.82488
56    12.9663
57    8.48979
58    11.872
20 14.1299  3
44    7.67788
75    9.74081
76    11.0321
21 14.8254  9
23    8.47551
24    11.8253
25    10.7642
26    7.29902
27    7.98349
28    10.2187
29    11.5177
30    9.75948
89    12.9198
22 7.09632  1
46    11.1143
23 11.8572  2
41    11.1709
76    12.8509
24 7.40364  3
41    8.62694
45    8.25834
89    7.51161
25 12.861  2
88    12.3185
89    12.4855
26 10.6816  9
47    11.7166
48    10.409
49    12.139
50    11.7885
51    10.6439
52    12.9062
53    8.29368
76    12.9696
88    12.2888
27 13.565  2
76    8.5006
80    8.27409
28 12.9809  1
46    12.3501
29 11.0732  1
99    0
30 14.8437  1
87    8.61742
31 7.15613  9
59    10.9166
60    7.79653
61    9.60805
62    9.52364
63    9.24787
64    8.34733
65    11.4068
66    9.39729
86    7.95071
32 12.0525  1
41    9.78841
33 8.04147  1
99    0
34 14.9438  1
43    12.573
35 7.48299  1
88    12.2776
36 13.1201  1
46    10.4736
37 11.5276  1
46    8.44218
38 6.32756  1
99    0
39 9.34675  1
99    0
40 9.20606  1
85    12.169
41 8.74645  1
99    0
42 7.24555  1
99    0
43 12.3446  1
99    0
44 8.99548  1
99    0
45 8.05887  2
75    7.83718
88    12.2412
46 5.00031  1
88    11.7334
47 5.01251  1
80    11.9947
48 5.05249  1
76    10.6633
49 5.18311  2
76    10.8398
80    12.2657
50 5.60945  1
99    0
51 7.00171  1
99    0
52 11.5484  1
99    0
53 6.39531  1
88    10.4639
54 9.56801  1
80    12.2022
55 9.92843  1
99    0
56 11.1055  5
77    8.11313
78    10.6421
79    12.9002
80    8.61632
89    8.33799
57 14.9493  1
88    12.5574
58 7.50099  1
99    0
59 13.179  2
81    9.10486
82    7.8804
60 11.7202  1
99    0
61 6.95624  1
99    0
62 11.3997  1
76    8.17374
63 5.90976  9
90    11.3764
91    9.29786
92    8.51067
93    11.9402
94    11.139
95    8.52293
96    11.9803
97    11.27
98    8.9505
64 7.98257  1
99    0
65 14.7516  8
67    8.83532
68    7.00018
69    7.00751
70    7.0315
71    7.10987
72    7.36567
73    8.20103
74    10.929
66 6.85522  1
99    0
67 11.0701  1
99    0
68 14.8337  1
99    0
69 7.12348  1
86    11.168
70 11.946  1
99    0
71 7.69387  1
99    0
72 13.8086  1
99    0
73 13.7762  1
89    8.67766
74 13.6703  1
80    11.1676
75 13.3245  1
99    0
76 12.1953  1
89    7.15455
77 8.5081  1
86    11.8865
78 6.46733  1
88    12.1222
79 9.80331  1
99    0
80 10.6969  1
99    0
81 13.6151  1
99    0
82 13.1442  1
86    10.9638
83 11.6063  1
86    10.1116
84 6.58452  1
99    0
85 10.186  1
99    0
86 11.9466  1
99    0
87 7.6957  1
99    0
88 13.8147  1
99    0
89 13.796  1
99    0
90 13.7353  1
99    0
91 13.5369  1
99    0
92 12.889  1
99    0
93 10.7732  1
99    0
94 13.8641  1
99    0
95 13.9575  1
99    0
96 14.2624  1
99    0
97 5.25758  1
99    0
98 5.85269  1
99    0
99 0  0
