47
0 13.796  1
1    39.0458
1 13.7353  10
2    48.2472
3    48.2939
4    48.4458
5    48.9421
6    50.5626
7    55.8545
8    43.1347
9    61.5996
10    61.8963
11    62.8649
2 13.5369  6
40    55.1605
41    40.8687
42    54.1992
43    37.7293
44    43.9477
45    64.2547
3 12.889  1
46    0
4 10.7732  1
35    48.0403
5 13.8641  5
12    36.0273
13    38.3894
14    46.1029
15    41.2917
16    55.5808
6 13.9575  3
29    56.1576
30    44.1244
39    49.7853
7 14.2624  4
31    64.8315
32    42.449
33    59.3602
34    54.5828
8 5.25758  1
46    0
9 5.85269  1
46    0
10 7.79611  2
27    58.9427
28    64.5312
11 14.1424  1
39    64.848
12 14.8663  1
46    0
13 7.22999  1
17    42.2411
14 12.2939  3
17    58.6818
35    44.1766
39    59.5369
15 8.82977  10
18    61.7507
19    62.3898
20    64.4763
21    41.2889
22    55.5716
23    42.2109
24    58.5829
25    52.0449
26    60.6951
35    41.7367
16 7.51778  2
17    52.3681
39    36.8284
17 13.2336  2
28    53.2196
39    39.1859
18 11.8984  1
46    0
19 7.53822  1
46    0
20 13.3004  1
28    41.4684
21 12.1166  1
46    0
22 8.25083  2
36    35.0009
37    35.0375
23 5.62716  1
38    35.5493
24 7.05969  1
35    38.9827
25 11.7379  1
46    0
26 7.01422  1
39    53.3166
27 11.5893  1
46    0
28 6.52867  1
46    0
29 10.0035  1
46    0
30 11.3506  2
35    57.0338
39    42.503
31 5.74953  1
35    46.9865
32 7.45918  1
35    46.2394
33 13.0422  1
38    35.1575
34 11.2737  2
35    47.6182
39    41.0051
35 5.49837  1
39    54.6451
36 6.63915  1
39    48.704
37 10.3645  1
46    0
38 12.5295  1
46    0
39 9.59914  1
46    0
40 10.0301  1
46    0
41 11.4373  1
46    0
42 6.03244  1
46    0
43 8.38328  1
46    0
44 6.0596  1
46    0
45 8.47179  1
46    0
46 0  0
