105
0 12.889  3
1    0.817374
14    0.78804
71    0.939729
1 10.7732  4
2    1.08398
3    0.754585
14    0.910486
21    1.22888
2 13.8641  10
4    0.878954
5    1.28509
6    0.811313
7    1.06421
8    1.29002
9    0.827409
10    1.11676
11    0.861632
14    1.22022
63    0.922059
3 13.9575  2
15    1.04181
70    0.779653
4 14.2624  4
12    1.22851
13    1.22657
14    0.988198
21    1.17334
5 5.25758  4
14    1.13172
19    0.795071
21    1.04639
64    0.825779
6 5.85269  2
14    1.19947
93    1.22022
7 7.79611  3
62    0.965877
63    1.2573
71    0.952364
8 14.1424  4
19    1.1168
21    1.23185
65    1.06439
70    1.29663
9 14.8663  9
54    1.0018
55    1.08624
56    0.761946
57    0.902997
58    0.763576
59    0.908307
60    0.780917
61    0.964943
65    1.17885
10 7.22999  3
20    0.861742
21    1.22412
94    0.910486
11 12.2939  2
21    1.22776
64    1.17166
12 8.82977  10
27    1.29198
28    0.833799
29    1.13764
30    0.929786
31    0.851067
32    1.19402
33    1.1139
34    0.852293
35    1.19803
36    1.127
13 7.51778  3
16    1.2169
17    1.18865
18    1.09638
14 13.2336  1
104    0
15 11.8984  2
19    1.01116
63    1.11162
16 7.53822  5
66    1.29062
67    0.829368
68    1.12315
69    0.882488
71    0.883532
17 13.3004  1
64    1.11143
18 12.1166  5
22    1.25574
23    0.715455
24    0.751161
25    0.867766
26    1.24855
19 8.25083  1
21    1.23745
20 5.62716  2
21    1.21222
37    0.737629
21 7.05969  3
38    0.823582
39    1.10427
40    0.820853
22 11.7379  5
41    1.09536
42    0.79172
43    1.00021
64    1.0409
70    1.09166
23 7.01422  1
104    0
24 11.5893  2
37    0.89505
65    1.2139
25 6.52867  10
44    1.08104
45    0.744972
46    0.847551
47    1.18253
48    1.07642
49    0.729902
50    0.798349
51    1.02187
52    1.15177
53    0.975948
26 10.0035  1
104    0
27 11.3506  2
71    0.924787
93    1.22851
28 5.74953  1
104    0
29 7.45918  1
104    0
30 13.0422  1
93    1.13172
31 11.2737  1
104    0
32 5.49837  1
64    1.28953
33 6.63915  1
63    1.23793
34 10.3645  1
104    0
35 12.5295  1
63    0.720545
36 9.59914  1
71    1.14068
37 10.0301  1
104    0
38 11.4373  1
70    1.1872
39 6.03244  1
63    0.767788
40 8.38328  2
64    1.23501
70    0.848979
41 6.0596  1
104    0
42 8.47179  1
63    0.844823
43 6.34861  7
86    1.10321
87    0.817374
88    1.08398
89    0.754585
90    0.878954
91    1.28509
92    0.811313
44 9.41572  7
72    0.700018
73    0.700751
74    0.703149
75    0.710987
76    0.736567
77    0.820103
78    1.0929
45 9.43129  2
64    1.04736
93    0.827409
46 9.48195  1
63    0.862694
47 9.64736  1
63    0.825834
48 10.1875  2
62    1.11709
71    0.834733
49 11.9515  1
62    0.978841
50 7.71157  1
64    0.844218
51 13.8665  1
104    0
52 13.9654  9
95    1.04181
96    1.2169
97    1.18865
98    1.09638
99    0.795071
100    1.01116
101    1.1168
102    0.861742
103    1.22888
53 14.2883  1
62    0.968917
54 5.34242  1
104    0
55 6.1298  1
104    0
56 8.70098  1
104    0
57 7.09723  1
63    1.23199
58 11.8603  1
104    0
59 7.41371  1
62    1.01125
60 12.8939  1
104    0
61 10.7894  1
64    1.24779
62 13.9169  1
104    0
63 14.1299  3
64    1.17364
71    0.960805
93    1.22657
64 14.8254  1
104    0
65 7.09632  1
94    0.78804
66 11.8572  1
104    0
67 7.40364  1
104    0
68 12.861  1
104    0
69 10.6816  1
93    1.06421
70 13.565  1
104    0
71 12.9809  1
104    0
72 11.0732  7
79    0.783718
80    0.974081
81    0.995706
82    1.06633
83    1.29696
84    0.85006
85    1.19074
73 14.8437  1
104    0
74 7.15613  1
104    0
75 12.0525  1
93    1.29002
76 8.04147  1
104    0
77 14.9438  1
104    0
78 7.48299  1
104    0
79 13.1201  1
104    0
80 11.5276  1
104    0
81 6.32756  1
104    0
82 9.34675  1
104    0
83 9.20606  1
104    0
84 8.74645  1
104    0
85 7.24555  1
104    0
86 12.3446  1
104    0
87 8.99548  1
93    1.19947
88 8.05887  1
104    0
89 5.00031  2
93    1.11676
94    0.988198
90 5.01251  1
104    0
91 5.05249  1
104    0
92 5.18311  1
93    0.861632
93 5.60945  1
104    0
94 7.00171  1
104    0
95 11.5484  1
104    0
96 6.39531  1
104    0
97 9.56801  1
104    0
98 9.92843  1
104    0
99 11.1055  1
104    0
100 14.9493  1
104    0
101 7.50099  1
104    0
102 13.179  1
104    0
103 11.7202  1
104    0
104 0  0
