114
0 8.05887  4
1    5.55716
2    5.85829
24    4.10051
25    4.8704
1 5.00031  3
2    4.22109
48    4.33883
99    4.69865
2 5.01251  4
3    5.20449
4    6.06951
5    5.89427
6    5.32196
3 5.05249  3
7    6.45312
18    4.17367
36    5.6586
4 5.18311  2
48    5.68818
99    4.17367
5 5.60945  1
113    0
6 7.00171  2
7    4.14684
24    3.68284
7 11.5484  10
8    5.61576
9    4.41244
10    6.48315
11    4.2449
12    5.93602
13    5.45828
14    3.89827
15    4.80403
16    4.76182
17    4.62394
8 6.39531  2
48    6.18725
98    4.2449
9 9.56801  5
19    5.70338
20    4.69865
21    4.41766
22    3.50009
23    3.50375
10 9.92843  2
25    5.46451
35    4.30816
11 11.1055  3
35    4.05657
36    6.14257
49    4.26147
12 14.9493  1
113    0
13 7.50099  1
35    4.13704
14 13.179  1
27    4.2503
15 11.7202  2
24    3.51575
36    6.10109
16 6.95624  1
25    4.97853
17 11.3997  2
35    6.4501
47    5.86671
18 5.90976  2
36    4.55243
48    3.57727
19 7.98257  4
26    5.33166
49    5.97008
98    5.93602
100    3.55493
20 14.7516  1
36    6.13286
21 6.85522  2
25    3.91859
27    6.4848
22 11.0701  3
24    3.55493
47    6.15923
49    5.56952
23 14.8337  2
35    5.5838
36    4.94099
24 7.12348  2
36    5.99736
49    4.25533
25 11.946  1
48    4.169
26 7.69387  2
67    5.75886
99    4.76182
27 13.8086  7
28    5.95369
29    5.51605
30    4.08687
31    5.41992
32    3.77293
33    4.39477
34    6.42547
28 13.7762  1
113    0
29 13.6703  3
47    6.12059
48    3.75581
100    3.51575
30 13.3245  1
37    5.20907
31 12.1953  1
48    6.4599
32 8.5081  1
49    5.99013
33 6.46733  4
35    5.32104
67    4.51498
98    6.45312
99    4.80403
34 9.80331  1
36    3.9402
35 10.6969  1
48    6.24273
36 13.6151  9
51    4.47525
52    3.68815
53    4.11791
54    5.52136
55    4.10427
56    5.47678
57    3.9586
58    5.00105
59    5.40518
37 13.1442  10
38    6.08452
39    5.94325
40    5.4819
41    3.97536
42    5.0558
43    5.58399
44    4.30871
45    6.1444
46    6.13881
48    4.64893
38 11.6063  4
84    4.22411
85    5.86818
86    5.23681
87    6.17507
39 6.58452  3
47    6.06108
67    5.00902
98    5.61576
40 10.186  3
47    5.23196
101    4.97853
103    5.51605
41 11.9466  2
48    6.27871
67    4.54154
42 7.6957  1
50    5.63498
43 13.8147  1
113    0
44 13.796  1
113    0
45 13.7353  1
113    0
46 13.5369  1
113    0
47 12.889  1
113    0
48 10.7732  1
67    5.43118
49 13.8641  1
67    4.87974
50 13.9575  1
67    3.81788
51 14.2624  1
113    0
52 5.25758  8
91    5.55716
92    4.22109
93    5.85829
94    5.20449
95    6.06951
96    5.89427
97    5.32196
100    4.10051
53 5.85269  1
113    0
54 7.79611  6
61    4.23775
62    5.91267
63    5.38211
64    3.64951
65    3.99174
66    5.10936
55 14.1424  1
102    5.95369
56 14.8663  10
75    4.31347
76    6.15996
77    6.18963
78    6.28649
79    3.60273
80    3.83894
81    4.61029
82    4.12917
83    5.55808
100    3.50375
57 7.22999  1
60    3.72486
58 12.2939  1
67    3.80973
59 8.82977  1
113    0
60 7.51778  7
68    3.90458
69    4.82472
70    4.82939
71    4.84458
72    4.89421
73    5.05626
74    5.58545
61 13.2336  1
113    0
62 11.8984  1
113    0
63 7.53822  1
113    0
64 13.3004  1
113    0
65 12.1166  1
113    0
66 8.25083  1
113    0
67 5.62716  1
113    0
68 7.05969  1
113    0
69 11.7379  1
98    4.41244
70 7.01422  1
113    0
71 11.5893  1
100    5.46451
72 6.52867  1
113    0
73 10.0035  1
113    0
74 11.3506  1
113    0
75 5.74953  1
98    6.48315
76 7.45918  1
113    0
77 13.0422  2
98    4.14684
100    3.50009
78 11.2737  1
99    5.70338
79 5.49837  1
99    5.45828
80 6.63915  1
113    0
81 10.3645  1
113    0
82 12.5295  1
113    0
83 9.59914  1
113    0
84 10.0301  1
113    0
85 11.4373  1
102    4.2503
86 6.03244  4
88    6.23898
89    6.44763
90    4.12889
100    4.41766
87 8.38328  1
113    0
88 6.0596  1
113    0
89 8.47179  1
101    3.91859
90 6.34861  1
101    4.8704
91 9.41572  1
113    0
92 9.43129  1
113    0
93 9.48195  1
113    0
94 9.64736  9
104    4.08687
105    5.41992
106    3.77293
107    4.39477
108    6.42547
109    4.05657
110    5.32104
111    6.4501
112    4.13704
95 10.1875  2
99    3.89827
102    6.4848
96 11.9515  1
113    0
97 7.71157  3
99    4.62394
100    3.68284
102    5.33166
98 13.8665  1
113    0
99 13.9654  1
113    0
100 14.2883  1
113    0
101 5.34242  1
113    0
102 6.1298  1
113    0
103 8.70098  1
113    0
104 7.09723  1
113    0
105 11.8603  1
113    0
106 7.41371  1
113    0
107 12.8939  1
113    0
108 10.7894  1
113    0
109 13.9169  1
113    0
110 14.1299  1
113    0
111 14.8254  1
113    0
112 7.09632  1
113    0
113 0  0
