102
0 5.18311  1
1    1.11162
1 5.60945  5
2    0.844823
3    1.17364
4    1.04736
5    1.23501
48    1.06421
2 7.00171  2
13    1.2139
67    1.21222
3 11.5484  1
101    0
4 6.39531  8
6    1.24779
7    1.28953
8    0.825779
9    1.11143
10    0.844218
11    1.17166
12    1.0409
85    1.09536
5 9.56801  1
79    0.851067
6 9.92843  1
101    0
7 11.1055  10
14    1.29062
15    0.829368
16    1.12315
17    0.882488
18    1.29663
19    0.848979
20    1.1872
21    1.09166
22    0.779653
23    0.960805
8 14.9493  1
13    1.06439
9 7.50099  1
101    0
10 13.179  2
13    1.17885
51    1.22022
11 11.7202  1
101    0
12 6.95624  1
101    0
13 11.3997  8
24    0.952364
25    0.924787
26    0.834733
27    1.14068
28    0.939729
29    0.883532
30    0.700018
31    0.700751
14 5.90976  1
101    0
15 7.98257  7
40    1.06633
41    1.29696
42    0.85006
43    1.19074
44    1.10321
45    0.817374
46    1.08398
16 14.7516  3
49    1.29002
50    0.827409
86    0.744972
17 6.85522  1
67    1.17334
18 11.0701  1
48    0.811313
19 14.8337  1
101    0
20 7.12348  8
32    0.703149
33    0.710987
34    0.736567
35    0.820103
36    1.0929
37    0.783718
38    0.974081
39    0.995706
21 11.946  1
101    0
22 7.69387  1
101    0
23 13.8086  1
101    0
24 13.7762  1
101    0
25 13.6703  1
51    0.861632
26 13.3245  1
51    1.11676
27 12.1953  1
87    0.798349
28 8.5081  1
101    0
29 6.46733  5
52    1.13172
53    0.910486
54    0.78804
55    0.988198
56    1.04181
30 9.80331  1
101    0
31 10.6969  1
85    0.79172
32 13.6151  10
57    1.2169
58    1.18865
59    1.09638
60    0.795071
61    1.01116
62    1.1168
63    0.861742
64    1.22888
65    1.22776
66    1.22412
33 13.1442  1
51    1.22657
34 11.6063  1
101    0
35 6.58452  2
51    1.22851
86    1.00021
36 10.186  1
47    0.754585
37 11.9466  4
47    0.878954
51    1.19947
85    0.89505
86    0.847551
38 7.6957  1
101    0
39 13.8147  5
80    1.19402
81    1.1139
82    0.852293
83    1.19803
84    1.127
40 13.796  1
101    0
41 13.7353  1
101    0
42 13.5369  1
101    0
43 12.889  1
87    0.729902
44 10.7732  1
47    1.28509
45 13.8641  1
101    0
46 13.9575  1
101    0
47 14.2624  1
87    1.18253
48 5.25758  1
101    0
49 5.85269  1
86    1.08104
50 7.79611  1
85    1.10427
51 14.1424  1
101    0
52 14.8663  1
101    0
53 7.22999  1
67    1.04639
54 12.2939  1
101    0
55 8.82977  1
101    0
56 7.51778  1
101    0
57 13.2336  1
101    0
58 11.8984  1
101    0
59 7.53822  4
75    1.29198
76    0.833799
77    1.13764
78    0.929786
60 13.3004  1
101    0
61 12.1166  7
88    1.02187
89    1.15177
90    0.975948
91    1.0018
92    1.08624
93    0.761946
94    0.902997
62 8.25083  1
101    0
63 5.62716  1
101    0
64 7.05969  8
68    1.23185
69    1.23745
70    1.25574
71    0.715455
72    0.751161
73    0.867766
74    1.24855
85    0.823582
65 11.7379  1
101    0
66 7.01422  1
101    0
67 11.5893  1
101    0
68 6.52867  1
101    0
69 10.0035  1
101    0
70 11.3506  1
101    0
71 5.74953  1
101    0
72 7.45918  1
101    0
73 13.0422  1
101    0
74 11.2737  1
101    0
75 5.49837  1
101    0
76 6.63915  1
101    0
77 10.3645  1
101    0
78 12.5295  1
85    0.737629
79 9.59914  1
85    0.820853
80 10.0301  1
101    0
81 11.4373  1
87    1.07642
82 6.03244  1
101    0
83 8.38328  6
95    0.763576
96    0.908307
97    0.780917
98    0.964943
99    0.965877
100    0.968917
84 6.0596  1
101    0
85 8.47179  1
101    0
86 6.34861  1
101    0
87 9.41572  1
101    0
88 9.43129  1
101    0
89 9.48195  1
101    0
90 9.64736  1
101    0
91 10.1875  1
101    0
92 11.9515  1
101    0
93 7.71157  1
101    0
94 13.8665  1
101    0
95 13.9654  1
101    0
96 14.2883  1
101    0
97 5.34242  1
101    0
98 6.1298  1
101    0
99 8.70098  1
101    0
100 7.09723  1
101    0
101 0  0
