207
0 13.1442  8
1    52.3681
10    56.1576
12    57.0338
15    54.6451
17    43.9477
18    64.501
69    61.8963
104    39.7536
1 11.6063  10
2    61.7507
3    62.3898
4    64.4763
5    41.2889
6    55.5716
7    42.2109
8    58.5829
9    52.0449
10    64.5312
11    38.9827
2 6.58452  4
10    41.4684
12    47.6182
14    35.5493
86    47.6182
3 10.186  3
10    60.6951
12    41.7367
13    35.1575
4 11.9466  3
10    58.9427
12    35.0375
26    61.444
5 7.6957  5
10    53.2196
12    35.0009
14    36.8284
18    55.838
88    48.704
6 13.8147  8
10    44.1244
11    54.5828
12    46.9865
17    37.7293
18    53.2104
19    56.586
63    45.1498
97    55.838
7 13.796  5
10    64.8315
17    64.2547
63    45.4154
97    61.3286
118    36.8815
8 13.7353  7
10    42.449
11    48.0403
12    46.2394
15    39.1859
17    54.1992
63    48.2939
133    42.2411
9 13.5369  7
10    59.3602
15    41.0051
16    53.3166
18    43.0816
19    61.0109
26    43.0871
86    57.0338
10 12.889  2
12    44.1766
19    59.9736
11 10.7732  6
16    49.7853
17    42.503
19    39.402
85    54.5828
105    61.2059
170    53.2104
12 13.8641  3
18    40.5657
86    46.9865
132    38.3894
13 13.9575  4
17    55.1605
19    61.3286
26    55.8399
88    53.3166
14 14.2624  6
17    64.848
26    61.2059
69    36.0273
84    56.1576
86    35.0375
156    35.1575
15 5.25758  4
16    48.704
17    59.5369
26    58.6671
87    39.1859
16 5.85269  3
17    40.8687
18    41.3704
118    59.9013
17 7.79611  3
18    61.4257
19    45.5243
26    60.6108
18 14.1424  5
20    49.4099
21    52.0907
22    60.8452
23    59.4325
26    50.558
19 14.8663  1
206    0
20 7.22999  5
24    54.819
25    39.7536
26    61.3881
85    38.9827
170    43.0816
21 12.2939  2
51    39.586
52    50.0105
22 8.82977  1
86    35.0009
23 7.51778  4
86    46.2394
98    39.402
133    55.5808
156    57.0338
24 13.2336  10
27    52.3196
28    61.5923
29    61.8725
30    62.7871
31    35.7727
32    37.5581
33    43.3883
34    62.4273
35    64.599
84    44.1244
25 11.8984  1
98    59.9736
26 7.53822  8
46    36.8815
47    41.1791
48    55.2136
49    41.0427
50    54.7678
63    54.3118
84    41.4684
85    59.3602
27 13.3004  1
206    0
28 12.1166  4
85    42.449
86    48.0403
118    41.0427
169    64.2547
29 8.25083  1
97    61.0109
30 5.62716  2
69    38.3894
104    50.558
31 7.05969  1
206    0
32 11.7379  1
69    62.8649
33 7.01422  2
106    60.6108
169    40.5657
34 11.5893  2
84    64.5312
87    54.6451
35 6.52867  10
36    41.69
37    56.8818
38    46.4893
39    42.5533
40    59.7008
41    55.6952
42    42.6147
43    59.9013
44    56.3498
45    44.7525
36 10.0035  4
109    43.3883
110    62.4273
111    64.599
112    41.69
37 11.3506  1
206    0
38 5.74953  9
53    54.0518
54    37.2486
55    42.3775
56    59.1267
57    53.8211
58    36.4951
59    39.9174
60    51.0936
106    61.5923
39 7.45918  1
84    58.9427
40 13.0422  1
206    0
41 11.2737  4
61    57.5886
62    48.7974
69    46.1029
119    54.7678
42 5.49837  2
88    49.7853
106    61.8725
43 6.63915  3
63    50.0902
125    39.0458
133    46.1029
44 10.3645  1
125    45.4154
45 12.5295  1
119    53.8211
46 9.59914  3
196    46.4893
197    42.5533
198    59.7008
47 10.0301  2
63    48.2472
125    48.2472
48 11.4373  5
64    48.9421
65    50.5626
66    55.8545
67    43.1347
68    61.5996
49 6.03244  2
63    38.0973
156    41.0051
50 8.38328  3
63    39.0458
85    64.8315
132    36.0273
51 6.0596  1
63    38.1788
52 8.47179  2
97    41.3704
170    55.838
53 6.34861  10
157    39.1859
158    48.704
159    49.7853
160    53.3166
161    64.848
162    42.503
163    59.5369
164    55.1605
165    40.8687
166    54.1992
54 9.41572  3
87    35.5493
119    59.1267
156    35.0009
55 9.43129  1
118    41.1791
56 9.48195  1
106    58.6671
57 9.64736  1
206    0
58 10.1875  1
63    48.4458
59 11.9515  1
206    0
60 7.71157  9
77    64.4763
78    41.2889
79    55.5716
80    42.2109
81    58.5829
82    52.0449
83    60.6951
97    64.501
105    43.0871
61 13.8665  3
86    41.7367
98    56.586
170    61.4257
62 13.9654  3
88    59.5369
119    37.2486
156    36.8284
63 14.2883  1
87    36.8284
64 5.34242  1
105    55.8399
65 6.1298  7
70    41.2917
71    55.5808
72    42.2411
73    58.6818
74    52.3681
75    61.7507
76    62.3898
66 8.70098  3
84    53.2196
106    52.3196
118    55.2136
67 7.09723  1
206    0
68 11.8603  7
179    50.558
180    55.8399
181    43.0871
182    61.444
183    61.3881
184    61.2059
185    60.6108
69 7.41371  1
97    43.0816
70 12.8939  4
98    45.5243
105    61.444
125    38.1788
170    61.0109
71 10.7894  2
107    35.7727
108    37.5581
72 13.9169  1
206    0
73 14.1299  8
89    55.1605
90    40.8687
91    54.1992
92    37.7293
93    43.9477
94    64.2547
95    40.5657
96    53.2104
74 14.8254  1
133    41.2917
75 7.09632  1
156    35.5493
76 11.8572  1
88    64.848
77 7.40364  5
99    49.4099
100    52.0907
101    60.8452
102    59.4325
103    54.819
78 12.861  2
87    41.0051
97    61.4257
79 10.6816  2
86    44.1766
140    52.0449
80 13.565  1
118    44.7525
81 12.9809  2
119    39.586
125    50.0902
82 11.0732  1
206    0
83 14.8437  1
105    61.3881
84 7.15613  1
86    35.1575
85 12.0525  6
150    54.5828
151    38.9827
152    48.0403
153    47.6182
154    46.2394
155    41.7367
86 8.04147  3
118    56.3498
119    42.3775
133    58.6818
87 14.9438  1
88    42.503
88 7.48299  1
206    0
89 13.1201  1
206    0
90 11.5276  3
119    54.0518
156    46.9865
170    59.9736
91 6.32756  7
199    55.6952
200    42.6147
201    59.9013
202    56.3498
203    44.7525
204    36.8815
205    41.1791
92 9.34675  1
206    0
93 9.20606  6
134    61.7507
135    62.3898
136    64.4763
137    41.2889
138    55.5716
139    42.2109
94 8.74645  1
140    58.5829
95 7.24555  5
113    56.8818
114    46.4893
115    42.5533
116    59.7008
117    55.6952
96 12.3446  1
142    53.2196
97 8.99548  2
189    35.7727
190    37.5581
98 8.05887  3
106    62.7871
118    42.6147
170    41.3704
99 5.00031  3
120    36.4951
121    39.9174
125    45.1498
100 5.01251  1
170    61.3286
101 5.05249  1
119    50.0105
102 5.18311  1
206    0
103 5.60945  1
186    61.5923
104 7.00171  1
206    0
105 11.5484  1
206    0
106 6.39531  1
125    48.2939
107 9.56801  1
132    62.8649
108 9.92843  1
206    0
109 11.1055  6
126    48.4458
127    48.9421
128    50.5626
129    55.8545
130    43.1347
131    61.5996
110 14.9493  1
206    0
111 7.50099  1
156    35.0375
112 13.179  1
156    44.1766
113 11.7202  1
206    0
114 6.95624  1
206    0
115 11.3997  1
206    0
116 5.90976  3
122    51.0936
123    57.5886
124    48.7974
117 7.98257  1
125    38.0973
118 14.7516  1
125    54.3118
119 6.85522  1
206    0
120 11.0701  7
171    45.5243
172    39.402
173    49.4099
174    52.0907
175    60.8452
176    59.4325
177    54.819
121 14.8337  1
206    0
122 7.12348  1
206    0
123 11.946  1
206    0
124 7.69387  1
206    0
125 13.8086  1
206    0
126 13.7762  1
206    0
127 13.6703  2
133    52.3681
140    60.6951
128 13.3245  1
206    0
129 12.1953  1
206    0
130 8.5081  1
206    0
131 6.46733  1
132    61.8963
132 9.80331  1
206    0
133 10.6969  7
143    64.5312
144    41.4684
145    56.1576
146    44.1244
147    64.8315
148    42.449
149    59.3602
134 13.6151  1
141    58.9427
135 13.1442  1
206    0
136 11.6063  1
206    0
137 6.58452  1
206    0
138 10.186  2
187    61.8725
188    62.7871
139 11.9466  1
206    0
140 7.6957  1
206    0
141 13.8147  1
206    0
142 13.796  1
206    0
143 13.7353  1
178    39.7536
144 13.5369  1
206    0
145 12.889  1
206    0
146 10.7732  1
156    54.6451
147 13.8641  1
206    0
148 13.9575  1
206    0
149 14.2624  1
206    0
150 5.25758  1
186    52.3196
151 5.85269  1
206    0
152 7.79611  1
206    0
153 14.1424  1
206    0
154 14.8663  1
206    0
155 7.22999  1
206    0
156 12.2939  1
206    0
157 8.82977  3
167    37.7293
168    43.9477
186    58.6671
158 7.51778  1
206    0
159 13.2336  1
206    0
160 11.8984  1
206    0
161 7.53822  1
206    0
162 13.3004  1
206    0
163 12.1166  1
206    0
164 8.25083  1
206    0
165 5.62716  1
206    0
166 7.05969  1
170    56.586
167 11.7379  1
206    0
168 7.01422  1
170    64.501
169 11.5893  1
206    0
170 6.52867  1
206    0
171 10.0035  1
206    0
172 11.3506  1
206    0
173 5.74953  1
206    0
174 7.45918  1
206    0
175 13.0422  1
206    0
176 11.2737  1
206    0
177 5.49837  5
191    43.3883
192    62.4273
193    64.599
194    41.69
195    56.8818
178 6.63915  1
206    0
179 10.3645  1
206    0
180 12.5295  1
206    0
181 9.59914  1
206    0
182 10.0301  1
206    0
183 11.4373  1
206    0
184 6.03244  1
206    0
185 8.38328  1
206    0
186 6.0596  1
206    0
187 8.47179  1
206    0
188 6.34861  1
206    0
189 9.41572  1
206    0
190 9.43129  1
206    0
191 9.48195  1
206    0
192 9.64736  1
206    0
193 10.1875  1
206    0
194 11.9515  1
206    0
195 7.71157  1
206    0
196 13.8665  1
206    0
197 13.9654  1
206    0
198 14.2883  1
206    0
199 5.34242  1
206    0
200 6.1298  1
206    0
201 8.70098  1
206    0
202 7.09723  1
206    0
203 11.8603  1
206    0
204 7.41371  1
206    0
205 12.8939  1
206    0
206 0  0
