44
0 11.9515  3
1    35.5493
15    37.7293
29    60.6108
1 7.71157  4
2    36.8284
3    41.0051
4    54.6451
15    53.2104
2 13.8665  2
15    40.5657
29    58.6671
3 13.9654  10
5    39.1859
6    48.704
7    49.7853
8    53.3166
9    64.848
10    42.503
11    59.5369
12    55.1605
13    40.8687
14    54.1992
4 14.2883  1
43    0
5 5.34242  2
15    43.0816
29    43.0871
6 6.1298  3
15    41.3704
40    55.6952
41    37.2486
7 8.70098  1
43    0
8 7.09723  1
15    55.838
9 11.8603  2
34    35.7727
35    37.5581
10 7.41371  1
15    64.2547
11 12.8939  4
16    61.4257
17    61.3286
18    61.0109
29    50.558
12 10.7894  2
15    64.501
40    59.7008
13 13.9169  2
15    43.9477
41    42.3775
14 14.1299  2
40    46.4893
41    55.2136
15 14.8254  2
29    61.2059
41    50.0105
16 7.09632  1
41    39.586
17 11.8572  10
19    59.9736
20    56.586
21    45.5243
22    39.402
23    49.4099
24    52.0907
25    60.8452
26    59.4325
27    54.819
28    39.7536
18 7.40364  1
43    0
19 12.861  1
43    0
20 10.6816  1
41    36.8815
21 13.565  1
43    0
22 12.9809  4
30    52.3196
31    61.5923
32    61.8725
33    62.7871
23 11.0732  4
36    43.3883
37    62.4273
38    64.599
39    41.69
24 14.8437  1
43    0
25 7.15613  1
40    59.9013
26 12.0525  2
29    61.444
40    56.8818
27 8.04147  1
29    61.3881
28 14.9438  2
29    55.8399
40    56.3498
29 7.48299  1
43    0
30 13.1201  1
40    44.7525
31 11.5276  2
40    42.5533
41    41.0427
32 6.32756  1
43    0
33 9.34675  1
41    41.1791
34 9.20606  1
43    0
35 8.74645  1
43    0
36 7.24555  1
43    0
37 12.3446  1
42    59.1267
38 8.99548  1
43    0
39 8.05887  2
40    42.6147
41    54.7678
40 5.00031  1
41    54.0518
41 5.01251  1
43    0
42 5.05249  1
43    0
43 0  0
