170
0 13.796  9
1    1.07642
2    0.729902
3    0.798349
4    1.02187
5    1.15177
6    0.975948
7    1.0018
8    0.902997
53    0.703149
1 13.7353  2
8    0.761946
129    0.820103
2 13.5369  4
8    0.780917
65    1.22022
85    1.19803
128    0.939729
3 12.889  2
8    0.908307
115    0.825834
4 10.7732  1
8    0.964943
5 13.8641  1
8    1.08624
6 13.9575  1
25    1.04736
7 14.2624  3
8    0.763576
123    1.12315
128    0.952364
8 5.25758  7
9    0.965877
10    0.968917
11    0.978841
12    1.01125
13    1.11709
14    0.862694
15    1.23199
9 5.85269  1
169    0
10 7.79611  1
53    0.736567
11 14.1424  7
32    1.0409
33    1.2139
34    1.17885
35    1.06439
36    1.29062
85    0.852293
115    0.767788
12 14.8663  1
64    0.811313
13 7.22999  10
16    1.23793
17    1.2573
18    0.720545
19    0.767788
20    0.922059
21    0.825834
22    1.11162
23    0.844823
24    1.17364
65    1.11676
14 12.2939  3
25    1.23501
53    0.995706
115    1.2573
15 8.82977  1
169    0
16 7.51778  2
53    0.710987
122    0.844218
17 13.2336  4
86    0.737629
87    0.823582
88    1.10427
89    0.820853
18 11.8984  10
75    1.04639
76    1.23185
77    1.23745
78    1.25574
79    0.715455
80    0.751161
81    0.867766
82    1.24855
83    1.29198
129    1.0929
19 7.53822  1
65    1.22851
20 13.3004  1
169    0
21 12.1166  1
169    0
22 8.25083  6
39    0.882488
40    1.29663
41    0.848979
42    1.1872
43    1.09166
44    0.779653
23 5.62716  1
52    0.700751
24 7.05969  7
26    1.24779
27    1.28953
28    0.825779
29    1.11143
30    0.844218
31    1.17166
85    1.127
25 11.7379  1
65    0.827409
26 7.01422  1
169    0
27 11.5893  2
84    0.833799
123    0.882488
28 6.52867  8
45    0.960805
46    0.952364
47    0.924787
48    0.834733
49    1.14068
50    0.939729
51    0.883532
74    1.22888
29 10.0035  1
169    0
30 11.3506  1
169    0
31 5.74953  3
52    0.700018
65    1.13172
74    1.21222
32 7.45918  6
146    1.11676
147    0.861632
148    1.22851
149    1.22657
150    1.22022
151    1.19947
33 13.0422  7
57    1.19074
58    1.10321
59    0.817374
60    1.08398
61    0.754585
62    0.878954
63    1.28509
34 11.2737  1
169    0
35 5.49837  2
37    0.829368
38    1.12315
36 6.63915  1
128    1.14068
37 10.3645  1
95    0.847551
38 12.5295  5
54    1.06633
55    1.29696
56    0.85006
64    1.06421
128    0.700018
39 9.59914  3
65    1.22657
85    0.851067
115    0.922059
40 10.0301  1
53    0.783718
41 11.4373  1
169    0
42 6.03244  2
53    0.974081
115    1.23199
43 8.38328  1
169    0
44 6.0596  1
66    0.988198
45 8.47179  1
169    0
46 6.34861  1
123    1.29062
47 9.41572  1
65    1.19947
48 9.43129  1
169    0
49 9.48195  3
53    0.820103
74    1.17334
85    0.929786
50 9.64736  2
53    1.0929
74    1.22412
51 10.1875  9
137    0.817374
138    1.08398
139    0.754585
140    0.878954
141    1.28509
142    0.811313
143    1.06421
144    1.29002
145    0.827409
52 11.9515  7
67    1.04181
68    1.2169
69    1.18865
70    1.09638
71    0.795071
72    1.01116
73    1.1168
53 7.71157  1
169    0
54 13.8665  1
122    0.825779
55 13.9654  1
169    0
56 14.2883  1
64    1.29002
57 5.34242  1
65    0.861632
58 6.1298  1
65    0.910486
59 8.70098  5
90    1.09536
91    0.79172
92    1.00021
93    1.08104
94    0.744972
60 7.09723  1
85    1.19402
61 11.8603  2
66    0.78804
115    1.23793
62 7.41371  2
74    0.861742
85    1.1139
63 12.8939  3
74    1.22776
123    1.06439
128    0.883532
64 10.7894  2
123    1.29663
128    0.700751
65 13.9169  1
169    0
66 14.1299  1
169    0
67 14.8254  1
85    0.89505
68 7.09632  1
95    1.18253
69 11.8572  1
169    0
70 7.40364  2
115    0.862694
129    0.736567
71 12.861  1
169    0
72 10.6816  2
96    1.07642
97    0.729902
73 13.565  1
128    0.834733
74 12.9809  6
116    1.11162
117    0.844823
118    1.17364
119    1.04736
120    1.23501
121    1.24779
75 11.0732  1
169    0
76 14.8437  1
98    0.798349
77 7.15613  1
169    0
78 12.0525  1
169    0
79 8.04147  1
169    0
80 14.9438  1
129    0.710987
81 7.48299  1
84    1.13764
82 13.1201  2
115    0.720545
122    1.0409
83 11.5276  1
169    0
84 6.32756  2
122    1.17166
123    0.848979
85 9.34675  7
130    0.974081
131    0.995706
132    1.06633
133    1.29696
134    0.85006
135    1.19074
136    1.10321
86 9.20606  9
106    0.763576
107    0.908307
108    0.780917
109    0.964943
110    0.965877
111    0.968917
112    0.978841
113    1.01125
114    1.11709
87 8.74645  1
128    0.924787
88 7.24555  1
169    0
89 12.3446  1
169    0
90 8.99548  1
123    1.17885
91 8.05887  4
99    1.02187
100    1.15177
101    0.975948
102    1.0018
92 5.00031  1
169    0
93 5.01251  1
128    0.703149
94 5.05249  1
169    0
95 5.18311  1
169    0
96 5.60945  1
169    0
97 7.00171  1
169    0
98 11.5484  3
103    1.08624
104    0.761946
105    0.902997
99 6.39531  1
169    0
100 9.56801  1
169    0
101 9.92843  1
122    1.28953
102 11.1055  1
169    0
103 14.9493  1
169    0
104 7.50099  1
169    0
105 13.179  1
169    0
106 11.7202  1
169    0
107 6.95624  1
169    0
108 11.3997  1
169    0
109 5.90976  1
122    1.11143
110 7.98257  1
169    0
111 14.7516  1
169    0
112 6.85522  1
169    0
113 11.0701  1
123    0.829368
114 14.8337  1
169    0
115 7.12348  1
169    0
116 11.946  1
169    0
117 7.69387  4
124    1.1872
125    1.09166
126    0.779653
127    0.960805
118 13.8086  1
169    0
119 13.7762  1
122    1.2139
120 13.6703  1
169    0
121 13.3245  1
129    0.783718
122 12.1953  1
169    0
123 8.5081  1
169    0
124 6.46733  1
169    0
125 9.80331  1
169    0
126 10.6969  1
169    0
127 13.6151  1
169    0
128 13.1442  1
169    0
129 11.6063  1
169    0
130 6.58452  1
169    0
131 10.186  1
169    0
132 11.9466  1
169    0
133 7.6957  1
169    0
134 13.8147  1
169    0
135 13.796  1
169    0
136 13.7353  1
169    0
137 13.5369  1
169    0
138 12.889  1
169    0
139 10.7732  9
160    0.795071
161    1.01116
162    1.1168
163    0.861742
164    1.22888
165    1.22776
166    1.22412
167    1.21222
168    1.17334
140 13.8641  1
169    0
141 13.9575  1
169    0
142 14.2624  8
152    1.13172
153    0.910486
154    0.78804
155    0.988198
156    1.04181
157    1.2169
158    1.18865
159    1.09638
143 5.25758  1
169    0
144 5.85269  1
169    0
145 7.79611  1
169    0
146 14.1424  1
169    0
147 14.8663  1
169    0
148 7.22999  1
169    0
149 12.2939  1
169    0
150 8.82977  1
169    0
151 7.51778  1
169    0
152 13.2336  1
169    0
153 11.8984  1
169    0
154 7.53822  1
169    0
155 13.3004  1
169    0
156 12.1166  1
169    0
157 8.25083  1
169    0
158 5.62716  1
169    0
159 7.05969  1
169    0
160 11.7379  1
169    0
161 7.01422  1
169    0
162 11.5893  1
169    0
163 6.52867  1
169    0
164 10.0035  1
169    0
165 11.3506  1
169    0
166 5.74953  1
169    0
167 7.45918  1
169    0
168 13.0422  1
169    0
169 0  0
