62
0 5.49837  10
1    7.36567
2    8.20103
3    10.929
4    7.83718
5    9.74081
6    9.95706
7    10.6633
8    12.9696
9    8.5006
10    11.9074
1 6.63915  1
61    0
2 10.3645  3
25    7.8804
26    9.88198
27    10.4181
3 12.5295  10
14    7.54585
15    8.78954
16    12.8509
17    8.11313
18    10.6421
19    12.9002
20    8.27409
21    11.1676
22    8.61632
23    12.2851
4 9.59914  1
61    0
5 10.0301  1
61    0
6 11.4373  1
61    0
7 6.03244  9
45    7.51161
46    8.67766
47    12.4855
48    12.9198
49    8.33799
50    11.3764
51    9.29786
52    8.51067
53    11.9402
8 8.38328  1
61    0
9 6.0596  3
11    11.0321
12    8.17374
13    10.8398
10 8.47179  1
61    0
11 6.34861  1
24    12.2022
12 9.41572  1
61    0
13 9.43129  1
61    0
14 9.48195  1
61    0
15 9.64736  1
61    0
16 10.1875  1
61    0
17 11.9515  1
24    11.3172
18 7.71157  1
24    9.10486
19 13.8665  1
61    0
20 13.9654  1
24    12.2657
21 14.2883  1
24    11.9947
22 5.34242  1
61    0
23 6.1298  1
61    0
24 8.70098  1
61    0
25 7.09723  9
28    12.169
29    11.8865
30    10.9638
31    7.95071
32    10.1116
33    11.168
34    8.61742
35    12.2888
36    12.2776
26 11.8603  1
61    0
27 7.41371  1
61    0
28 12.8939  1
61    0
29 10.7894  1
61    0
30 13.9169  1
61    0
31 14.1299  1
61    0
32 14.8254  1
61    0
33 7.09632  7
54    11.139
55    8.52293
56    11.9803
57    11.27
58    8.9505
59    7.37629
60    8.23582
34 11.8572  1
61    0
35 7.40364  1
61    0
36 12.861  8
37    12.2412
38    12.1222
39    11.7334
40    10.4639
41    12.3185
42    12.3745
43    12.5574
44    7.15455
37 10.6816  1
61    0
38 13.565  1
61    0
39 12.9809  1
61    0
40 11.0732  1
61    0
41 14.8437  1
61    0
42 7.15613  1
61    0
43 12.0525  1
61    0
44 8.04147  1
61    0
45 14.9438  1
61    0
46 7.48299  1
61    0
47 13.1201  1
61    0
48 11.5276  1
61    0
49 6.32756  1
61    0
50 9.34675  1
61    0
51 9.20606  1
61    0
52 8.74645  1
61    0
53 7.24555  1
61    0
54 12.3446  1
61    0
55 8.99548  1
61    0
56 8.05887  1
61    0
57 5.00031  1
61    0
58 5.01251  1
61    0
59 5.05249  1
61    0
60 5.18311  1
61    0
61 0  0
