62
0 13.9169  8
1    5.20907
2    6.08452
13    6.18725
16    5.56952
17    5.47678
23    3.80973
33    5.55716
58    3.77293
1 14.1299  4
13    6.27871
17    5.00105
31    6.28649
58    5.51605
2 14.8254  9
3    5.94325
4    5.4819
5    3.97536
6    5.0558
7    5.58399
8    4.30871
9    6.1444
17    3.72486
23    4.82472
3 7.09632  5
10    6.13881
11    6.06108
14    3.75581
15    6.24273
33    6.45312
4 11.8572  8
11    5.86671
13    3.57727
15    5.68818
16    4.47525
17    5.40518
23    4.87974
32    6.23898
58    4.39477
5 7.40364  2
32    5.55808
58    5.32104
6 12.861  7
15    4.25533
16    5.97008
17    5.52136
23    4.54154
31    3.83894
33    5.20449
58    6.42547
7 10.6816  3
23    3.90458
31    4.61029
58    4.08687
8 13.565  4
12    5.23196
15    4.169
16    5.99013
17    3.68815
9 12.9809  3
15    6.4599
17    3.9586
32    5.23681
10 11.0732  7
11    6.12059
12    6.15923
15    4.64893
16    4.26147
23    3.81788
33    6.06951
34    4.41244
11 14.8437  1
17    4.10427
12 7.15613  3
15    4.33883
16    5.63498
23    4.51498
13 12.0525  5
18    4.23775
19    5.91267
20    5.38211
21    3.64951
33    5.32196
14 8.04147  1
17    4.11791
15 14.9438  2
23    5.00902
31    3.60273
16 7.48299  8
24    4.82939
25    4.84458
26    4.89421
27    5.05626
28    5.58545
29    4.31347
30    6.15996
34    6.48315
17 13.1201  1
61    0
18 11.5276  3
22    3.99174
23    5.75886
33    4.14684
19 6.32756  1
22    5.10936
20 9.34675  3
23    5.43118
33    5.89427
58    5.41992
21 9.20606  2
32    6.17507
33    5.85829
22 8.74645  1
31    6.18963
23 7.24555  1
61    0
24 12.3446  1
32    4.12917
25 8.99548  1
33    4.22109
26 8.05887  1
32    6.44763
27 5.00031  1
61    0
28 5.01251  2
32    4.12889
45    3.50375
29 5.05249  3
32    5.86818
33    5.61576
34    4.2449
30 5.18311  1
32    4.22411
31 5.60945  1
34    5.93602
32 7.00171  10
35    5.45828
36    3.89827
37    4.80403
38    4.76182
39    4.62394
40    4.17367
41    5.70338
42    4.69865
43    4.41766
44    3.50009
33 11.5484  1
61    0
34 6.39531  1
61    0
35 9.56801  1
61    0
36 9.92843  1
61    0
37 11.1055  1
61    0
38 14.9493  1
61    0
39 7.50099  8
46    3.51575
47    3.55493
48    3.68284
49    4.10051
50    5.46451
51    3.91859
52    4.8704
53    4.97853
40 13.179  1
61    0
41 11.7202  1
61    0
42 6.95624  1
61    0
43 11.3997  1
61    0
44 5.90976  1
61    0
45 7.98257  1
61    0
46 14.7516  1
61    0
47 6.85522  1
61    0
48 11.0701  1
61    0
49 14.8337  1
61    0
50 7.12348  1
58    4.05657
51 11.946  1
61    0
52 7.69387  4
54    5.33166
55    6.4848
56    4.2503
57    5.95369
53 13.8086  1
61    0
54 13.7762  1
61    0
55 13.6703  1
61    0
56 13.3245  2
59    4.13704
60    5.5838
57 12.1953  1
58    6.4501
58 8.5081  1
61    0
59 6.46733  1
61    0
60 9.80331  1
61    0
61 0  0
