51
0 13.9169  3
1    0.827409
2    1.11676
17    1.17334
1 14.1299  4
2    0.861632
3    1.22851
16    1.22412
18    0.715455
2 14.8254  6
24    0.851067
25    1.19402
26    1.1139
27    0.852293
28    1.19803
29    1.127
3 7.09632  3
4    1.22657
5    1.22022
6    1.19947
4 11.8572  5
14    0.795071
15    1.22888
17    1.21222
18    1.23185
40    1.02187
5 7.40364  5
9    0.78804
10    0.988198
11    1.04181
12    1.2169
13    1.18865
6 12.861  3
7    1.13172
8    0.910486
14    1.1168
7 10.6816  1
18    1.23745
8 13.565  1
18    1.25574
9 12.9809  1
14    1.09638
10 11.0732  2
14    1.01116
15    1.22776
11 14.8437  1
50    0
12 7.15613  1
15    0.861742
13 12.0525  1
50    0
14 8.04147  1
18    0.867766
15 14.9438  1
50    0
16 7.48299  2
17    1.04639
18    0.751161
17 13.1201  1
50    0
18 11.5276  5
19    1.24855
20    1.29198
21    0.833799
22    1.13764
23    0.929786
19 6.32756  1
39    1.07642
20 9.34675  1
40    0.798349
21 9.20606  1
50    0
22 8.74645  1
38    0.744972
23 7.24555  1
50    0
24 12.3446  8
30    0.89505
31    0.737629
32    0.823582
33    1.10427
34    0.820853
35    1.09536
36    0.79172
37    1.00021
25 8.99548  1
38    1.18253
26 8.05887  1
50    0
27 5.00031  1
40    0.729902
28 5.01251  9
41    1.15177
42    0.975948
43    1.0018
44    1.08624
45    0.761946
46    0.902997
47    0.763576
48    0.908307
49    0.780917
29 5.05249  1
50    0
30 5.18311  1
50    0
31 5.60945  1
50    0
32 7.00171  1
50    0
33 11.5484  1
38    1.08104
34 6.39531  1
50    0
35 9.56801  1
50    0
36 9.92843  1
50    0
37 11.1055  1
38    0.847551
38 14.9493  1
50    0
39 7.50099  1
50    0
40 13.179  1
50    0
41 11.7202  1
50    0
42 6.95624  1
50    0
43 11.3997  1
50    0
44 5.90976  1
50    0
45 7.98257  1
50    0
46 14.7516  1
50    0
47 6.85522  1
50    0
48 11.0701  1
50    0
49 14.8337  1
50    0
50 0  0
