239
0 7.40364  4
1    57.5886
2    48.7974
10    43.1347
39    35.0009
1 12.861  5
2    50.0902
10    55.8545
39    57.0338
90    64.599
99    38.1788
2 10.6816  8
3    54.3118
4    38.0973
5    45.1498
6    38.1788
7    45.4154
8    39.0458
90    42.5533
229    48.704
3 13.565  4
9    48.2939
10    50.5626
11    62.8649
92    37.2486
4 12.9809  1
91    59.9013
5 11.0732  2
9    48.2472
32    44.1244
6 14.8437  2
11    61.8963
179    61.444
7 7.15613  1
9    48.4458
8 12.0525  4
10    48.9421
11    61.5996
91    56.3498
188    55.2136
9 8.04147  10
14    46.1029
15    41.2917
16    55.5808
17    42.2411
18    58.6818
19    52.3681
20    61.7507
21    62.3898
22    64.4763
23    41.2889
10 14.9438  2
12    36.0273
13    38.3894
11 7.48299  1
40    35.0375
12 13.1201  1
149    54.6451
13 11.5276  2
92    54.0518
187    64.599
14 6.32756  2
39    41.7367
91    44.7525
15 9.34675  1
228    35.1575
16 9.20606  9
100    48.2472
101    48.2939
102    48.4458
103    48.9421
104    50.5626
105    55.8545
106    43.1347
107    61.5996
108    61.8963
17 8.74645  2
99    45.4154
229    41.0051
18 7.24555  1
31    64.5312
19 12.3446  1
40    35.1575
20 8.99548  1
238    0
21 8.05887  1
229    49.7853
22 5.00031  2
31    41.4684
187    62.4273
23 5.01251  8
24    55.5716
25    42.2109
26    58.5829
27    52.0449
28    60.6951
29    58.9427
30    53.2196
179    60.6108
24 5.05249  1
213    58.9427
25 5.18311  9
157    54.1992
158    37.7293
159    43.9477
160    64.2547
161    40.5657
162    53.2104
163    64.501
164    41.3704
165    55.838
26 5.60945  3
99    39.0458
197    45.1498
214    64.5312
27 7.00171  1
39    47.6182
28 11.5484  1
238    0
29 6.39531  1
238    0
30 9.56801  1
32    56.1576
31 9.92843  10
33    64.8315
34    42.449
35    59.3602
36    54.5828
37    38.9827
38    48.0403
92    42.3775
187    46.4893
208    36.0273
211    64.4763
32 11.1055  1
238    0
33 14.9493  1
91    39.586
34 7.50099  1
39    44.1766
35 13.179  2
39    46.9865
228    44.1766
36 11.7202  1
238    0
37 6.95624  1
39    46.2394
38 11.3997  1
229    36.8284
39 5.90976  8
170    45.5243
171    39.402
172    49.4099
173    52.0907
174    60.8452
175    59.4325
176    54.819
177    39.7536
40 7.98257  8
41    35.5493
42    36.8284
43    41.0051
44    54.6451
45    39.1859
46    48.704
47    49.7853
48    53.3166
41 14.7516  1
238    0
42 6.85522  2
67    59.9736
90    37.5581
43 11.0701  2
90    41.69
208    62.8649
44 14.8337  1
91    36.8815
45 7.12348  1
92    50.0105
46 11.946  3
99    38.0973
189    37.2486
197    38.1788
47 7.69387  8
49    64.848
50    42.503
51    59.5369
52    55.1605
53    40.8687
54    54.1992
55    37.7293
214    53.2196
48 13.8086  5
63    43.0816
64    61.4257
65    61.3286
66    61.0109
179    61.3881
49 13.7762  9
56    43.9477
57    64.2547
58    40.5657
59    53.2104
60    64.501
61    41.3704
62    55.838
169    56.586
187    41.69
50 13.6703  10
180    52.3196
181    61.5923
182    61.8725
183    62.7871
184    35.7727
185    37.5581
186    43.3883
188    44.7525
197    54.3118
229    54.6451
51 13.3245  1
91    54.7678
52 12.1953  8
83    60.6108
84    58.6671
85    52.3196
86    61.5923
87    61.8725
88    62.7871
89    35.7727
188    56.3498
53 8.5081  1
238    0
54 6.46733  1
188    54.7678
55 9.80331  1
238    0
56 10.6969  1
90    59.7008
57 13.6151  5
78    55.8399
79    43.0871
80    61.444
81    61.3881
82    61.2059
58 13.1442  2
90    55.6952
91    41.0427
59 11.6063  6
150    49.7853
151    53.3166
152    64.848
153    42.503
154    59.5369
155    55.1605
60 6.58452  1
91    55.2136
61 10.186  1
238    0
62 11.9466  1
90    62.4273
63 7.6957  10
68    56.586
69    45.5243
70    39.402
71    49.4099
72    52.0907
73    60.8452
74    59.4325
75    54.819
76    39.7536
77    50.558
64 13.8147  1
238    0
65 13.796  1
90    46.4893
66 13.7353  1
91    42.6147
67 13.5369  2
189    39.586
209    58.6818
68 12.889  1
238    0
69 10.7732  7
93    39.9174
94    51.0936
95    57.5886
96    48.7974
97    50.0902
98    54.3118
211    61.7507
70 13.8641  6
109    62.8649
110    36.0273
111    38.3894
112    46.1029
113    41.2917
114    55.5808
71 13.9575  1
209    41.2917
72 14.2624  1
238    0
73 5.25758  1
238    0
74 5.85269  2
92    53.8211
179    43.0871
75 7.79611  1
91    41.1791
76 14.1424  2
90    43.3883
99    45.1498
77 14.8663  1
238    0
78 7.22999  1
238    0
79 12.2939  1
238    0
80 8.82977  1
209    55.5808
81 7.51778  1
229    64.848
82 13.2336  2
92    36.4951
187    55.6952
83 11.8984  1
238    0
84 7.53822  1
90    56.8818
85 13.3004  7
190    42.3775
191    59.1267
192    53.8211
193    36.4951
194    39.9174
195    51.0936
196    57.5886
86 12.1166  1
238    0
87 8.25083  1
238    0
88 5.62716  1
213    60.6951
89 7.05969  1
238    0
90 11.7379  2
92    59.1267
156    40.8687
91 7.01422  1
238    0
92 11.5893  1
238    0
93 6.52867  1
238    0
94 10.0035  8
230    42.503
231    59.5369
232    55.1605
233    40.8687
234    54.1992
235    37.7293
236    43.9477
237    64.2547
95 11.3506  1
210    52.3681
96 5.74953  1
149    39.1859
97 7.45918  1
238    0
98 13.0422  1
238    0
99 11.2737  1
212    55.5716
100 5.49837  1
238    0
101 6.63915  1
238    0
102 10.3645  10
122    55.5716
123    42.2109
124    58.5829
125    52.0449
126    60.6951
127    58.9427
128    53.2196
129    64.5312
130    41.4684
149    41.0051
103 12.5295  2
179    58.6671
228    35.0009
104 9.59914  1
238    0
105 10.0301  1
238    0
106 11.4373  1
238    0
107 6.03244  8
115    42.2411
116    58.6818
117    52.3681
118    61.7507
119    62.3898
120    64.4763
121    41.2889
179    61.2059
108 8.38328  1
238    0
109 6.0596  1
197    50.0902
110 8.47179  1
213    52.0449
111 6.34861  1
149    48.704
112 9.41572  1
238    0
113 9.43129  1
238    0
114 9.48195  1
238    0
115 9.64736  10
131    56.1576
132    44.1244
133    64.8315
134    42.449
135    59.3602
136    54.5828
137    38.9827
138    48.0403
139    47.6182
140    46.2394
116 10.1875  7
141    41.7367
142    57.0338
143    46.9865
144    44.1766
145    35.0009
146    35.0375
147    35.1575
117 11.9515  1
238    0
118 7.71157  1
238    0
119 13.8665  1
188    42.6147
120 13.9654  1
229    39.1859
121 14.2883  1
187    56.8818
122 5.34242  2
187    42.5533
188    41.0427
123 6.1298  1
238    0
124 8.70098  1
238    0
125 7.09723  1
148    35.5493
126 11.8603  1
238    0
127 7.41371  1
238    0
128 12.8939  1
238    0
129 10.7894  1
238    0
130 13.9169  1
238    0
131 14.1299  4
178    55.8399
187    59.7008
197    38.0973
209    46.1029
132 14.8254  1
212    41.2889
133 7.09632  1
238    0
134 11.8572  4
166    43.0816
167    61.4257
168    61.3286
228    46.9865
135 7.40364  1
197    48.7974
136 12.861  1
238    0
137 10.6816  1
238    0
138 13.565  1
238    0
139 12.9809  1
238    0
140 11.0732  1
238    0
141 14.8437  1
188    59.9013
142 7.15613  1
238    0
143 12.0525  10
198    39.0458
199    48.2472
200    48.2939
201    48.4458
202    48.9421
203    50.5626
204    55.8545
205    43.1347
206    61.5996
207    61.8963
144 8.04147  1
238    0
145 14.9438  1
148    36.8284
146 7.48299  1
238    0
147 13.1201  1
208    38.3894
148 11.5276  1
238    0
149 6.32756  1
238    0
150 9.34675  1
197    45.4154
151 9.20606  2
169    61.0109
178    50.558
152 8.74645  1
188    41.1791
153 7.24555  1
228    35.0375
154 12.3446  1
238    0
155 8.99548  1
228    35.5493
156 8.05887  1
238    0
157 5.00031  1
238    0
158 5.01251  1
238    0
159 5.05249  1
238    0
160 5.18311  1
238    0
161 5.60945  1
238    0
162 7.00171  1
189    54.0518
163 11.5484  1
238    0
164 6.39531  1
238    0
165 9.56801  1
169    59.9736
166 9.92843  1
213    58.5829
167 11.1055  1
212    42.2109
168 14.9493  1
238    0
169 7.50099  1
238    0
170 13.179  1
238    0
171 11.7202  1
238    0
172 6.95624  1
211    62.3898
173 11.3997  1
238    0
174 5.90976  1
238    0
175 7.98257  1
238    0
176 14.7516  1
189    50.0105
177 6.85522  1
188    36.8815
178 11.0701  1
238    0
179 14.8337  1
238    0
180 7.12348  1
238    0
181 11.946  1
238    0
182 7.69387  1
238    0
183 13.8086  1
209    42.2411
184 13.7762  1
238    0
185 13.6703  1
238    0
186 13.3245  1
238    0
187 12.1953  1
238    0
188 8.5081  1
238    0
189 6.46733  9
215    41.4684
216    56.1576
217    44.1244
218    64.8315
219    42.449
220    59.3602
221    54.5828
222    38.9827
223    48.0403
190 9.80331  1
238    0
191 10.6969  1
238    0
192 13.6151  1
238    0
193 13.1442  1
238    0
194 11.6063  1
238    0
195 6.58452  1
238    0
196 10.186  1
238    0
197 11.9466  1
238    0
198 7.6957  1
238    0
199 13.8147  1
238    0
200 13.796  1
238    0
201 13.7353  1
238    0
202 13.5369  5
224    47.6182
225    46.2394
226    41.7367
227    57.0338
229    53.3166
203 12.889  1
238    0
204 10.7732  1
238    0
205 13.8641  1
238    0
206 13.9575  1
238    0
207 14.2624  1
238    0
208 5.25758  1
238    0
209 5.85269  1
238    0
210 7.79611  1
238    0
211 14.1424  1
238    0
212 14.8663  1
238    0
213 7.22999  1
238    0
214 12.2939  1
238    0
215 8.82977  1
238    0
216 7.51778  1
238    0
217 13.2336  1
238    0
218 11.8984  1
238    0
219 7.53822  1
238    0
220 13.3004  1
238    0
221 12.1166  1
238    0
222 8.25083  1
238    0
223 5.62716  1
238    0
224 7.05969  1
238    0
225 11.7379  1
238    0
226 7.01422  1
238    0
227 11.5893  1
238    0
228 6.52867  1
238    0
229 10.0035  1
238    0
230 11.3506  1
238    0
231 5.74953  1
238    0
232 7.45918  1
238    0
233 13.0422  1
238    0
234 11.2737  1
238    0
235 5.49837  1
238    0
236 6.63915  1
238    0
237 10.3645  1
238    0
238 0  0
