186
0 9.43129  10
1    54.6451
2    39.1859
3    48.704
4    49.7853
5    53.3166
6    64.848
7    42.503
8    59.5369
26    49.4099
44    37.2486
1 9.48195  5
17    64.501
18    41.3704
19    55.838
26    52.0907
158    54.6451
2 9.64736  9
9    55.1605
10    40.8687
11    54.1992
12    37.7293
13    43.9477
14    64.2547
15    40.5657
16    53.2104
87    61.3286
3 10.1875  2
43    41.0427
45    54.3118
4 11.9515  8
28    58.6671
29    52.3196
30    61.5923
31    61.8725
32    62.7871
33    35.7727
47    48.4458
72    39.1859
5 7.71157  4
26    45.5243
34    64.599
47    48.2939
58    61.7507
6 13.8665  4
27    61.3881
47    48.9421
153    53.2196
158    49.7853
7 13.9654  1
44    51.0936
8 14.2883  3
43    54.7678
47    55.8545
156    47.6182
9 5.34242  9
20    43.0816
21    61.4257
22    61.3286
23    61.0109
24    59.9736
25    56.586
26    60.8452
45    38.0973
72    54.6451
10 6.1298  2
26    39.402
61    41.2889
11 8.70098  1
34    62.4273
12 7.09723  1
43    39.586
13 11.8603  1
155    44.1244
14 7.41371  1
26    55.8399
15 12.8939  4
26    54.819
27    61.444
61    58.9427
62    42.449
16 10.7894  3
26    59.4325
34    56.8818
44    39.9174
17 13.9169  3
27    61.2059
61    55.5716
114    41.1791
18 14.1299  4
44    59.1267
71    44.1766
87    61.0109
157    35.5493
19 14.8254  3
44    36.4951
61    41.4684
156    38.9827
20 7.09632  2
43    55.2136
62    44.1244
21 11.8572  2
27    43.0871
45    48.7974
22 7.40364  3
26    50.558
45    50.0902
114    55.6952
23 12.861  1
34    41.69
24 10.6816  3
26    39.7536
34    37.5581
45    45.1498
25 13.565  2
45    38.1788
90    60.8452
26 12.9809  1
27    60.6108
27 11.0732  5
35    46.4893
36    42.5533
37    59.7008
61    64.5312
153    60.6951
28 14.8437  1
114    59.9013
29 7.15613  1
43    41.1791
30 12.0525  4
42    36.8815
62    64.8315
114    56.3498
152    41.2889
31 8.04147  5
45    39.0458
48    61.8963
62    56.1576
114    36.8815
176    45.5243
32 14.9438  5
38    55.6952
39    42.6147
40    59.9013
61    60.6951
72    48.704
33 7.48299  3
34    43.3883
42    44.7525
90    49.4099
34 13.1201  8
106    35.7727
107    37.5581
108    43.3883
109    62.4273
110    64.599
111    41.69
112    56.8818
113    46.4893
35 11.5276  4
44    53.8211
45    45.4154
48    61.5996
157    41.0051
36 6.32756  2
43    50.0105
176    60.8452
37 9.34675  10
49    62.8649
50    36.0273
51    38.3894
52    46.1029
53    41.2917
54    55.5808
55    42.2411
56    58.6818
57    52.3681
72    53.3166
38 9.20606  1
47    50.5626
39 8.74645  3
44    42.3775
114    42.6147
176    39.402
40 7.24555  4
41    56.3498
152    62.3898
156    42.449
176    49.4099
41 12.3446  2
44    54.0518
48    43.1347
42 8.99548  1
61    42.2109
43 8.05887  2
44    57.5886
61    52.0449
44 5.00031  2
46    48.2472
153    64.5312
45 5.01251  1
154    41.4684
46 5.05249  1
72    35.1575
47 5.18311  1
87    56.586
48 5.60945  1
87    59.9736
49 7.00171  4
61    53.2196
71    35.0009
87    43.0816
158    39.1859
50 11.5484  1
114    44.7525
51 6.39531  2
71    35.0375
72    35.5493
52 9.56801  1
158    48.704
53 9.92843  8
63    59.3602
64    54.5828
65    38.9827
66    48.0403
67    47.6182
68    46.2394
69    41.7367
152    58.5829
54 11.1055  1
185    0
55 14.9493  9
91    59.4325
92    54.819
93    39.7536
94    50.558
95    55.8399
96    43.0871
97    61.444
98    61.3881
99    61.2059
56 7.50099  1
157    35.0375
57 13.179  1
185    0
58 11.7202  4
59    62.3898
60    64.4763
124    53.8211
153    52.0449
59 6.95624  1
114    59.7008
60 11.3997  1
61    58.5829
61 5.90976  1
185    0
62 7.98257  1
72    41.0051
63 14.7516  1
185    0
64 6.85522  1
185    0
65 11.0701  6
100    60.6108
101    58.6671
102    52.3196
103    61.5923
104    61.8725
105    62.7871
66 14.8337  1
72    36.8284
67 7.12348  1
185    0
68 11.946  1
70    57.0338
69 7.69387  3
71    46.9865
72    49.7853
152    61.7507
70 13.8086  2
156    64.8315
176    52.0907
71 13.7762  7
73    64.848
74    42.503
75    59.5369
76    55.1605
77    40.8687
78    54.1992
155    56.1576
72 13.6703  1
185    0
73 13.3245  1
114    42.5533
74 12.1953  8
79    37.7293
80    43.9477
81    64.2547
82    40.5657
83    53.2104
84    64.501
85    41.3704
86    55.838
75 8.5081  1
185    0
76 6.46733  1
156    46.2394
77 9.80331  2
153    58.9427
176    61.0109
78 10.6969  1
185    0
79 13.6151  1
185    0
80 13.1442  1
185    0
81 11.6063  1
135    39.0458
82 6.58452  2
88    45.5243
89    39.402
83 10.186  1
185    0
84 11.9466  1
87    61.4257
85 7.6957  1
185    0
86 13.8147  1
185    0
87 13.796  1
90    52.0907
88 13.7353  4
115    55.2136
116    41.0427
117    54.7678
118    39.586
89 13.5369  10
125    39.9174
126    51.0936
127    57.5886
128    48.7974
129    50.0902
130    54.3118
131    38.0973
132    45.1498
133    38.1788
134    45.4154
90 12.889  1
157    36.8284
91 10.7732  1
156    54.5828
92 13.8641  5
119    50.0105
120    54.0518
121    37.2486
122    42.3775
123    59.1267
93 13.9575  1
185    0
94 14.2624  1
185    0
95 5.25758  4
169    40.5657
170    53.2104
171    64.501
172    41.3704
96 5.85269  1
185    0
97 7.79611  1
185    0
98 14.1424  1
185    0
99 14.8663  1
152    42.2109
100 7.22999  1
185    0
101 12.2939  1
185    0
102 8.82977  1
185    0
103 7.51778  1
157    35.0009
104 13.2336  1
156    48.0403
105 11.8984  1
152    58.6818
106 7.53822  1
185    0
107 13.3004  1
185    0
108 12.1166  1
185    0
109 8.25083  1
157    41.7367
110 5.62716  1
124    36.4951
111 7.05969  10
142    43.1347
143    61.5996
144    61.8963
145    62.8649
146    36.0273
147    38.3894
148    46.1029
149    41.2917
150    55.5808
151    42.2411
112 11.7379  1
185    0
113 7.01422  1
185    0
114 11.5893  2
152    64.4763
157    46.9865
115 6.52867  1
157    44.1766
116 10.0035  1
152    55.5716
117 11.3506  1
185    0
118 5.74953  1
176    59.4325
119 7.45918  1
185    0
120 13.0422  1
185    0
121 11.2737  1
185    0
122 5.49837  1
185    0
123 6.63915  1
185    0
124 10.3645  1
185    0
125 12.5295  6
136    48.2472
137    48.2939
138    48.4458
139    48.9421
140    50.5626
141    55.8545
126 9.59914  4
173    55.838
174    43.0816
175    61.4257
176    56.586
127 10.0301  1
185    0
128 11.4373  1
156    59.3602
129 6.03244  1
176    61.3286
130 8.38328  1
185    0
131 6.0596  1
185    0
132 8.47179  1
185    0
133 6.34861  1
185    0
134 9.41572  1
185    0
135 9.43129  1
185    0
136 9.48195  1
185    0
137 9.64736  1
185    0
138 10.1875  1
185    0
139 11.9515  1
176    59.9736
140 7.71157  1
185    0
141 13.8665  1
185    0
142 13.9654  1
152    52.3681
143 14.2883  1
185    0
144 5.34242  1
185    0
145 6.1298  1
185    0
146 8.70098  8
177    54.819
178    39.7536
179    50.558
180    55.8399
181    43.0871
182    61.444
183    61.3881
184    61.2059
147 7.09723  10
159    53.3166
160    64.848
161    42.503
162    59.5369
163    55.1605
164    40.8687
165    54.1992
166    37.7293
167    43.9477
168    64.2547
148 11.8603  1
185    0
149 7.41371  1
185    0
150 12.8939  1
185    0
151 10.7894  1
185    0
152 13.9169  1
185    0
153 14.1299  1
185    0
154 14.8254  1
185    0
155 7.09632  1
157    35.1575
156 11.8572  1
157    57.0338
157 7.40364  1
185    0
158 12.861  1
185    0
159 10.6816  1
185    0
160 13.565  1
185    0
161 12.9809  1
185    0
162 11.0732  1
185    0
163 14.8437  1
185    0
164 7.15613  1
185    0
165 12.0525  1
185    0
166 8.04147  1
185    0
167 14.9438  1
185    0
168 7.48299  1
185    0
169 13.1201  1
185    0
170 11.5276  1
185    0
171 6.32756  1
185    0
172 9.34675  1
185    0
173 9.20606  1
185    0
174 8.74645  1
185    0
175 7.24555  1
185    0
176 12.3446  1
185    0
177 8.99548  1
185    0
178 8.05887  1
185    0
179 5.00031  1
185    0
180 5.01251  1
185    0
181 5.05249  1
185    0
182 5.18311  1
185    0
183 5.60945  1
185    0
184 7.00171  1
185    0
185 0  0
