103
0 7.05969  5
1    5.20907
10    6.06108
11    6.18725
22    5.52136
23    4.23775
1 11.7379  10
2    6.08452
3    5.94325
4    5.4819
5    3.97536
6    5.0558
7    5.58399
8    4.30871
9    6.1444
10    6.12059
22    4.47525
2 7.01422  2
11    6.15923
22    5.47678
3 11.5893  1
23    5.91267
4 6.52867  2
11    5.23196
23    3.72486
5 10.0035  2
23    3.64951
67    4.69865
6 11.3506  3
10    5.86671
11    6.27871
22    3.68815
7 5.74953  2
11    4.33883
23    5.40518
8 7.45918  10
31    4.51498
32    3.81788
33    4.54154
34    3.90458
35    4.82472
36    4.82939
37    4.84458
38    4.89421
60    4.2449
93    4.94099
9 13.0422  3
10    6.13881
11    3.57727
22    5.00105
10 11.2737  2
11    3.75581
23    5.38211
11 5.49837  10
12    6.24273
13    6.4599
14    4.169
15    5.68818
16    4.64893
17    4.25533
18    5.97008
19    5.56952
20    4.26147
21    5.99013
12 6.63915  7
24    3.99174
25    5.10936
26    5.75886
27    4.87974
28    5.00902
29    5.43118
30    3.80973
13 10.3645  2
22    5.63498
93    3.9402
14 12.5295  1
60    6.48315
15 9.59914  1
102    0
16 10.0301  1
102    0
17 11.4373  1
22    4.10427
18 6.03244  1
22    3.9586
19 8.38328  1
22    4.11791
20 6.0596  1
59    5.20449
21 8.47179  1
60    6.45312
22 6.34861  8
94    5.0558
95    5.58399
96    4.30871
97    6.1444
98    6.13881
99    6.12059
100    6.06108
101    5.86671
23 9.41572  1
102    0
24 9.43129  1
102    0
25 9.48195  1
102    0
26 9.64736  1
60    5.61576
27 10.1875  1
67    5.70338
28 11.9515  7
78    5.51605
79    4.08687
80    5.41992
81    3.77293
82    4.39477
83    6.42547
93    3.97536
29 7.71157  1
102    0
30 13.8665  1
67    3.50375
31 13.9654  10
39    5.05626
40    5.58545
41    4.31347
42    6.15996
43    6.18963
44    6.28649
45    3.60273
46    3.83894
47    4.61029
48    4.12917
32 14.2883  1
77    5.95369
33 5.34242  2
60    4.41244
67    3.51575
34 6.1298  1
102    0
35 8.70098  4
89    4.30816
90    6.14257
91    6.13286
92    6.10109
36 7.09723  1
102    0
37 11.8603  10
49    5.55808
50    4.22411
51    5.86818
52    5.23681
53    6.17507
54    6.23898
55    6.44763
56    4.12889
57    5.55716
58    4.22109
38 7.41371  1
102    0
39 12.8939  1
93    4.55243
40 10.7894  1
67    4.41766
41 13.9169  1
102    0
42 14.1299  9
68    3.55493
69    3.68284
70    4.10051
71    5.46451
72    3.91859
73    4.8704
74    4.97853
75    5.33166
76    6.4848
43 14.8254  1
102    0
44 7.09632  1
93    5.20907
45 11.8572  1
102    0
46 7.40364  1
102    0
47 12.861  1
102    0
48 10.6816  2
60    5.89427
67    4.17367
49 13.565  2
60    6.06951
93    5.99736
50 12.9809  1
102    0
51 11.0732  6
61    5.93602
62    5.45828
63    3.89827
64    4.80403
65    4.76182
66    4.62394
52 14.8437  1
59    5.85829
53 7.15613  1
60    4.14684
54 12.0525  1
102    0
55 8.04147  1
102    0
56 14.9438  1
102    0
57 7.48299  1
60    5.32196
58 13.1201  1
93    5.94325
59 11.5276  1
67    3.50009
60 6.32756  1
102    0
61 9.34675  1
102    0
62 9.20606  1
102    0
63 8.74645  1
93    6.08452
64 7.24555  5
84    4.05657
85    5.32104
86    6.4501
87    4.13704
88    5.5838
65 12.3446  1
102    0
66 8.99548  1
102    0
67 8.05887  1
102    0
68 5.00031  1
102    0
69 5.01251  1
102    0
70 5.05249  1
102    0
71 5.18311  1
102    0
72 5.60945  1
102    0
73 7.00171  1
102    0
74 11.5484  1
102    0
75 6.39531  1
102    0
76 9.56801  1
77    4.2503
77 9.92843  1
93    5.6586
78 11.1055  1
102    0
79 14.9493  1
102    0
80 7.50099  1
102    0
81 13.179  1
102    0
82 11.7202  1
102    0
83 6.95624  1
102    0
84 11.3997  1
102    0
85 5.90976  1
102    0
86 7.98257  1
102    0
87 14.7516  1
102    0
88 6.85522  1
93    5.4819
89 11.0701  1
102    0
90 14.8337  1
102    0
91 7.12348  1
102    0
92 11.946  1
102    0
93 7.69387  1
102    0
94 13.8086  1
102    0
95 13.7762  1
102    0
96 13.6703  1
102    0
97 13.3245  1
102    0
98 12.1953  1
102    0
99 8.5081  1
102    0
100 6.46733  1
102    0
101 9.80331  1
102    0
102 0  0
