178
0 13.6703  8
1    54.7678
2    39.586
3    50.0105
8    53.8211
16    48.2939
17    55.8545
20    58.6818
30    41.7367
1 13.3245  4
6    42.3775
8    39.9174
17    62.8649
48    49.4099
2 12.1953  4
9    48.7974
20    62.3898
64    46.4893
67    54.7678
3 8.5081  4
4    54.0518
5    37.2486
17    61.8963
25    53.2196
4 6.46733  3
8    36.4951
9    57.5886
20    41.2889
5 9.80331  5
7    59.1267
8    51.0936
17    61.5996
18    38.3894
20    64.4763
6 10.6969  4
20    52.3681
30    47.6182
31    35.1575
67    55.2136
7 13.6151  3
10    50.0902
17    48.4458
31    41.0051
8 13.1442  2
10    54.3118
25    41.4684
9 11.6063  5
10    38.0973
17    48.9421
30    46.2394
31    36.8284
48    56.586
10 6.58452  6
11    45.1498
12    38.1788
13    45.4154
14    39.0458
65    56.3498
144    64.501
11 10.186  2
18    46.1029
20    61.7507
12 11.9466  4
15    48.2472
31    54.6451
48    39.402
169    56.8818
13 7.6957  2
17    36.0273
25    56.1576
14 13.8147  3
17    43.1347
64    62.4273
73    51.0936
15 13.796  2
19    41.2917
31    35.0375
16 13.7353  4
17    50.5626
20    55.5716
25    58.9427
65    42.6147
17 13.5369  2
25    44.1244
29    54.5828
18 12.889  4
19    55.5808
30    57.0338
64    37.5581
66    36.8815
19 10.7732  2
20    42.2411
48    45.5243
20 13.8641  6
21    42.2109
22    58.5829
23    52.0449
24    60.6951
25    64.5312
30    48.0403
21 13.9575  7
145    41.3704
146    55.838
147    43.0816
148    61.4257
149    61.3286
150    61.0109
151    59.9736
22 14.2624  2
31    48.704
65    55.6952
23 5.25758  4
26    64.8315
27    42.449
28    59.3602
66    41.1791
24 5.85269  3
30    38.9827
64    35.7727
65    42.5533
25 7.79611  7
32    49.7853
33    53.3166
34    64.848
35    42.503
36    59.5369
37    55.1605
144    64.2547
26 14.1424  1
177    0
27 14.8663  1
30    46.9865
28 7.22999  3
30    35.0009
31    39.1859
48    43.0816
29 12.2939  2
30    44.1766
47    55.838
30 8.82977  3
31    35.5493
64    64.599
65    44.7525
31 7.51778  1
67    50.0105
32 13.2336  2
48    52.0907
64    41.69
33 11.8984  1
65    59.9013
34 7.53822  1
177    0
35 13.3004  9
38    40.8687
39    54.1992
40    37.7293
41    43.9477
42    64.2547
43    40.5657
44    53.2104
45    64.501
46    41.3704
36 12.1166  1
48    61.3286
37 8.25083  5
97    58.6818
98    52.3681
99    61.7507
100    62.3898
101    64.4763
38 5.62716  7
57    61.3881
58    61.2059
59    60.6108
60    58.6671
61    52.3196
62    61.5923
63    61.8725
39 7.05969  1
177    0
40 11.7379  1
177    0
41 7.01422  2
48    59.9736
67    54.0518
42 11.5893  1
48    61.0109
43 6.52867  1
177    0
44 10.0035  1
48    61.4257
45 11.3506  5
68    42.3775
69    59.1267
70    53.8211
71    36.4951
72    39.9174
46 5.74953  8
49    60.8452
50    59.4325
51    54.819
52    39.7536
53    50.558
54    55.8399
55    43.0871
56    61.444
47 7.45918  2
64    43.3883
67    37.2486
48 13.0422  4
65    59.7008
67    39.586
144    43.9477
169    64.599
49 11.2737  1
177    0
50 5.49837  1
144    53.2104
51 6.63915  1
177    0
52 10.3645  1
144    40.5657
53 12.5295  2
64    56.8818
169    35.7727
54 9.59914  1
177    0
55 10.0301  1
96    55.5808
56 11.4373  7
126    35.0009
127    35.0375
128    35.1575
129    35.5493
130    36.8284
131    41.0051
132    54.6451
57 6.03244  1
177    0
58 8.38328  3
79    38.1788
80    45.4154
96    42.2411
59 6.0596  1
177    0
60 8.47179  1
64    62.7871
61 6.34861  1
177    0
62 9.41572  1
67    41.0427
63 9.43129  1
177    0
64 9.48195  5
74    48.7974
75    50.0902
76    54.3118
77    38.0973
78    45.1498
65 9.64736  1
177    0
66 10.1875  1
177    0
67 11.9515  7
112    56.1576
113    44.1244
114    64.8315
115    42.449
116    59.3602
117    54.5828
118    38.9827
68 7.71157  1
177    0
69 13.8665  1
73    57.5886
70 13.9654  5
81    39.0458
82    48.2472
83    48.2939
84    48.4458
85    48.9421
71 14.2883  1
177    0
72 5.34242  1
177    0
73 6.1298  1
177    0
74 8.70098  10
102    41.2889
103    55.5716
104    42.2109
105    58.5829
106    52.0449
107    60.6951
108    58.9427
109    53.2196
110    64.5312
111    41.4684
75 7.09723  1
177    0
76 11.8603  10
86    50.5626
87    55.8545
88    43.1347
89    61.5996
90    61.8963
91    62.8649
92    36.0273
93    38.3894
94    46.1029
95    41.2917
77 7.41371  1
177    0
78 12.8939  1
177    0
79 10.7894  1
177    0
80 13.9169  1
177    0
81 14.1299  1
177    0
82 14.8254  8
152    56.586
153    45.5243
154    39.402
155    49.4099
156    52.0907
157    60.8452
158    59.4325
168    62.7871
83 7.09632  1
177    0
84 11.8572  1
177    0
85 7.40364  1
177    0
86 12.861  1
177    0
87 10.6816  1
177    0
88 13.565  1
177    0
89 12.9809  1
177    0
90 11.0732  1
168    52.3196
91 14.8437  1
177    0
92 7.15613  1
169    37.5581
93 12.0525  2
143    37.7293
169    43.3883
94 8.04147  1
177    0
95 14.9438  2
124    46.9865
125    44.1766
96 7.48299  1
177    0
97 13.1201  1
177    0
98 11.5276  10
133    39.1859
134    48.704
135    49.7853
136    53.3166
137    64.848
138    42.503
139    59.5369
140    55.1605
141    40.8687
142    54.1992
99 6.32756  6
119    48.0403
120    47.6182
121    46.2394
122    41.7367
123    57.0338
169    46.4893
100 9.34675  1
177    0
101 9.20606  1
177    0
102 8.74645  1
177    0
103 7.24555  1
177    0
104 12.3446  1
169    41.69
105 8.99548  1
177    0
106 8.05887  1
177    0
107 5.00031  1
177    0
108 5.01251  1
177    0
109 5.05249  1
177    0
110 5.18311  1
177    0
111 5.60945  1
177    0
112 7.00171  1
177    0
113 11.5484  1
168    61.5923
114 6.39531  1
177    0
115 9.56801  1
177    0
116 9.92843  1
177    0
117 11.1055  1
177    0
118 14.9493  1
177    0
119 7.50099  3
159    54.819
160    39.7536
161    50.558
120 13.179  1
177    0
121 11.7202  1
177    0
122 6.95624  1
177    0
123 11.3997  1
177    0
124 5.90976  6
162    55.8399
163    43.0871
164    61.444
165    61.3881
166    61.2059
167    60.6108
125 7.98257  1
177    0
126 14.7516  1
177    0
127 6.85522  1
177    0
128 11.0701  1
177    0
129 14.8337  1
177    0
130 7.12348  1
177    0
131 11.946  1
177    0
132 7.69387  1
177    0
133 13.8086  1
177    0
134 13.7762  1
177    0
135 13.6703  1
177    0
136 13.3245  1
177    0
137 12.1953  1
169    62.4273
138 8.5081  1
177    0
139 6.46733  1
177    0
140 9.80331  1
177    0
141 10.6969  1
177    0
142 13.6151  1
177    0
143 13.1442  1
177    0
144 11.6063  1
177    0
145 6.58452  1
177    0
146 10.186  1
177    0
147 11.9466  1
177    0
148 7.6957  1
177    0
149 13.8147  1
177    0
150 13.796  1
177    0
151 13.7353  1
177    0
152 13.5369  1
177    0
153 12.889  1
177    0
154 10.7732  1
177    0
155 13.8641  1
177    0
156 13.9575  1
177    0
157 14.2624  1
168    61.8725
158 5.25758  1
177    0
159 5.85269  1
177    0
160 7.79611  1
168    58.6671
161 14.1424  1
177    0
162 14.8663  1
177    0
163 7.22999  1
177    0
164 12.2939  1
177    0
165 8.82977  1
177    0
166 7.51778  1
177    0
167 13.2336  1
177    0
168 11.8984  1
177    0
169 7.53822  7
170    42.5533
171    59.7008
172    55.6952
173    42.6147
174    59.9013
175    56.3498
176    44.7525
170 13.3004  1
177    0
171 12.1166  1
177    0
172 8.25083  1
177    0
173 5.62716  1
177    0
174 7.05969  1
177    0
175 11.7379  1
177    0
176 7.01422  1
177    0
177 0  0
