90
0 8.74645  5
1    10.8624
2    7.61946
3    9.02997
4    7.63576
8    11.1709
1 7.24555  2
8    9.65877
34    8.48979
2 12.3446  4
5    9.08307
6    7.80917
7    9.64943
8    8.62694
3 8.99548  1
8    10.1125
4 8.05887  1
8    12.3793
5 5.00031  4
8    9.78841
34    9.52364
73    12.2412
74    7.15455
6 5.01251  2
8    12.3199
74    7.51161
7 5.05249  1
8    9.68917
8 5.18311  5
9    12.573
10    7.20545
11    7.67788
12    9.22059
13    8.25834
9 5.60945  1
89    0
10 7.00171  1
41    9.74081
11 11.5484  1
20    12.8953
12 6.39531  5
35    11.4068
36    9.39729
37    8.83532
38    7.00018
39    7.00751
13 9.56801  8
14    11.1162
15    8.44823
16    11.7364
17    10.4736
18    12.3501
19    12.478
34    9.24787
73    11.7334
14 9.92843  1
89    0
15 11.1055  5
21    8.25779
22    11.1143
23    8.44218
24    11.7166
25    10.409
16 14.9493  1
34    11.872
17 7.50099  8
26    12.139
27    11.7885
28    10.6439
29    12.9062
30    8.29368
31    11.2315
32    8.82488
33    12.9663
18 13.179  1
89    0
19 11.7202  1
41    10.929
20 6.95624  1
73    11.168
21 11.3997  9
75    12.9198
76    8.33799
77    11.3764
78    9.29786
79    8.51067
80    11.9402
81    11.139
82    8.52293
83    11.9803
22 5.90976  9
42    9.95706
43    10.6633
44    12.9696
45    8.5006
46    11.9074
47    11.0321
48    8.17374
49    10.8398
50    7.54585
23 7.98257  1
34    7.79653
24 14.7516  5
84    11.27
85    8.9505
86    7.37629
87    8.23582
88    11.0427
25 6.85522  1
34    9.60805
26 11.0701  2
34    8.34733
40    7.10987
27 14.8337  1
41    7.36567
28 7.12348  1
74    12.3185
29 11.946  2
41    7.83718
73    12.2776
30 7.69387  1
73    8.61742
31 13.8086  1
89    0
32 13.7762  1
40    7.0315
33 13.6703  1
34    10.9166
34 13.3245  1
89    0
35 12.1953  1
89    0
36 8.5081  8
51    8.78954
52    12.8509
53    8.11313
54    10.6421
55    12.9002
56    8.27409
57    11.1676
58    8.61632
37 6.46733  1
89    0
38 9.80331  1
41    8.20103
39 10.6969  1
89    0
40 13.6151  1
89    0
41 13.1442  1
74    10.4639
42 11.6063  1
89    0
43 6.58452  1
73    12.1222
44 10.186  1
89    0
45 11.9466  1
89    0
46 7.6957  2
59    12.2851
74    8.67766
47 13.8147  1
89    0
48 13.796  1
89    0
49 13.7353  1
74    12.5574
50 13.5369  6
60    12.2657
61    12.2022
62    11.9947
63    11.3172
64    9.10486
65    7.8804
51 12.889  1
89    0
52 10.7732  1
89    0
53 13.8641  1
89    0
54 13.9575  1
89    0
55 14.2624  1
89    0
56 5.25758  1
74    12.3745
57 5.85269  1
73    12.2888
58 7.79611  1
89    0
59 14.1424  1
89    0
60 14.8663  1
89    0
61 7.22999  1
74    12.4855
62 12.2939  1
89    0
63 8.82977  1
89    0
64 7.51778  1
89    0
65 13.2336  7
66    9.88198
67    10.4181
68    12.169
69    11.8865
70    10.9638
71    7.95071
72    10.1116
66 11.8984  1
89    0
67 7.53822  1
89    0
68 13.3004  1
89    0
69 12.1166  1
89    0
70 8.25083  1
89    0
71 5.62716  1
89    0
72 7.05969  1
89    0
73 11.7379  1
89    0
74 7.01422  1
89    0
75 11.5893  1
89    0
76 6.52867  1
89    0
77 10.0035  1
89    0
78 11.3506  1
89    0
79 5.74953  1
89    0
80 7.45918  1
89    0
81 13.0422  1
89    0
82 11.2737  1
89    0
83 5.49837  1
89    0
84 6.63915  1
89    0
85 10.3645  1
89    0
86 12.5295  1
89    0
87 9.59914  1
89    0
88 10.0301  1
89    0
89 0  0
