53
0 13.6151  2
1    7.63576
20    10.4736
1 13.1442  9
2    9.08307
3    7.80917
4    9.64943
5    9.65877
6    9.68917
7    9.78841
8    10.1125
9    11.1709
40    11.1676
2 11.6063  3
21    12.139
22    11.7885
23    10.6439
3 6.58452  4
24    11.872
37    9.74081
38    12.9696
41    9.10486
4 10.186  1
36    7.36567
5 11.9466  2
20    10.409
24    10.9166
6 7.6957  4
33    7.00018
34    7.00751
35    7.0315
40    11.9947
7 13.8147  2
20    11.7166
38    8.5006
8 13.796  7
25    7.79653
26    9.60805
27    9.52364
28    9.24787
29    8.34733
30    11.4068
31    9.39729
9 13.7353  10
10    8.62694
11    12.3199
12    12.3793
13    12.573
14    7.20545
15    7.67788
16    9.22059
17    8.25834
18    11.1162
19    8.44823
10 13.5369  1
20    12.8953
11 12.889  1
39    8.78954
12 10.7732  2
20    8.44218
24    8.82488
13 13.8641  1
52    0
14 13.9575  2
24    8.29368
40    12.2022
15 14.2624  2
20    8.25779
40    8.27409
16 5.25758  2
20    12.3501
32    8.83532
17 5.85269  2
20    12.478
24    12.9663
18 7.79611  4
20    11.1143
24    11.2315
37    9.95706
51    8.61742
19 14.1424  4
20    11.7364
24    12.9062
38    10.6633
40    12.2851
20 14.8663  3
24    8.48979
37    7.83718
39    7.54585
21 7.22999  2
36    10.929
39    8.11313
22 12.2939  1
38    8.17374
23 8.82977  1
50    11.168
24 7.51778  3
38    11.9074
39    10.8398
40    8.61632
25 13.2336  1
52    0
26 11.8984  8
42    7.8804
43    9.88198
44    10.4181
45    12.169
46    11.8865
47    10.9638
48    7.95071
49    10.1116
27 7.53822  1
52    0
28 13.3004  1
36    8.20103
29 12.1166  2
36    7.10987
39    10.6421
30 8.25083  1
52    0
31 5.62716  1
52    0
32 7.05969  1
52    0
33 11.7379  1
52    0
34 7.01422  2
38    11.0321
40    12.2657
35 11.5893  1
52    0
36 6.52867  1
41    11.3172
37 10.0035  1
52    0
38 11.3506  1
39    12.8509
39 5.74953  1
40    12.9002
40 7.45918  1
52    0
41 13.0422  1
52    0
42 11.2737  1
52    0
43 5.49837  1
52    0
44 6.63915  1
52    0
45 10.3645  1
52    0
46 12.5295  1
52    0
47 9.59914  1
52    0
48 10.0301  1
52    0
49 11.4373  1
52    0
50 6.03244  1
52    0
51 8.38328  1
52    0
52 0  0
