206
0 13.179  10
1    1.0018
2    1.08624
3    0.761946
4    0.902997
5    0.763576
6    0.908307
7    0.780917
8    0.964943
9    0.965877
11    1.2573
1 11.7202  4
10    0.968917
13    0.825834
142    0.867766
171    0.825779
2 6.95624  2
13    1.17364
43    0.861632
3 11.3997  6
11    0.862694
13    1.04736
16    1.06439
17    0.848979
27    0.736567
89    0.767788
4 5.90976  7
10    0.978841
11    1.23793
13    1.23501
16    1.29062
17    1.29663
66    1.127
171    1.28953
5 7.98257  4
11    1.11709
13    0.767788
16    1.2139
17    0.829368
6 14.7516  3
11    1.23199
13    0.844823
63    0.833799
7 6.85522  2
17    1.12315
43    1.13172
8 11.0701  3
13    0.922059
17    0.882488
34    1.10321
9 14.8337  4
12    0.720545
16    0.844218
44    0.78804
88    1.23793
10 7.12348  5
11    1.01125
16    1.17885
43    1.19947
63    1.13764
65    1.19402
11 11.946  3
16    1.11143
17    1.09166
44    1.04181
12 7.69387  3
13    1.11162
27    0.703149
44    0.910486
13 13.8086  6
14    1.24779
15    1.28953
16    1.17166
88    1.23199
135    1.18865
198    0.878954
14 13.7762  2
16    0.825779
17    1.1872
15 13.6703  2
16    1.0409
89    0.825834
16 13.3245  1
27    1.0929
17 12.1953  10
18    0.779653
19    0.960805
20    0.952364
21    0.924787
22    0.834733
23    1.14068
24    0.939729
25    0.883532
26    0.700018
66    0.852293
18 8.5081  4
27    0.710987
44    0.988198
77    0.902997
143    0.89505
19 6.46733  2
27    0.820103
142    1.29198
20 9.80331  2
27    0.700751
43    1.22851
21 10.6969  6
28    0.974081
29    0.995706
30    1.06633
31    1.29696
32    0.85006
172    1.17166
22 13.6151  1
66    0.89505
23 13.1442  6
27    0.783718
63    1.29198
88    1.2573
118    0.710987
128    0.811313
170    1.11162
24 11.6063  2
67    1.00021
77    1.08624
25 6.58452  5
45    1.18865
46    1.09638
47    0.795071
48    1.01116
65    0.851067
26 10.186  1
205    0
27 11.9466  5
34    0.817374
43    1.22657
77    0.761946
140    1.23745
176    1.09166
28 7.6957  1
35    1.08398
29 13.8147  1
67    0.737629
30 13.796  7
36    0.754585
37    0.878954
38    1.28509
39    0.811313
40    1.06421
41    1.29002
42    0.827409
31 13.7353  2
63    1.24855
67    0.823582
32 13.5369  2
33    1.19074
90    1.23501
33 12.889  1
205    0
34 10.7732  1
67    1.10427
35 13.8641  1
136    1.09638
36 13.9575  1
128    1.22851
37 14.2624  2
43    1.22022
176    0.848979
38 5.25758  9
71    0.729902
72    0.798349
73    1.02187
74    1.15177
75    0.975948
76    1.0018
134    1.04181
145    0.820853
176    1.29062
39 5.85269  2
43    1.11676
88    0.720545
40 7.79611  1
205    0
41 14.1424  4
44    1.2169
118    0.736567
128    1.28509
145    1.07642
42 14.8663  4
49    1.1168
50    0.861742
51    1.22888
52    1.22776
43 7.22999  1
89    0.922059
44 12.2939  3
143    0.851067
170    0.825834
176    0.829368
45 8.82977  1
140    1.04639
46 7.51778  1
64    0.929786
47 13.2336  10
53    1.22412
54    1.21222
55    1.17334
56    1.04639
57    1.23185
58    1.23745
59    1.25574
60    0.715455
61    0.751161
62    0.867766
48 11.8984  2
67    1.09536
198    1.28509
49 7.53822  1
205    0
50 13.3004  2
66    1.1139
67    0.79172
51 12.1166  1
67    0.820853
52 8.25083  3
89    1.11162
141    0.751161
176    1.29663
53 5.62716  1
176    1.12315
54 7.05969  1
143    1.19402
55 11.7379  4
68    0.847551
69    1.18253
70    1.07642
191    1.06633
56 7.01422  1
205    0
57 11.5893  3
118    0.783718
140    1.22412
171    1.23501
58 6.52867  1
191    0.995706
59 10.0035  1
141    1.25574
60 11.3506  2
90    1.04736
143    1.1139
61 5.74953  3
66    1.19803
67    1.08104
145    1.10427
62 7.45918  1
205    0
63 13.0422  2
118    0.703149
128    1.29002
64 11.2737  1
67    0.744972
65 5.49837  1
177    0.960805
66 6.63915  1
205    0
67 10.3645  1
128    1.11676
68 12.5295  1
118    0.820103
69 9.59914  7
92    1.28953
93    0.825779
94    1.11143
95    0.844218
96    1.17166
97    1.0409
145    0.744972
70 10.0301  6
78    0.763576
79    0.908307
80    0.780917
81    0.964943
82    0.965877
145    1.18253
71 11.4373  1
205    0
72 6.03244  1
128    1.22657
73 8.38328  7
83    0.968917
84    0.978841
85    1.01125
86    1.11709
87    0.862694
91    1.24779
128    0.827409
74 6.0596  1
118    0.974081
75 8.47179  1
205    0
76 6.34861  1
140    1.22776
77 9.41572  1
177    0.952364
78 9.43129  3
89    0.844823
171    1.04736
198    0.754585
79 9.48195  1
205    0
80 9.64736  1
141    0.715455
81 10.1875  1
171    1.24779
82 11.9515  1
205    0
83 7.71157  10
119    1.06633
120    1.29696
121    0.85006
122    1.19074
123    1.10321
124    0.817374
125    1.08398
126    0.754585
127    0.878954
134    1.2169
84 13.8665  1
176    1.06439
85 13.9654  1
205    0
86 14.2883  9
99    1.17885
100    1.06439
101    1.29062
102    0.829368
103    1.12315
104    0.882488
105    1.29663
106    0.848979
107    1.1872
87 5.34242  10
160    0.968917
161    0.978841
162    1.01125
163    1.11709
164    0.862694
165    1.23199
166    1.23793
167    1.2573
168    0.720545
169    0.767788
88 6.1298  3
90    1.17364
140    1.23185
172    0.844218
89 8.70098  1
128    1.06421
90 7.09723  2
143    1.127
170    0.922059
91 11.8603  1
144    0.737629
92 7.41371  2
118    0.700751
143    0.852293
93 12.8939  1
205    0
94 10.7894  1
117    0.700018
95 13.9169  2
98    1.2139
145    0.847551
96 14.1299  1
205    0
97 14.8254  1
205    0
98 7.09632  1
128    0.861632
99 11.8572  1
134    0.988198
100 7.40364  1
205    0
101 12.861  1
145    1.00021
102 10.6816  1
140    0.861742
103 13.565  9
108    1.09166
109    0.779653
110    0.960805
111    0.952364
112    0.924787
113    0.834733
114    1.14068
115    0.939729
116    0.883532
104 12.9809  1
144    0.823582
105 11.0732  1
205    0
106 14.8437  1
205    0
107 7.15613  6
129    1.22022
130    1.19947
131    1.13172
132    0.910486
133    0.78804
171    1.11143
108 12.0525  1
118    0.995706
109 8.04147  8
146    0.729902
147    0.798349
148    1.02187
149    1.15177
150    0.975948
151    1.0018
152    1.08624
153    0.761946
110 14.9438  1
205    0
111 7.48299  1
140    1.17334
112 13.1201  1
118    1.0929
113 11.5276  1
143    0.929786
114 6.32756  1
205    0
115 9.34675  1
142    1.24855
116 9.20606  2
140    1.21222
145    0.79172
117 8.74645  3
137    0.795071
138    1.01116
139    1.1168
118 7.24555  1
205    0
119 12.3446  3
140    1.22888
143    1.19803
145    1.09536
120 8.99548  6
154    0.902997
155    0.763576
156    0.908307
157    0.780917
158    0.964943
159    0.965877
121 8.05887  1
205    0
122 5.00031  1
176    0.882488
123 5.01251  1
205    0
124 5.05249  1
205    0
125 5.18311  6
199    1.06421
200    1.29002
201    0.827409
202    1.11676
203    0.861632
204    1.22851
126 5.60945  1
145    1.08104
127 7.00171  1
205    0
128 11.5484  1
205    0
129 6.39531  1
205    0
130 9.56801  1
205    0
131 9.92843  1
142    1.13764
132 11.1055  1
205    0
133 14.9493  1
142    0.833799
134 7.50099  2
196    0.817374
197    1.08398
135 13.179  1
205    0
136 11.7202  1
205    0
137 6.95624  1
205    0
138 11.3997  1
205    0
139 5.90976  1
205    0
140 7.98257  1
205    0
141 14.7516  1
170    1.17364
142 6.85522  1
205    0
143 11.0701  1
205    0
144 14.8337  1
205    0
145 7.12348  1
198    0.811313
146 11.946  1
205    0
147 7.69387  1
205    0
148 13.8086  1
205    0
149 13.7762  1
205    0
150 13.6703  1
205    0
151 13.3245  1
205    0
152 12.1953  1
205    0
153 8.5081  9
178    0.924787
179    0.834733
180    1.14068
181    0.939729
182    0.883532
183    0.700018
184    0.700751
185    0.703149
186    0.710987
154 6.46733  1
170    0.844823
155 9.80331  3
173    1.0409
174    1.2139
175    1.17885
156 10.6969  1
205    0
157 13.6151  1
205    0
158 13.1442  1
191    0.974081
159 11.6063  1
205    0
160 6.58452  4
192    1.29696
193    0.85006
194    1.19074
195    1.10321
161 10.186  1
205    0
162 11.9466  1
205    0
163 7.6957  1
205    0
164 13.8147  1
205    0
165 13.796  2
189    1.0929
190    0.783718
166 13.7353  1
176    1.1872
167 13.5369  1
205    0
168 12.889  1
205    0
169 10.7732  2
187    0.736567
188    0.820103
170 13.8641  1
205    0
171 13.9575  1
205    0
172 14.2624  1
205    0
173 5.25758  1
176    0.779653
174 5.85269  1
205    0
175 7.79611  1
205    0
176 14.1424  1
205    0
177 14.8663  1
205    0
178 7.22999  1
205    0
179 12.2939  1
205    0
180 8.82977  1
205    0
181 7.51778  1
205    0
182 13.2336  1
205    0
183 11.8984  1
205    0
184 7.53822  1
205    0
185 13.3004  1
205    0
186 12.1166  1
205    0
187 8.25083  1
205    0
188 5.62716  1
205    0
189 7.05969  1
205    0
190 11.7379  1
205    0
191 7.01422  1
205    0
192 11.5893  1
205    0
193 6.52867  1
205    0
194 10.0035  1
205    0
195 11.3506  1
205    0
196 5.74953  1
205    0
197 7.45918  1
205    0
198 13.0422  1
205    0
199 11.2737  1
205    0
200 5.49837  1
205    0
201 6.63915  1
205    0
202 10.3645  1
205    0
203 12.5295  1
205    0
204 9.59914  1
205    0
205 0  0
