193
0 12.8939  1
1    61.0109
1 10.7894  9
2    59.9736
3    56.586
4    45.5243
5    39.402
6    49.4099
7    52.0907
8    60.8452
9    59.4325
129    45.4154
2 13.9169  10
36    36.4951
37    39.9174
38    51.0936
39    57.5886
40    48.7974
41    50.0902
42    54.3118
43    38.0973
44    45.1498
78    44.1244
3 14.1299  8
17    61.2059
18    60.6108
19    58.6671
20    52.3196
21    61.5923
22    61.8725
23    62.7871
24    35.7727
4 14.8254  1
35    37.2486
5 7.09632  4
10    54.819
11    39.7536
33    55.2136
100    50.558
6 11.8572  2
12    50.558
13    55.8399
7 7.40364  10
25    37.5581
26    43.3883
27    62.4273
28    64.599
29    41.69
30    56.8818
31    46.4893
32    42.5533
35    59.1267
78    38.9827
8 12.861  1
33    55.6952
9 10.6816  4
14    43.0871
15    61.444
16    61.3881
35    50.0105
10 13.565  9
45    38.1788
46    45.4154
47    39.0458
48    48.2472
78    48.0403
79    41.7367
81    48.704
115    56.8818
187    50.558
11 12.9809  1
92    61.4257
12 11.0732  2
35    54.0518
78    47.6182
13 14.8437  4
33    59.9013
35    42.3775
124    54.0518
126    53.8211
14 7.15613  1
100    55.8399
15 12.0525  1
34    54.7678
16 8.04147  9
107    61.8725
108    62.7871
109    35.7727
110    37.5581
111    43.3883
112    62.4273
113    64.599
114    41.69
115    42.5533
17 14.9438  3
33    59.7008
78    54.5828
186    52.0907
18 7.48299  1
124    50.0105
19 13.1201  2
33    41.1791
80    41.0051
20 11.5276  1
192    0
21 6.32756  1
34    41.0427
22 9.34675  2
34    39.586
78    59.3602
23 9.20606  3
33    36.8815
80    36.8284
129    38.1788
24 8.74645  2
81    49.7853
126    59.1267
25 7.24555  2
33    42.6147
130    48.2939
26 12.3446  2
79    46.2394
99    54.819
27 8.99548  1
80    35.5493
28 8.05887  1
78    42.449
29 5.00031  1
192    0
30 5.01251  2
33    44.7525
187    55.8399
31 5.05249  2
33    56.3498
147    48.0403
32 5.18311  1
80    54.6451
33 5.60945  4
188    60.6108
189    58.6671
190    52.3196
191    61.5923
34 7.00171  3
35    53.8211
78    56.1576
81    42.503
35 11.5484  1
80    35.1575
36 6.39531  2
80    39.1859
129    50.0902
37 9.56801  1
192    0
38 9.92843  1
192    0
39 11.1055  1
192    0
40 14.9493  2
80    35.0009
81    59.5369
41 7.50099  2
137    41.2889
187    61.2059
42 13.179  2
78    64.8315
130    55.8545
43 11.7202  9
49    48.2939
50    48.4458
51    48.9421
52    50.5626
53    55.8545
54    43.1347
55    61.5996
56    61.8963
57    62.8649
44 6.95624  1
192    0
45 11.3997  1
192    0
46 5.90976  10
61    41.2917
62    55.5808
63    42.2411
64    58.6818
65    52.3681
66    61.7507
67    62.3898
68    64.4763
69    41.2889
70    55.5716
47 7.98257  2
92    61.3286
186    60.8452
48 14.7516  2
92    43.0816
187    39.7536
49 6.85522  9
116    42.6147
117    59.9013
118    56.3498
119    44.7525
120    36.8815
121    41.1791
122    55.2136
123    41.0427
146    44.1244
50 11.0701  1
192    0
51 14.8337  9
71    42.2109
72    58.5829
73    52.0449
74    60.6951
75    58.9427
76    53.2196
77    64.5312
80    35.0375
115    59.7008
52 7.12348  1
100    43.0871
53 11.946  1
192    0
54 7.69387  3
58    36.0273
59    38.3894
60    46.1029
55 13.8086  1
100    61.444
56 13.7762  3
79    44.1766
129    54.3118
187    61.444
57 13.6703  1
99    60.8452
58 13.3245  10
82    55.1605
83    40.8687
84    54.1992
85    37.7293
86    43.9477
87    64.2547
88    40.5657
89    53.2104
90    64.501
91    41.3704
59 12.1953  1
192    0
60 8.5081  2
99    59.4325
130    48.9421
61 6.46733  1
192    0
62 9.80331  1
192    0
63 10.6969  1
192    0
64 13.6151  2
100    39.7536
130    43.1347
65 13.1442  1
115    55.6952
66 11.6063  1
136    52.3681
67 6.58452  10
148    46.2394
149    41.7367
150    57.0338
151    46.9865
152    44.1766
153    35.0009
154    35.0375
155    35.1575
156    35.5493
157    36.8284
68 10.186  1
99    52.0907
69 11.9466  1
79    57.0338
70 7.6957  1
192    0
71 13.8147  1
81    64.848
72 13.796  2
81    53.3166
135    55.5808
73 13.7353  1
78    41.4684
74 13.5369  1
192    0
75 12.889  1
135    46.1029
76 10.7732  1
192    0
77 13.8641  9
138    42.2109
139    58.5829
140    52.0449
141    60.6951
142    58.9427
143    53.2196
144    64.5312
145    41.4684
146    56.1576
78 13.9575  1
79    46.9865
79 14.2624  1
92    55.838
80 5.25758  1
192    0
81 5.85269  2
136    61.7507
147    47.6182
82 7.79611  1
136    64.4763
83 14.1424  1
187    43.0871
84 14.8663  1
192    0
85 7.22999  1
126    42.3775
86 12.2939  7
93    61.0109
94    59.9736
95    56.586
96    45.5243
97    39.402
98    49.4099
126    51.0936
87 8.82977  1
192    0
88 7.51778  1
192    0
89 13.2336  3
131    61.5996
132    61.8963
133    62.8649
90 11.8984  7
101    61.3881
102    61.2059
103    60.6108
104    58.6671
105    52.3196
106    61.5923
130    50.5626
91 7.53822  1
192    0
92 13.3004  1
126    36.4951
93 12.1166  1
192    0
94 8.25083  1
124    39.586
95 5.62716  1
192    0
96 7.05969  1
192    0
97 11.7379  1
136    42.2411
98 7.01422  1
192    0
99 11.5893  1
147    59.3602
100 6.52867  2
127    57.5886
128    48.7974
101 10.0035  1
186    49.4099
102 11.3506  3
115    46.4893
124    54.7678
130    48.4458
103 5.74953  1
192    0
104 7.45918  1
146    64.8315
105 13.0422  1
130    48.2472
106 11.2737  2
136    62.3898
147    38.9827
107 5.49837  1
136    58.6818
108 6.63915  1
192    0
109 10.3645  1
130    39.0458
110 12.5295  1
192    0
111 9.59914  1
192    0
112 10.0301  1
125    37.2486
113 11.4373  1
192    0
114 6.03244  1
134    36.0273
115 8.38328  1
147    42.449
116 6.0596  1
192    0
117 8.47179  1
192    0
118 6.34861  3
129    38.0973
137    55.5716
187    61.3881
119 9.41572  1
126    39.9174
120 9.43129  1
192    0
121 9.48195  1
192    0
122 9.64736  1
192    0
123 10.1875  1
192    0
124 11.9515  10
176    41.3704
177    55.838
178    43.0816
179    61.4257
180    61.3286
181    61.0109
182    59.9736
183    56.586
184    45.5243
185    39.402
125 7.71157  1
192    0
126 13.8665  1
135    41.2917
127 13.9654  1
129    45.1498
128 14.2883  1
192    0
129 5.34242  1
192    0
130 6.1298  1
192    0
131 8.70098  1
192    0
132 7.09723  1
192    0
133 11.8603  1
192    0
134 7.41371  1
135    38.3894
135 12.8939  1
192    0
136 10.7894  1
186    59.4325
137 13.9169  1
192    0
138 14.1299  1
192    0
139 14.8254  1
147    54.5828
140 7.09632  1
192    0
141 11.8572  1
192    0
142 7.40364  1
192    0
143 12.861  1
192    0
144 10.6816  1
192    0
145 13.565  1
187    54.819
146 12.9809  1
192    0
147 11.0732  1
192    0
148 14.8437  9
158    41.0051
159    54.6451
160    39.1859
161    48.704
162    49.7853
163    53.3166
164    64.848
165    42.503
166    59.5369
149 7.15613  1
192    0
150 12.0525  1
192    0
151 8.04147  9
167    55.1605
168    40.8687
169    54.1992
170    37.7293
171    43.9477
172    64.2547
173    40.5657
174    53.2104
175    64.501
152 14.9438  1
192    0
153 7.48299  1
192    0
154 13.1201  1
192    0
155 11.5276  1
192    0
156 6.32756  1
192    0
157 9.34675  1
192    0
158 9.20606  1
192    0
159 8.74645  1
192    0
160 7.24555  1
192    0
161 12.3446  1
192    0
162 8.99548  1
192    0
163 8.05887  1
192    0
164 5.00031  1
192    0
165 5.01251  1
192    0
166 5.05249  1
192    0
167 5.18311  1
192    0
168 5.60945  1
192    0
169 7.00171  1
192    0
170 11.5484  1
192    0
171 6.39531  1
192    0
172 9.56801  1
192    0
173 9.92843  1
192    0
174 11.1055  1
192    0
175 14.9493  1
192    0
176 7.50099  1
192    0
177 13.179  1
192    0
178 11.7202  1
192    0
179 6.95624  1
192    0
180 11.3997  1
192    0
181 5.90976  1
192    0
182 7.98257  1
192    0
183 14.7516  1
192    0
184 6.85522  1
192    0
185 11.0701  1
192    0
186 14.8337  1
192    0
187 7.12348  1
192    0
188 11.946  1
192    0
189 7.69387  1
192    0
190 13.8086  1
192    0
191 13.7762  1
192    0
192 0  0
