50
0 6.63915  5
1    48.0403
8    36.8284
10    48.704
11    37.7293
12    40.5657
1 10.3645  7
2    47.6182
3    46.2394
4    41.7367
5    57.0338
6    46.9865
11    54.1992
38    59.1267
2 12.5295  5
8    41.0051
11    43.9477
12    53.2104
20    39.402
27    62.7871
3 9.59914  5
7    35.0375
8    35.1575
20    49.4099
31    44.7525
40    51.0936
4 10.0301  4
9    39.1859
11    59.5369
20    54.819
40    48.7974
5 11.4373  6
7    35.0009
11    64.2547
13    55.838
20    52.0907
27    61.5923
41    38.1788
6 6.03244  4
7    44.1766
8    35.5493
11    64.848
28    64.599
7 8.38328  3
8    54.6451
11    55.1605
20    59.4325
8 6.0596  6
10    49.7853
11    40.8687
13    41.3704
20    50.558
31    56.3498
40    54.3118
9 8.47179  3
10    53.3166
12    64.501
29    55.6952
10 6.34861  3
11    42.503
27    58.6671
38    42.3775
11 9.41572  8
21    55.8399
22    43.0871
23    61.444
24    61.3881
25    61.2059
26    60.6108
28    41.69
38    54.0518
12 9.43129  10
14    43.0816
15    61.4257
16    61.3286
17    61.0109
18    59.9736
19    56.586
20    39.7536
29    42.5533
38    53.8211
40    50.0902
13 9.48195  1
27    35.7727
14 9.64736  2
20    60.8452
28    56.8818
15 10.1875  2
39    36.4951
40    45.1498
16 11.9515  2
27    61.8725
40    39.9174
17 7.71157  1
49    0
18 13.8665  1
49    0
19 13.9654  2
20    45.5243
29    46.4893
20 14.2883  2
31    59.9013
40    57.5886
21 5.34242  2
27    52.3196
29    59.7008
22 6.1298  1
49    0
23 8.70098  1
31    36.8815
24 7.09723  1
28    43.3883
25 11.8603  1
28    37.5581
26 7.41371  1
30    42.6147
27 12.8939  1
28    62.4273
28 10.7894  1
37    50.0105
29 13.9169  1
49    0
30 14.1299  5
32    41.1791
33    55.2136
34    41.0427
35    54.7678
36    39.586
31 14.8254  1
38    37.2486
32 7.09632  7
42    45.4154
43    39.0458
44    48.2472
45    48.2939
46    48.4458
47    48.9421
48    50.5626
33 11.8572  1
49    0
34 7.40364  1
49    0
35 12.861  1
49    0
36 10.6816  1
49    0
37 13.565  1
40    38.0973
38 12.9809  1
49    0
39 11.0732  1
49    0
40 14.8437  1
49    0
41 7.15613  1
49    0
42 12.0525  1
49    0
43 8.04147  1
49    0
44 14.9438  1
49    0
45 7.48299  1
49    0
46 13.1201  1
49    0
47 11.5276  1
49    0
48 6.32756  1
49    0
49 0  0
