98
0 5.01251  5
1    12.3793
3    7.67788
4    8.25834
5    12.8953
8    11.7885
1 5.05249  9
2    12.573
3    9.22059
4    8.44823
5    11.7364
6    11.1143
30    8.5006
38    12.2022
54    10.8104
84    7.79653
2 5.18311  6
3    7.20545
4    11.1162
5    10.4736
47    12.1222
48    9.29786
86    7.00751
3 5.60945  3
5    12.3501
8    10.6439
25    7.0315
4 7.00171  4
5    12.478
8    11.7166
26    7.83718
83    12.9062
5 11.5484  6
6    8.25779
8    10.409
39    9.10486
47    11.7334
49    11.0427
70    12.3199
6 6.39531  3
7    8.44218
8    12.139
83    11.7885
7 9.56801  2
48    11.9803
54    10.7642
8 9.92843  6
9    12.9062
25    7.00018
47    7.51161
48    11.139
49    8.23582
54    7.44972
9 11.1055  10
10    8.29368
11    11.2315
12    8.82488
13    12.9663
14    8.48979
15    11.872
16    10.9166
17    7.79653
18    9.60805
25    10.929
10 14.9493  1
39    7.8804
11 7.50099  2
38    11.1676
39    9.88198
12 13.179  4
50    8.20853
51    10.9536
52    7.9172
53    10.0021
13 11.7202  10
19    9.52364
20    9.24787
21    8.34733
22    11.4068
23    9.39729
24    8.83532
25    7.10987
37    10.6421
38    8.61632
84    9.24787
14 6.95624  2
25    8.20103
39    12.169
15 11.3997  1
54    8.47551
16 5.90976  1
39    11.3172
17 7.98257  3
30    12.9696
39    11.8865
54    11.8253
18 14.7516  4
66    9.64943
67    9.65877
68    9.68917
69    9.78841
19 6.85522  3
25    7.00751
38    12.9002
49    11.27
20 11.0701  1
30    11.0321
21 14.8337  3
25    7.36567
39    10.4181
47    12.5574
22 7.12348  2
38    12.2851
70    8.25834
23 11.946  2
39    11.9947
70    11.1709
24 7.69387  3
47    8.67766
49    8.9505
83    11.872
25 13.8086  3
27    9.74081
28    9.95706
29    10.6633
26 13.7762  2
48    8.33799
54    7.29902
27 13.6703  7
31    8.17374
32    10.8398
33    7.54585
34    8.78954
35    12.8509
36    8.11313
85    11.4068
28 13.3245  1
84    9.60805
29 12.1953  1
30    11.9074
30 8.5081  3
38    8.27409
83    8.48979
85    8.34733
31 6.46733  2
48    12.9198
85    8.83532
32 9.80331  1
38    12.2657
33 10.6969  9
55    7.98349
56    10.2187
57    11.5177
58    9.75948
59    10.018
60    10.8624
61    7.61946
62    9.02997
63    7.63576
34 13.6151  2
47    12.3185
49    7.37629
35 13.1442  9
40    7.95071
41    10.1116
42    11.168
43    8.61742
44    12.2888
45    12.2776
46    12.2412
47    7.15455
48    11.3764
36 11.6063  4
48    8.51067
70    8.62694
83    8.29368
86    7.36567
37 6.58452  2
39    10.9638
48    11.9402
38 10.186  1
97    0
39 11.9466  3
47    12.4855
71    11.1162
83    11.2315
40 7.6957  1
97    0
41 13.8147  2
70    12.573
85    9.39729
42 13.796  2
47    10.4639
70    10.1125
43 13.7353  1
97    0
44 13.5369  2
47    12.3745
83    12.9663
45 12.889  1
97    0
46 10.7732  1
83    10.9166
47 13.8641  1
48    8.52293
48 13.9575  1
97    0
49 14.2624  4
72    11.7364
73    10.4736
74    12.3501
75    12.478
50 5.25758  1
70    7.67788
51 5.85269  1
83    10.6439
52 7.79611  1
97    0
53 14.1424  2
64    9.08307
65    7.80917
54 14.8663  1
97    0
55 7.22999  1
97    0
56 12.2939  1
97    0
57 8.82977  1
85    7.00018
58 7.51778  1
70    7.20545
59 13.2336  1
70    12.3793
60 11.8984  1
97    0
61 7.53822  1
97    0
62 13.3004  1
86    7.10987
63 12.1166  1
82    12.139
64 8.25083  1
83    8.82488
65 5.62716  1
97    0
66 7.05969  1
97    0
67 11.7379  1
71    8.44823
68 7.01422  1
97    0
69 11.5893  1
70    9.22059
70 6.52867  2
84    9.52364
86    7.0315
71 10.0035  6
76    12.8953
77    8.25779
78    11.1143
79    8.44218
80    11.7166
81    10.409
72 11.3506  1
97    0
73 5.74953  1
97    0
74 7.45918  1
97    0
75 13.0422  1
97    0
76 11.2737  1
97    0
77 5.49837  1
97    0
78 6.63915  1
97    0
79 10.3645  1
97    0
80 12.5295  1
97    0
81 9.59914  1
97    0
82 10.0301  1
97    0
83 11.4373  1
97    0
84 6.03244  1
97    0
85 8.38328  1
97    0
86 6.0596  10
87    8.20103
88    10.929
89    7.83718
90    9.74081
91    9.95706
92    10.6633
93    12.9696
94    8.5006
95    11.9074
96    11.0321
87 8.47179  1
97    0
88 6.34861  1
97    0
89 9.41572  1
97    0
90 9.43129  1
97    0
91 9.48195  1
97    0
92 9.64736  1
97    0
93 10.1875  1
97    0
94 11.9515  1
97    0
95 7.71157  1
97    0
96 13.8665  1
97    0
97 0  0
