179
0 9.80331  7
1    5.91267
9    5.43118
10    4.82939
11    6.15996
12    3.60273
137    5.58399
170    4.82472
1 10.6969  2
2    5.38211
89    4.31347
2 13.6151  8
3    3.64951
4    3.99174
5    5.10936
6    5.75886
9    3.81788
20    5.55716
52    5.99736
59    5.0558
3 13.1442  4
16    5.55808
17    4.22411
18    5.86818
20    5.20449
4 11.6063  5
7    4.87974
8    5.00902
9    4.82472
11    4.31347
20    6.45312
5 6.58452  4
9    3.90458
11    6.28649
31    3.51575
89    4.89421
6 10.186  4
9    4.51498
19    6.23898
20    4.22109
21    4.14684
7 11.9466  5
9    3.80973
10    4.84458
19    6.44763
21    4.2449
36    3.91859
8 7.6957  4
9    4.54154
10    4.89421
11    5.05626
19    4.12889
9 13.8147  4
11    6.18963
20    5.85829
37    4.8704
52    6.14257
10 13.796  6
11    5.58545
19    6.17507
21    5.61576
37    4.97853
52    6.13286
137    5.4819
11 13.7353  3
19    5.23681
31    3.50009
146    3.57727
12 13.5369  5
13    3.83894
14    4.61029
15    4.12917
21    6.48315
88    4.54154
13 12.889  2
20    5.89427
21    5.93602
14 10.7732  10
22    5.45828
23    3.89827
24    4.80403
25    4.76182
26    4.62394
27    4.17367
28    5.70338
29    4.69865
30    4.41766
52    6.10109
15 13.8641  5
20    5.32196
21    4.41244
52    5.6586
113    4.2449
137    5.94325
16 13.9575  1
71    3.75581
17 14.2624  3
20    6.06951
83    3.9586
170    4.84458
18 5.25758  1
172    4.22411
19 5.85269  1
178    0
20 7.79611  10
38    5.33166
39    6.4848
40    4.2503
41    5.95369
42    5.51605
43    4.08687
44    5.41992
45    3.77293
46    4.39477
47    6.42547
21 14.1424  3
32    3.55493
33    3.68284
147    3.75581
22 14.8663  1
31    3.50375
23 7.22999  1
88    5.00902
24 12.2939  10
103    5.85829
104    5.20449
105    6.06951
106    5.89427
107    5.32196
108    6.45312
109    4.14684
110    5.61576
111    4.41244
112    6.48315
25 8.82977  5
34    4.10051
35    5.46451
59    5.58399
83    5.47678
88    4.51498
26 7.51778  1
178    0
27 13.2336  3
52    5.5838
84    5.40518
147    6.4599
28 11.8984  1
89    5.58545
29 7.53822  1
136    5.99736
30 13.3004  2
52    4.30816
59    5.4819
31 12.1166  10
74    6.4599
75    4.169
76    5.68818
77    4.64893
78    4.25533
79    5.97008
80    5.56952
81    4.26147
82    5.99013
88    5.75886
32 8.25083  1
174    5.85829
33 5.62716  1
89    5.05626
34 7.05969  3
83    4.10427
137    6.1444
170    4.89421
35 11.7379  10
124    4.2503
125    5.95369
126    5.51605
127    4.08687
128    5.41992
129    3.77293
130    4.39477
131    6.42547
132    4.05657
133    5.32104
36 7.01422  1
114    5.70338
37 11.5893  1
136    5.6586
38 6.52867  4
50    6.4501
51    4.13704
59    3.97536
137    6.08452
39 10.0035  2
113    4.76182
136    6.13286
40 11.3506  8
60    4.30871
61    6.1444
62    6.13881
63    6.12059
64    6.06108
65    5.86671
66    5.23196
67    6.15923
41 5.74953  1
172    5.86818
42 7.45918  3
113    4.62394
137    5.20907
147    6.24273
43 13.0422  1
178    0
44 11.2737  1
147    4.33883
45 5.49837  3
48    4.05657
49    5.32104
114    3.50009
46 6.63915  7
53    4.55243
54    3.9402
55    4.94099
56    5.20907
57    6.08452
58    5.94325
83    5.63498
47 10.3645  2
88    4.87974
170    4.82939
48 12.5295  1
178    0
49 9.59914  5
85    5.91267
86    5.38211
87    3.64951
89    4.82472
147    4.64893
50 10.0301  1
170    3.81788
51 11.4373  1
178    0
52 6.03244  2
89    6.15996
174    5.20449
53 8.38328  7
97    4.22411
98    5.86818
99    5.23681
100    6.17507
101    6.23898
113    4.17367
161    4.23775
54 6.0596  3
89    4.82939
136    3.9402
161    5.38211
55 8.47179  1
161    3.72486
56 6.34861  1
171    6.18963
57 9.41572  1
88    3.81788
58 9.43129  1
114    4.41766
59 9.48195  1
178    0
60 9.64736  1
89    4.84458
61 10.1875  2
84    4.23775
172    6.17507
62 11.9515  5
68    6.18725
69    6.27871
70    3.57727
84    3.72486
114    3.51575
63 7.71157  1
178    0
64 13.8665  3
72    4.33883
73    6.24273
83    4.47525
65 13.9654  10
152    5.99013
153    5.63498
154    4.47525
155    3.68815
156    4.11791
157    5.52136
158    4.10427
159    5.47678
160    3.9586
171    5.05626
66 14.2883  1
88    5.10936
67 5.34242  2
89    3.90458
171    6.28649
68 6.1298  2
83    5.52136
102    4.22109
69 8.70098  6
142    5.23196
143    6.15923
144    6.18725
145    6.27871
147    5.68818
161    5.00105
70 7.09723  2
102    4.12889
136    6.10109
71 11.8603  1
134    6.4501
72 7.41371  1
88    3.99174
73 12.8939  1
173    4.22109
74 10.7894  1
83    3.68815
75 13.9169  1
178    0
76 14.1299  1
178    0
77 14.8254  2
122    5.33166
123    6.4848
78 7.09632  1
178    0
79 11.8572  1
178    0
80 7.40364  2
83    4.11791
135    5.5838
81 12.861  1
178    0
82 10.6816  1
83    5.00105
83 13.565  2
135    4.30816
172    6.23898
84 12.9809  1
178    0
85 11.0732  2
88    3.80973
172    4.12917
86 14.8437  2
88    5.43118
102    6.44763
87 7.15613  6
138    6.13881
139    6.12059
140    6.06108
141    5.86671
170    4.54154
171    4.61029
88 12.0525  7
90    6.18963
91    6.28649
92    3.60273
93    3.83894
94    4.61029
95    4.12917
96    5.55808
89 8.04147  1
178    0
90 14.9438  1
178    0
91 7.48299  1
178    0
92 13.1201  1
137    3.97536
93 11.5276  4
148    4.25533
149    5.97008
150    5.56952
151    4.26147
94 6.32756  1
178    0
95 9.34675  1
114    3.50375
96 9.20606  1
178    0
97 8.74645  3
102    5.55716
113    5.93602
136    4.94099
98 7.24555  1
137    5.0558
99 12.3446  1
178    0
100 8.99548  2
114    4.69865
136    4.55243
101 8.05887  2
113    3.89827
161    5.40518
102 5.00031  1
178    0
103 5.01251  1
178    0
104 5.05249  1
178    0
105 5.18311  1
178    0
106 5.60945  1
113    4.80403
107 7.00171  1
178    0
108 11.5484  2
113    5.45828
147    4.169
109 6.39531  3
175    6.06951
176    5.89427
177    5.32196
110 9.56801  1
178    0
111 9.92843  3
115    3.55493
116    3.68284
117    4.10051
112 11.1055  1
178    0
113 14.9493  1
178    0
114 7.50099  4
118    5.46451
119    3.91859
120    4.8704
121    4.97853
115 13.179  1
178    0
116 11.7202  1
170    3.90458
117 6.95624  1
171    6.15996
118 11.3997  1
178    0
119 5.90976  1
161    5.91267
120 7.98257  1
178    0
121 14.7516  1
178    0
122 6.85522  2
135    6.14257
171    4.31347
123 11.0701  1
178    0
124 14.8337  1
178    0
125 7.12348  1
172    5.23681
126 11.946  1
137    4.30871
127 7.69387  1
178    0
128 13.8086  1
178    0
129 13.7762  1
178    0
130 13.6703  1
178    0
131 13.3245  1
178    0
132 12.1953  1
178    0
133 8.5081  1
134    4.13704
134 6.46733  1
178    0
135 9.80331  1
178    0
136 10.6969  1
178    0
137 13.6151  1
178    0
138 13.1442  1
178    0
139 11.6063  4
166    4.87974
167    5.00902
168    5.43118
169    3.80973
140 6.58452  1
178    0
141 10.186  1
172    5.55808
142 11.9466  1
178    0
143 7.6957  1
170    4.51498
144 13.8147  1
178    0
145 13.796  1
178    0
146 13.7353  1
172    6.44763
147 13.5369  1
171    3.60273
148 12.889  1
178    0
149 10.7732  1
178    0
150 13.8641  1
178    0
151 13.9575  1
171    5.58545
152 14.2624  1
178    0
153 5.25758  1
178    0
154 5.85269  1
178    0
155 7.79611  1
178    0
156 14.1424  4
162    3.64951
163    3.99174
164    5.10936
165    5.75886
157 14.8663  1
178    0
158 7.22999  1
178    0
159 12.2939  1
178    0
160 8.82977  1
178    0
161 7.51778  1
178    0
162 13.2336  1
171    3.83894
163 11.8984  1
178    0
164 7.53822  1
178    0
165 13.3004  1
178    0
166 12.1166  1
172    4.12889
167 8.25083  1
178    0
168 5.62716  1
172    5.55716
169 7.05969  1
178    0
170 11.7379  1
178    0
171 7.01422  1
178    0
172 11.5893  1
178    0
173 6.52867  1
178    0
174 10.0035  1
178    0
175 11.3506  1
178    0
176 5.74953  1
178    0
177 7.45918  1
178    0
178 0  0
