50
0 10.186  2
1    0.908307
24    1.06439
1 11.9466  5
2    0.780917
3    0.964943
4    0.965877
5    0.968917
6    0.978841
2 7.6957  1
49    0
3 13.8147  2
23    1.0409
37    0.820103
4 13.796  8
7    1.01125
8    1.11709
9    0.862694
10    1.23199
11    1.23793
12    1.2573
13    0.720545
24    1.29663
5 13.7353  10
14    0.767788
15    0.922059
16    0.825834
17    1.11162
18    0.844823
19    1.17364
20    1.04736
21    1.23501
22    1.24779
24    0.829368
6 13.5369  1
23    1.2139
7 12.889  2
24    0.882488
37    0.710987
8 10.7732  1
24    1.12315
9 13.8641  1
23    1.11143
10 13.9575  1
23    0.825779
11 14.2624  1
23    1.28953
12 5.25758  1
24    0.848979
13 5.85269  2
23    1.17166
37    0.703149
14 7.79611  5
25    1.1872
26    1.09166
27    0.779653
28    0.960805
29    0.952364
15 14.1424  7
30    0.924787
31    0.834733
32    1.14068
33    0.939729
34    0.883532
35    0.700018
36    0.700751
16 14.8663  1
49    0
17 7.22999  1
24    1.17885
18 12.2939  1
49    0
19 8.82977  6
38    1.0929
39    0.783718
40    0.974081
41    0.995706
42    1.06633
43    1.29696
20 7.51778  1
49    0
21 13.2336  1
49    0
22 11.8984  1
23    0.844218
23 7.53822  1
24    1.29062
24 13.3004  1
49    0
25 12.1166  1
49    0
26 8.25083  1
49    0
27 5.62716  1
49    0
28 7.05969  1
49    0
29 11.7379  1
49    0
30 7.01422  1
49    0
31 11.5893  1
49    0
32 6.52867  1
49    0
33 10.0035  1
49    0
34 11.3506  1
49    0
35 5.74953  1
49    0
36 7.45918  1
37    0.736567
37 13.0422  1
49    0
38 11.2737  1
49    0
39 5.49837  5
44    0.85006
45    1.19074
46    1.10321
47    0.817374
48    1.08398
40 6.63915  1
49    0
41 10.3645  1
49    0
42 12.5295  1
49    0
43 9.59914  1
49    0
44 10.0301  1
49    0
45 11.4373  1
49    0
46 6.03244  1
49    0
47 8.38328  1
49    0
48 6.0596  1
49    0
49 0  0
