114
0 7.53822  4
1    1.1168
3    1.22888
4    1.22776
31    0.744972
1 13.3004  4
2    0.861742
4    1.22412
54    0.779653
68    0.878954
2 12.1166  9
5    1.21222
6    1.17334
7    1.04639
8    1.23185
9    1.23745
10    1.25574
11    0.715455
31    1.07642
50    1.23501
3 8.25083  3
31    1.15177
50    1.17364
51    0.825779
4 5.62716  3
31    1.00021
50    0.844823
54    0.960805
5 7.05969  10
12    0.751161
13    0.867766
14    1.24855
15    1.29198
16    0.833799
17    1.13764
18    0.929786
19    0.851067
20    1.19402
21    1.1139
6 11.7379  1
87    0.89505
7 7.01422  1
84    0.715455
8 11.5893  1
113    0
9 6.52867  2
55    0.924787
60    0.995706
10 10.0035  1
51    1.28953
11 11.3506  1
30    1.09536
12 5.74953  10
32    0.975948
33    1.0018
34    1.08624
35    0.761946
36    0.902997
37    0.763576
38    0.908307
39    0.780917
40    0.964943
41    0.965877
13 7.45918  1
51    1.11143
14 13.0422  1
85    0.833799
15 11.2737  2
84    1.25574
86    1.13764
16 5.49837  1
84    0.751161
17 6.63915  3
31    0.798349
51    1.17166
86    1.1139
18 10.3645  5
31    0.847551
54    1.12315
55    0.834733
84    1.23745
86    1.19402
19 12.5295  1
113    0
20 9.59914  8
22    0.852293
23    1.19803
24    1.127
25    0.89505
26    0.737629
27    0.823582
28    1.10427
29    0.820853
21 10.0301  3
31    0.729902
72    1.22022
80    0.795071
22 11.4373  1
60    1.0929
23 6.03244  4
42    0.968917
43    0.978841
44    1.01125
53    1.29062
24 8.38328  3
77    1.2169
78    1.18865
79    1.09638
25 6.0596  3
31    1.18253
51    1.2139
60    0.703149
26 8.47179  4
31    1.02187
50    1.11162
54    0.952364
60    0.736567
27 6.34861  1
68    0.754585
28 9.41572  2
31    1.08104
84    1.23185
29 9.43129  3
30    0.79172
87    1.09536
88    1.02187
30 9.48195  1
87    0.823582
31 9.64736  1
50    0.767788
32 10.1875  2
51    1.0409
87    0.79172
33 11.9515  2
50    0.825834
88    1.07642
34 7.71157  5
54    1.1872
60    0.710987
68    0.811313
84    1.24855
88    0.798349
35 13.8665  8
61    1.06633
62    1.29696
63    0.85006
64    1.19074
65    1.10321
66    0.817374
67    1.08398
69    1.29002
36 13.9654  1
50    0.922059
37 14.2883  2
51    1.17885
69    0.827409
38 5.34242  5
46    0.862694
47    1.23199
48    1.23793
49    1.2573
86    0.851067
39 6.1298  2
50    0.720545
53    0.829368
40 8.70098  3
52    1.06439
69    1.11676
88    0.729902
41 7.09723  2
45    1.11709
54    0.882488
42 11.8603  1
51    1.24779
43 7.41371  1
84    1.29198
44 12.8939  1
55    1.14068
45 10.7894  3
50    1.04736
60    0.820103
87    1.08104
46 13.9169  3
54    1.09166
60    0.974081
68    1.06421
47 14.1299  1
51    0.844218
48 14.8254  2
70    0.861632
71    1.22851
49 7.09632  1
80    0.861742
50 11.8572  1
113    0
51 7.40364  5
56    0.939729
57    0.883532
58    0.700018
59    0.700751
88    1.15177
52 12.861  2
54    0.848979
60    0.783718
53 10.6816  4
54    1.29663
72    1.19947
84    1.04639
86    1.19803
54 13.565  1
87    0.737629
55 12.9809  5
101    1.11709
102    0.862694
103    1.23199
104    1.23793
105    1.2573
56 11.0732  1
68    1.28509
57 14.8437  4
73    0.910486
74    0.78804
75    0.988198
76    1.04181
58 7.15613  1
86    0.852293
59 12.0525  1
88    0.847551
60 8.04147  1
113    0
61 14.9438  1
113    0
62 7.48299  1
87    1.00021
63 13.1201  1
113    0
64 11.5276  1
113    0
65 6.32756  1
113    0
66 9.34675  8
89    1.0018
90    1.08624
91    0.761946
92    0.902997
93    0.763576
94    0.908307
95    0.780917
96    0.964943
67 9.20606  1
72    1.13172
68 8.74645  1
80    1.01116
69 7.24555  2
80    1.22776
88    1.18253
70 12.3446  1
86    0.929786
71 8.99548  2
72    1.22657
80    1.22888
72 8.05887  1
80    1.1168
73 5.00031  1
113    0
74 5.01251  1
113    0
75 5.05249  7
106    0.720545
107    0.767788
108    0.922059
109    0.825834
110    1.11162
111    0.844823
112    1.17364
76 5.18311  1
113    0
77 5.60945  1
88    0.744972
78 7.00171  1
113    0
79 11.5484  1
87    1.10427
80 6.39531  3
81    1.22412
82    1.21222
83    1.17334
81 9.56801  1
86    1.127
82 9.92843  1
113    0
83 11.1055  2
84    0.867766
87    0.820853
84 14.9493  1
113    0
85 7.50099  1
113    0
86 13.179  1
88    0.975948
87 11.7202  1
113    0
88 6.95624  1
113    0
89 11.3997  4
97    0.965877
98    0.968917
99    0.978841
100    1.01125
90 5.90976  1
113    0
91 7.98257  1
113    0
92 14.7516  1
113    0
93 6.85522  1
113    0
94 11.0701  1
113    0
95 14.8337  1
113    0
96 7.12348  1
113    0
97 11.946  1
113    0
98 7.69387  1
113    0
99 13.8086  1
113    0
100 13.7762  1
113    0
101 13.6703  1
113    0
102 13.3245  1
113    0
103 12.1953  1
113    0
104 8.5081  1
113    0
105 6.46733  1
113    0
106 9.80331  1
113    0
107 10.6969  1
113    0
108 13.6151  1
113    0
109 13.1442  1
113    0
110 11.6063  1
113    0
111 6.58452  1
113    0
112 10.186  1
113    0
113 0  0
