56
0 9.20606  5
1    1.23745
14    0.823582
21    1.0018
29    1.23793
43    0.882488
1 8.74645  4
2    1.25574
3    0.715455
29    0.862694
44    0.939729
2 7.24555  3
4    0.867766
14    1.127
30    0.720545
3 12.3446  3
4    0.751161
14    1.19803
43    1.0409
4 8.99548  9
5    1.24855
6    1.29198
7    0.833799
8    1.13764
9    0.929786
10    0.851067
11    1.19402
12    1.1139
13    0.852293
5 8.05887  2
14    1.09536
29    1.01125
6 5.00031  3
25    0.908307
26    0.780917
29    1.23199
7 5.01251  1
14    0.737629
8 5.05249  1
14    0.89505
9 5.18311  2
21    0.975948
44    1.1872
10 5.60945  7
15    0.79172
16    1.00021
17    1.08104
18    0.744972
19    0.847551
20    1.18253
43    1.29663
11 7.00171  2
14    0.820853
21    1.15177
12 11.5484  2
14    1.10427
43    1.2139
13 6.39531  6
45    0.883532
46    0.700018
47    0.700751
48    0.703149
49    0.710987
50    0.736567
14 9.56801  1
21    0.798349
15 9.92843  1
29    1.11709
16 11.1055  3
21    1.08624
29    0.968917
43    0.829368
17 14.9493  1
21    1.02187
18 7.50099  2
21    1.07642
43    1.06439
19 13.179  3
22    0.761946
23    0.902997
24    0.763576
20 11.7202  1
21    0.729902
21 6.95624  4
27    0.964943
28    0.965877
30    0.767788
43    1.12315
22 11.3997  1
44    0.834733
23 5.90976  1
55    0
24 7.98257  1
30    0.922059
25 14.7516  1
29    1.2573
26 6.85522  2
43    1.17885
44    1.14068
27 11.0701  1
55    0
28 14.8337  1
29    0.978841
29 7.12348  7
31    0.825834
32    1.11162
33    0.844823
34    1.17364
35    1.04736
36    1.23501
37    1.24779
30 11.946  1
44    1.09166
31 7.69387  1
55    0
32 13.8086  1
44    0.779653
33 13.7762  1
55    0
34 13.6703  5
38    1.28953
39    0.825779
40    1.11143
41    0.844218
42    1.17166
35 13.3245  1
55    0
36 12.1953  2
43    1.29062
44    0.924787
37 8.5081  1
44    0.848979
38 6.46733  1
55    0
39 9.80331  1
55    0
40 10.6969  1
55    0
41 13.6151  1
44    0.960805
42 13.1442  1
44    0.952364
43 11.6063  1
55    0
44 6.58452  1
55    0
45 10.186  1
55    0
46 11.9466  4
51    0.820103
52    1.0929
53    0.783718
54    0.974081
47 7.6957  1
55    0
48 13.8147  1
55    0
49 13.796  1
55    0
50 13.7353  1
55    0
51 13.5369  1
55    0
52 12.889  1
55    0
53 10.7732  1
55    0
54 13.8641  1
55    0
55 0  0
