108
0 12.2939  6
1    1.19947
2    1.13172
3    0.910486
4    0.78804
5    0.988198
90    1.04639
1 8.82977  2
59    0.952364
88    1.2169
2 7.51778  2
34    0.847551
59    0.848979
3 13.2336  1
107    0
4 11.8984  9
6    1.04181
7    1.2169
8    1.18865
9    1.09638
10    0.795071
11    1.01116
12    1.1168
13    0.861742
22    0.833799
5 7.53822  9
14    1.22888
15    1.22776
16    1.22412
17    1.21222
18    1.17334
19    1.04639
20    1.23185
21    1.23745
89    1.1168
6 13.3004  3
22    0.715455
34    1.00021
46    0.965877
7 12.1166  1
34    1.07642
8 8.25083  2
22    0.929786
46    0.978841
9 5.62716  2
22    0.867766
34    1.08104
10 7.05969  2
22    0.751161
59    1.29663
11 11.7379  2
22    1.24855
54    1.24779
12 7.01422  3
22    1.13764
54    0.844218
88    1.13172
13 11.5893  1
107    0
14 6.52867  1
107    0
15 10.0035  2
22    0.851067
59    1.1872
16 11.3506  3
22    1.25574
34    0.729902
90    1.23185
17 5.74953  9
23    1.19402
24    1.1139
25    0.852293
26    1.19803
27    1.127
46    0.968917
47    1.23199
59    1.09166
90    1.25574
18 7.45918  1
107    0
19 13.0422  1
88    0.910486
20 11.2737  3
22    1.29198
34    0.79172
54    1.23501
21 5.49837  8
78    0.878954
79    1.28509
80    0.811313
81    1.06421
82    1.29002
83    0.827409
84    1.11676
85    0.861632
22 6.63915  6
28    0.89505
29    0.737629
30    0.823582
31    1.10427
32    0.820853
33    1.09536
23 10.3645  2
54    1.11143
88    1.22022
24 12.5295  3
55    1.17885
56    1.06439
57    1.29062
25 9.59914  1
107    0
26 10.0301  3
47    1.11709
67    0.703149
89    0.795071
27 11.4373  1
34    0.744972
28 6.03244  1
107    0
29 8.38328  3
34    1.18253
54    0.825779
88    0.78804
30 6.0596  1
107    0
31 8.47179  2
47    0.862694
58    0.829368
32 6.34861  10
35    0.798349
36    1.02187
37    1.15177
38    0.975948
39    1.0018
40    1.08624
41    0.761946
42    0.902997
43    0.763576
44    0.908307
33 9.41572  1
46    0.964943
34 9.43129  1
47    1.01125
35 9.48195  2
47    1.23793
54    1.2139
36 9.64736  2
60    0.924787
61    0.834733
37 10.1875  1
47    0.720545
38 11.9515  1
54    1.17166
39 7.71157  1
58    1.12315
40 13.8665  2
86    1.22851
87    1.22657
41 13.9654  2
67    0.783718
90    1.22776
42 14.2883  1
47    1.2573
43 5.34242  2
45    0.780917
53    1.17364
44 6.1298  1
88    0.988198
45 8.70098  1
54    1.0409
46 7.09723  7
48    0.767788
49    0.922059
50    0.825834
51    1.11162
52    0.844823
54    1.04736
67    0.710987
47 11.8603  1
58    0.882488
48 7.41371  8
99    0.851067
100    1.19402
101    1.1139
102    0.852293
103    1.19803
104    1.127
105    0.89505
106    0.737629
49 12.8939  1
67    0.820103
50 10.7894  1
54    1.28953
51 13.9169  10
68    0.974081
69    0.995706
70    1.06633
71    1.29696
72    0.85006
73    1.19074
74    1.10321
75    0.817374
76    1.08398
77    0.754585
52 14.1299  1
107    0
53 14.8254  1
90    1.22412
54 7.09632  1
107    0
55 11.8572  2
66    0.700751
90    0.861742
56 7.40364  1
59    0.779653
57 12.861  2
59    0.960805
67    1.0929
58 10.6816  1
88    1.04181
59 13.565  1
107    0
60 12.9809  1
107    0
61 11.0732  4
62    1.14068
63    0.939729
64    0.883532
65    0.700018
62 14.8437  1
107    0
63 7.15613  1
67    0.736567
64 12.0525  8
91    0.715455
92    0.751161
93    0.867766
94    1.24855
95    1.29198
96    0.833799
97    1.13764
98    0.929786
65 8.04147  1
107    0
66 14.9438  1
107    0
67 7.48299  1
107    0
68 13.1201  1
107    0
69 11.5276  1
90    1.21222
70 6.32756  1
89    1.01116
71 9.34675  1
107    0
72 9.20606  1
90    1.17334
73 8.74645  1
90    1.22888
74 7.24555  1
88    1.19947
75 12.3446  1
107    0
76 8.99548  1
107    0
77 8.05887  1
90    1.23745
78 5.00031  1
107    0
79 5.01251  1
107    0
80 5.05249  1
89    1.09638
81 5.18311  1
107    0
82 5.60945  1
88    1.18865
83 7.00171  1
107    0
84 11.5484  1
107    0
85 6.39531  1
107    0
86 9.56801  1
107    0
87 9.92843  1
107    0
88 11.1055  1
107    0
89 14.9493  1
107    0
90 7.50099  1
107    0
91 13.179  1
107    0
92 11.7202  1
107    0
93 6.95624  1
107    0
94 11.3997  1
107    0
95 5.90976  1
107    0
96 7.98257  1
107    0
97 14.7516  1
107    0
98 6.85522  1
107    0
99 11.0701  1
107    0
100 14.8337  1
107    0
101 7.12348  1
107    0
102 11.946  1
107    0
103 7.69387  1
107    0
104 13.8086  1
107    0
105 13.7762  1
107    0
106 13.6703  1
107    0
107 0  0
