52
0 5.62716  3
1    1.17885
20    0.817374
41    1.23745
1 7.05969  9
2    1.06439
3    1.29062
4    0.829368
5    1.12315
6    0.882488
7    1.29663
8    0.848979
9    1.1872
32    1.09638
2 11.7379  10
10    1.09166
11    0.779653
12    0.960805
13    0.952364
14    0.924787
15    0.834733
16    1.14068
17    0.939729
20    1.19074
32    1.2169
3 7.01422  2
19    0.974081
32    0.795071
4 11.5893  1
51    0
5 6.52867  10
22    0.861632
23    1.22851
24    1.22657
25    1.22022
26    1.19947
27    1.13172
28    0.910486
29    0.78804
30    0.988198
31    1.04181
6 10.0035  2
19    0.995706
20    0.811313
7 11.3506  1
18    0.700751
8 5.74953  1
20    1.29002
9 7.45918  1
18    0.736567
10 13.0422  2
19    1.0929
20    0.754585
11 11.2737  3
18    0.700018
19    1.29696
20    1.28509
12 5.49837  1
20    1.06421
13 6.63915  4
18    0.703149
19    0.820103
20    1.08398
21    0.827409
14 10.3645  1
19    0.85006
15 12.5295  1
18    0.883532
16 9.59914  3
19    1.06633
20    0.878954
41    1.23185
17 10.0301  3
18    0.710987
19    0.783718
32    1.18865
18 11.4373  1
51    0
19 6.03244  2
20    1.10321
21    1.11676
20 8.38328  1
51    0
21 6.0596  1
51    0
22 8.47179  8
33    1.01116
34    1.1168
35    0.861742
36    1.22888
37    1.22776
38    1.22412
39    1.21222
40    1.17334
23 6.34861  1
51    0
24 9.41572  1
51    0
25 9.43129  1
51    0
26 9.48195  1
51    0
27 9.64736  1
51    0
28 10.1875  1
51    0
29 11.9515  9
42    1.25574
43    0.715455
44    0.751161
45    0.867766
46    1.24855
47    1.29198
48    0.833799
49    1.13764
50    0.929786
30 7.71157  1
51    0
31 13.8665  1
51    0
32 13.9654  1
51    0
33 14.2883  1
51    0
34 5.34242  1
51    0
35 6.1298  1
51    0
36 8.70098  1
51    0
37 7.09723  1
51    0
38 11.8603  1
51    0
39 7.41371  1
51    0
40 12.8939  1
41    1.04639
41 10.7894  1
51    0
42 13.9169  1
51    0
43 14.1299  1
51    0
44 14.8254  1
51    0
45 7.09632  1
51    0
46 11.8572  1
51    0
47 7.40364  1
51    0
48 12.861  1
51    0
49 10.6816  1
51    0
50 13.565  1
51    0
51 0  0
