117
0 11.5484  5
1    8.82488
2    12.9663
3    8.48979
4    11.872
5    9.52364
1 6.39531  1
5    10.9166
2 9.56801  1
5    9.60805
3 9.92843  2
21    8.5006
96    8.29368
4 11.1055  1
5    7.79653
5 14.9493  10
6    9.24787
7    8.34733
8    11.4068
9    9.39729
10    8.83532
11    7.00018
12    7.00751
13    7.0315
14    7.10987
15    7.36567
6 7.50099  1
76    11.5177
7 13.179  2
21    10.6633
67    8.20853
8 11.7202  1
65    11.9402
9 6.95624  5
47    10.1116
48    11.168
49    8.61742
50    12.2888
51    12.2776
10 11.3997  7
40    7.8804
41    9.88198
42    10.4181
43    12.169
44    11.8865
45    10.9638
46    7.95071
11 5.90976  7
52    12.2412
53    12.1222
54    11.7334
55    10.4639
56    12.3185
57    12.3745
58    12.5574
12 7.98257  5
16    8.20103
17    10.929
18    7.83718
19    9.74081
20    9.95706
13 14.7516  1
116    0
14 6.85522  3
29    10.6421
66    8.23582
84    11.1709
15 11.0701  2
21    12.9696
65    8.52293
16 14.8337  2
22    11.0321
100    9.52364
17 7.12348  2
23    8.17374
24    10.8398
18 11.946  1
96    11.7885
19 7.69387  1
21    11.9074
20 13.8086  1
100    9.24787
21 13.7762  5
25    7.54585
26    8.78954
27    12.8509
28    8.11313
96    10.6439
22 13.6703  1
105    7.0315
23 13.3245  1
116    0
24 12.1953  1
116    0
25 8.5081  1
116    0
26 6.46733  1
116    0
27 9.80331  1
116    0
28 10.6969  10
30    12.9002
31    8.27409
32    11.1676
33    8.61632
34    12.2851
35    12.2657
36    12.2022
37    11.9947
38    11.3172
39    9.10486
29 13.6151  1
76    10.8624
30 13.1442  6
59    7.15455
60    7.51161
61    8.67766
62    12.4855
63    12.9198
64    8.33799
31 11.6063  1
66    11.0427
32 6.58452  1
116    0
33 10.186  5
80    9.08307
81    7.80917
82    9.64943
83    9.65877
95    12.478
34 11.9466  1
95    12.3501
35 7.6957  1
65    9.29786
36 13.8147  3
77    7.61946
78    9.02997
79    7.63576
37 13.796  1
84    9.78841
38 13.7353  1
66    7.37629
39 13.5369  4
65    11.3764
66    11.9803
95    8.25779
97    11.872
40 12.889  1
97    12.9663
41 10.7732  1
116    0
42 13.8641  1
116    0
43 13.9575  10
85    12.3793
86    12.573
87    7.20545
88    7.67788
89    9.22059
90    8.25834
91    11.1162
92    8.44823
93    11.7364
94    10.4736
44 14.2624  1
116    0
45 5.25758  1
97    8.82488
46 5.85269  1
116    0
47 7.79611  1
84    8.62694
48 14.1424  1
76    7.98349
49 14.8663  1
116    0
50 7.22999  1
116    0
51 12.2939  1
76    7.29902
52 8.82977  1
116    0
53 7.51778  1
76    9.75948
54 13.2336  1
116    0
55 11.8984  9
68    10.9536
69    7.9172
70    10.0021
71    10.8104
72    7.44972
73    8.47551
74    11.8253
75    10.7642
97    10.9166
56 7.53822  1
116    0
57 13.3004  1
65    8.51067
58 12.1166  1
116    0
59 8.25083  1
65    11.139
60 5.62716  1
96    12.139
61 7.05969  1
84    12.3199
62 11.7379  1
66    8.9505
63 7.01422  2
76    10.018
96    12.9062
64 11.5893  2
66    11.27
100    11.4068
65 6.52867  1
116    0
66 10.0035  4
101    9.39729
102    8.83532
103    7.00018
104    7.00751
67 11.3506  1
116    0
68 5.74953  1
76    10.2187
69 7.45918  1
84    10.1125
70 13.0422  1
116    0
71 11.2737  1
116    0
72 5.49837  1
97    8.48979
73 6.63915  1
116    0
74 10.3645  2
98    7.79653
99    9.60805
75 12.5295  1
116    0
76 9.59914  1
116    0
77 10.0301  1
97    11.2315
78 11.4373  1
116    0
79 6.03244  1
116    0
80 8.38328  1
84    9.68917
81 6.0596  10
106    7.10987
107    7.36567
108    8.20103
109    10.929
110    7.83718
111    9.74081
112    9.95706
113    10.6633
114    12.9696
115    8.5006
82 8.47179  1
116    0
83 6.34861  1
116    0
84 9.41572  1
116    0
85 9.43129  1
116    0
86 9.48195  1
116    0
87 9.64736  2
95    11.1143
96    11.7166
88 10.1875  1
96    10.409
89 11.9515  1
116    0
90 7.71157  1
95    12.8953
91 13.8665  1
116    0
92 13.9654  1
116    0
93 14.2883  1
116    0
94 5.34242  1
96    8.44218
95 6.1298  1
116    0
96 8.70098  1
116    0
97 7.09723  1
116    0
98 11.8603  1
116    0
99 7.41371  1
100    8.34733
100 12.8939  1
116    0
101 10.7894  1
116    0
102 13.9169  1
116    0
103 14.1299  1
116    0
104 14.8254  1
116    0
105 7.09632  1
116    0
106 11.8572  1
116    0
107 7.40364  1
116    0
108 12.861  1
116    0
109 10.6816  1
116    0
110 13.565  1
116    0
111 12.9809  1
116    0
112 11.0732  1
116    0
113 14.8437  1
116    0
114 7.15613  1
116    0
115 12.0525  1
116    0
116 0  0
