46
0 14.2883  1
1    49.7853
1 5.34242  8
2    53.3166
3    64.848
4    42.503
5    59.5369
6    55.1605
20    50.558
21    43.0871
22    61.2059
2 6.1298  6
7    40.8687
8    54.1992
9    37.7293
10    43.9477
11    64.2547
12    40.5657
3 8.70098  1
45    0
4 7.09723  2
20    60.8452
23    62.7871
5 11.8603  4
13    55.838
20    45.5243
23    37.5581
34    55.2136
6 7.41371  1
21    61.444
7 12.8939  1
13    53.2104
8 10.7894  1
13    41.3704
9 13.9169  1
45    0
10 14.1299  3
13    64.501
21    61.3881
34    41.0427
11 14.8254  1
20    39.7536
12 7.09632  9
14    43.0816
15    61.4257
16    61.3286
17    61.0109
18    59.9736
19    56.586
20    52.0907
22    61.5923
34    41.1791
13 11.8572  1
45    0
14 7.40364  4
20    54.819
22    58.6671
23    61.8725
34    44.7525
15 12.861  1
20    49.4099
16 10.6816  2
23    35.7727
34    36.8815
17 13.565  1
20    39.402
18 12.9809  1
20    55.8399
19 11.0732  1
20    59.4325
20 14.8437  1
22    52.3196
21 7.15613  1
22    60.6108
22 12.0525  7
24    43.3883
25    62.4273
26    64.599
27    41.69
28    56.8818
29    46.4893
30    42.5533
23 8.04147  1
45    0
24 14.9438  10
35    54.7678
36    39.586
37    50.0105
38    54.0518
39    37.2486
40    42.3775
41    59.1267
42    53.8211
43    36.4951
44    39.9174
25 7.48299  1
45    0
26 13.1201  1
45    0
27 11.5276  1
45    0
28 6.32756  3
31    59.7008
32    55.6952
33    42.6147
29 9.34675  1
45    0
30 9.20606  1
34    56.3498
31 8.74645  1
45    0
32 7.24555  1
34    59.9013
33 12.3446  1
45    0
34 8.99548  1
45    0
35 8.05887  1
45    0
36 5.00031  1
45    0
37 5.01251  1
45    0
38 5.05249  1
45    0
39 5.18311  1
45    0
40 5.60945  1
45    0
41 7.00171  1
45    0
42 11.5484  1
45    0
43 6.39531  1
45    0
44 9.56801  1
45    0
45 0  0
