54
0 7.01422  4
1    44.1244
2    64.8315
21    54.1992
22    55.838
1 11.5893  1
2    42.449
2 6.52867  10
3    59.3602
4    54.5828
5    38.9827
6    48.0403
7    47.6182
8    46.2394
9    41.7367
10    57.0338
11    46.9865
22    61.4257
3 10.0035  2
21    37.7293
22    53.2104
4 11.3506  2
21    43.9477
23    59.9736
5 5.74953  2
21    55.1605
43    56.8818
6 7.45918  1
43    41.69
7 13.0422  1
21    49.7853
8 11.2737  2
20    48.704
22    64.2547
9 5.49837  2
21    40.8687
23    61.0109
10 6.63915  3
37    58.6671
38    52.3196
39    61.5923
11 10.3645  10
12    44.1766
13    35.0009
14    35.0375
15    35.1575
16    35.5493
17    36.8284
18    41.0051
19    54.6451
21    53.3166
22    61.3286
12 12.5295  3
40    61.8725
41    62.7871
42    35.7727
13 9.59914  2
21    42.503
23    56.586
14 10.0301  2
20    39.1859
22    43.0816
15 11.4373  1
22    64.501
16 6.03244  2
23    45.5243
24    49.4099
17 8.38328  2
21    59.5369
22    40.5657
18 6.0596  3
21    64.848
22    41.3704
23    39.402
19 8.47179  2
25    52.0907
26    60.8452
20 6.34861  1
53    0
21 9.41572  10
27    59.4325
28    54.819
29    39.7536
30    50.558
31    55.8399
32    43.0871
33    61.444
34    61.3881
35    61.2059
36    60.6108
22 9.43129  1
53    0
23 9.48195  1
53    0
24 9.64736  1
53    0
25 10.1875  1
43    62.4273
26 11.9515  1
53    0
27 7.71157  1
53    0
28 13.8665  1
43    37.5581
29 13.9654  1
53    0
30 14.2883  1
53    0
31 5.34242  1
53    0
32 6.1298  1
53    0
33 8.70098  9
44    42.5533
45    59.7008
46    55.6952
47    42.6147
48    59.9013
49    56.3498
50    44.7525
51    36.8815
52    41.1791
34 7.09723  1
53    0
35 11.8603  1
43    46.4893
36 7.41371  1
53    0
37 12.8939  1
53    0
38 10.7894  1
53    0
39 13.9169  1
53    0
40 14.1299  1
43    64.599
41 14.8254  1
43    43.3883
42 7.09632  1
53    0
43 11.8572  1
53    0
44 7.40364  1
53    0
45 12.861  1
53    0
46 10.6816  1
53    0
47 13.565  1
53    0
48 12.9809  1
53    0
49 11.0732  1
53    0
50 14.8437  1
53    0
51 7.15613  1
53    0
52 12.0525  1
53    0
53 0  0
