207
0 13.5369  7
1    12.139
2    11.7885
3    10.6439
4    12.9062
5    8.82488
18    7.0315
26    8.61632
1 12.889  4
5    11.2315
26    8.11313
40    12.1222
185    11.3764
2 10.7732  5
5    12.9663
18    7.10987
26    11.1676
61    7.98349
89    11.7885
3 13.8641  5
5    8.29368
18    7.36567
19    11.9074
26    10.6421
90    11.872
4 13.9575  2
5    8.48979
19    9.95706
5 14.2624  10
6    11.872
7    10.9166
8    7.79653
9    9.60805
10    9.52364
11    9.24787
12    8.34733
13    11.4068
52    7.37629
101    7.54585
6 5.25758  4
14    9.39729
15    8.83532
16    7.00018
40    11.7334
7 5.85269  1
18    7.83718
8 7.79611  3
26    12.2851
93    7.10987
102    11.9947
9 14.1424  5
90    12.9663
101    8.61632
117    11.139
133    9.64943
157    8.34733
10 14.8663  2
51    11.3764
156    10.9166
11 7.22999  4
41    10.4639
90    11.2315
93    9.74081
103    12.169
12 12.2939  5
18    10.929
26    12.9002
93    7.36567
101    8.78954
185    8.67766
13 8.82977  1
19    9.74081
14 7.51778  5
17    7.00751
18    8.20103
19    12.9696
26    8.27409
102    12.2657
15 13.2336  4
29    11.9947
52    8.9505
92    7.0315
166    11.0321
16 11.8984  3
19    10.6633
52    11.9803
90    8.48979
17 7.53822  3
19    8.5006
61    11.8253
192    9.75948
18 13.3004  5
20    11.0321
21    8.17374
92    9.39729
116    9.29786
118    11.0427
19 12.1166  2
51    8.52293
91    9.60805
20 8.25083  5
22    10.8398
23    7.54585
24    8.78954
25    12.8509
29    9.88198
21 5.62716  3
29    11.3172
156    9.24787
166    8.11313
22 7.05969  4
113    7.15455
114    7.51161
115    8.67766
185    9.29786
23 11.7379  1
206    0
24 7.01422  6
28    12.2022
29    9.10486
52    8.23582
61    10.018
89    8.25779
192    7.29902
25 11.5893  4
27    12.2657
29    7.8804
51    8.51067
185    8.51067
26 6.52867  2
40    12.2412
50    8.33799
27 10.0035  10
30    10.4181
31    12.169
32    11.8865
33    10.9638
34    7.95071
35    10.1116
36    11.168
37    8.61742
38    12.2888
93    8.20103
28 11.3506  1
39    12.2776
29 5.74953  1
156    9.52364
30 7.45918  8
62    10.8624
63    7.61946
64    9.02997
65    7.63576
66    9.08307
67    7.80917
68    9.64943
69    9.65877
31 13.0422  1
117    11.9402
32 11.2737  2
133    10.1125
176    11.168
33 5.49837  1
51    11.139
34 6.63915  2
89    11.1143
101    12.9002
35 10.3645  1
51    9.29786
36 12.5295  1
61    10.2187
37 9.59914  8
81    8.25834
82    11.1162
83    8.44823
84    11.7364
85    10.4736
86    12.3501
87    12.478
88    12.8953
38 10.0301  1
156    11.2315
39 11.4373  8
42    12.3185
43    12.3745
44    12.5574
45    7.15455
46    7.51161
47    8.67766
48    12.4855
89    11.7166
40 6.03244  3
89    12.139
101    10.6421
116    8.51067
41 8.38328  9
70    9.68917
71    9.78841
72    10.1125
73    11.1709
74    8.62694
75    12.3199
76    12.3793
101    11.1676
175    7.8804
42 6.0596  3
51    11.9402
52    11.27
119    11.8253
43 8.47179  1
49    12.9198
44 6.34861  5
60    8.47551
61    9.75948
103    7.8804
175    10.9638
192    10.018
45 9.41572  7
53    11.0427
54    8.20853
55    10.9536
56    7.9172
57    10.0021
58    10.8104
59    7.44972
46 9.43129  1
116    8.33799
47 9.48195  1
166    11.9074
48 9.64736  2
117    11.9803
157    7.36567
49 10.1875  2
133    9.68917
157    7.00751
50 11.9515  2
101    8.27409
102    9.10486
51 7.71157  5
77    12.573
78    7.20545
79    7.67788
80    9.22059
116    11.3764
52 13.8665  3
61    11.5177
92    7.00751
190    10.0021
53 13.9654  2
103    9.88198
157    9.39729
54 14.2883  1
92    11.4068
55 5.34242  3
90    7.79653
93    7.83718
101    12.8509
56 6.1298  3
103    7.95071
118    8.20853
166    12.8509
57 8.70098  2
61    7.29902
102    12.2022
58 7.09723  2
61    10.7642
103    10.4181
59 11.8603  1
206    0
60 7.41371  1
189    7.37629
61 12.8939  3
101    8.11313
117    8.52293
191    10.7642
62 10.7894  4
90    8.82488
91    8.34733
103    11.168
157    11.4068
63 13.9169  1
199    10.1125
64 14.1299  1
89    10.409
65 14.8254  2
119    10.0021
185    12.4855
66 7.09632  1
89    12.9062
67 11.8572  1
206    0
68 7.40364  2
103    10.9638
119    7.9172
69 12.861  2
91    9.52364
102    11.3172
70 10.6816  1
90    10.9166
71 13.565  4
89    10.6439
92    8.83532
192    10.2187
199    9.68917
72 12.9809  10
104    12.2888
105    12.2776
106    12.2412
107    12.1222
108    11.7334
109    10.4639
110    12.3185
111    12.3745
112    12.5574
176    10.1116
73 11.0732  2
93    9.95706
157    8.83532
74 14.8437  2
119    10.8104
133    12.3199
75 7.15613  1
206    0
76 12.0525  2
89    8.44218
157    7.0315
77 8.04147  6
94    10.6633
95    12.9696
96    8.5006
97    11.9074
98    11.0321
99    8.17374
78 14.9438  2
101    12.2851
166    10.6421
79 7.48299  1
206    0
80 13.1201  4
117    7.37629
119    8.47551
133    12.3793
185    8.33799
81 11.5276  3
103    10.1116
116    12.4855
186    11.9803
82 6.32756  1
92    7.00018
83 9.34675  2
176    8.61742
192    11.5177
84 9.20606  2
89    8.29368
175    10.4181
85 8.74645  1
206    0
86 7.24555  3
91    9.24787
93    10.929
156    9.60805
87 12.3446  2
103    8.61742
117    8.9505
88 8.99548  4
134    12.573
135    7.20545
136    7.67788
137    9.22059
89 8.05887  1
206    0
90 5.00031  1
119    10.9536
91 5.01251  1
206    0
92 5.05249  1
156    12.9663
93 5.18311  4
100    10.8398
103    11.8865
117    8.23582
133    8.62694
94 5.60945  6
127    10.8624
128    7.61946
129    9.02997
130    7.63576
131    9.08307
132    7.80917
95 7.00171  3
156    11.872
166    12.9002
190    10.8104
96 11.5484  1
176    12.2776
97 6.39531  1
206    0
98 9.56801  1
206    0
99 9.92843  1
199    11.1709
100 11.1055  1
185    12.9198
101 14.9493  1
166    8.78954
102 7.50099  1
206    0
103 13.179  1
206    0
104 11.7202  1
206    0
105 6.95624  2
175    11.8865
199    8.62694
106 11.3997  1
116    12.9198
107 5.90976  2
119    7.44972
175    9.10486
108 7.98257  2
133    11.1709
175    9.88198
109 14.7516  1
206    0
110 6.85522  1
186    11.9402
111 11.0701  7
120    10.7642
121    7.29902
122    7.98349
123    10.2187
124    11.5177
125    9.75948
126    10.018
112 14.8337  10
139    11.1162
140    8.44823
141    11.7364
142    10.4736
143    12.3501
144    12.478
145    12.8953
146    8.25779
147    11.1143
190    8.23582
113 7.12348  1
206    0
114 11.946  2
138    8.25834
199    9.65877
115 7.69387  1
206    0
116 13.8086  2
117    11.27
183    7.15455
117 13.7762  1
206    0
118 13.6703  2
190    8.20853
191    8.47551
119 13.3245  1
133    9.78841
120 12.1953  1
206    0
121 8.5081  2
157    7.10987
192    7.98349
122 6.46733  1
206    0
123 9.80331  1
133    9.65877
124 10.6969  1
206    0
125 13.6151  1
206    0
126 13.1442  6
177    12.1222
178    11.7334
179    10.4639
180    12.3185
181    12.3745
182    12.5574
127 11.6063  7
168    11.1676
169    8.61632
170    12.2851
171    12.2657
172    12.2022
173    11.9947
174    11.3172
128 6.58452  2
187    11.27
188    8.9505
129 10.186  1
206    0
130 11.9466  9
148    8.44218
149    11.7166
150    10.409
151    12.139
152    11.7885
153    10.6439
154    12.9062
155    8.29368
199    12.3199
131 7.6957  1
206    0
132 13.8147  2
166    8.17374
190    11.0427
133 13.796  1
206    0
134 13.7353  1
206    0
135 13.5369  2
156    8.82488
166    10.8398
136 12.889  1
206    0
137 10.7732  1
206    0
138 13.8641  1
206    0
139 13.9575  1
206    0
140 14.2624  2
156    7.79653
157    7.00018
141 5.25758  1
206    0
142 5.85269  1
206    0
143 7.79611  6
200    12.3793
201    12.573
202    7.20545
203    7.67788
204    9.22059
205    8.25834
144 14.1424  1
175    7.95071
145 14.8663  1
206    0
146 7.22999  1
167    8.27409
147 12.2939  1
206    0
148 8.82977  1
199    9.64943
149 7.51778  8
158    8.20103
159    10.929
160    7.83718
161    9.74081
162    9.95706
163    10.6633
164    12.9696
165    8.5006
150 13.2336  1
206    0
151 11.8984  1
206    0
152 7.53822  1
166    7.54585
153 13.3004  1
206    0
154 12.1166  1
156    8.48979
155 8.25083  1
206    0
156 5.62716  1
190    7.9172
157 7.05969  1
175    12.169
158 11.7379  1
184    7.51161
159 7.01422  1
190    7.44972
160 11.5893  1
176    12.2412
161 6.52867  1
186    11.139
162 10.0035  1
206    0
163 11.3506  1
176    12.2888
164 5.74953  1
191    11.8253
165 7.45918  1
199    9.78841
166 13.0422  1
206    0
167 11.2737  1
206    0
168 5.49837  1
206    0
169 6.63915  1
206    0
170 10.3645  1
206    0
171 12.5295  1
206    0
172 9.59914  1
206    0
173 10.0301  1
206    0
174 11.4373  1
186    8.52293
175 6.03244  1
193    10.8624
176 8.38328  1
206    0
177 6.0596  1
206    0
178 8.47179  1
206    0
179 6.34861  1
206    0
180 9.41572  1
206    0
181 9.43129  1
206    0
182 9.48195  1
206    0
183 9.64736  1
206    0
184 10.1875  1
206    0
185 11.9515  1
206    0
186 7.71157  1
206    0
187 13.8665  5
194    7.61946
195    9.02997
196    7.63576
197    9.08307
198    7.80917
188 13.9654  1
206    0
189 14.2883  1
190    10.9536
190 5.34242  1
206    0
191 6.1298  1
206    0
192 8.70098  1
206    0
193 7.09723  1
206    0
194 11.8603  1
206    0
195 7.41371  1
206    0
196 12.8939  1
206    0
197 10.7894  1
206    0
198 13.9169  1
206    0
199 14.1299  1
206    0
200 14.8254  1
206    0
201 7.09632  1
206    0
202 11.8572  1
206    0
203 7.40364  1
206    0
204 12.861  1
206    0
205 10.6816  1
206    0
206 0  0
