226
0 10.7732  10
1    3.51575
2    3.55493
3    3.68284
4    4.10051
5    5.46451
6    3.91859
7    4.8704
8    4.2503
29    6.24273
65    5.45828
1 13.8641  3
8    5.33166
29    3.57727
42    5.47678
2 13.9575  4
8    4.08687
28    6.1444
114    5.43118
135    4.80403
3 14.2624  3
8    4.97853
28    6.27871
147    5.4819
4 5.25758  7
8    5.95369
29    6.4599
61    4.22411
62    6.44763
99    4.169
133    5.20449
152    4.33883
5 5.85269  3
8    5.51605
86    4.55243
160    5.91267
6 7.79611  6
8    6.4848
20    4.55243
53    5.43118
62    5.20449
109    3.68815
123    6.28649
7 14.1424  4
8    5.41992
68    3.55493
135    4.76182
152    6.24273
8 14.8663  10
9    3.77293
10    4.39477
11    6.42547
12    4.05657
13    5.32104
14    6.4501
20    6.10109
29    3.75581
62    6.06951
67    3.50375
9 7.22999  4
20    5.6586
29    4.169
53    4.82472
161    5.75886
10 12.2939  3
28    5.86671
146    6.14257
156    5.97008
11 8.82977  1
20    4.94099
12 7.51778  1
20    3.9402
13 13.2336  5
53    3.81788
70    5.33166
87    5.94325
99    6.24273
135    5.93602
14 11.8984  10
15    4.13704
16    5.5838
17    4.30816
18    6.14257
19    6.13286
20    5.99736
21    6.08452
28    5.23196
30    4.64893
42    5.00105
15 7.53822  4
61    4.12917
86    4.94099
87    3.97536
134    5.32196
16 13.3004  3
28    6.12059
66    4.76182
111    5.40518
17 12.1166  4
21    5.20907
28    6.15923
135    5.45828
157    5.63498
18 8.25083  7
55    5.58545
56    4.31347
57    6.15996
58    6.18963
59    6.28649
60    3.60273
135    4.2449
19 5.62716  1
42    3.9586
20 7.05969  4
29    4.33883
65    4.2449
70    4.2503
135    4.62394
21 11.7379  7
22    5.94325
23    5.4819
24    3.97536
25    5.0558
26    5.58399
27    4.30871
64    4.14684
22 7.01422  3
30    5.68818
64    6.45312
99    3.75581
23 11.5893  5
28    6.06108
61    5.55808
67    4.69865
110    3.9586
114    5.75886
24 6.52867  2
28    6.13881
62    5.55716
25 10.0035  3
64    5.32196
65    4.41244
133    6.23898
26 11.3506  2
62    5.85829
111    5.38211
27 5.74953  3
28    6.18725
53    3.80973
54    5.05626
28 7.45918  7
38    3.68815
39    4.11791
40    5.52136
41    4.10427
110    5.00105
136    3.51575
151    6.27871
29 13.0422  10
43    5.40518
44    3.72486
45    4.23775
46    5.91267
47    5.38211
48    3.64951
49    3.99174
50    5.10936
51    5.75886
52    4.87974
30 11.2737  8
31    4.25533
32    5.97008
33    5.56952
34    4.26147
35    5.99013
36    5.63498
37    4.47525
159    5.40518
31 5.49837  3
62    4.12889
69    5.46451
136    3.50009
32 6.63915  2
61    4.61029
114    5.00902
33 10.3645  3
70    6.4848
99    4.33883
111    4.23775
34 12.5295  3
63    5.89427
70    5.95369
114    3.80973
35 9.59914  4
53    4.51498
133    4.22109
145    4.30816
159    3.72486
36 10.0301  2
65    3.89827
67    4.41766
37 11.4373  2
54    4.82939
86    6.08452
38 6.03244  2
86    3.9402
114    4.54154
39 8.38328  2
53    5.00902
88    5.58399
40 6.0596  3
53    4.54154
114    3.81788
134    4.14684
41 8.47179  1
151    6.06108
42 6.34861  3
54    4.89421
87    5.4819
201    4.62394
43 9.41572  2
101    4.64893
102    4.25533
44 9.43129  1
65    6.48315
45 9.48195  3
62    4.22109
99    6.4599
111    3.72486
46 9.64736  4
65    5.61576
67    4.62394
144    5.41992
146    5.6586
47 10.1875  6
53    3.90458
54    4.84458
61    5.23681
66    4.80403
69    3.91859
144    3.77293
48 11.9515  2
70    4.08687
161    5.38211
49 7.71157  8
202    4.41766
203    3.50009
204    3.50375
205    3.51575
206    3.55493
207    3.68284
208    4.10051
209    5.46451
50 13.8665  2
61    6.17507
216    5.41992
51 13.9654  2
114    4.87974
144    5.51605
52 14.2883  3
100    5.68818
111    5.91267
136    3.50375
53 5.34242  4
61    3.83894
67    4.17367
123    6.18963
145    4.13704
54 6.1298  2
70    5.51605
86    5.20907
55 8.70098  1
133    5.55716
56 7.09723  1
61    5.86818
57 11.8603  1
67    3.50009
58 7.41371  3
136    4.41766
137    4.10051
157    3.68815
59 12.8939  4
62    6.23898
67    5.70338
69    3.68284
70    4.97853
60 10.7894  3
67    3.51575
88    5.0558
147    5.0558
61 13.9169  1
144    4.05657
62 14.1299  1
158    5.00105
63 14.8254  3
65    5.93602
147    5.94325
197    6.48315
64 7.09632  1
225    0
65 11.8572  1
133    5.85829
66 7.40364  1
69    4.10051
67 12.861  1
70    4.8704
68 10.6816  10
71    5.41992
72    3.77293
73    4.39477
74    6.42547
75    4.05657
76    5.32104
77    6.4501
78    4.13704
79    5.5838
157    4.11791
69 13.565  9
80    4.30816
81    6.14257
82    6.13286
83    6.10109
84    5.99736
85    5.6586
123    6.15996
136    3.55493
201    4.17367
70 12.9809  1
216    3.77293
71 11.0732  7
103    5.97008
104    5.56952
105    4.26147
106    5.99013
107    5.63498
108    4.47525
216    5.95369
72 14.8437  6
138    3.91859
139    4.8704
140    4.97853
141    5.33166
142    6.4848
143    4.2503
73 7.15613  9
124    3.60273
125    3.83894
126    4.61029
127    4.12917
128    5.55808
129    4.22411
130    5.86818
131    5.23681
132    6.17507
74 12.0525  3
88    4.30871
110    4.11791
201    5.70338
75 8.04147  9
89    6.1444
90    6.13881
91    6.12059
92    6.06108
93    5.86671
94    5.23196
95    6.15923
114    4.51498
144    5.95369
76 14.9438  1
225    0
77 7.48299  4
96    6.18725
97    6.27871
98    3.57727
157    5.52136
78 13.1201  3
153    6.4599
154    4.169
155    5.68818
79 11.5276  3
134    6.45312
147    3.97536
187    6.44763
80 6.32756  2
133    6.44763
200    4.76182
81 9.34675  1
225    0
82 9.20606  1
134    4.41244
83 8.74645  3
134    5.61576
197    4.41244
216    5.51605
84 7.24555  1
156    4.25533
85 12.3446  2
110    5.47678
133    4.12889
86 8.99548  3
133    5.89427
146    5.20907
161    5.10936
87 8.05887  7
119    4.89421
120    5.05626
121    5.58545
122    4.31347
146    4.94099
186    5.86818
187    6.23898
88 5.00031  1
147    6.08452
89 5.01251  1
146    5.99736
90 5.05249  1
225    0
91 5.18311  1
133    6.06951
92 5.60945  5
112    3.99174
113    5.10936
137    5.46451
144    6.4501
157    4.47525
93 7.00171  1
225    0
94 11.5484  1
144    4.08687
95 6.39531  1
135    4.69865
96 9.56801  5
115    3.90458
116    4.82472
117    4.82939
118    4.84458
135    3.89827
97 9.92843  10
162    4.87974
163    5.00902
164    5.43118
165    3.80973
166    4.51498
167    3.81788
168    4.54154
169    3.90458
170    4.82472
171    4.82939
98 11.1055  1
147    5.58399
99 14.9493  3
110    5.52136
134    6.48315
158    5.47678
100 7.50099  1
151    6.15923
101 13.179  1
161    3.64951
102 11.7202  1
151    5.86671
103 6.95624  1
225    0
104 11.3997  1
145    5.5838
105 5.90976  1
111    3.64951
106 7.98257  1
110    4.10427
107 14.7516  1
225    0
108 6.85522  1
158    4.10427
109 11.0701  2
187    6.17507
216    4.39477
110 14.8337  2
135    5.70338
187    5.55716
111 7.12348  1
225    0
112 11.946  1
225    0
113 7.69387  1
225    0
114 13.8086  1
161    3.99174
115 13.7762  2
146    3.9402
200    3.89827
116 13.6703  1
156    4.26147
117 13.3245  1
152    3.75581
118 12.1953  1
225    0
119 8.5081  1
225    0
120 6.46733  4
148    6.1444
149    6.13881
150    6.12059
187    4.12889
121 9.80331  1
225    0
122 10.6969  1
147    4.30871
123 13.6151  1
144    5.32104
124 13.1442  2
135    4.17367
151    5.23196
125 11.6063  1
225    0
126 6.58452  1
225    0
127 10.186  1
137    3.68284
128 11.9466  1
225    0
129 7.6957  1
225    0
130 13.8147  1
225    0
131 13.796  1
225    0
132 13.7353  2
151    6.18725
156    5.56952
133 13.5369  4
182    4.61029
183    4.12917
184    5.55808
185    4.22411
134 12.889  1
200    4.80403
135 10.7732  1
146    4.55243
136 13.8641  1
156    4.64893
137 13.9575  2
144    6.42547
146    6.13286
138 14.2624  1
160    4.23775
139 5.25758  1
225    0
140 5.85269  2
144    4.39477
152    3.57727
141 7.79611  1
157    5.99013
142 14.1424  1
225    0
143 14.8663  1
225    0
144 7.22999  1
146    6.10109
145 12.2939  1
225    0
146 8.82977  1
225    0
147 7.51778  1
225    0
148 13.2336  1
225    0
149 11.8984  1
186    5.23681
150 7.53822  1
158    3.9586
151 13.3004  1
225    0
152 12.1166  1
225    0
153 8.25083  1
225    0
154 5.62716  1
225    0
155 7.05969  1
225    0
156 11.7379  6
210    3.91859
211    4.8704
212    4.97853
213    5.33166
214    6.4848
215    4.2503
157 7.01422  1
225    0
158 11.5893  1
225    0
159 6.52867  1
225    0
160 10.0035  9
188    4.22109
189    5.85829
190    5.20449
191    6.06951
192    5.89427
193    5.32196
194    6.45312
195    4.14684
196    5.61576
161 11.3506  1
225    0
162 5.74953  1
225    0
163 7.45918  1
225    0
164 13.0422  10
172    4.84458
173    4.89421
174    5.05626
175    5.58545
176    4.31347
177    6.15996
178    6.18963
179    6.28649
180    3.60273
181    3.83894
165 11.2737  1
225    0
166 5.49837  1
225    0
167 6.63915  1
225    0
168 10.3645  1
225    0
169 12.5295  1
225    0
170 9.59914  1
216    4.08687
171 10.0301  1
200    5.45828
172 11.4373  1
225    0
173 6.03244  1
225    0
174 8.38328  1
225    0
175 6.0596  1
225    0
176 8.47179  1
225    0
177 6.34861  1
225    0
178 9.41572  1
225    0
179 9.43129  8
217    4.05657
218    5.32104
219    6.4501
220    4.13704
221    5.5838
222    4.30816
223    6.14257
224    6.13286
180 9.48195  1
225    0
181 9.64736  1
225    0
182 10.1875  1
225    0
183 11.9515  1
225    0
184 7.71157  1
225    0
185 13.8665  1
225    0
186 13.9654  1
225    0
187 14.2883  1
225    0
188 5.34242  1
225    0
189 6.1298  1
225    0
190 8.70098  1
201    4.69865
191 7.09723  1
225    0
192 11.8603  1
216    6.42547
193 7.41371  2
198    4.2449
199    5.93602
194 12.8939  1
225    0
195 10.7894  1
225    0
196 13.9169  1
225    0
197 14.1299  1
225    0
198 14.8254  1
225    0
199 7.09632  1
225    0
200 11.8572  1
225    0
201 7.40364  1
225    0
202 12.861  1
225    0
203 10.6816  1
225    0
204 13.565  1
225    0
205 12.9809  1
225    0
206 11.0732  1
225    0
207 14.8437  1
225    0
208 7.15613  1
225    0
209 12.0525  1
225    0
210 8.04147  1
225    0
211 14.9438  1
225    0
212 7.48299  1
225    0
213 13.1201  1
225    0
214 11.5276  1
225    0
215 6.32756  1
225    0
216 9.34675  1
225    0
217 9.20606  1
225    0
218 8.74645  1
225    0
219 7.24555  1
225    0
220 12.3446  1
225    0
221 8.99548  1
225    0
222 8.05887  1
225    0
223 5.00031  1
225    0
224 5.01251  1
225    0
225 0  0
