49
0 6.1298  9
1    5.51605
2    4.08687
3    5.41992
4    3.77293
6    6.4501
7    6.10109
10    5.0558
19    6.15923
41    6.15996
1 8.70098  4
4    4.39477
5    5.32104
19    3.75581
39    3.99174
2 7.09723  2
7    6.13286
10    4.94099
3 11.8603  6
5    4.05657
6    5.5838
7    5.99736
10    3.9402
39    5.75886
40    3.90458
4 7.41371  6
5    6.42547
6    4.30816
7    6.14257
10    5.94325
39    5.10936
41    4.84458
5 12.8939  3
6    4.13704
10    5.20907
40    5.00902
6 10.7894  1
10    5.4819
7 13.9169  3
8    5.6586
9    4.55243
10    3.97536
8 14.1299  2
10    6.08452
40    4.82472
9 14.8254  1
48    0
10 7.09632  9
11    5.58399
12    4.30871
13    6.1444
14    6.13881
15    6.12059
16    6.06108
17    5.86671
18    5.23196
19    6.4599
11 11.8572  8
20    4.169
21    5.68818
22    4.64893
23    4.25533
24    5.97008
25    5.56952
26    4.26147
27    5.99013
12 7.40364  3
19    4.33883
39    3.64951
40    4.54154
13 12.861  2
19    3.57727
39    5.38211
14 10.6816  2
19    6.18725
40    5.43118
15 13.565  1
19    6.24273
16 12.9809  1
19    6.27871
17 11.0732  1
40    4.87974
18 14.8437  1
48    0
19 7.15613  1
40    3.80973
20 12.0525  8
28    5.63498
29    4.47525
30    3.68815
31    4.11791
32    5.52136
33    4.10427
34    5.47678
35    3.9586
21 8.04147  1
40    4.51498
22 14.9438  1
48    0
23 7.48299  1
48    0
24 13.1201  1
40    3.81788
25 11.5276  1
48    0
26 6.32756  1
39    5.91267
27 9.34675  4
36    5.00105
37    5.40518
38    3.72486
41    5.58545
28 9.20606  2
39    4.23775
41    4.89421
29 8.74645  1
48    0
30 7.24555  1
40    4.82939
31 12.3446  6
42    6.28649
43    3.60273
44    3.83894
45    4.61029
46    4.12917
47    5.55808
32 8.99548  1
48    0
33 8.05887  1
41    4.31347
34 5.00031  1
48    0
35 5.01251  1
48    0
36 5.05249  1
48    0
37 5.18311  1
48    0
38 5.60945  1
41    5.05626
39 7.00171  1
41    6.18963
40 11.5484  1
48    0
41 6.39531  1
48    0
42 9.56801  1
48    0
43 9.92843  1
48    0
44 11.1055  1
48    0
45 14.9493  1
48    0
46 7.50099  1
48    0
47 13.179  1
48    0
48 0  0
