212
0 13.9575  10
1    5.93602
2    5.45828
3    3.89827
4    4.80403
5    4.76182
6    4.62394
7    4.17367
8    5.70338
9    3.68284
50    4.25533
1 14.2624  2
9    3.51575
15    5.95369
2 5.25758  3
9    4.69865
15    6.4848
51    5.52136
3 5.85269  5
11    5.46451
12    3.91859
13    4.8704
14    4.97853
66    4.12917
4 7.79611  4
9    3.55493
51    4.11791
67    4.22109
88    5.99736
5 14.1424  2
9    4.41766
57    5.38211
6 14.8663  4
9    3.50375
49    5.68818
51    3.68815
152    4.41244
7 7.22999  3
15    5.51605
51    5.99013
150    5.89427
8 12.2939  1
9    3.50009
9 8.82977  3
10    4.10051
15    4.2503
65    4.84458
10 7.51778  3
16    5.41992
17    3.77293
18    4.39477
11 13.2336  1
43    6.06108
12 11.8984  2
15    4.08687
65    4.82939
13 7.53822  1
51    4.47525
14 13.3004  4
15    5.33166
50    5.56952
51    4.10427
68    5.89427
15 12.1166  5
49    3.75581
69    4.41244
86    4.05657
132    5.43118
156    4.80403
16 8.25083  3
57    5.91267
65    4.31347
137    4.31347
17 5.62716  2
57    4.23775
68    6.45312
18 7.05969  10
19    6.42547
20    4.05657
21    5.32104
22    6.4501
23    4.13704
24    5.5838
25    4.30816
26    6.14257
43    5.86671
51    4.26147
19 11.7379  1
69    5.93602
20 7.01422  1
211    0
21 11.5893  2
43    6.12059
49    4.169
22 6.52867  3
50    5.97008
65    4.89421
72    3.51575
23 10.0035  1
71    5.70338
24 11.3506  7
52    5.47678
53    3.9586
54    5.00105
55    5.40518
56    3.72486
71    4.69865
137    4.61029
25 5.74953  4
58    5.43118
59    3.80973
66    3.83894
67    5.55716
26 7.45918  5
27    6.13286
28    6.10109
29    5.99736
30    5.6586
31    4.55243
27 13.0422  2
57    5.10936
68    5.32196
28 11.2737  3
32    3.9402
69    6.48315
86    5.5838
29 5.49837  10
33    4.94099
34    5.20907
35    6.08452
36    5.94325
37    5.4819
38    3.97536
39    5.0558
40    5.58399
41    4.30871
42    6.1444
30 6.63915  1
211    0
31 10.3645  4
43    6.13881
57    3.99174
72    3.55493
136    4.89421
32 12.5295  1
133    4.82472
33 9.59914  1
68    5.61576
34 10.0301  2
66    6.18963
67    4.12889
35 11.4373  6
57    5.00902
66    6.28649
71    4.76182
72    3.68284
108    5.68818
189    6.10109
36 6.03244  3
49    6.4599
69    3.89827
137    4.12917
37 8.38328  6
44    5.23196
45    6.15923
46    6.18725
47    6.27871
48    3.57727
69    4.2449
38 6.0596  1
211    0
39 8.47179  5
60    4.51498
61    3.81788
62    4.54154
63    3.90458
64    4.82472
40 6.34861  3
49    4.33883
87    6.14257
88    6.10109
41 9.41572  5
51    5.63498
67    6.17507
71    3.50375
87    6.13286
132    5.00902
42 9.43129  1
211    0
43 9.48195  2
71    4.17367
201    6.15923
44 9.64736  2
57    3.64951
67    5.86818
45 10.1875  2
50    4.64893
68    5.20449
46 11.9515  3
49    6.24273
71    4.41766
201    6.06108
47 7.71157  1
211    0
48 13.8665  2
57    5.75886
108    4.169
49 13.9654  3
67    5.23681
68    4.14684
71    3.50009
50 14.2883  1
132    3.81788
51 5.34242  3
57    4.87974
66    5.55808
108    4.33883
52 6.1298  3
83    4.08687
108    4.64893
132    3.90458
53 8.70098  2
65    5.05626
68    5.85829
54 7.09723  3
67    6.44763
86    4.30816
108    3.57727
55 11.8603  3
65    6.15996
88    5.6586
108    3.75581
56 7.41371  4
83    5.41992
86    5.32104
108    6.24273
132    3.80973
57 12.8939  1
66    3.60273
58 10.7894  2
67    4.22411
86    6.4501
59 13.9169  2
66    4.61029
109    4.25533
60 14.1299  1
67    6.23898
61 14.8254  3
69    5.45828
189    4.94099
201    6.18725
62 7.09632  2
68    6.06951
189    4.55243
63 11.8572  2
65    5.58545
71    4.62394
64 7.40364  1
211    0
65 12.861  2
70    4.80403
150    5.32196
66 10.6816  10
73    4.10051
74    5.46451
75    3.91859
76    4.8704
77    4.97853
78    5.33166
79    6.4848
80    4.2503
81    5.95369
82    5.51605
67 13.565  1
189    6.14257
68 12.9809  1
201    5.86671
69 11.0732  2
108    6.27871
132    4.51498
70 14.8437  1
211    0
71 7.15613  1
211    0
72 12.0525  2
89    4.55243
90    3.9402
73 8.04147  1
211    0
74 14.9438  2
84    3.77293
85    4.39477
75 7.48299  1
156    5.45828
76 13.1201  1
211    0
77 11.5276  1
211    0
78 6.32756  1
132    4.54154
79 9.34675  2
86    4.13704
202    3.75581
80 9.20606  1
86    6.42547
81 8.74645  1
211    0
82 7.24555  1
108    6.4599
83 12.3446  1
211    0
84 8.99548  2
180    3.77293
181    4.39477
85 8.05887  2
132    4.87974
151    6.45312
86 5.00031  1
211    0
87 5.01251  1
211    0
88 5.05249  1
137    6.15996
89 5.18311  1
211    0
90 5.60945  10
91    4.94099
92    5.20907
93    6.08452
94    5.94325
95    5.4819
96    3.97536
97    5.0558
98    5.58399
99    4.30871
100    6.1444
91 7.00171  1
211    0
92 11.5484  1
211    0
93 6.39531  2
137    6.18963
152    4.14684
94 9.56801  1
211    0
95 9.92843  8
143    6.23898
144    6.44763
145    4.12889
146    5.55716
147    4.22109
148    5.85829
149    5.20449
152    5.61576
96 11.1055  1
189    5.6586
97 14.9493  1
211    0
98 7.50099  1
211    0
99 13.179  2
134    4.82939
135    4.84458
100 11.7202  7
101    6.13881
102    6.12059
103    6.06108
104    5.86671
105    5.23196
106    6.15923
107    6.18725
101 6.95624  8
110    5.97008
111    5.56952
112    4.26147
113    5.99013
114    5.63498
115    4.47525
116    3.68815
137    5.58545
102 11.3997  1
211    0
103 5.90976  7
182    6.42547
183    4.05657
184    5.32104
185    6.4501
186    4.13704
187    5.5838
188    4.30816
104 7.98257  7
117    4.11791
118    5.52136
119    4.10427
120    5.47678
121    3.9586
122    5.00105
123    5.40518
105 14.7516  1
211    0
106 6.85522  1
211    0
107 11.0701  1
211    0
108 14.8337  1
137    3.83894
109 7.12348  6
195    5.0558
196    5.58399
197    4.30871
198    6.1444
199    6.13881
200    6.12059
110 11.946  1
211    0
111 7.69387  1
137    6.28649
112 13.8086  1
211    0
113 13.7762  1
211    0
114 13.6703  1
211    0
115 13.3245  1
211    0
116 12.1953  1
211    0
117 8.5081  1
211    0
118 6.46733  3
153    6.48315
154    4.2449
155    5.93602
119 9.80331  1
211    0
120 10.6969  1
211    0
121 13.6151  1
211    0
122 13.1442  1
211    0
123 11.6063  8
124    3.72486
125    4.23775
126    5.91267
127    5.38211
128    3.64951
129    3.99174
130    5.10936
131    5.75886
124 6.58452  1
137    3.60273
125 10.186  1
150    6.06951
126 11.9466  1
137    5.05626
127 7.6957  1
211    0
128 13.8147  1
211    0
129 13.796  4
157    4.76182
158    4.62394
159    4.17367
160    5.70338
130 13.7353  1
211    0
131 13.5369  1
211    0
132 12.889  1
211    0
133 10.7732  1
211    0
134 13.8641  1
211    0
135 13.9575  1
211    0
136 14.2624  5
138    5.55808
139    4.22411
140    5.86818
141    5.23681
142    6.17507
137 5.25758  6
205    4.169
206    5.68818
207    4.64893
208    4.25533
209    5.97008
210    5.56952
138 5.85269  1
211    0
139 7.79611  1
211    0
140 14.1424  1
211    0
141 14.8663  1
211    0
142 7.22999  1
211    0
143 12.2939  1
211    0
144 8.82977  1
211    0
145 7.51778  1
156    3.89827
146 13.2336  1
211    0
147 11.8984  1
211    0
148 7.53822  1
211    0
149 13.3004  1
211    0
150 12.1166  1
211    0
151 8.25083  10
161    4.69865
162    4.41766
163    3.50009
164    3.50375
165    3.51575
166    3.55493
167    3.68284
168    4.10051
169    5.46451
170    3.91859
152 5.62716  1
189    5.99736
153 7.05969  1
211    0
154 11.7379  1
211    0
155 7.01422  1
211    0
156 11.5893  1
211    0
157 6.52867  1
201    6.27871
158 10.0035  1
211    0
159 11.3506  1
211    0
160 5.74953  1
211    0
161 7.45918  1
201    3.57727
162 13.0422  1
211    0
163 11.2737  1
202    4.33883
164 5.49837  1
211    0
165 6.63915  10
171    4.8704
172    4.97853
173    5.33166
174    6.4848
175    4.2503
176    5.95369
177    5.51605
178    4.08687
179    5.41992
189    3.9402
166 10.3645  1
211    0
167 12.5295  1
201    5.23196
168 9.59914  1
211    0
169 10.0301  1
189    6.13286
170 11.4373  2
203    6.24273
204    6.4599
171 6.03244  1
211    0
172 8.38328  1
211    0
173 6.0596  1
211    0
174 8.47179  1
211    0
175 6.34861  1
211    0
176 9.41572  1
211    0
177 9.43129  1
211    0
178 9.48195  1
211    0
179 9.64736  1
211    0
180 10.1875  1
211    0
181 11.9515  5
190    5.20907
191    6.08452
192    5.94325
193    5.4819
194    3.97536
182 7.71157  1
211    0
183 13.8665  1
211    0
184 13.9654  1
211    0
185 14.2883  1
211    0
186 5.34242  1
211    0
187 6.1298  1
211    0
188 8.70098  1
211    0
189 7.09723  1
211    0
190 11.8603  1
211    0
191 7.41371  1
211    0
192 12.8939  1
211    0
193 10.7894  1
211    0
194 13.9169  1
211    0
195 14.1299  1
211    0
196 14.8254  1
211    0
197 7.09632  1
211    0
198 11.8572  1
211    0
199 7.40364  1
211    0
200 12.861  1
211    0
201 10.6816  1
211    0
202 13.565  1
211    0
203 12.9809  1
211    0
204 11.0732  1
211    0
205 14.8437  1
211    0
206 7.15613  1
211    0
207 12.0525  1
211    0
208 8.04147  1
211    0
209 14.9438  1
211    0
210 7.48299  1
211    0
211 0  0
