196
0 12.9809  1
1    12.2888
1 11.0732  5
2    12.2776
31    7.29902
32    9.08307
47    11.1143
104    7.29902
2 14.8437  5
3    12.2412
4    12.1222
31    10.7642
47    12.478
71    8.5006
3 7.15613  4
6    10.4639
7    12.3185
8    12.3745
48    12.139
4 12.0525  2
5    11.7334
31    11.8253
5 8.04147  9
9    12.5574
10    7.15455
11    7.51161
12    8.67766
13    12.4855
14    12.9198
15    8.33799
16    11.3764
32    10.018
6 14.9438  5
50    12.9062
51    8.29368
52    11.2315
53    8.82488
54    12.9663
7 7.48299  2
31    7.98349
32    7.63576
8 13.1201  1
31    10.8104
9 11.5276  2
31    10.0021
96    8.52293
10 6.32756  10
20    11.139
21    8.52293
22    11.9803
23    11.27
24    8.9505
25    7.37629
26    8.23582
27    11.0427
28    8.20853
32    11.5177
11 9.34675  2
32    10.8624
95    12.9198
12 9.20606  3
31    7.44972
47    12.8953
138    12.139
13 8.74645  1
62    8.34733
14 7.24555  1
62    11.4068
15 12.3446  2
17    9.29786
72    11.1676
16 8.99548  3
18    8.51067
19    11.9402
48    11.7166
17 8.05887  4
32    7.80917
72    8.11313
85    11.168
138    11.7885
18 5.00031  9
33    9.64943
34    9.65877
35    9.68917
36    9.78841
37    10.1125
38    11.1709
39    8.62694
72    8.78954
185    12.1222
19 5.01251  1
72    7.54585
20 5.05249  2
31    10.2187
48    8.44218
21 5.18311  1
95    7.51161
22 5.60945  2
31    8.47551
32    9.02997
23 7.00171  1
29    10.9536
24 11.5484  1
195    0
25 6.39531  1
86    12.2888
26 9.56801  3
30    7.9172
32    7.61946
62    7.00751
27 9.92843  1
72    8.27409
28 11.1055  8
40    12.3199
41    12.3793
42    12.573
43    7.20545
44    7.67788
45    9.22059
46    8.25834
48    10.409
29 14.9493  2
47    8.44823
85    10.9638
30 7.50099  3
32    9.75948
62    8.83532
157    8.5006
31 13.179  3
47    12.3501
62    9.39729
71    10.6633
32 11.7202  10
175    9.88198
176    10.4181
177    12.169
178    11.8865
179    10.9638
180    7.95071
181    10.1116
182    11.168
183    8.61742
184    12.2888
33 6.95624  1
195    0
34 11.3997  1
139    8.29368
35 5.90976  1
96    11.3764
36 7.98257  1
104    7.44972
37 14.7516  1
195    0
38 6.85522  1
72    12.8509
39 11.0701  8
87    12.2412
88    12.1222
89    11.7334
90    10.4639
91    12.3185
92    12.3745
93    12.5574
94    7.15455
40 14.8337  1
47    11.1162
41 7.12348  7
55    8.48979
56    11.872
57    10.9166
58    7.79653
59    9.60805
60    9.52364
61    9.24787
42 11.946  3
48    11.7885
95    12.4855
157    7.83718
43 7.69387  2
47    11.7364
85    10.1116
44 13.8086  1
47    10.4736
45 13.7762  3
47    8.25779
62    7.00018
96    8.51067
46 13.6703  1
195    0
47 13.3245  2
71    11.0321
96    8.33799
48 12.1953  3
49    10.6439
96    11.27
104    8.47551
49 8.5081  1
157    10.929
50 6.46733  1
71    12.9696
51 9.80331  1
195    0
52 10.6969  1
195    0
53 13.6151  1
195    0
54 13.1442  1
195    0
55 11.6063  8
63    7.0315
64    7.10987
65    7.36567
66    8.20103
67    10.929
68    7.83718
69    9.74081
70    9.95706
56 6.58452  1
104    10.0021
57 10.186  2
138    10.409
174    11.9947
58 11.9466  1
195    0
59 7.6957  1
71    11.9074
60 13.8147  4
73    8.61632
74    12.2851
75    12.2657
104    10.7642
61 13.796  1
71    10.8398
62 13.7353  2
86    12.2776
138    12.9062
63 13.5369  9
76    12.2022
77    11.9947
78    11.3172
79    9.10486
80    7.8804
81    9.88198
82    10.4181
83    12.169
84    11.8865
64 12.889  2
137    11.1143
157    7.36567
65 10.7732  2
72    10.6421
86    8.61742
66 13.8641  1
96    11.139
67 13.9575  1
195    0
68 14.2624  1
195    0
69 5.25758  8
140    11.2315
141    8.82488
142    12.9663
143    8.48979
144    11.872
145    10.9166
146    7.79653
147    9.60805
70 5.85269  1
71    8.17374
71 7.79611  2
72    12.9002
96    11.9803
72 14.1424  6
108    9.75948
109    10.018
110    10.8624
111    7.61946
112    9.02997
113    7.63576
73 14.8663  1
104    11.8253
74 7.22999  1
195    0
75 12.2939  1
186    7.15455
76 8.82977  1
195    0
77 7.51778  1
104    10.8104
78 13.2336  1
96    11.9402
79 11.8984  1
157    7.10987
80 7.53822  3
105    7.98349
106    10.2187
107    11.5177
81 13.3004  1
195    0
82 12.1166  1
195    0
83 8.25083  1
85    7.95071
84 5.62716  7
158    11.9074
159    11.0321
160    8.17374
161    10.8398
162    7.54585
163    8.78954
164    12.8509
85 7.05969  7
97    8.9505
98    7.37629
99    8.23582
100    11.0427
101    8.20853
102    10.9536
103    7.9172
86 11.7379  1
195    0
87 7.01422  5
133    12.3501
134    12.478
135    12.8953
136    8.25779
174    7.8804
88 11.5893  1
157    8.20103
89 6.52867  1
96    9.29786
90 10.0035  1
95    8.67766
91 11.3506  1
195    0
92 5.74953  1
195    0
93 7.45918  1
195    0
94 13.0422  1
195    0
95 11.2737  1
114    9.08307
96 5.49837  1
195    0
97 6.63915  9
115    9.64943
116    9.65877
117    9.68917
118    9.78841
119    10.1125
120    11.1709
121    8.62694
122    12.3199
123    12.3793
98 10.3645  1
195    0
99 12.5295  1
195    0
100 9.59914  1
185    12.2412
101 10.0301  1
195    0
102 11.4373  1
157    9.74081
103 6.03244  2
114    7.80917
157    12.9696
104 8.38328  1
195    0
105 6.0596  9
148    9.52364
149    9.24787
150    8.34733
151    11.4068
152    9.39729
153    8.83532
154    7.00018
155    7.00751
156    7.0315
106 8.47179  1
195    0
107 6.34861  1
195    0
108 9.41572  9
124    12.573
125    7.20545
126    7.67788
127    9.22059
128    8.25834
129    11.1162
130    8.44823
131    11.7364
132    10.4736
109 9.43129  1
195    0
110 9.48195  1
185    12.2776
111 9.64736  1
195    0
112 10.1875  1
195    0
113 11.9515  1
195    0
114 7.71157  1
195    0
115 13.8665  1
195    0
116 13.9654  1
195    0
117 14.2883  1
185    10.4639
118 5.34242  1
195    0
119 6.1298  1
195    0
120 8.70098  1
195    0
121 7.09723  1
138    10.6439
122 11.8603  1
195    0
123 7.41371  1
195    0
124 12.8939  1
195    0
125 10.7894  1
195    0
126 13.9169  1
195    0
127 14.1299  2
138    11.7166
185    12.5574
128 14.8254  1
195    0
129 7.09632  1
195    0
130 11.8572  1
174    9.10486
131 7.40364  1
195    0
132 12.861  1
137    8.44218
133 10.6816  1
195    0
134 13.565  1
195    0
135 12.9809  1
195    0
136 11.0732  1
195    0
137 14.8437  1
195    0
138 7.15613  1
195    0
139 12.0525  1
157    9.95706
140 8.04147  1
195    0
141 14.9438  1
185    12.3745
142 7.48299  1
195    0
143 13.1201  1
195    0
144 11.5276  1
174    11.3172
145 6.32756  1
195    0
146 9.34675  1
195    0
147 9.20606  1
185    11.7334
148 8.74645  1
157    10.6633
149 7.24555  1
195    0
150 12.3446  1
195    0
151 8.99548  1
195    0
152 8.05887  1
195    0
153 5.00031  1
195    0
154 5.01251  1
195    0
155 5.05249  1
195    0
156 5.18311  1
195    0
157 5.60945  8
166    10.6421
167    12.9002
168    8.27409
169    11.1676
170    8.61632
171    12.2851
172    12.2657
173    12.2022
158 7.00171  8
187    7.51161
188    8.67766
189    12.4855
190    12.9198
191    8.33799
192    11.3764
193    9.29786
194    8.51067
159 11.5484  1
195    0
160 6.39531  1
195    0
161 9.56801  1
195    0
162 9.92843  1
195    0
163 11.1055  1
165    8.11313
164 14.9493  1
195    0
165 7.50099  1
195    0
166 13.179  1
195    0
167 11.7202  1
195    0
168 6.95624  1
195    0
169 11.3997  1
185    12.3185
170 5.90976  1
195    0
171 7.98257  1
195    0
172 14.7516  1
195    0
173 6.85522  1
195    0
174 11.0701  1
195    0
175 14.8337  1
195    0
176 7.12348  1
195    0
177 11.946  1
195    0
178 7.69387  1
195    0
179 13.8086  1
195    0
180 13.7762  1
195    0
181 13.6703  1
195    0
182 13.3245  1
195    0
183 12.1953  1
195    0
184 8.5081  1
195    0
185 6.46733  1
195    0
186 9.80331  1
195    0
187 10.6969  1
195    0
188 13.6151  1
195    0
189 13.1442  1
195    0
190 11.6063  1
195    0
191 6.58452  1
195    0
192 10.186  1
195    0
193 11.9466  1
195    0
194 7.6957  1
195    0
195 0  0
