118
0 12.1166  4
1    11.7334
2    10.4639
3    12.3185
10    9.29786
1 8.25083  1
10    11.139
2 5.62716  3
10    11.3764
55    12.9663
101    7.44972
3 7.05969  5
4    12.3745
5    12.5574
6    7.15455
10    8.51067
55    9.60805
4 11.7379  1
26    10.2187
5 7.01422  4
10    8.52293
26    10.8624
56    7.10987
101    10.8104
6 11.5893  5
7    7.51161
8    8.67766
9    12.4855
10    8.33799
32    12.3199
7 6.52867  3
10    11.9402
32    9.78841
36    11.1162
8 10.0035  4
11    11.9803
12    11.27
22    8.47551
26    7.61946
9 11.3506  3
10    12.9198
26    11.5177
95    8.33799
10 5.74953  2
55    11.872
113    10.1125
11 7.45918  2
25    7.29902
55    8.48979
12 13.0422  10
13    8.9505
14    7.37629
15    8.23582
16    11.0427
17    8.20853
18    10.9536
19    7.9172
20    10.0021
21    10.8104
32    7.20545
13 11.2737  3
26    9.75948
32    12.3793
93    12.3185
14 5.49837  1
26    7.63576
15 6.63915  3
55    10.9166
56    7.0315
87    10.1116
16 10.3645  8
65    11.9074
66    11.0321
67    8.17374
68    10.8398
69    7.54585
70    8.78954
71    12.8509
72    8.11313
17 12.5295  3
22    7.44972
26    10.018
95    8.67766
18 9.59914  1
101    10.7642
19 10.0301  8
103    10.2187
104    11.5177
105    9.75948
106    10.018
107    10.8624
108    7.61946
109    9.02997
110    7.63576
20 11.4373  1
32    10.1125
21 6.03244  5
88    8.61742
89    12.2888
90    12.2776
91    12.2412
92    12.1222
22 8.38328  3
23    11.8253
24    10.7642
32    11.1709
23 6.0596  6
27    9.08307
28    7.80917
29    9.64943
30    9.65877
31    9.68917
32    8.62694
24 8.47179  2
26    7.98349
97    11.9803
25 6.34861  2
26    9.02997
96    11.9402
26 9.41572  4
33    7.67788
34    9.22059
35    8.25834
111    9.08307
27 9.43129  1
56    7.00018
28 9.48195  1
56    11.4068
29 9.64736  1
32    12.573
30 10.1875  1
56    8.34733
31 11.9515  5
74    8.27409
75    11.1676
76    8.61632
77    12.2851
94    7.51161
32 7.71157  3
55    9.52364
97    8.9505
101    7.9172
33 13.8665  10
37    8.44823
38    11.7364
39    10.4736
40    12.3501
41    12.478
42    12.8953
43    8.25779
44    11.1143
45    8.44218
46    11.7166
34 13.9654  1
56    9.39729
35 14.2883  1
117    0
36 5.34242  1
56    8.83532
37 6.1298  1
112    7.80917
38 8.70098  2
87    11.8865
97    11.139
39 7.09723  1
117    0
40 11.8603  5
57    8.20103
58    10.929
59    7.83718
60    9.74081
113    9.65877
41 7.41371  1
97    11.27
42 12.8939  9
47    10.409
48    12.139
49    11.7885
50    10.6439
51    12.9062
52    8.29368
53    11.2315
54    8.82488
97    8.52293
43 10.7894  5
61    9.95706
62    10.6633
63    12.9696
64    8.5006
95    9.29786
44 13.9169  1
117    0
45 14.1299  1
113    8.62694
46 14.8254  1
56    7.00751
47 7.09632  1
101    7.29902
48 11.8572  1
56    7.36567
49 7.40364  1
101    8.47551
50 12.861  2
93    10.4639
94    7.15455
51 10.6816  1
55    7.79653
52 13.565  1
102    7.98349
53 12.9809  1
55    9.24787
54 11.0732  1
73    12.9002
55 14.8437  1
117    0
56 7.15613  1
117    0
57 12.0525  2
86    12.169
87    11.168
58 8.04147  1
117    0
59 14.9438  1
117    0
60 7.48299  1
101    10.9536
61 13.1201  1
94    12.5574
62 11.5276  9
78    12.2657
79    12.2022
80    11.9947
81    11.3172
82    9.10486
83    7.8804
84    9.88198
85    10.4181
95    12.4855
63 6.32756  1
117    0
64 9.34675  1
117    0
65 9.20606  1
117    0
66 8.74645  1
73    10.6421
67 7.24555  1
93    11.7334
68 12.3446  1
117    0
69 8.99548  1
117    0
70 8.05887  1
117    0
71 5.00031  1
117    0
72 5.01251  1
117    0
73 5.05249  1
117    0
74 5.18311  1
117    0
75 5.60945  1
117    0
76 7.00171  2
87    10.9638
113    9.78841
77 11.5484  1
97    7.37629
78 6.39531  1
87    7.95071
79 9.56801  1
117    0
80 9.92843  1
101    10.0021
81 11.1055  4
98    8.23582
99    11.0427
100    8.20853
112    9.64943
82 14.9493  1
95    12.9198
83 7.50099  1
117    0
84 13.179  3
114    12.3793
115    12.573
116    7.20545
85 11.7202  1
117    0
86 6.95624  1
117    0
87 11.3997  1
117    0
88 5.90976  1
117    0
89 7.98257  1
93    12.3745
90 14.7516  1
95    8.51067
91 6.85522  1
95    11.3764
92 11.0701  1
117    0
93 14.8337  1
117    0
94 7.12348  1
117    0
95 11.946  1
117    0
96 7.69387  1
117    0
97 13.8086  1
101    11.8253
98 13.7762  1
117    0
99 13.6703  1
113    9.68917
100 13.3245  1
117    0
101 12.1953  1
113    12.3199
102 8.5081  1
117    0
103 6.46733  1
117    0
104 9.80331  1
117    0
105 10.6969  1
117    0
106 13.6151  1
113    11.1709
107 13.1442  1
117    0
108 11.6063  1
117    0
109 6.58452  1
117    0
110 10.186  1
117    0
111 11.9466  1
117    0
112 7.6957  1
117    0
113 13.8147  1
117    0
114 13.796  1
117    0
115 13.7353  1
117    0
116 13.5369  1
117    0
117 0  0
