222
0 9.92843  7
1    5.58545
2    4.31347
3    6.15996
4    6.18963
5    4.61029
33    4.2503
76    5.58545
1 11.1055  3
6    4.22411
75    5.05626
156    4.54154
2 14.9493  3
5    3.60273
6    5.86818
147    5.99013
3 7.50099  6
5    6.28649
6    5.23681
14    5.20449
33    3.68284
118    6.42547
206    6.06108
4 13.179  5
5    3.83894
6    5.55808
33    4.8704
46    5.94325
62    5.63498
5 11.7202  3
6    4.12917
14    6.06951
206    6.12059
6 6.95624  9
7    6.17507
8    6.23898
9    6.44763
10    4.12889
11    5.55716
12    4.22109
13    5.85829
14    4.14684
33    6.4848
7 11.3997  5
15    5.61576
16    4.41244
17    6.48315
18    4.2449
34    5.51605
8 5.90976  3
14    6.45312
34    5.95369
64    3.72486
9 7.98257  3
14    5.32196
63    4.10427
186    3.50009
10 14.7516  4
61    4.25533
62    5.99013
64    5.38211
204    5.20907
11 6.85522  2
14    5.89427
45    6.10109
12 11.0701  10
23    4.76182
24    4.62394
25    4.17367
26    5.70338
27    4.69865
28    4.41766
29    3.50009
30    3.50375
31    3.51575
32    3.55493
13 14.8337  2
46    6.08452
133    6.08452
14 7.12348  2
35    5.41992
134    5.0558
15 11.946  2
33    3.91859
156    4.51498
16 7.69387  8
54    5.23196
55    6.15923
56    6.18725
57    6.27871
58    3.57727
59    3.75581
60    4.33883
157    5.05626
17 13.8086  5
169    5.89427
170    5.32196
171    6.45312
172    4.14684
173    5.61576
18 13.7762  7
19    5.93602
20    5.45828
21    3.89827
22    4.80403
77    6.18963
118    3.77293
186    3.51575
19 13.6703  3
33    4.97853
156    3.81788
167    6.23898
20 13.3245  2
33    4.10051
77    6.28649
21 12.1953  1
46    5.4819
22 8.5081  1
35    4.08687
23 6.46733  2
111    4.8704
187    4.8704
24 9.80331  2
63    4.11791
134    5.58399
25 10.6969  3
45    6.14257
63    5.47678
77    3.60273
26 13.6151  2
63    3.68815
168    6.06951
27 13.1442  3
45    6.13286
64    4.87974
187    4.97853
28 11.6063  3
45    3.9402
53    6.06108
205    6.13881
29 6.58452  2
33    5.33166
77    4.61029
30 10.186  1
53    6.12059
31 11.9466  1
64    3.99174
32 7.6957  1
33    5.46451
33 13.8147  3
45    4.55243
63    5.00105
64    5.10936
34 13.796  4
45    5.99736
61    6.24273
64    4.23775
156    4.84458
35 13.7353  10
36    3.77293
37    4.39477
38    6.42547
39    4.05657
40    5.32104
41    6.4501
42    4.13704
43    5.5838
44    4.30816
46    5.20907
36 13.5369  5
45    5.6586
53    5.86671
65    5.00902
148    5.47678
168    5.85829
37 12.889  2
61    5.68818
148    4.10427
38 10.7732  1
205    3.97536
39 13.8641  1
61    4.169
40 13.9575  6
149    3.9586
150    5.00105
151    5.40518
152    3.72486
153    4.23775
154    5.91267
41 14.2624  4
61    5.97008
111    3.91859
147    5.63498
204    4.94099
42 5.25758  1
65    5.43118
43 5.85269  1
221    0
44 7.79611  6
49    5.58399
50    4.30871
51    6.1444
52    6.13881
64    3.64951
156    3.90458
45 14.1424  2
46    4.94099
61    6.4599
46 14.8663  2
47    3.97536
48    5.0558
47 7.22999  10
96    5.61576
97    4.41244
98    6.48315
99    4.2449
100    5.93602
101    5.45828
102    3.89827
103    4.80403
104    4.76182
157    6.18963
48 12.2939  10
78    4.12917
79    5.55808
80    4.22411
81    5.86818
82    5.23681
83    6.17507
84    6.23898
85    6.44763
86    4.12889
134    6.13881
49 8.82977  1
62    4.26147
50 7.51778  2
133    5.20907
204    5.6586
51 13.2336  2
61    4.64893
148    5.52136
52 11.8984  1
63    5.52136
53 7.53822  9
119    4.05657
120    5.32104
121    6.4501
122    4.13704
123    5.5838
124    4.30816
125    6.14257
126    6.13286
127    6.10109
54 13.3004  2
111    4.10051
206    5.86671
55 12.1166  1
221    0
56 8.25083  1
221    0
57 5.62716  2
64    5.40518
135    5.86671
58 7.05969  2
63    4.47525
134    5.4819
59 11.7379  8
66    3.80973
67    4.51498
68    3.81788
69    4.54154
70    3.90458
111    3.68284
135    6.06108
204    6.08452
60 7.01422  2
62    5.56952
64    5.75886
61 11.5893  2
63    3.9586
64    5.91267
62 6.52867  1
221    0
63 10.0035  2
111    3.51575
118    4.08687
64 11.3506  7
71    4.82472
72    4.82939
73    4.84458
74    4.89421
118    5.41992
148    4.11791
156    4.82939
65 5.74953  2
118    4.39477
204    4.55243
66 7.45918  4
181    4.76182
182    4.62394
183    4.17367
184    5.70338
67 13.0422  3
77    3.83894
95    4.14684
167    6.44763
68 11.2737  1
76    4.31347
69 5.49837  2
111    3.50375
133    5.94325
70 6.63915  3
87    5.55716
88    4.22109
155    5.75886
71 10.3645  1
221    0
72 12.5295  7
174    4.41244
175    6.48315
176    4.2449
177    5.93602
178    5.45828
179    3.89827
180    4.80403
73 9.59914  1
221    0
74 10.0301  1
77    6.15996
75 11.4373  4
207    6.18725
208    6.27871
209    3.57727
210    3.75581
76 6.03244  1
134    6.1444
77 8.38328  1
221    0
78 6.0596  1
111    5.46451
79 8.47179  1
221    0
80 6.34861  5
128    5.99736
129    5.6586
130    4.55243
131    3.9402
132    4.94099
81 9.41572  1
167    6.17507
82 9.43129  6
105    4.62394
106    4.17367
107    5.70338
108    4.69865
109    4.41766
110    3.50009
83 9.48195  6
112    4.97853
113    5.33166
114    6.4848
115    4.2503
116    5.95369
117    5.51605
84 9.64736  1
221    0
85 10.1875  6
89    5.85829
90    5.20449
91    6.06951
92    5.89427
93    5.32196
94    6.45312
86 11.9515  1
155    4.87974
87 7.71157  10
136    6.18725
137    6.27871
138    3.57727
139    3.75581
140    4.33883
141    6.24273
142    6.4599
143    4.169
144    5.68818
145    4.64893
88 13.8665  2
111    3.55493
134    6.12059
89 13.9654  1
221    0
90 14.2883  3
148    4.47525
155    3.99174
205    6.1444
91 5.34242  1
147    5.97008
92 6.1298  1
135    6.15923
93 8.70098  1
221    0
94 7.09723  1
221    0
95 11.8603  1
156    3.80973
96 7.41371  1
221    0
97 12.8939  1
221    0
98 10.7894  2
134    3.97536
187    3.55493
99 13.9169  1
221    0
100 14.1299  1
147    5.56952
101 14.8254  1
221    0
102 7.09632  1
221    0
103 11.8572  1
221    0
104 7.40364  1
187    3.68284
105 12.861  1
221    0
106 10.6816  1
148    3.68815
107 13.565  3
164    4.22411
165    5.86818
166    5.23681
108 12.9809  1
221    0
109 11.0732  1
187    5.46451
110 14.8437  1
221    0
111 7.15613  2
168    4.22109
205    5.58399
112 12.0525  2
186    4.41766
187    4.2503
113 8.04147  1
157    5.58545
114 14.9438  1
157    6.15996
115 7.48299  1
221    0
116 13.1201  1
168    5.20449
117 11.5276  1
135    5.23196
118 6.32756  1
155    3.64951
119 9.34675  1
155    5.00902
120 9.20606  4
147    4.26147
155    5.10936
168    4.12889
204    5.94325
121 8.74645  3
146    4.25533
168    5.55716
204    5.99736
122 7.24555  1
134    4.30871
123 12.3446  8
189    5.51605
190    4.08687
191    5.41992
192    3.77293
193    4.39477
194    6.42547
195    4.05657
196    5.32104
124 8.99548  1
221    0
125 8.05887  3
158    6.28649
159    3.60273
185    4.69865
126 5.00031  1
221    0
127 5.01251  1
221    0
128 5.05249  1
221    0
129 5.18311  1
221    0
130 5.60945  1
221    0
131 7.00171  1
221    0
132 11.5484  4
160    3.83894
161    4.61029
162    4.12917
163    5.55808
133 6.39531  1
155    5.43118
134 9.56801  1
221    0
135 9.92843  1
187    5.33166
136 11.1055  1
221    0
137 14.9493  1
221    0
138 7.50099  1
221    0
139 13.179  1
221    0
140 11.7202  1
221    0
141 6.95624  1
221    0
142 11.3997  1
221    0
143 5.90976  4
155    5.38211
156    4.89421
157    4.31347
205    4.30871
144 7.98257  1
221    0
145 14.7516  1
221    0
146 6.85522  1
205    5.0558
147 11.0701  1
206    6.15923
148 14.8337  2
156    4.82472
187    3.91859
149 7.12348  1
221    0
150 11.946  1
221    0
151 7.69387  1
221    0
152 13.8086  1
221    0
153 13.7762  1
221    0
154 13.6703  1
221    0
155 13.3245  1
221    0
156 12.1953  1
187    6.4848
157 8.5081  1
221    0
158 6.46733  1
221    0
159 9.80331  1
221    0
160 10.6969  1
221    0
161 13.6151  1
221    0
162 13.1442  1
221    0
163 11.6063  1
220    4.26147
164 6.58452  1
221    0
165 10.186  1
221    0
166 11.9466  2
204    5.4819
206    5.23196
167 7.6957  1
221    0
168 13.8147  1
204    3.9402
169 13.796  1
221    0
170 13.7353  1
221    0
171 13.5369  1
221    0
172 12.889  1
221    0
173 10.7732  1
221    0
174 13.8641  1
221    0
175 13.9575  1
221    0
176 14.2624  1
188    5.95369
177 5.25758  1
221    0
178 5.85269  1
221    0
179 7.79611  1
187    4.10051
180 14.1424  1
221    0
181 14.8663  1
221    0
182 7.22999  1
221    0
183 12.2939  1
221    0
184 8.82977  9
211    4.33883
212    6.24273
213    6.4599
214    4.169
215    5.68818
216    4.64893
217    4.25533
218    5.97008
219    5.56952
185 7.51778  1
186    3.50375
186 13.2336  1
221    0
187 11.8984  1
221    0
188 7.53822  1
221    0
189 13.3004  1
221    0
190 12.1166  7
197    6.4501
198    4.13704
199    5.5838
200    4.30816
201    6.14257
202    6.13286
203    6.10109
191 8.25083  1
221    0
192 5.62716  1
221    0
193 7.05969  1
221    0
194 11.7379  1
221    0
195 7.01422  1
221    0
196 11.5893  1
221    0
197 6.52867  1
221    0
198 10.0035  1
221    0
199 11.3506  1
221    0
200 5.74953  1
221    0
201 7.45918  1
221    0
202 13.0422  1
221    0
203 11.2737  1
221    0
204 5.49837  1
221    0
205 6.63915  1
221    0
206 10.3645  1
221    0
207 12.5295  1
221    0
208 9.59914  1
221    0
209 10.0301  1
221    0
210 11.4373  1
221    0
211 6.03244  1
221    0
212 8.38328  1
221    0
213 6.0596  1
221    0
214 8.47179  1
221    0
215 6.34861  1
221    0
216 9.41572  1
221    0
217 9.43129  1
221    0
218 9.48195  1
221    0
219 9.64736  1
221    0
220 10.1875  1
221    0
221 0  0
