46
0 12.3446  4
1    12.2888
4    12.1222
17    10.9536
27    7.80917
1 8.99548  4
2    12.2776
3    12.2412
4    10.4639
17    8.20853
2 8.05887  4
4    11.7334
15    8.51067
16    7.37629
26    9.02997
3 5.00031  2
15    11.9402
17    8.47551
4 5.01251  10
5    12.3185
6    12.3745
7    12.5574
8    7.15455
9    7.51161
10    8.67766
11    12.4855
12    12.9198
13    8.33799
14    11.3764
5 5.05249  2
16    8.52293
17    8.23582
6 5.18311  8
18    10.7642
19    7.29902
20    7.98349
21    10.2187
22    11.5177
23    9.75948
24    10.018
25    10.8624
7 5.60945  1
17    11.8253
8 7.00171  1
17    7.44972
9 11.5484  1
45    0
10 6.39531  1
16    11.27
11 9.56801  2
16    8.9505
17    10.0021
12 9.92843  2
15    9.29786
26    7.61946
13 11.1055  3
16    11.139
17    10.8104
36    8.25834
14 14.9493  2
17    7.9172
27    9.08307
15 7.50099  3
16    11.9803
26    7.63576
27    9.64943
16 13.179  2
17    11.0427
36    7.67788
17 11.7202  6
39    12.8953
40    8.25779
41    11.1143
42    8.44218
43    11.7166
44    10.409
18 6.95624  1
37    12.3501
19 11.3997  1
36    11.7364
20 5.90976  8
28    9.65877
29    9.68917
30    9.78841
31    10.1125
32    11.1709
33    8.62694
34    12.3199
35    12.3793
21 7.98257  1
36    9.22059
22 14.7516  1
36    11.1162
23 6.85522  1
45    0
24 11.0701  1
45    0
25 14.8337  1
45    0
26 7.12348  1
36    12.573
27 11.946  1
37    10.4736
28 7.69387  1
45    0
29 13.8086  1
38    12.478
30 13.7762  1
45    0
31 13.6703  1
45    0
32 13.3245  1
45    0
33 12.1953  1
36    8.44823
34 8.5081  1
36    7.20545
35 6.46733  1
45    0
36 9.80331  1
45    0
37 10.6969  1
45    0
38 13.6151  1
45    0
39 13.1442  1
45    0
40 11.6063  1
45    0
41 6.58452  1
45    0
42 10.186  1
45    0
43 11.9466  1
45    0
44 7.6957  1
45    0
45 0  0
