56
0 11.6063  1
1    48.4458
1 6.58452  3
2    48.9421
3    50.5626
18    62.3898
2 10.186  3
4    55.8545
5    43.1347
6    61.5996
3 11.9466  1
55    0
4 7.6957  7
7    61.8963
8    62.8649
9    36.0273
10    38.3894
11    46.1029
12    41.2917
13    55.5808
5 13.8147  2
18    64.4763
26    44.1244
6 13.796  6
19    41.2889
20    55.5716
21    42.2109
22    58.5829
23    52.0449
26    53.2196
7 13.7353  4
14    42.2411
15    58.6818
16    52.3681
17    61.7507
8 13.5369  1
55    0
9 12.889  1
55    0
10 10.7732  1
55    0
11 13.8641  1
26    64.5312
12 13.9575  2
24    60.6951
25    58.9427
13 14.2624  1
55    0
14 5.25758  1
55    0
15 5.85269  1
55    0
16 7.79611  1
55    0
17 14.1424  1
55    0
18 14.8663  1
55    0
19 7.22999  1
55    0
20 12.2939  1
55    0
21 8.82977  8
27    64.8315
28    42.449
29    59.3602
30    54.5828
31    38.9827
32    48.0403
33    47.6182
34    46.2394
22 7.51778  1
26    41.4684
23 13.2336  9
38    44.1766
39    35.0009
40    35.0375
41    35.1575
42    35.5493
43    36.8284
44    41.0051
45    54.6451
46    39.1859
24 11.8984  1
55    0
25 7.53822  1
26    56.1576
26 13.3004  1
55    0
27 12.1166  1
55    0
28 8.25083  1
55    0
29 5.62716  1
55    0
30 7.05969  3
35    41.7367
36    57.0338
37    46.9865
31 11.7379  1
55    0
32 7.01422  1
55    0
33 11.5893  1
55    0
34 6.52867  1
55    0
35 10.0035  1
55    0
36 11.3506  1
55    0
37 5.74953  1
55    0
38 7.45918  1
55    0
39 13.0422  8
47    48.704
48    49.7853
49    53.3166
50    64.848
51    42.503
52    59.5369
53    55.1605
54    40.8687
40 11.2737  1
55    0
41 5.49837  1
55    0
42 6.63915  1
55    0
43 10.3645  1
55    0
44 12.5295  1
55    0
45 9.59914  1
55    0
46 10.0301  1
55    0
47 11.4373  1
55    0
48 6.03244  1
55    0
49 8.38328  1
55    0
50 6.0596  1
55    0
51 8.47179  1
55    0
52 6.34861  1
55    0
53 9.41572  1
55    0
54 9.43129  1
55    0
55 0  0
