106
0 13.7762  10
1    5.70338
2    4.69865
3    4.41766
4    3.50009
5    3.50375
6    3.51575
7    3.55493
8    3.68284
9    4.10051
10    5.46451
1 13.6703  2
11    5.95369
39    4.26147
2 13.3245  3
11    5.33166
26    5.94325
28    6.06108
3 12.1953  2
11    4.2503
13    5.32104
4 8.5081  5
11    6.4848
13    6.42547
27    6.1444
39    5.63498
85    4.62394
5 6.46733  2
11    4.97853
13    4.05657
6 9.80331  4
11    3.91859
38    5.68818
84    6.45312
85    3.89827
7 10.6969  4
11    4.8704
13    6.4501
83    5.20449
84    4.41244
8 13.6151  1
11    4.08687
9 13.1442  6
11    5.41992
13    4.39477
26    5.58399
27    6.13881
38    4.169
85    4.80403
10 11.6063  3
11    5.51605
26    5.4819
85    4.69865
11 6.58452  4
12    3.77293
14    4.13704
26    6.08452
27    4.30871
12 10.186  1
84    4.2449
13 11.9466  8
17    6.14257
18    6.13286
19    6.10109
20    5.99736
21    5.6586
22    4.55243
23    3.9402
85    4.41766
14 7.6957  3
15    5.5838
16    4.30816
97    5.95369
15 13.8147  1
39    5.56952
16 13.796  1
105    0
17 13.7353  1
28    6.12059
18 13.5369  1
26    5.0558
19 12.889  4
26    3.97536
39    4.47525
83    5.85829
84    6.06951
20 10.7732  1
105    0
21 13.8641  2
24    4.94099
25    5.20907
22 13.9575  10
29    5.86671
30    5.23196
31    6.15923
32    6.18725
33    6.27871
34    3.57727
35    3.75581
36    4.33883
37    6.24273
82    6.44763
23 14.2624  1
105    0
24 5.25758  1
105    0
25 5.85269  1
84    4.14684
26 7.79611  1
38    4.64893
27 14.1424  6
40    3.68815
41    4.11791
42    5.52136
43    4.10427
44    5.47678
45    3.9586
28 14.8663  1
105    0
29 7.22999  7
56    4.87974
57    5.00902
58    5.43118
59    3.80973
60    4.51498
61    3.81788
82    6.17507
30 12.2939  1
105    0
31 8.82977  1
38    4.25533
32 7.51778  6
62    4.54154
63    3.90458
64    4.82472
65    4.82939
66    4.84458
67    4.89421
33 13.2336  1
105    0
34 11.8984  1
39    5.99013
35 7.53822  1
38    6.4599
36 13.3004  1
105    0
37 12.1166  1
105    0
38 8.25083  1
39    5.97008
39 5.62716  1
105    0
40 7.05969  9
68    5.05626
69    5.58545
70    4.31347
71    6.15996
72    6.18963
73    6.28649
74    3.60273
75    3.83894
84    5.61576
41 11.7379  10
46    5.00105
47    5.40518
48    3.72486
49    4.23775
50    5.91267
51    5.38211
52    3.64951
53    3.99174
54    5.10936
55    5.75886
42 7.01422  1
105    0
43 11.5893  1
105    0
44 6.52867  1
105    0
45 10.0035  1
105    0
46 11.3506  1
105    0
47 5.74953  1
97    4.2503
48 7.45918  1
84    6.48315
49 13.0422  1
83    5.55716
50 11.2737  5
86    3.50009
87    3.50375
88    3.51575
89    3.55493
90    3.68284
51 5.49837  6
91    4.10051
92    5.46451
93    3.91859
94    4.8704
95    4.97853
96    5.33166
52 6.63915  1
84    5.32196
53 10.3645  1
105    0
54 12.5295  1
105    0
55 9.59914  1
85    5.45828
56 10.0301  1
105    0
57 11.4373  7
98    5.41992
99    3.77293
100    4.39477
101    6.42547
102    4.05657
103    5.32104
104    6.4501
58 6.03244  1
85    5.70338
59 8.38328  1
105    0
60 6.0596  1
105    0
61 8.47179  6
76    4.61029
77    4.12917
78    5.55808
79    4.22411
80    5.86818
81    5.23681
62 6.34861  1
84    5.89427
63 9.41572  1
85    4.76182
64 9.43129  1
97    6.4848
65 9.48195  1
105    0
66 9.64736  2
82    6.23898
83    4.22109
67 10.1875  1
84    5.93602
68 11.9515  1
105    0
69 7.71157  1
85    4.17367
70 13.8665  1
105    0
71 13.9654  1
105    0
72 14.2883  1
97    5.51605
73 5.34242  1
105    0
74 6.1298  1
105    0
75 8.70098  1
82    4.12889
76 7.09723  1
105    0
77 11.8603  1
105    0
78 7.41371  1
105    0
79 12.8939  1
105    0
80 10.7894  1
97    4.08687
81 13.9169  1
105    0
82 14.1299  1
105    0
83 14.8254  1
105    0
84 7.09632  1
105    0
85 11.8572  1
105    0
86 7.40364  1
105    0
87 12.861  1
105    0
88 10.6816  1
105    0
89 13.565  1
105    0
90 12.9809  1
105    0
91 11.0732  1
105    0
92 14.8437  1
105    0
93 7.15613  1
105    0
94 12.0525  1
105    0
95 8.04147  1
105    0
96 14.9438  1
105    0
97 7.48299  1
105    0
98 13.1201  1
105    0
99 11.5276  1
105    0
100 6.32756  1
105    0
101 9.34675  1
105    0
102 9.20606  1
105    0
103 8.74645  1
105    0
104 7.24555  1
105    0
105 0  0
