84
0 13.3004  5
1    6.4848
3    4.08687
19    6.24273
32    5.47678
46    3.81788
1 12.1166  4
2    4.2503
3    5.95369
17    5.20907
51    5.55716
2 8.25083  4
3    5.51605
17    6.08452
19    5.86671
64    4.76182
3 5.62716  10
4    5.41992
5    3.77293
6    4.39477
7    6.42547
8    4.05657
9    5.32104
17    5.94325
18    6.1444
19    5.23196
46    5.58545
4 7.05969  2
19    4.33883
46    5.05626
5 11.7379  8
20    6.4599
21    4.169
22    5.68818
23    4.64893
24    4.25533
25    5.97008
49    3.83894
77    4.08687
6 7.01422  2
19    6.15923
49    6.18963
7 11.5893  4
17    3.9402
18    5.0558
19    3.75581
51    4.22109
8 6.52867  2
18    4.30871
32    5.00105
9 10.0035  10
10    6.4501
11    4.13704
12    5.5838
13    4.30816
14    6.14257
15    6.13286
16    6.10109
17    4.55243
18    5.4819
19    3.57727
10 11.3506  3
26    5.56952
27    4.26147
32    5.52136
11 5.74953  4
17    5.6586
32    4.10427
46    4.51498
53    5.89427
12 7.45918  2
17    5.99736
18    6.12059
13 13.0422  1
18    5.58399
14 11.2737  2
18    3.97536
19    6.18725
15 5.49837  2
17    4.94099
19    6.27871
16 6.63915  2
18    6.13881
32    3.9586
17 10.3645  1
83    0
18 12.5295  3
19    6.06108
46    4.54154
50    4.12917
19 9.59914  1
51    5.85829
20 10.0301  5
28    5.99013
29    5.63498
30    4.47525
31    3.68815
32    4.11791
21 11.4373  3
46    4.89421
50    5.55808
53    6.06951
22 6.03244  1
83    0
23 8.38328  6
33    5.40518
34    3.72486
35    4.23775
36    5.91267
37    5.38211
38    3.64951
24 6.0596  2
46    4.82939
49    3.60273
25 8.47179  2
46    4.84458
64    5.70338
26 6.34861  1
46    4.82472
27 9.41572  1
83    0
28 9.43129  2
47    4.31347
48    6.15996
29 9.48195  2
50    5.86818
52    5.20449
30 9.64736  1
64    4.69865
31 10.1875  1
83    0
32 11.9515  2
49    6.28649
51    6.44763
33 7.71157  1
83    0
34 13.8665  1
83    0
35 13.9654  1
46    3.90458
36 14.2883  1
64    4.41766
37 5.34242  7
39    3.99174
40    5.10936
41    5.75886
42    4.87974
43    5.00902
44    5.43118
45    3.80973
38 6.1298  3
53    5.32196
64    4.62394
77    4.2503
39 8.70098  1
50    4.61029
40 7.09723  2
50    5.23681
51    4.12889
41 11.8603  5
65    3.50009
66    3.50375
67    3.51575
68    3.55493
69    3.68284
42 7.41371  1
50    6.17507
43 12.8939  2
50    6.23898
77    5.95369
44 10.7894  3
54    6.45312
55    4.14684
56    5.61576
45 13.9169  1
83    0
46 14.1299  7
57    4.41244
58    6.48315
59    4.2449
60    5.93602
61    5.45828
62    3.89827
63    4.80403
47 14.8254  1
50    4.22411
48 7.09632  1
83    0
49 11.8572  1
83    0
50 7.40364  1
83    0
51 12.861  1
83    0
52 10.6816  7
70    4.10051
71    5.46451
72    3.91859
73    4.8704
74    4.97853
75    5.33166
76    6.4848
53 13.565  1
83    0
54 12.9809  1
83    0
55 11.0732  1
83    0
56 14.8437  1
83    0
57 7.15613  1
83    0
58 12.0525  1
83    0
59 8.04147  1
83    0
60 14.9438  1
83    0
61 7.48299  1
83    0
62 13.1201  1
64    4.17367
63 11.5276  1
83    0
64 6.32756  1
83    0
65 9.34675  1
83    0
66 9.20606  1
83    0
67 8.74645  1
83    0
68 7.24555  1
77    5.51605
69 12.3446  1
83    0
70 8.99548  1
83    0
71 8.05887  1
83    0
72 5.00031  1
83    0
73 5.01251  1
83    0
74 5.05249  1
83    0
75 5.18311  1
83    0
76 5.60945  5
78    5.41992
79    3.77293
80    4.39477
81    6.42547
82    4.05657
77 7.00171  1
83    0
78 11.5484  1
83    0
79 6.39531  1
83    0
80 9.56801  1
83    0
81 9.92843  1
83    0
82 11.1055  1
83    0
83 0  0
