56
0 13.8665  3
1    0.754585
2    0.878954
9    0.861632
1 13.9654  4
9    1.22022
25    1.19803
26    1.00021
27    0.798349
2 14.2883  6
3    1.28509
4    0.811313
5    1.06421
6    1.29002
7    0.827409
8    1.11676
3 5.34242  3
9    1.13172
24    0.929786
28    1.0018
4 6.1298  6
9    0.78804
22    1.04639
24    1.19402
25    1.127
26    1.18253
49    1.28953
5 8.70098  3
9    1.22851
25    0.737629
49    1.17364
6 7.09723  2
9    0.910486
26    1.07642
7 11.8603  4
9    1.22657
22    1.25574
26    1.08104
28    1.08624
8 7.41371  1
9    1.19947
9 12.8939  7
10    0.988198
11    1.04181
12    1.2169
13    1.18865
14    1.09638
15    0.795071
24    0.851067
10 10.7894  2
26    0.847551
27    0.729902
11 13.9169  3
23    1.24855
24    0.833799
25    0.823582
12 14.1299  3
22    0.715455
24    1.1139
25    0.820853
13 14.8254  8
16    1.01116
17    1.1168
18    0.861742
19    1.22888
20    1.22776
21    1.22412
25    1.09536
26    0.79172
14 7.09632  2
22    1.23185
24    1.13764
15 11.8572  2
22    1.21222
24    0.852293
16 7.40364  1
22    1.17334
17 12.861  2
22    0.751161
28    1.15177
18 10.6816  3
22    1.23745
26    0.744972
28    0.975948
19 13.565  1
22    0.867766
20 12.9809  2
25    1.10427
49    1.11143
21 11.0732  1
55    0
22 14.8437  1
55    0
23 7.15613  2
24    1.29198
27    1.02187
24 12.0525  2
25    0.89505
49    0.844218
25 8.04147  1
55    0
26 14.9438  10
30    0.902997
31    0.763576
32    0.908307
33    0.780917
34    0.964943
35    0.965877
36    0.968917
37    0.978841
38    1.01125
39    1.11709
27 7.48299  1
55    0
28 13.1201  2
29    0.761946
50    1.0409
29 11.5276  1
55    0
30 6.32756  1
49    0.825779
31 9.34675  1
55    0
32 9.20606  1
55    0
33 8.74645  1
49    0.844823
34 7.24555  1
55    0
35 12.3446  10
40    0.862694
41    1.23199
42    1.23793
43    1.2573
44    0.720545
45    0.767788
46    0.922059
47    0.825834
48    1.11162
49    1.23501
36 8.99548  1
55    0
37 8.05887  1
55    0
38 5.00031  1
49    1.24779
39 5.01251  1
55    0
40 5.05249  1
55    0
41 5.18311  1
55    0
42 5.60945  1
55    0
43 7.00171  1
55    0
44 11.5484  4
51    1.2139
52    1.17885
53    1.06439
54    1.29062
45 6.39531  1
55    0
46 9.56801  1
49    1.04736
47 9.92843  1
55    0
48 11.1055  1
55    0
49 14.9493  1
50    1.17166
50 7.50099  1
55    0
51 13.179  1
55    0
52 11.7202  1
55    0
53 6.95624  1
55    0
54 11.3997  1
55    0
55 0  0
