61
0 5.60945  10
1    11.27
2    8.9505
3    7.37629
4    8.23582
5    11.0427
6    8.20853
7    10.9536
8    7.9172
9    10.0021
10    10.8104
1 7.00171  1
60    0
2 11.5484  1
60    0
3 6.39531  3
11    7.44972
12    8.47551
13    11.8253
4 9.56801  3
48    11.4068
49    9.39729
50    8.83532
5 9.92843  2
30    7.20545
41    12.9663
6 11.1055  1
29    9.78841
7 14.9493  4
18    11.5177
29    11.1709
30    11.1162
41    11.872
8 7.50099  4
14    10.7642
15    7.29902
16    7.98349
17    10.2187
9 13.179  2
29    10.1125
30    8.25834
10 11.7202  1
30    8.44823
11 6.95624  1
60    0
12 11.3997  1
30    12.573
13 5.90976  6
42    10.9166
43    7.79653
44    9.60805
45    9.52364
46    9.24787
47    8.34733
14 7.98257  10
19    9.75948
20    10.018
21    10.8624
22    7.61946
23    9.02997
24    7.63576
25    9.08307
26    7.80917
27    9.64943
28    9.65877
15 14.7516  1
60    0
16 6.85522  1
60    0
17 11.0701  1
30    7.67788
18 14.8337  1
41    8.29368
19 7.12348  1
60    0
20 11.946  10
31    10.4736
32    12.3501
33    12.478
34    12.8953
35    8.25779
36    11.1143
37    8.44218
38    11.7166
39    10.409
40    12.139
21 7.69387  2
29    12.3199
30    11.7364
22 13.8086  2
29    9.68917
41    8.48979
23 13.7762  1
41    11.2315
24 13.6703  1
60    0
25 13.3245  1
41    8.82488
26 12.1953  1
29    8.62694
27 8.5081  1
60    0
28 6.46733  1
30    9.22059
29 9.80331  1
30    12.3793
30 10.6969  1
60    0
31 13.6151  1
41    12.9062
32 13.1442  1
60    0
33 11.6063  1
60    0
34 6.58452  1
60    0
35 10.186  1
60    0
36 11.9466  1
41    10.6439
37 7.6957  1
60    0
38 13.8147  1
41    11.7885
39 13.796  1
60    0
40 13.7353  1
60    0
41 13.5369  1
60    0
42 12.889  1
60    0
43 10.7732  1
60    0
44 13.8641  1
60    0
45 13.9575  1
60    0
46 14.2624  1
60    0
47 5.25758  1
60    0
48 5.85269  1
51    7.00018
49 7.79611  8
52    7.00751
53    7.0315
54    7.10987
55    7.36567
56    8.20103
57    10.929
58    7.83718
59    9.74081
50 14.1424  1
60    0
51 14.8663  1
60    0
52 7.22999  1
60    0
53 12.2939  1
60    0
54 8.82977  1
60    0
55 7.51778  1
60    0
56 13.2336  1
60    0
57 11.8984  1
60    0
58 7.53822  1
60    0
59 13.3004  1
60    0
60 0  0
