200
0 12.9809  6
1    58.6671
2    61.5923
4    62.4273
5    56.8818
6    59.7008
191    57.0338
1 11.0732  7
2    52.3196
3    62.7871
4    35.7727
5    46.4893
6    55.6952
39    61.7507
77    41.0427
2 14.8437  6
3    61.8725
4    43.3883
5    41.69
23    38.0973
48    35.0375
62    52.0907
3 7.15613  6
4    37.5581
5    64.599
6    59.9013
45    53.2196
49    39.1859
66    43.0871
4 12.0525  6
5    42.5533
6    42.6147
39    42.2411
46    42.449
60    41.3704
116    36.8284
5 8.04147  3
6    56.3498
48    57.0338
90    48.4458
6 14.9438  10
7    44.7525
8    36.8815
9    41.1791
10    55.2136
11    41.0427
12    54.7678
13    39.586
14    50.0105
15    54.0518
16    37.2486
7 7.48299  1
157    55.6952
8 13.1201  2
39    62.3898
60    64.501
9 11.5276  2
45    41.4684
79    59.1267
10 6.32756  1
23    54.3118
11 9.34675  2
46    47.6182
48    46.9865
12 9.20606  10
17    42.3775
18    59.1267
19    53.8211
20    36.4951
21    39.9174
22    51.0936
39    46.1029
45    44.1244
46    48.0403
75    62.4273
13 8.74645  2
60    55.838
128    43.9477
14 7.24555  10
28    48.2939
29    48.4458
30    48.9421
31    50.5626
32    55.8545
33    43.1347
34    61.5996
35    61.8963
48    35.5493
62    61.0109
15 12.3446  1
23    57.5886
16 8.99548  4
39    41.2917
49    36.8284
62    59.4325
106    52.0449
17 8.05887  2
23    50.0902
76    42.6147
18 5.00031  2
23    48.7974
158    41.1791
19 5.01251  2
189    60.6951
190    54.5828
20 5.05249  5
24    38.1788
25    45.4154
26    39.0458
27    48.2472
62    59.9736
21 5.18311  4
106    64.5312
114    46.2394
116    35.0009
117    41.0051
22 5.60945  1
23    45.1498
23 7.00171  2
79    39.9174
139    52.0907
24 11.5484  4
36    62.8649
37    36.0273
38    38.3894
190    59.3602
25 6.39531  3
39    58.6818
46    54.5828
106    53.2196
26 9.56801  4
45    56.1576
48    35.0009
85    45.1498
114    48.0403
27 9.92843  4
86    38.1788
87    45.4154
88    39.0458
89    48.2472
28 11.1055  1
39    52.3681
29 14.9493  1
49    54.6451
30 7.50099  7
40    55.5716
74    61.8725
75    64.599
139    60.8452
158    36.8815
186    46.1029
191    44.1766
31 13.179  1
49    49.7853
32 11.7202  5
39    64.4763
45    64.8315
60    53.2104
62    49.4099
188    64.4763
33 6.95624  2
39    41.2889
46    59.3602
34 11.3997  3
39    55.5808
106    42.2109
139    49.4099
35 5.90976  1
199    0
36 7.98257  2
61    61.4257
62    56.586
37 14.7516  7
41    42.2109
42    58.5829
43    52.0449
44    60.6951
45    64.5312
49    48.704
75    46.4893
38 6.85522  3
48    35.1575
75    42.5533
90    50.5626
39 11.0701  1
74    43.3883
40 14.8337  7
67    61.444
68    61.3881
69    61.2059
70    60.6108
71    58.6671
72    52.3196
73    61.5923
41 7.12348  3
45    58.9427
75    55.6952
186    38.3894
42 11.946  2
47    46.2394
138    56.586
43 7.69387  4
47    41.7367
48    44.1766
62    60.8452
85    38.0973
44 13.8086  2
157    42.6147
186    55.5808
45 13.7762  4
46    38.9827
49    41.0051
66    55.8399
77    54.7678
46 13.6703  4
60    40.5657
78    39.586
79    37.2486
139    39.402
47 13.3245  4
61    61.3286
75    41.69
76    44.7525
139    50.558
48 12.1953  1
199    0
49 8.5081  10
50    53.3166
51    64.848
52    42.503
53    59.5369
54    55.1605
55    40.8687
56    54.1992
57    37.7293
58    43.9477
59    64.2547
50 6.46733  4
63    54.819
64    39.7536
65    50.558
74    37.5581
51 9.80331  2
62    45.5243
76    56.3498
52 10.6969  6
77    55.2136
79    36.4951
116    35.0375
139    54.819
186    41.2917
189    52.0449
53 13.6151  2
62    39.402
191    35.0375
54 13.1442  5
80    51.0936
81    57.5886
82    48.7974
83    50.0902
84    54.3118
55 11.6063  1
158    44.7525
56 6.58452  9
94    38.3894
95    46.1029
96    41.2917
97    55.5808
98    42.2411
99    58.6818
100    52.3681
101    61.7507
189    53.2196
57 10.186  2
74    62.7871
186    61.8963
58 11.9466  4
60    43.0816
74    35.7727
76    59.9013
158    41.0427
59 7.6957  1
199    0
60 13.8147  2
75    56.8818
79    53.8211
61 13.796  2
79    54.0518
186    42.2411
62 13.7353  1
199    0
63 13.5369  1
190    47.6182
64 12.889  1
199    0
65 10.7732  2
75    59.7008
157    59.7008
66 13.8641  1
114    47.6182
67 13.9575  1
199    0
68 14.2624  1
116    35.5493
69 5.25758  1
190    48.0403
70 5.85269  1
186    36.0273
71 7.79611  1
90    61.5996
72 14.1424  3
78    50.0105
90    55.8545
115    46.9865
73 14.8663  2
76    36.8815
114    38.9827
74 7.22999  2
115    44.1766
116    35.1575
75 12.2939  1
157    46.4893
76 8.82977  1
77    41.1791
77 7.51778  1
79    42.3775
78 13.2336  1
90    48.9421
79 11.8984  1
90    48.2939
80 7.53822  1
199    0
81 13.3004  1
190    38.9827
82 12.1166  1
115    57.0338
83 8.25083  4
91    61.8963
92    62.8649
93    36.0273
106    60.6951
84 5.62716  4
134    55.838
135    43.0816
136    61.4257
137    61.3286
85 7.05969  1
90    43.1347
86 11.7379  1
199    0
87 7.01422  1
199    0
88 11.5893  1
199    0
89 6.52867  1
199    0
90 10.0035  1
199    0
91 11.3506  4
102    62.3898
103    64.4763
104    41.2889
105    55.5716
92 5.74953  1
199    0
93 7.45918  1
199    0
94 13.0422  1
188    55.5716
95 11.2737  1
199    0
96 5.49837  1
139    45.5243
97 6.63915  1
106    58.9427
98 10.3645  9
159    54.7678
160    39.586
161    50.0105
162    54.0518
163    37.2486
164    42.3775
165    59.1267
166    53.8211
189    64.5312
99 12.5295  7
107    41.4684
108    56.1576
109    44.1244
110    64.8315
111    42.449
112    59.3602
113    54.5828
100 9.59914  1
199    0
101 10.0301  3
106    58.5829
117    39.1859
158    55.2136
102 11.4373  1
117    54.6451
103 6.03244  1
199    0
104 8.38328  2
129    64.2547
190    56.1576
105 6.0596  10
118    48.704
119    49.7853
120    53.3166
121    64.848
122    42.503
123    59.5369
124    55.1605
125    40.8687
126    54.1992
127    37.7293
106 8.47179  2
114    41.7367
190    64.8315
107 6.34861  5
130    40.5657
131    53.2104
132    64.501
133    41.3704
138    59.9736
108 9.41572  1
188    41.2889
109 9.43129  1
157    56.3498
110 9.48195  1
199    0
111 9.64736  1
199    0
112 10.1875  1
199    0
113 11.9515  1
199    0
114 7.71157  1
199    0
115 13.8665  1
199    0
116 13.9654  2
138    61.0109
188    42.2109
117 14.2883  1
199    0
118 5.34242  1
199    0
119 6.1298  1
199    0
120 8.70098  2
139    39.7536
186    62.8649
121 7.09723  1
199    0
122 11.8603  1
199    0
123 7.41371  1
199    0
124 12.8939  1
157    42.5533
125 10.7894  1
199    0
126 13.9169  1
199    0
127 14.1299  10
140    55.8399
141    43.0871
142    61.444
143    61.3881
144    61.2059
145    60.6108
146    58.6671
147    52.3196
148    61.5923
190    42.449
128 14.8254  1
199    0
129 7.09632  1
199    0
130 11.8572  1
199    0
131 7.40364  1
199    0
132 12.861  1
188    61.7507
133 10.6816  2
139    59.4325
157    59.9013
134 13.565  1
199    0
135 12.9809  9
167    36.4951
168    39.9174
169    51.0936
170    57.5886
171    48.7974
172    50.0902
173    54.3118
174    38.0973
175    45.1498
136 11.0732  1
189    41.4684
137 14.8437  1
199    0
138 7.15613  1
199    0
139 12.0525  10
176    38.1788
177    45.4154
178    39.0458
179    48.2472
180    48.2939
181    48.4458
182    48.9421
183    50.5626
184    55.8545
185    43.1347
140 8.04147  1
199    0
141 14.9438  1
186    58.6818
142 7.48299  9
149    61.8725
150    62.7871
151    35.7727
152    37.5581
153    43.3883
154    62.4273
155    64.599
156    41.69
188    62.3898
143 13.1201  1
191    46.2394
144 11.5276  7
192    35.1575
193    35.5493
194    36.8284
195    41.0051
196    54.6451
197    39.1859
198    48.704
145 6.32756  1
187    52.3681
146 9.34675  1
199    0
147 9.20606  1
157    56.8818
148 8.74645  1
199    0
149 7.24555  1
199    0
150 12.3446  1
199    0
151 8.99548  1
199    0
152 8.05887  1
199    0
153 5.00031  1
199    0
154 5.01251  1
199    0
155 5.05249  1
199    0
156 5.18311  1
199    0
157 5.60945  1
199    0
158 7.00171  1
199    0
159 11.5484  1
190    44.1244
160 6.39531  1
199    0
161 9.56801  1
199    0
162 9.92843  1
199    0
163 11.1055  1
199    0
164 14.9493  1
199    0
165 7.50099  1
199    0
166 13.179  1
199    0
167 11.7202  1
199    0
168 6.95624  1
199    0
169 11.3997  1
199    0
170 5.90976  1
199    0
171 7.98257  1
199    0
172 14.7516  1
191    46.9865
173 6.85522  1
199    0
174 11.0701  1
199    0
175 14.8337  1
191    41.7367
176 7.12348  1
199    0
177 11.946  1
199    0
178 7.69387  2
186    61.5996
191    35.0009
179 13.8086  1
199    0
180 13.7762  1
189    58.9427
181 13.6703  1
199    0
182 13.3245  1
199    0
183 12.1953  1
199    0
184 8.5081  1
189    58.5829
185 6.46733  1
199    0
186 9.80331  1
199    0
187 10.6969  1
199    0
188 13.6151  1
199    0
189 13.1442  1
199    0
190 11.6063  1
199    0
191 6.58452  1
199    0
192 10.186  1
199    0
193 11.9466  1
199    0
194 7.6957  1
199    0
195 13.8147  1
199    0
196 13.796  1
199    0
197 13.7353  1
199    0
198 13.5369  1
199    0
199 0  0
