163
0 9.41572  6
1    11.7885
2    10.6439
11    9.60805
13    10.8398
15    8.27409
150    12.8953
1 9.43129  5
3    12.9062
11    8.34733
12    10.929
13    12.9696
14    8.11313
2 9.48195  4
11    7.79653
12    9.74081
13    11.9074
15    12.2851
3 9.64736  10
4    8.29368
5    11.2315
6    8.82488
7    12.9663
8    8.48979
9    11.872
10    10.9166
11    9.52364
13    11.0321
17    11.9947
4 10.1875  4
11    9.39729
13    8.5006
17    9.88198
57    7.29902
5 11.9515  5
11    7.00018
13    9.95706
17    7.8804
57    11.5177
109    11.3172
6 7.71157  7
11    9.24787
12    7.0315
15    11.1676
17    11.3172
82    12.139
116    12.2412
151    8.25779
7 13.8665  6
11    11.4068
12    7.10987
13    8.17374
15    8.61632
17    10.4181
83    8.48979
8 13.9654  3
11    8.83532
12    7.83718
84    9.52364
9 14.2883  3
11    7.00751
12    7.36567
13    10.6633
10 5.34242  5
12    8.20103
13    8.78954
15    12.9002
17    12.169
109    12.2657
11 6.1298  1
14    12.8509
12 8.70098  5
13    7.54585
15    10.6421
17    9.10486
83    11.872
116    10.4639
13 7.09723  10
37    12.9198
38    8.33799
39    11.3764
40    9.29786
41    8.51067
42    11.9402
43    11.139
44    8.52293
45    11.9803
46    11.27
14 11.8603  7
18    11.8865
19    10.9638
20    7.95071
22    11.168
57    10.8624
72    7.67788
82    12.9062
15 7.41371  2
16    12.2657
57    10.7642
16 12.8939  2
17    12.2022
127    10.8624
17 10.7894  1
23    8.61742
18 13.9169  6
47    8.9505
48    7.37629
49    8.23582
50    11.0427
51    8.20853
52    10.9536
19 14.1299  2
21    10.1116
120    7.9172
20 14.8254  1
162    0
21 7.09632  2
72    8.25834
127    11.5177
22 11.8572  10
24    12.2888
25    12.2776
26    12.2412
27    12.1222
28    11.7334
29    10.4639
30    12.3185
31    12.3745
32    12.5574
33    7.15455
23 7.40364  2
109    12.2851
116    7.15455
24 12.861  3
34    7.51161
35    8.67766
36    12.4855
25 10.6816  1
119    11.27
26 13.565  1
57    10.2187
27 12.9809  1
162    0
28 11.0732  1
118    12.4855
29 14.8437  1
162    0
30 7.15613  5
58    7.61946
59    9.02997
60    7.63576
109    8.61632
118    8.33799
31 12.0525  4
72    12.573
83    9.60805
84    8.34733
119    11.9803
32 8.04147  1
162    0
33 14.9438  1
162    0
34 7.48299  2
116    12.3185
152    12.139
35 13.1201  1
162    0
36 11.5276  1
162    0
37 6.32756  1
162    0
38 9.34675  1
162    0
39 9.20606  2
57    10.018
127    9.02997
40 8.74645  2
100    11.0321
119    8.20853
41 7.24555  4
110    9.10486
111    7.8804
112    9.88198
118    11.3764
42 12.3446  10
85    11.4068
86    9.39729
87    8.83532
88    7.00018
89    7.00751
90    7.0315
91    7.10987
92    7.36567
93    8.20103
127    10.018
43 8.99548  2
57    11.8253
72    8.44823
44 8.05887  1
119    11.0427
45 5.00031  2
72    9.22059
116    12.3745
46 5.01251  2
57    8.47551
100    8.5006
47 5.05249  6
53    7.9172
54    10.0021
55    10.8104
56    7.44972
82    12.9663
115    12.2888
48 5.18311  7
65    9.68917
66    9.78841
67    10.1125
68    11.1709
69    8.62694
70    12.3199
71    12.3793
49 5.60945  1
162    0
50 7.00171  3
113    7.95071
119    8.23582
127    10.2187
51 11.5484  1
162    0
52 6.39531  3
82    11.7885
116    12.5574
117    7.51161
53 9.56801  3
57    9.75948
115    12.2776
119    8.9505
54 9.92843  4
61    9.08307
62    7.80917
63    9.64943
64    9.65877
55 11.1055  1
57    7.98349
56 14.9493  1
72    11.7364
57 7.50099  2
82    8.82488
151    11.7166
58 13.179  1
109    11.1676
59 11.7202  1
119    11.9402
60 6.95624  1
162    0
61 11.3997  1
120    10.9536
62 5.90976  9
73    10.4736
74    12.3501
75    12.478
76    12.8953
77    8.25779
78    11.1143
79    8.44218
80    11.7166
81    10.409
63 7.98257  1
119    7.37629
64 14.7516  1
127    7.61946
65 6.85522  1
82    11.2315
66 11.0701  1
72    7.20545
67 14.8337  1
83    7.79653
68 7.12348  1
113    10.9638
69 11.946  1
151    8.44218
70 7.69387  1
84    9.24787
71 13.8086  2
72    11.1162
127    7.98349
72 13.7762  1
82    10.6439
73 13.6703  1
162    0
74 13.3245  1
162    0
75 12.1953  1
113    11.8865
76 8.5081  1
162    0
77 6.46733  2
117    8.67766
127    9.75948
78 9.80331  1
116    12.1222
79 10.6969  2
82    8.29368
116    11.7334
80 13.6151  1
162    0
81 13.1442  2
83    10.9166
118    12.9198
82 11.6063  1
162    0
83 6.58452  1
109    12.2022
84 10.186  1
162    0
85 11.9466  1
113    10.1116
86 7.6957  2
100    11.9074
152    10.409
87 13.8147  1
162    0
88 13.796  2
125    10.7642
126    7.29902
89 13.7353  2
118    9.29786
151    11.1143
90 13.5369  6
94    10.929
95    7.83718
96    9.74081
97    9.95706
98    10.6633
99    12.9696
91 12.889  1
162    0
92 10.7732  1
162    0
93 13.8641  2
114    11.168
120    10.0021
94 13.9575  1
162    0
95 14.2624  1
100    8.17374
96 5.25758  1
162    0
97 5.85269  1
119    11.139
98 7.79611  1
162    0
99 14.1424  1
162    0
100 14.8663  8
101    10.8398
102    7.54585
103    8.78954
104    12.8509
105    8.11313
106    10.6421
107    12.9002
108    8.27409
101 7.22999  1
109    11.9947
102 12.2939  1
162    0
103 8.82977  1
113    12.169
104 7.51778  1
162    0
105 13.2336  2
113    10.4181
150    12.478
106 11.8984  5
128    7.63576
129    9.08307
130    7.80917
131    9.64943
132    9.65877
107 7.53822  4
121    10.8104
122    7.44972
123    8.47551
124    11.8253
108 13.3004  1
162    0
109 12.1166  1
118    8.51067
110 8.25083  1
119    8.52293
111 5.62716  1
162    0
112 7.05969  1
115    8.61742
113 11.7379  1
162    0
114 7.01422  1
162    0
115 11.5893  9
133    9.68917
134    9.78841
135    10.1125
136    11.1709
137    8.62694
138    12.3199
139    12.3793
140    12.573
141    7.20545
116 6.52867  1
162    0
117 10.0035  1
162    0
118 11.3506  1
162    0
119 5.74953  1
162    0
120 7.45918  1
162    0
121 13.0422  1
162    0
122 11.2737  1
162    0
123 5.49837  1
162    0
124 6.63915  9
153    11.7885
154    10.6439
155    12.9062
156    8.29368
157    11.2315
158    8.82488
159    12.9663
160    8.48979
161    11.872
125 10.3645  8
142    7.67788
143    9.22059
144    8.25834
145    11.1162
146    8.44823
147    11.7364
148    10.4736
149    12.3501
126 12.5295  1
162    0
127 9.59914  1
162    0
128 10.0301  1
162    0
129 11.4373  1
162    0
130 6.03244  1
162    0
131 8.38328  1
162    0
132 6.0596  1
162    0
133 8.47179  1
162    0
134 6.34861  1
162    0
135 9.41572  1
162    0
136 9.43129  1
162    0
137 9.48195  1
162    0
138 9.64736  1
162    0
139 10.1875  1
162    0
140 11.9515  1
162    0
141 7.71157  1
162    0
142 13.8665  1
162    0
143 13.9654  1
162    0
144 14.2883  1
162    0
145 5.34242  1
162    0
146 6.1298  1
162    0
147 8.70098  1
162    0
148 7.09723  1
162    0
149 11.8603  1
162    0
150 7.41371  1
162    0
151 12.8939  1
162    0
152 10.7894  1
162    0
153 13.9169  1
162    0
154 14.1299  1
162    0
155 14.8254  1
162    0
156 7.09632  1
162    0
157 11.8572  1
162    0
158 7.40364  1
162    0
159 12.861  1
162    0
160 10.6816  1
162    0
161 13.565  1
162    0
162 0  0
