180
0 11.5276  3
1    12.169
2    10.9638
33    9.02997
1 6.32756  3
2    11.8865
15    12.5574
49    11.872
2 9.34675  6
3    7.95071
4    10.1116
5    11.168
6    8.61742
17    11.9402
68    12.8509
3 9.20606  4
15    8.67766
16    11.3764
17    7.37629
33    9.65877
4 8.74645  2
33    9.64943
49    8.82488
5 7.24555  10
7    12.2888
8    12.2776
9    12.2412
10    12.1222
11    11.7334
12    10.4639
13    12.3185
14    12.3745
15    12.9198
17    11.27
6 12.3446  2
15    12.4855
17    8.52293
7 8.99548  4
16    9.29786
17    11.139
37    12.573
97    9.64943
8 8.05887  1
68    8.17374
9 5.00031  3
17    11.0427
47    12.478
48    12.139
10 5.01251  3
15    7.51161
49    8.48979
76    11.3172
11 5.05249  4
17    8.51067
18    10.9536
68    8.5006
81    10.4639
12 5.18311  3
17    8.9505
76    9.10486
130    7.00751
13 5.60945  6
15    7.15455
17    8.23582
18    8.20853
33    9.08307
68    12.9696
97    9.08307
14 7.00171  3
15    8.33799
18    7.9172
49    10.9166
15 11.5484  4
17    11.9803
33    7.80917
78    12.169
82    12.4855
16 6.39531  10
19    10.0021
20    10.8104
21    7.44972
22    8.47551
23    11.8253
24    10.7642
25    7.29902
33    7.63576
49    8.29368
53    8.34733
17 9.56801  2
49    12.9062
148    12.2022
18 9.92843  2
37    8.62694
148    12.2851
19 11.1055  1
179    0
20 14.9493  2
48    11.7166
81    12.1222
21 7.50099  2
49    10.6439
98    11.1709
22 13.179  2
48    8.44218
76    12.2022
23 11.7202  2
49    7.79653
81    11.7334
24 6.95624  7
26    7.98349
27    10.2187
28    11.5177
29    9.75948
30    10.018
31    10.8624
32    7.61946
25 11.3997  1
48    12.8953
26 5.90976  3
38    7.20545
48    10.409
68    11.9074
27 7.98257  1
37    12.3793
28 14.7516  4
96    11.5177
97    9.02997
122    11.872
130    7.83718
29 6.85522  5
34    9.68917
35    9.78841
36    10.1125
37    11.1709
49    12.9663
30 11.0701  10
39    7.67788
40    9.22059
41    8.25834
42    11.1162
43    8.44823
44    11.7364
45    10.4736
46    12.3501
48    11.7885
93    7.44972
31 14.8337  1
50    9.60805
32 7.12348  10
59    7.0315
60    7.10987
61    7.36567
62    8.20103
63    10.929
64    7.83718
65    9.74081
66    9.95706
67    10.6633
93    8.47551
33 11.946  4
37    12.3199
91    11.0427
98    7.67788
148    12.2657
34 7.69387  3
54    11.4068
55    9.39729
78    10.4181
35 13.8086  1
49    11.2315
36 13.7762  1
179    0
37 13.6703  4
56    8.83532
57    7.00018
58    7.00751
68    8.78954
38 13.3245  4
149    9.88198
150    10.4181
151    12.169
152    11.8865
39 12.1953  2
69    10.6421
98    10.1125
40 8.5081  1
98    12.3199
41 6.46733  2
68    7.54585
78    10.1116
42 9.80331  2
68    8.11313
82    7.51161
43 10.6969  1
79    12.2888
44 13.6151  1
179    0
45 13.1442  2
48    8.25779
76    11.9947
46 11.6063  2
48    11.1143
76    7.8804
47 6.58452  3
51    9.52364
52    9.24787
78    7.95071
48 10.186  2
82    12.3185
122    10.9166
49 11.9466  3
68    11.0321
78    10.9638
148    11.9947
50 7.6957  1
91    8.23582
51 13.8147  4
82    12.9198
96    9.75948
98    12.573
130    10.929
52 13.796  1
79    8.61742
53 13.7353  1
82    8.33799
54 13.5369  2
93    7.9172
96    7.61946
55 12.889  6
70    12.9002
71    8.27409
72    11.1676
73    8.61632
74    12.2851
75    12.2657
56 10.7732  2
82    12.3745
96    10.2187
57 13.8641  1
179    0
58 13.9575  1
78    11.8865
59 14.2624  1
179    0
60 5.25758  10
99    9.22059
100    8.25834
101    11.1162
102    8.44823
103    11.7364
104    10.4736
105    12.3501
106    12.478
107    12.8953
130    8.20103
61 5.85269  2
82    7.15455
91    7.37629
62 7.79611  3
77    9.88198
82    8.67766
130    7.0315
63 14.1424  1
179    0
64 14.8663  1
97    7.63576
65 7.22999  3
68    10.8398
93    11.8253
97    7.80917
66 12.2939  1
93    10.0021
67 8.82977  1
93    10.9536
68 7.51778  1
82    12.5574
69 13.2336  5
83    9.29786
84    8.51067
85    11.9402
86    11.139
122    7.79653
70 11.8984  5
87    8.52293
88    11.9803
89    11.27
90    8.9505
98    12.3793
71 7.53822  1
179    0
72 13.3004  1
179    0
73 12.1166  1
179    0
74 8.25083  2
80    12.2776
93    10.7642
75 5.62716  2
79    11.168
93    10.8104
76 7.05969  1
97    9.65877
77 11.7379  3
92    8.20853
98    7.20545
122    9.60805
78 7.01422  1
148    11.3172
79 11.5893  2
81    12.2412
96    10.018
80 6.52867  1
179    0
81 10.0035  1
82    11.3764
82 11.3506  1
179    0
83 5.74953  2
123    9.52364
124    9.24787
84 7.45918  5
115    10.6439
116    12.9062
117    8.29368
118    11.2315
119    8.82488
85 13.0422  1
179    0
86 11.2737  1
148    9.10486
87 5.49837  1
179    0
88 6.63915  1
98    9.68917
89 10.3645  2
94    7.29902
95    7.98349
90 12.5295  1
179    0
91 9.59914  1
98    9.78841
92 10.0301  1
98    8.62694
93 11.4373  1
96    10.8624
94 6.03244  1
179    0
95 8.38328  1
179    0
96 6.0596  5
125    8.34733
126    11.4068
127    9.39729
128    8.83532
129    7.00018
97 8.47179  1
179    0
98 6.34861  1
179    0
99 9.41572  2
131    9.74081
132    9.95706
100 9.43129  6
153    10.9638
154    7.95071
155    10.1116
156    11.168
157    8.61742
158    12.2888
101 9.48195  2
120    12.9663
121    8.48979
102 9.64736  7
108    8.25779
109    11.1143
110    8.44218
111    11.7166
112    10.409
113    12.139
114    11.7885
103 10.1875  1
179    0
104 11.9515  6
142    12.8509
143    8.11313
144    10.6421
145    12.9002
146    8.27409
147    11.1676
105 7.71157  1
179    0
106 13.8665  1
179    0
107 13.9654  1
179    0
108 14.2883  1
148    8.61632
109 5.34242  1
179    0
110 6.1298  1
179    0
111 8.70098  1
179    0
112 7.09723  1
130    7.36567
113 11.8603  1
179    0
114 7.41371  9
133    10.6633
134    12.9696
135    8.5006
136    11.9074
137    11.0321
138    8.17374
139    10.8398
140    7.54585
141    8.78954
115 12.8939  1
179    0
116 10.7894  1
179    0
117 13.9169  1
179    0
118 14.1299  1
159    11.7334
119 14.8254  1
179    0
120 7.09632  1
179    0
121 11.8572  1
179    0
122 7.40364  1
179    0
123 12.861  1
148    7.8804
124 10.6816  1
130    7.10987
125 13.565  1
179    0
126 12.9809  1
179    0
127 11.0732  1
159    12.1222
128 14.8437  1
179    0
129 7.15613  1
179    0
130 12.0525  1
179    0
131 8.04147  1
159    12.2412
132 14.9438  1
179    0
133 7.48299  1
179    0
134 13.1201  1
179    0
135 11.5276  1
179    0
136 6.32756  1
179    0
137 9.34675  5
174    11.139
175    8.52293
176    11.9803
177    11.27
178    8.9505
138 9.20606  1
179    0
139 8.74645  6
168    12.9198
169    8.33799
170    11.3764
171    9.29786
172    8.51067
173    11.9402
140 7.24555  1
179    0
141 12.3446  8
160    10.4639
161    12.3185
162    12.3745
163    12.5574
164    7.15455
165    7.51161
166    8.67766
167    12.4855
142 8.99548  1
179    0
143 8.05887  1
179    0
144 5.00031  1
179    0
145 5.01251  1
179    0
146 5.05249  1
179    0
147 5.18311  1
179    0
148 5.60945  1
179    0
149 7.00171  1
179    0
150 11.5484  1
179    0
151 6.39531  1
179    0
152 9.56801  1
159    12.2776
153 9.92843  1
179    0
154 11.1055  1
179    0
155 14.9493  1
179    0
156 7.50099  1
179    0
157 13.179  1
179    0
158 11.7202  1
179    0
159 6.95624  1
179    0
160 11.3997  1
179    0
161 5.90976  1
179    0
162 7.98257  1
179    0
163 14.7516  1
179    0
164 6.85522  1
179    0
165 11.0701  1
179    0
166 14.8337  1
179    0
167 7.12348  1
179    0
168 11.946  1
179    0
169 7.69387  1
179    0
170 13.8086  1
179    0
171 13.7762  1
179    0
172 13.6703  1
179    0
173 13.3245  1
179    0
174 12.1953  1
179    0
175 8.5081  1
179    0
176 6.46733  1
179    0
177 9.80331  1
179    0
178 10.6969  1
179    0
179 0  0
