230
0 7.09723  5
1    42.6147
2    59.9013
3    56.3498
4    44.7525
61    41.3704
1 11.8603  3
5    36.8815
61    43.0816
99    58.6818
2 7.41371  10
7    41.0427
8    54.7678
9    39.586
10    50.0105
11    54.0518
12    37.2486
13    42.3775
14    59.1267
15    53.8211
27    38.3894
3 12.8939  3
5    41.1791
30    61.7507
71    60.6108
4 10.7894  4
16    48.7974
120    42.503
125    64.501
166    57.5886
5 13.9169  4
6    55.2136
16    38.0973
28    46.1029
29    52.3681
6 14.1299  2
16    51.0936
29    42.2411
7 14.8254  3
16    50.0902
61    59.9736
86    39.586
8 7.09632  6
16    57.5886
30    55.5716
31    56.1576
85    42.6147
97    61.5996
196    64.5312
9 11.8572  4
27    61.8963
29    58.6818
31    41.4684
71    52.3196
10 7.40364  10
17    45.1498
18    38.1788
19    45.4154
20    39.0458
21    48.2472
22    48.2939
23    48.4458
24    48.9421
25    50.5626
26    55.8545
11 12.861  2
16    39.9174
27    61.5996
12 10.6816  3
16    54.3118
120    59.5369
197    59.3602
13 13.565  5
16    36.4951
30    42.2109
99    42.2411
119    36.8284
121    54.1992
14 12.9809  7
40    46.2394
41    41.7367
42    57.0338
43    46.9865
44    44.1766
45    35.0009
61    61.0109
15 11.0732  3
29    55.5808
31    58.5829
134    50.558
16 14.8437  2
30    64.4763
196    44.1244
17 7.15613  6
76    43.3883
77    62.4273
78    64.599
79    41.69
80    56.8818
81    46.4893
18 12.0525  1
31    52.0449
19 8.04147  5
27    43.1347
60    43.9477
97    46.1029
117    59.3602
166    39.9174
20 14.9438  3
27    62.8649
31    60.6951
71    61.5923
21 7.48299  5
46    35.0375
71    43.0871
96    48.2472
125    41.3704
196    60.6951
22 13.1201  10
32    44.1244
33    64.8315
34    42.449
35    59.3602
36    54.5828
37    38.9827
38    48.0403
39    47.6182
97    36.0273
119    35.5493
23 11.5276  1
30    41.2889
24 6.32756  3
27    36.0273
29    41.2917
60    40.5657
25 9.34675  5
198    44.1766
199    35.0009
200    35.0375
201    35.1575
202    35.5493
26 9.20606  3
31    64.5312
59    54.1992
117    46.9865
27 8.74645  3
31    58.9427
85    41.0427
125    43.0816
28 7.24555  1
229    0
29 12.3446  3
30    62.3898
117    41.7367
166    51.0936
30 8.99548  2
31    53.2196
96    48.2939
31 8.05887  1
215    64.501
32 5.00031  1
59    37.7293
33 5.01251  4
60    64.2547
71    61.444
196    58.9427
216    43.0816
34 5.05249  1
117    38.9827
35 5.18311  1
67    59.4325
36 5.60945  6
62    45.5243
63    39.402
64    49.4099
65    52.0907
66    60.8452
196    56.1576
37 7.00171  2
85    56.3498
210    64.848
38 11.5484  2
86    54.0518
119    35.0375
39 6.39531  5
85    41.1791
97    38.3894
118    44.1766
210    59.5369
216    56.586
40 9.56801  3
46    35.1575
86    59.1267
117    54.5828
41 9.92843  3
85    44.7525
97    62.8649
120    48.704
42 11.1055  6
47    35.5493
48    36.8284
49    41.0051
50    54.6451
86    42.3775
97    43.1347
43 14.9493  2
61    56.586
71    58.6671
44 7.50099  2
60    64.501
61    61.4257
45 13.179  5
115    44.1244
116    64.8315
117    48.0403
125    53.2104
134    60.8452
46 11.7202  2
59    40.8687
195    42.2109
47 6.95624  1
229    0
48 11.3997  2
117    42.449
197    57.0338
49 5.90976  2
120    41.0051
196    52.0449
50 7.98257  10
51    39.1859
52    48.704
53    49.7853
54    53.3166
55    64.848
56    42.503
57    59.5369
58    55.1605
60    53.2104
96    50.5626
51 14.7516  1
229    0
52 6.85522  1
71    61.2059
53 11.0701  4
117    46.2394
125    55.838
157    59.9013
196    42.449
54 14.8337  2
61    55.838
134    39.7536
55 7.12348  2
71    61.3881
96    55.8545
56 11.946  2
155    59.7008
156    55.6952
57 7.69387  1
167    54.3118
58 13.8086  1
96    48.9421
59 13.7762  3
61    61.3286
97    61.8963
121    37.7293
60 13.6703  4
71    55.8399
85    59.9013
134    54.819
196    53.2196
61 13.3245  2
86    54.7678
120    54.6451
62 12.1953  5
72    61.8725
73    62.7871
74    35.7727
75    37.5581
120    64.848
63 8.5081  3
68    54.819
69    39.7536
70    50.558
64 6.46733  1
85    36.8815
65 9.80331  8
158    54.7678
159    39.586
160    50.0105
161    54.0518
162    37.2486
163    42.3775
164    59.1267
165    53.8211
66 10.6969  1
229    0
67 13.6151  1
229    0
68 13.1442  1
86    37.2486
69 11.6063  7
176    50.5626
177    55.8545
178    43.1347
179    61.5996
180    61.8963
181    62.8649
182    36.0273
70 6.58452  2
96    39.0458
121    55.1605
71 10.186  8
126    61.3286
127    61.0109
128    59.9736
129    56.586
130    45.5243
131    39.402
132    49.4099
133    52.0907
72 11.9466  1
125    61.4257
73 7.6957  6
86    53.8211
119    35.1575
157    44.7525
210    55.1605
215    41.3704
216    59.9736
74 13.8147  1
197    54.5828
75 13.796  2
85    55.2136
120    39.1859
76 13.7353  1
120    53.3166
77 13.5369  1
97    41.2917
78 12.889  9
87    36.4951
88    39.9174
89    51.0936
90    57.5886
91    48.7974
92    50.0902
93    54.3118
94    38.0973
95    45.1498
79 10.7732  1
229    0
80 13.8641  3
82    42.5533
83    59.7008
84    55.6952
81 13.9575  1
229    0
82 14.2624  2
119    35.0009
134    59.4325
83 5.25758  2
98    55.5808
157    56.3498
84 5.85269  1
86    50.0105
85 7.79611  4
123    64.2547
124    40.5657
167    38.0973
196    41.4684
86 14.1424  10
135    55.8399
136    43.0871
137    61.444
138    61.3881
139    61.2059
140    60.6108
141    58.6671
142    52.3196
143    61.5923
144    61.8725
87 14.8663  1
229    0
88 7.22999  1
96    48.4458
89 12.2939  7
109    60.6951
110    58.9427
111    53.2196
112    64.5312
113    41.4684
114    56.1576
122    43.9477
90 8.82977  10
100    52.3681
101    61.7507
102    62.3898
103    64.4763
104    41.2889
105    55.5716
106    42.2109
107    58.5829
108    52.0449
157    42.6147
91 7.51778  1
96    45.4154
92 13.2336  1
117    57.0338
93 11.8984  1
96    38.1788
94 7.53822  1
229    0
95 13.3004  1
229    0
96 12.1166  1
229    0
97 8.25083  1
229    0
98 5.62716  1
167    50.0902
99 7.05969  1
229    0
100 11.7379  1
229    0
101 7.01422  1
229    0
102 11.5893  1
229    0
103 6.52867  2
121    40.8687
167    48.7974
104 10.0035  1
211    43.9477
105 11.3506  1
229    0
106 5.74953  1
229    0
107 7.45918  1
229    0
108 13.0422  1
216    61.0109
109 11.2737  1
229    0
110 5.49837  1
229    0
111 6.63915  1
229    0
112 10.3645  1
229    0
113 12.5295  2
117    47.6182
120    49.7853
114 9.59914  1
166    36.4951
115 10.0301  1
229    0
116 11.4373  1
197    46.9865
117 6.03244  1
229    0
118 8.38328  1
218    39.7536
119 6.0596  1
229    0
120 8.47179  2
169    38.1788
170    45.4154
121 6.34861  1
157    55.2136
122 9.41572  1
229    0
123 9.43129  1
229    0
124 9.48195  1
229    0
125 9.64736  1
211    40.8687
126 10.1875  1
229    0
127 11.9515  1
229    0
128 7.71157  1
229    0
129 13.8665  1
229    0
130 13.9654  2
157    36.8815
197    41.7367
131 14.2883  1
229    0
132 5.34242  1
229    0
133 6.1298  1
229    0
134 8.70098  1
195    58.5829
135 7.09723  1
168    45.1498
136 11.8603  10
219    50.558
220    55.8399
221    43.0871
222    61.444
223    61.3881
224    61.2059
225    60.6108
226    58.6671
227    52.3196
228    61.5923
137 7.41371  1
229    0
138 12.8939  1
229    0
139 10.7894  1
229    0
140 13.9169  4
184    46.1029
185    41.2917
186    55.5808
187    42.2411
141 14.1299  1
197    48.0403
142 14.8254  10
145    62.7871
146    35.7727
147    37.5581
148    43.3883
149    62.4273
150    64.599
151    41.69
152    56.8818
153    46.4893
154    42.5533
143 7.09632  1
229    0
144 11.8572  5
171    39.0458
172    48.2472
173    48.2939
174    48.4458
175    48.9421
145 7.40364  1
229    0
146 12.861  1
229    0
147 10.6816  1
210    42.503
148 13.565  1
183    38.3894
149 12.9809  1
229    0
150 11.0732  1
157    41.1791
151 14.8437  1
229    0
152 7.15613  1
229    0
153 12.0525  1
229    0
154 8.04147  1
197    46.2394
155 14.9438  1
229    0
156 7.48299  1
157    41.0427
157 13.1201  1
229    0
158 11.5276  1
229    0
159 6.32756  1
229    0
160 9.34675  1
216    55.838
161 9.20606  1
229    0
162 8.74645  1
229    0
163 7.24555  1
229    0
164 12.3446  1
197    38.9827
165 8.99548  1
229    0
166 8.05887  1
229    0
167 5.00031  1
229    0
168 5.01251  2
197    47.6182
218    59.4325
169 5.05249  1
216    61.4257
170 5.18311  1
229    0
171 5.60945  1
229    0
172 7.00171  1
229    0
173 11.5484  1
196    64.8315
174 6.39531  1
216    61.3286
175 9.56801  7
203    36.8284
204    41.0051
205    54.6451
206    39.1859
207    48.704
208    49.7853
209    53.3166
176 9.92843  1
229    0
177 11.1055  1
229    0
178 14.9493  1
229    0
179 7.50099  1
229    0
180 13.179  1
229    0
181 11.7202  1
229    0
182 6.95624  1
229    0
183 11.3997  3
212    64.2547
213    40.5657
214    53.2104
184 5.90976  1
211    54.1992
185 7.98257  1
216    39.402
186 14.7516  1
229    0
187 6.85522  7
188    58.6818
189    52.3681
190    61.7507
191    62.3898
192    64.4763
193    41.2889
194    55.5716
188 11.0701  1
229    0
189 14.8337  1
229    0
190 7.12348  1
229    0
191 11.946  1
218    54.819
192 7.69387  1
229    0
193 13.8086  1
229    0
194 13.7762  1
217    52.0907
195 13.6703  1
229    0
196 13.3245  1
229    0
197 12.1953  1
229    0
198 8.5081  1
229    0
199 6.46733  1
229    0
200 9.80331  1
216    45.5243
201 10.6969  1
229    0
202 13.6151  1
229    0
203 13.1442  1
211    37.7293
204 11.6063  1
229    0
205 6.58452  1
229    0
206 10.186  1
229    0
207 11.9466  1
229    0
208 7.6957  1
229    0
209 13.8147  1
229    0
210 13.796  1
229    0
211 13.7353  1
229    0
212 13.5369  1
217    60.8452
213 12.889  1
217    49.4099
214 10.7732  1
229    0
215 13.8641  1
229    0
216 13.9575  1
229    0
217 14.2624  1
229    0
218 5.25758  1
229    0
219 5.85269  1
229    0
220 7.79611  1
229    0
221 14.1424  1
229    0
222 14.8663  1
229    0
223 7.22999  1
229    0
224 12.2939  1
229    0
225 8.82977  1
229    0
226 7.51778  1
229    0
227 13.2336  1
229    0
228 11.8984  1
229    0
229 0  0
