181
0 12.0525  9
1    45.5243
2    39.402
3    49.4099
4    52.0907
5    60.8452
6    50.558
8    43.0871
27    42.6147
151    44.1244
1 8.04147  3
6    39.7536
8    61.444
101    61.2059
2 14.9438  1
6    54.819
3 7.48299  3
6    59.4325
8    61.3881
87    43.0816
4 13.1201  7
28    41.0427
29    54.7678
30    39.586
31    50.0105
32    54.0518
33    37.2486
34    42.3775
5 11.5276  2
7    55.8399
154    35.0375
6 6.32756  8
22    56.8818
23    46.4893
24    42.5533
25    59.7008
26    55.6952
77    36.8284
87    55.838
153    46.9865
7 9.34675  4
69    46.2394
70    41.7367
71    57.0338
101    61.8725
8 9.20606  9
9    61.2059
10    60.6108
11    58.6671
12    52.3196
13    61.5923
14    61.8725
15    62.7871
56    62.3898
60    56.1576
9 8.74645  1
129    48.2939
10 7.24555  1
27    41.1791
11 12.3446  7
16    35.7727
17    37.5581
18    43.3883
19    62.4273
20    64.599
21    41.69
87    61.4257
12 8.99548  4
27    56.3498
54    61.5996
56    61.7507
142    58.6818
13 8.05887  3
56    58.6818
60    41.4684
86    54.1992
14 5.00031  3
35    59.1267
36    53.8211
60    53.2196
15 5.01251  2
55    38.3894
77    54.6451
16 5.05249  4
57    64.4763
58    41.2889
59    55.5716
86    64.2547
17 5.18311  8
78    48.704
79    49.7853
80    53.3166
81    64.848
82    42.503
83    59.5369
84    55.1605
85    40.8687
18 5.60945  1
54    62.8649
19 7.00171  2
27    44.7525
120    39.9174
20 11.5484  9
37    36.4951
38    39.9174
39    51.0936
40    57.5886
41    48.7974
42    50.0902
43    54.3118
44    38.0973
45    45.1498
21 6.39531  1
100    61.444
22 9.56801  2
55    55.5808
119    41.0427
23 9.92843  1
27    36.8815
24 11.1055  2
27    59.9013
101    52.3196
25 14.9493  1
101    35.7727
26 7.50099  3
27    55.2136
55    41.2917
151    42.449
27 13.179  1
180    0
28 11.7202  4
166    37.7293
167    43.9477
168    64.2547
169    40.5657
29 6.95624  1
180    0
30 11.3997  2
65    54.5828
129    39.0458
31 5.90976  1
180    0
32 7.98257  4
60    52.0449
72    46.9865
86    37.7293
101    58.6671
33 14.7516  1
56    42.2411
34 6.85522  8
46    38.1788
47    45.4154
48    39.0458
49    48.2472
50    48.2939
51    48.4458
52    48.9421
53    50.5626
35 11.0701  1
180    0
36 14.8337  2
120    36.4951
153    44.1766
37 7.12348  1
153    41.7367
38 11.946  2
60    58.5829
77    39.1859
39 7.69387  1
100    50.558
40 13.8086  3
66    38.9827
67    48.0403
68    47.6182
41 13.7762  1
180    0
42 13.6703  3
54    43.1347
56    52.3681
60    42.2109
43 13.3245  1
87    53.2104
44 12.1953  1
54    55.8545
45 8.5081  1
60    58.9427
46 6.46733  2
64    59.3602
87    64.501
47 9.80331  3
139    41.2917
140    55.5808
141    42.2411
48 10.6969  3
55    46.1029
142    64.4763
164    55.1605
49 13.6151  2
54    36.0273
100    43.0871
50 13.1442  5
61    44.1244
62    64.8315
63    42.449
101    62.7871
142    52.3681
51 11.6063  9
171    64.501
172    41.3704
173    55.838
174    43.0816
175    61.4257
176    61.3286
177    61.0109
178    59.9736
179    56.586
52 6.58452  2
54    61.8963
153    48.0403
53 10.186  1
180    0
54 11.9466  1
142    41.2889
55 7.6957  1
180    0
56 13.8147  1
72    44.1766
57 13.796  1
180    0
58 13.7353  2
60    64.5312
77    41.0051
59 13.5369  1
60    60.6951
60 12.889  1
100    55.8399
61 10.7732  1
142    62.3898
62 13.8641  1
120    53.8211
63 13.9575  5
73    35.0009
74    35.0375
75    35.1575
76    35.5493
87    41.3704
64 14.2624  1
180    0
65 5.25758  1
180    0
66 5.85269  1
180    0
67 7.79611  1
151    41.4684
68 14.1424  3
87    40.5657
120    42.3775
153    38.9827
69 14.8663  1
180    0
70 7.22999  10
91    56.586
92    45.5243
93    39.402
94    49.4099
95    52.0907
96    60.8452
97    59.4325
98    54.819
99    39.7536
120    50.0105
71 12.2939  1
180    0
72 8.82977  1
180    0
73 7.51778  1
180    0
74 13.2336  9
130    50.5626
131    55.8545
132    43.1347
133    61.5996
134    61.8963
135    62.8649
136    36.0273
137    38.3894
138    46.1029
75 11.8984  1
164    59.5369
76 7.53822  2
101    61.5923
164    40.8687
77 13.3004  1
180    0
78 12.1166  1
86    43.9477
79 8.25083  1
180    0
80 5.62716  1
151    56.1576
81 7.05969  3
88    61.3286
89    61.0109
90    59.9736
82 11.7379  1
120    54.0518
83 7.01422  2
101    60.6108
154    35.0009
84 11.5893  1
180    0
85 6.52867  1
180    0
86 10.0035  1
153    47.6182
87 11.3506  2
120    39.586
129    48.9421
88 5.74953  9
155    36.8284
156    41.0051
157    54.6451
158    39.1859
159    48.704
160    49.7853
161    53.3166
162    64.848
163    42.503
89 7.45918  5
112    42.6147
113    59.9013
114    56.3498
115    44.7525
116    36.8815
90 13.0422  1
120    51.0936
91 11.2737  1
180    0
92 5.49837  1
153    46.2394
93 6.63915  1
180    0
94 10.3645  1
180    0
95 12.5295  1
101    61.3881
96 9.59914  1
129    48.4458
97 10.0301  1
180    0
98 11.4373  1
142    61.7507
99 6.03244  1
120    37.2486
100 8.38328  10
102    37.5581
103    43.3883
104    62.4273
105    64.599
106    41.69
107    56.8818
108    46.4893
109    42.5533
110    59.7008
111    55.6952
101 6.0596  1
180    0
102 8.47179  1
180    0
103 6.34861  1
180    0
104 9.41572  1
180    0
105 9.43129  8
121    57.5886
122    48.7974
123    50.0902
124    54.3118
125    38.0973
126    45.1498
127    38.1788
128    45.4154
106 9.48195  1
180    0
107 9.64736  1
180    0
108 10.1875  1
180    0
109 11.9515  1
180    0
110 7.71157  1
180    0
111 13.8665  3
117    41.1791
118    55.2136
153    57.0338
112 13.9654  1
180    0
113 14.2883  1
180    0
114 5.34242  1
119    54.7678
115 6.1298  1
180    0
116 8.70098  1
180    0
117 7.09723  1
120    59.1267
118 11.8603  1
180    0
119 7.41371  1
180    0
120 12.8939  1
180    0
121 10.7894  1
180    0
122 13.9169  1
129    48.2472
123 14.1299  1
180    0
124 14.8254  1
180    0
125 7.09632  8
143    55.5716
144    42.2109
145    58.5829
146    52.0449
147    60.6951
148    58.9427
149    53.2196
150    64.5312
126 11.8572  1
180    0
127 7.40364  1
180    0
128 12.861  1
180    0
129 10.6816  2
151    64.8315
153    54.5828
130 13.565  1
180    0
131 12.9809  1
180    0
132 11.0732  1
154    35.1575
133 14.8437  1
180    0
134 7.15613  1
180    0
135 12.0525  1
154    35.5493
136 8.04147  1
180    0
137 14.9438  1
180    0
138 7.48299  1
180    0
139 13.1201  1
180    0
140 11.5276  1
180    0
141 6.32756  1
180    0
142 9.34675  1
180    0
143 9.20606  1
180    0
144 8.74645  1
180    0
145 7.24555  1
170    53.2104
146 12.3446  1
180    0
147 8.99548  1
180    0
148 8.05887  1
180    0
149 5.00031  1
180    0
150 5.01251  1
180    0
151 5.05249  1
152    59.3602
152 5.18311  1
180    0
153 5.60945  1
180    0
154 7.00171  1
180    0
155 11.5484  1
180    0
156 6.39531  1
180    0
157 9.56801  1
180    0
158 9.92843  1
180    0
159 11.1055  1
180    0
160 14.9493  1
180    0
161 7.50099  1
180    0
162 13.179  1
180    0
163 11.7202  1
165    54.1992
164 6.95624  1
180    0
165 11.3997  1
180    0
166 5.90976  1
180    0
167 7.98257  1
180    0
168 14.7516  1
180    0
169 6.85522  1
180    0
170 11.0701  1
180    0
171 14.8337  1
180    0
172 7.12348  1
180    0
173 11.946  1
180    0
174 7.69387  1
180    0
175 13.8086  1
180    0
176 13.7762  1
180    0
177 13.6703  1
180    0
178 13.3245  1
180    0
179 12.1953  1
180    0
180 0  0
