50
0 12.9809  10
1    4.55243
2    4.94099
3    5.20907
4    5.0558
6    6.12059
7    6.27871
8    4.33883
10    4.11791
11    5.47678
39    5.70338
1 11.0732  9
2    3.9402
4    5.94325
5    5.58399
7    3.57727
10    3.68815
11    5.00105
27    4.31347
28    5.23681
30    4.22109
2 14.8437  6
3    6.08452
4    3.97536
5    6.1444
7    5.86671
10    5.63498
11    5.40518
3 7.15613  6
4    5.4819
6    6.13881
7    6.15923
10    5.99013
11    5.91267
39    4.76182
4 12.0525  7
5    4.30871
7    5.23196
8    6.24273
9    5.68818
11    5.38211
27    6.18963
30    5.55716
5 8.04147  3
7    6.06108
8    3.75581
10    4.10427
6 14.9438  6
7    6.18725
8    4.169
9    5.97008
10    4.26147
11    3.9586
28    5.55808
7 7.48299  4
8    6.4599
9    4.25533
10    5.52136
48    6.4848
8 13.1201  3
9    4.64893
10    5.56952
39    4.17367
9 11.5276  4
10    4.47525
11    4.23775
27    6.15996
28    4.12917
10 6.32756  2
11    3.72486
30    5.20449
11 9.34675  7
12    3.64951
13    3.99174
14    5.10936
15    5.75886
16    4.87974
17    5.00902
18    5.43118
12 9.20606  1
30    5.32196
13 8.74645  1
30    5.85829
14 7.24555  2
27    4.89421
29    4.12889
15 12.3446  3
27    5.05626
28    4.22411
31    6.45312
16 8.99548  9
19    3.80973
20    4.51498
21    3.81788
22    4.54154
23    3.90458
24    4.82472
25    4.82939
26    4.84458
31    4.14684
17 8.05887  1
28    5.86818
18 5.00031  2
27    5.58545
28    6.23898
19 5.01251  2
28    3.83894
39    4.62394
20 5.05249  1
49    0
21 5.18311  2
27    6.28649
30    5.89427
22 5.60945  1
38    3.89827
23 7.00171  8
40    3.50009
41    3.50375
42    3.51575
43    3.55493
44    3.68284
45    4.10051
46    5.46451
47    3.91859
24 11.5484  2
27    3.60273
39    4.41766
25 6.39531  1
28    4.61029
26 9.56801  2
28    6.17507
30    6.06951
27 9.92843  6
32    5.61576
33    4.41244
34    6.48315
35    4.2449
36    5.93602
37    5.45828
28 11.1055  1
29    6.44763
29 14.9493  1
49    0
30 7.50099  1
49    0
31 13.179  1
39    4.69865
32 11.7202  1
49    0
33 6.95624  1
48    5.33166
34 11.3997  1
49    0
35 5.90976  1
49    0
36 7.98257  1
49    0
37 14.7516  1
38    4.80403
38 6.85522  1
48    4.97853
39 11.0701  1
49    0
40 14.8337  1
48    4.8704
41 7.12348  1
49    0
42 11.946  1
49    0
43 7.69387  1
49    0
44 13.8086  1
49    0
45 13.7762  1
49    0
46 13.6703  1
49    0
47 13.3245  1
49    0
48 12.1953  1
49    0
49 0  0
