63
0 7.51778  10
1    11.2315
2    8.82488
3    12.9663
4    8.48979
5    11.872
6    10.9166
7    7.79653
8    9.60805
9    9.52364
10    9.24787
1 13.2336  9
11    8.34733
12    11.4068
13    9.39729
14    8.83532
15    7.00018
16    7.00751
26    7.54585
36    12.3745
48    10.8104
2 11.8984  3
31    8.27409
33    12.2022
36    12.3185
3 7.53822  2
34    12.169
35    12.2888
4 13.3004  10
17    7.0315
18    7.10987
19    7.36567
20    8.20103
21    10.929
22    7.83718
23    9.74081
24    9.95706
25    10.6633
26    10.8398
5 12.1166  3
26    8.78954
34    9.88198
37    12.4855
6 8.25083  1
62    0
7 5.62716  4
32    12.2657
33    7.8804
34    11.168
36    12.1222
8 7.05969  3
26    11.0321
34    7.95071
37    8.67766
9 11.7379  3
33    11.3172
34    11.8865
37    7.15455
10 7.01422  1
26    11.9074
11 11.5893  4
31    11.1676
34    10.1116
35    12.2412
36    12.5574
12 6.52867  1
37    12.9198
13 10.0035  1
49    11.5177
14 11.3506  1
62    0
15 5.74953  1
26    8.17374
16 7.45918  6
27    12.8509
28    8.11313
29    10.6421
30    12.9002
34    8.61742
37    8.33799
17 13.0422  4
26    8.5006
36    11.7334
47    10.9536
48    11.8253
18 11.2737  1
31    12.2851
19 5.49837  1
62    0
20 6.63915  4
26    12.9696
33    9.10486
37    8.51067
47    7.9172
21 10.3645  1
35    12.2776
22 12.5295  1
62    0
23 9.59914  2
34    10.9638
37    11.3764
24 10.0301  2
31    8.61632
37    9.29786
25 11.4373  2
33    11.9947
36    10.4639
26 6.03244  2
37    7.51161
48    8.47551
27 8.38328  1
62    0
28 6.0596  1
47    10.0021
29 8.47179  1
62    0
30 6.34861  1
48    7.98349
31 9.41572  9
38    11.9402
39    11.139
40    8.52293
41    11.9803
42    11.27
43    8.9505
44    7.37629
45    8.23582
46    11.0427
32 9.43129  3
34    10.4181
47    8.20853
48    10.2187
33 9.48195  10
52    10.8624
53    7.61946
54    9.02997
55    7.63576
56    9.08307
57    7.80917
58    9.64943
59    9.65877
60    9.68917
61    9.78841
34 9.64736  1
62    0
35 10.1875  2
50    9.75948
51    10.018
36 11.9515  1
62    0
37 7.71157  1
62    0
38 13.8665  1
62    0
39 13.9654  1
62    0
40 14.2883  1
62    0
41 5.34242  1
62    0
42 6.1298  1
48    7.44972
43 8.70098  1
62    0
44 7.09723  1
48    10.7642
45 11.8603  1
48    7.29902
46 7.41371  1
62    0
47 12.8939  1
62    0
48 10.7894  1
62    0
49 13.9169  1
62    0
50 14.1299  1
62    0
51 14.8254  1
62    0
52 7.09632  1
62    0
53 11.8572  1
62    0
54 7.40364  1
62    0
55 12.861  1
62    0
56 10.6816  1
62    0
57 13.565  1
62    0
58 12.9809  1
62    0
59 11.0732  1
62    0
60 14.8437  1
62    0
61 7.15613  1
62    0
62 0  0
