88
0 7.22999  3
1    4.8704
9    4.05657
18    3.9402
1 12.2939  2
2    4.97853
3    5.33166
2 8.82977  3
9    3.77293
18    4.94099
25    6.13881
3 7.51778  7
4    6.4848
5    4.2503
6    5.95369
7    5.51605
9    6.42547
18    6.08452
85    5.89427
4 13.2336  1
9    5.32104
5 11.8984  1
87    0
6 7.53822  4
8    4.08687
18    5.6586
52    5.38211
86    3.89827
7 13.3004  2
9    5.41992
18    4.55243
8 12.1166  1
9    4.39477
9 8.25083  8
10    6.4501
11    4.13704
12    5.5838
13    4.30816
14    6.14257
15    6.13286
16    6.10109
17    5.99736
10 5.62716  1
53    4.87974
11 7.05969  8
69    6.28649
70    3.60273
71    3.83894
72    4.61029
73    4.12917
74    5.55808
75    4.22411
76    5.86818
12 11.7379  1
18    5.20907
13 7.01422  1
52    3.99174
14 11.5893  1
87    0
15 6.52867  10
34    4.33883
35    6.24273
36    6.4599
37    4.169
38    5.68818
39    4.64893
40    4.25533
41    5.97008
42    5.56952
43    4.26147
16 10.0035  7
19    5.94325
20    5.4819
21    3.97536
22    5.0558
23    5.58399
24    4.30871
25    6.12059
17 11.3506  1
87    0
18 5.74953  1
87    0
19 7.45918  8
26    6.06108
27    5.86671
28    5.23196
29    6.15923
30    6.18725
31    6.27871
32    3.57727
33    3.75581
20 13.0422  1
87    0
21 11.2737  1
87    0
22 5.49837  1
25    6.1444
23 6.63915  7
54    5.43118
55    3.80973
56    4.51498
57    3.81788
58    4.54154
59    3.90458
60    4.82472
24 10.3645  1
87    0
25 12.5295  1
51    5.47678
26 9.59914  1
87    0
27 10.0301  1
52    4.23775
28 11.4373  8
44    5.99013
45    5.63498
46    4.47525
47    3.68815
48    4.11791
49    5.52136
50    4.10427
51    3.9586
29 6.03244  1
87    0
30 8.38328  1
87    0
31 6.0596  1
87    0
32 8.47179  1
87    0
33 6.34861  1
87    0
34 9.41572  1
85    5.32196
35 9.43129  2
52    5.40518
86    6.48315
36 9.48195  1
52    3.72486
37 9.64736  1
87    0
38 10.1875  1
87    0
39 11.9515  2
52    5.91267
86    4.41244
40 7.71157  1
52    5.00105
41 13.8665  1
86    4.2449
42 13.9654  1
87    0
43 14.2883  1
87    0
44 5.34242  2
52    5.10936
53    5.75886
45 6.1298  5
61    4.82939
62    4.84458
63    4.89421
64    5.05626
86    5.45828
46 8.70098  1
87    0
47 7.09723  8
77    5.23681
78    6.17507
79    6.23898
80    6.44763
81    4.12889
82    5.55716
83    4.22109
84    5.85829
48 11.8603  4
65    5.58545
66    4.31347
67    6.15996
68    6.18963
49 7.41371  1
53    5.00902
50 12.8939  1
52    3.64951
51 10.7894  1
87    0
52 13.9169  1
87    0
53 14.1299  1
87    0
54 14.8254  1
87    0
55 7.09632  1
87    0
56 11.8572  1
87    0
57 7.40364  1
87    0
58 12.861  1
86    6.45312
59 10.6816  1
87    0
60 13.565  1
87    0
61 12.9809  1
87    0
62 11.0732  1
87    0
63 14.8437  1
86    4.14684
64 7.15613  1
87    0
65 12.0525  1
87    0
66 8.04147  1
87    0
67 14.9438  1
87    0
68 7.48299  1
87    0
69 13.1201  1
85    5.20449
70 11.5276  1
87    0
71 6.32756  1
87    0
72 9.34675  1
87    0
73 9.20606  1
86    5.61576
74 8.74645  1
87    0
75 7.24555  1
85    6.06951
76 12.3446  1
86    4.80403
77 8.99548  1
87    0
78 8.05887  1
87    0
79 5.00031  1
87    0
80 5.01251  1
87    0
81 5.05249  1
87    0
82 5.18311  1
87    0
83 5.60945  1
87    0
84 7.00171  1
86    5.93602
85 11.5484  1
87    0
86 6.39531  1
87    0
87 0  0
