49
0 11.5893  6
1    5.32196
2    6.45312
19    3.68284
20    4.39477
21    4.05657
47    6.24273
1 6.52867  3
2    4.14684
10    4.62394
19    5.46451
2 10.0035  8
3    5.61576
4    4.41244
5    6.48315
6    4.2449
7    5.93602
8    5.45828
9    3.89827
10    4.76182
3 11.3506  2
20    5.51605
21    5.5838
4 5.74953  6
10    4.80403
11    4.17367
19    6.4848
20    5.41992
21    5.32104
47    4.64893
5 7.45918  7
22    6.13286
23    6.10109
24    5.99736
25    5.6586
26    4.55243
27    3.9402
28    4.94099
6 13.0422  7
12    5.70338
13    4.69865
14    4.41766
15    3.50009
16    3.50375
17    3.51575
18    3.55493
7 11.2737  2
19    3.91859
20    5.95369
8 5.49837  1
20    4.08687
9 6.63915  1
21    6.14257
10 10.3645  1
19    4.8704
11 12.5295  1
20    3.77293
12 9.59914  1
19    4.97853
13 10.0301  2
21    6.4501
47    3.75581
14 11.4373  1
19    5.33166
15 6.03244  1
21    4.30816
16 8.38328  2
29    5.20907
30    6.08452
17 6.0596  2
19    4.10051
20    6.42547
18 8.47179  2
19    4.2503
21    4.13704
19 6.34861  1
48    0
20 9.41572  1
48    0
21 9.43129  1
48    0
22 9.48195  6
31    5.94325
32    5.4819
33    3.97536
34    5.0558
35    5.58399
36    4.30871
23 9.64736  1
48    0
24 10.1875  1
47    4.169
25 11.9515  1
48    0
26 7.71157  1
48    0
27 13.8665  1
47    5.68818
28 13.9654  10
37    6.1444
38    6.13881
39    6.12059
40    6.06108
41    5.86671
42    5.23196
43    6.15923
44    6.18725
45    6.27871
46    3.57727
29 14.2883  1
48    0
30 5.34242  1
48    0
31 6.1298  1
47    4.33883
32 8.70098  1
48    0
33 7.09723  1
48    0
34 11.8603  1
48    0
35 7.41371  1
48    0
36 12.8939  1
48    0
37 10.7894  1
48    0
38 13.9169  1
48    0
39 14.1299  1
48    0
40 14.8254  1
48    0
41 7.09632  1
48    0
42 11.8572  1
47    6.4599
43 7.40364  1
48    0
44 12.861  1
48    0
45 10.6816  1
48    0
46 13.565  1
48    0
47 12.9809  1
48    0
48 0  0
