50
0 5.85269  6
1    38.3894
2    46.1029
14    64.5312
23    35.0375
24    36.8284
43    60.8452
1 7.79611  1
49    0
2 14.1424  8
3    41.2917
4    55.5808
5    42.2411
6    58.6818
7    52.3681
8    61.7507
14    58.9427
42    56.586
3 14.8663  3
14    58.5829
23    44.1766
24    41.0051
4 7.22999  3
15    44.1244
42    59.9736
43    52.0907
5 12.2939  6
9    62.3898
10    64.4763
11    41.2889
12    55.5716
13    42.2109
24    53.3166
6 8.82977  1
14    52.0449
7 7.51778  1
25    64.848
8 13.2336  2
14    56.1576
24    48.704
9 11.8984  1
23    41.7367
10 7.53822  1
14    41.4684
11 13.3004  1
23    57.0338
12 12.1166  1
14    60.6951
13 8.25083  1
14    53.2196
14 5.62716  1
49    0
15 7.05969  7
16    64.8315
17    42.449
18    59.3602
19    54.5828
20    38.9827
21    48.0403
22    47.6182
16 11.7379  1
49    0
17 7.01422  1
24    35.1575
18 11.5893  1
23    46.9865
19 6.52867  2
23    35.0009
24    35.5493
20 10.0035  2
24    39.1859
42    61.0109
21 11.3506  2
23    46.2394
24    54.6451
22 5.74953  1
24    49.7853
23 7.45918  6
30    54.1992
31    37.7293
32    43.9477
33    64.2547
34    40.5657
35    53.2104
24 13.0422  4
26    42.503
27    59.5369
28    55.1605
29    40.8687
25 11.2737  1
49    0
26 5.49837  1
49    0
27 6.63915  4
36    64.501
37    41.3704
38    55.838
39    43.0816
28 10.3645  1
49    0
29 12.5295  2
40    61.4257
41    61.3286
30 9.59914  1
49    0
31 10.0301  1
49    0
32 11.4373  1
49    0
33 6.03244  1
49    0
34 8.38328  1
49    0
35 6.0596  5
44    59.4325
45    54.819
46    39.7536
47    50.558
48    55.8399
36 8.47179  1
43    49.4099
37 6.34861  1
49    0
38 9.41572  1
49    0
39 9.43129  1
43    39.402
40 9.48195  1
49    0
41 9.64736  1
42    45.5243
42 10.1875  1
49    0
43 11.9515  1
49    0
44 7.71157  1
49    0
45 13.8665  1
49    0
46 13.9654  1
49    0
47 14.2883  1
49    0
48 5.34242  1
49    0
49 0  0
