96
0 12.1166  9
1    55.838
2    43.0816
3    61.4257
4    61.3286
10    61.444
12    41.69
13    59.9013
46    55.5716
70    55.838
1 8.25083  6
5    59.9736
6    39.402
10    50.558
13    56.3498
30    45.1498
53    44.1244
2 5.62716  4
5    61.0109
10    61.5923
12    35.7727
70    61.4257
3 7.05969  7
5    45.5243
7    52.0907
10    43.0871
12    64.599
13    59.7008
53    48.0403
70    56.586
4 11.7379  5
5    56.586
7    59.4325
10    55.8399
12    62.4273
13    42.5533
5 7.01422  4
6    49.4099
10    61.3881
12    62.7871
13    41.1791
6 11.5893  5
7    60.8452
10    52.3196
12    43.3883
13    44.7525
30    48.2472
7 6.52867  6
8    54.819
9    39.7536
10    61.2059
12    37.5581
13    42.6147
68    53.3166
8 10.0035  1
10    60.6108
9 11.3506  4
10    58.6671
12    56.8818
30    39.0458
86    42.6147
10 5.74953  3
11    61.8725
12    46.4893
13    55.6952
11 7.45918  1
13    36.8815
12 13.0422  2
13    55.2136
30    48.4458
13 11.2737  3
14    41.0427
46    64.4763
71    52.0907
14 5.49837  4
15    54.7678
16    39.586
17    50.0105
53    59.3602
15 6.63915  1
95    0
16 10.3645  1
69    64.501
17 12.5295  3
18    54.0518
19    37.2486
20    42.3775
18 9.59914  10
21    59.1267
22    53.8211
23    36.4951
24    39.9174
25    51.0936
26    57.5886
27    48.7974
28    50.0902
53    41.4684
80    37.5581
19 10.0301  1
30    48.2939
20 11.4373  2
30    45.4154
53    38.9827
21 6.03244  8
54    47.6182
55    46.2394
56    41.7367
57    57.0338
58    46.9865
59    44.1766
60    35.0009
70    43.0816
22 8.38328  2
30    38.1788
80    60.6108
23 6.0596  3
30    38.0973
68    42.503
70    49.4099
24 8.47179  1
95    0
25 6.34861  9
39    38.3894
40    46.1029
41    41.2917
42    55.5808
43    42.2411
44    58.6818
45    52.3681
46    62.3898
68    54.1992
26 9.41572  8
47    42.2109
48    58.5829
49    52.0449
50    60.6951
51    58.9427
53    64.8315
70    45.5243
80    61.2059
27 9.43129  9
31    48.9421
32    50.5626
33    55.8545
34    43.1347
35    61.5996
36    61.8963
37    62.8649
38    36.0273
46    41.2889
28 9.48195  1
29    54.3118
29 9.64736  1
95    0
30 10.1875  1
53    56.1576
31 11.9515  1
52    53.2196
32 7.71157  3
53    54.5828
68    55.1605
69    53.2104
33 13.8665  3
68    49.7853
69    41.3704
80    62.7871
34 13.9654  1
68    37.7293
35 14.2883  6
72    60.8452
73    59.4325
74    54.819
75    39.7536
76    50.558
77    55.8399
36 5.34242  1
70    39.402
37 6.1298  2
80    61.5923
85    42.5533
38 8.70098  1
95    0
39 7.09723  1
95    0
40 11.8603  1
46    61.7507
41 7.41371  1
68    40.8687
42 12.8939  1
95    0
43 10.7894  1
53    42.449
44 13.9169  1
95    0
45 14.1299  1
95    0
46 14.8254  3
68    64.848
70    61.3286
80    52.3196
47 7.09632  1
95    0
48 11.8572  1
68    48.704
49 7.40364  1
69    64.2547
50 12.861  1
53    64.5312
51 10.6816  1
80    35.7727
52 13.565  1
95    0
53 12.9809  4
81    43.3883
82    62.4273
83    64.599
84    41.69
54 11.0732  2
68    59.5369
69    43.9477
55 14.8437  1
80    58.6671
56 7.15613  1
79    61.444
57 12.0525  7
61    35.0375
62    35.1575
63    35.5493
64    36.8284
65    41.0051
66    54.6451
67    39.1859
58 8.04147  1
80    61.8725
59 14.9438  1
79    61.3881
60 7.48299  1
85    46.4893
61 13.1201  1
70    61.0109
62 11.5276  1
86    59.7008
63 6.32756  2
69    40.5657
78    43.0871
64 9.34675  1
95    0
65 9.20606  8
87    56.3498
88    44.7525
89    36.8815
90    41.1791
91    55.2136
92    41.0427
93    54.7678
94    39.586
66 8.74645  1
70    59.9736
67 7.24555  1
95    0
68 12.3446  1
95    0
69 8.99548  1
95    0
70 8.05887  1
95    0
71 5.00031  1
95    0
72 5.01251  1
95    0
73 5.05249  1
95    0
74 5.18311  1
95    0
75 5.60945  1
95    0
76 7.00171  1
95    0
77 11.5484  1
95    0
78 6.39531  1
95    0
79 9.56801  1
86    59.9013
80 9.92843  1
86    55.6952
81 11.1055  1
85    56.8818
82 14.9493  1
95    0
83 7.50099  1
95    0
84 13.179  1
95    0
85 11.7202  1
95    0
86 6.95624  1
95    0
87 11.3997  1
95    0
88 5.90976  1
95    0
89 7.98257  1
95    0
90 14.7516  1
95    0
91 6.85522  1
95    0
92 11.0701  1
95    0
93 14.8337  1
95    0
94 7.12348  1
95    0
95 0  0
