92
0 9.80331  5
1    8.48979
2    11.872
3    10.9166
4    7.79653
24    10.6421
1 10.6969  2
24    8.27409
38    12.2412
2 13.6151  3
48    11.9803
49    11.27
50    8.9505
3 13.1442  10
5    9.60805
6    9.52364
7    9.24787
8    8.34733
9    11.4068
10    9.39729
11    8.83532
12    7.00018
13    7.00751
14    7.0315
4 11.6063  2
23    8.78954
62    9.75948
5 6.58452  2
38    8.61742
62    10.018
6 10.186  2
23    10.8398
63    9.64943
7 11.9466  3
23    11.0321
39    12.5574
40    7.15455
8 7.6957  4
20    9.74081
21    9.95706
22    10.6633
75    10.6439
9 13.8147  10
30    11.9947
31    11.3172
32    9.10486
33    7.8804
34    9.88198
35    10.4181
36    12.169
37    11.8865
62    7.63576
82    11.4068
10 13.796  8
25    11.1676
26    8.61632
27    12.2851
28    12.2657
29    12.2022
38    12.1222
62    10.2187
75    11.7885
11 13.7353  8
15    7.10987
16    7.36567
17    8.20103
18    10.929
19    7.83718
23    12.9696
51    8.23582
82    10.9166
12 13.5369  2
23    8.11313
62    7.61946
13 12.889  4
23    12.8509
38    11.7334
73    8.44218
82    9.52364
14 10.7732  2
38    10.1116
40    12.4855
15 13.8641  3
24    12.9002
51    7.37629
73    12.3501
16 13.9575  2
23    8.17374
82    8.83532
17 14.2624  2
23    7.54585
63    9.68917
18 5.25758  2
23    11.9074
38    7.95071
19 5.85269  1
23    8.5006
20 7.79611  2
38    12.2888
40    12.9198
21 14.1424  1
91    0
22 14.8663  1
73    8.25779
23 7.22999  3
38    10.9638
39    12.3185
63    9.65877
24 12.2939  1
91    0
25 8.82977  1
52    10.9536
26 7.51778  1
91    0
27 13.2336  1
75    12.9062
28 11.8984  1
82    9.24787
29 7.53822  1
39    10.4639
30 13.3004  3
40    8.67766
73    8.44823
82    7.00018
31 12.1166  1
62    10.8624
32 8.25083  1
91    0
33 5.62716  3
38    12.2776
39    12.3745
73    11.1162
34 7.05969  1
38    11.168
35 11.7379  1
40    7.51161
36 7.01422  2
51    11.0427
73    11.7364
37 11.5893  1
91    0
38 6.52867  6
64    11.1709
65    8.62694
66    12.3199
67    12.3793
68    12.573
69    7.20545
39 10.0035  7
41    8.33799
42    11.3764
43    9.29786
44    8.51067
45    11.9402
46    11.139
47    8.52293
40 11.3506  10
53    7.9172
54    10.0021
55    10.8104
56    7.44972
57    8.47551
58    11.8253
59    10.7642
60    7.29902
61    7.98349
82    9.39729
41 5.74953  1
63    10.1125
42 7.45918  6
76    8.29368
77    11.2315
78    8.82488
79    12.9663
80    8.48979
81    11.872
43 13.0422  1
82    7.79653
44 11.2737  1
91    0
45 5.49837  1
73    12.478
46 6.63915  1
91    0
47 10.3645  1
74    11.7166
48 12.5295  1
91    0
49 9.59914  1
91    0
50 10.0301  3
52    8.20853
62    11.5177
73    11.1143
51 11.4373  2
62    9.02997
73    10.4736
52 6.03244  1
63    7.80917
53 8.38328  1
91    0
54 6.0596  1
91    0
55 8.47179  1
91    0
56 6.34861  1
91    0
57 9.41572  1
91    0
58 9.43129  1
62    9.08307
59 9.48195  1
91    0
60 9.64736  1
91    0
61 10.1875  2
63    9.78841
73    12.8953
62 11.9515  1
75    10.409
63 7.71157  1
91    0
64 13.8665  1
91    0
65 13.9654  1
91    0
66 14.2883  8
83    7.00751
84    7.0315
85    7.10987
86    7.36567
87    8.20103
88    10.929
89    7.83718
90    9.74081
67 5.34242  4
70    7.67788
71    9.22059
72    8.25834
82    8.34733
68 6.1298  1
91    0
69 8.70098  1
82    9.60805
70 7.09723  1
91    0
71 11.8603  1
75    12.139
72 7.41371  1
91    0
73 12.8939  1
91    0
74 10.7894  1
91    0
75 13.9169  1
91    0
76 14.1299  1
91    0
77 14.8254  1
91    0
78 7.09632  1
91    0
79 11.8572  1
91    0
80 7.40364  1
91    0
81 12.861  1
91    0
82 10.6816  1
91    0
83 13.565  1
91    0
84 12.9809  1
91    0
85 11.0732  1
91    0
86 14.8437  1
91    0
87 7.15613  1
91    0
88 12.0525  1
91    0
89 8.04147  1
91    0
90 14.9438  1
91    0
91 0  0
