115
0 7.22999  10
1    60.8452
2    59.4325
3    54.819
4    39.7536
5    50.558
6    55.8399
7    43.0871
8    61.444
9    61.3881
10    61.8725
1 12.2939  3
11    62.4273
44    52.3681
95    35.7727
2 8.82977  2
10    52.3196
11    41.69
3 7.51778  3
11    37.5581
36    48.9421
42    62.8649
4 13.2336  3
10    60.6108
11    35.7727
42    42.2411
5 11.8984  3
11    46.4893
42    36.0273
89    50.558
6 7.53822  2
10    58.6671
11    42.5533
7 13.3004  3
10    61.5923
11    59.7008
57    47.6182
8 12.1166  3
10    62.7871
11    43.3883
57    38.9827
9 8.25083  5
10    61.2059
11    56.8818
20    50.0105
44    62.3898
57    46.2394
10 5.62716  1
11    64.599
11 7.05969  10
12    55.6952
13    42.6147
14    59.9013
15    56.3498
16    44.7525
17    36.8815
18    41.1791
19    55.2136
20    39.586
43    58.6818
12 11.7379  1
106    36.8815
13 7.01422  5
63    36.8284
64    41.0051
65    54.6451
66    39.1859
67    48.704
14 11.5893  2
57    41.7367
89    45.5243
15 6.52867  2
20    41.0427
44    41.2889
16 10.0035  1
114    0
17 11.3506  1
29    57.5886
18 5.74953  2
36    48.2939
106    42.6147
19 7.45918  1
20    54.7678
20 13.0422  8
21    54.0518
22    37.2486
23    42.3775
24    59.1267
25    53.8211
26    36.4951
27    39.9174
28    51.0936
21 11.2737  1
114    0
22 5.49837  6
37    50.5626
38    55.8545
39    43.1347
40    61.5996
41    61.8963
106    54.7678
23 6.63915  2
36    45.4154
42    55.5808
24 10.3645  1
36    39.0458
25 12.5295  2
44    61.7507
57    46.9865
26 9.59914  6
30    48.7974
31    50.0902
32    54.3118
33    38.0973
34    45.1498
35    38.1788
27 10.0301  2
36    48.4458
57    59.3602
28 11.4373  1
114    0
29 6.03244  4
45    55.5716
46    42.2109
47    58.5829
48    52.0449
30 8.38328  10
49    60.6951
50    58.9427
51    53.2196
52    64.5312
53    41.4684
54    56.1576
55    44.1244
56    64.8315
57    48.0403
89    52.0907
31 6.0596  1
57    54.5828
32 8.47179  1
114    0
33 6.34861  2
42    38.3894
44    64.4763
34 9.41572  2
36    48.2472
106    41.0427
35 9.43129  1
57    57.0338
36 9.48195  1
42    46.1029
37 9.64736  1
114    0
38 10.1875  1
42    41.2917
39 11.9515  1
114    0
40 7.71157  1
57    42.449
41 13.8665  1
114    0
42 13.9654  7
83    55.838
84    43.0816
85    61.4257
86    61.3286
87    61.0109
88    59.9736
106    44.7525
43 14.2883  1
114    0
44 5.34242  2
81    64.501
82    41.3704
45 6.1298  1
106    55.2136
46 8.70098  4
90    55.8399
91    43.0871
92    61.444
93    61.3881
47 7.09723  3
68    49.7853
69    53.3166
70    64.848
48 11.8603  1
114    0
49 7.41371  1
114    0
50 12.8939  1
114    0
51 10.7894  2
89    39.402
94    52.3196
52 13.9169  5
59    35.0009
60    35.0375
61    35.1575
62    35.5493
94    58.6671
53 14.1299  1
114    0
54 14.8254  1
114    0
55 7.09632  3
89    54.819
95    61.5923
106    59.9013
56 11.8572  1
58    44.1766
57 7.40364  1
114    0
58 12.861  10
71    42.503
72    59.5369
73    55.1605
74    40.8687
75    54.1992
76    37.7293
77    43.9477
78    64.2547
79    40.5657
80    53.2104
59 10.6816  1
114    0
60 13.565  1
114    0
61 12.9809  1
114    0
62 11.0732  1
114    0
63 14.8437  1
95    62.7871
64 7.15613  1
114    0
65 12.0525  1
114    0
66 8.04147  1
94    60.6108
67 14.9438  1
89    49.4099
68 7.48299  1
95    61.8725
69 13.1201  1
114    0
70 11.5276  1
89    56.586
71 6.32756  1
114    0
72 9.34675  1
114    0
73 9.20606  1
114    0
74 8.74645  1
114    0
75 7.24555  1
89    39.7536
76 12.3446  10
96    37.5581
97    43.3883
98    62.4273
99    64.599
100    41.69
101    56.8818
102    46.4893
103    42.5533
104    59.7008
105    55.6952
77 8.99548  1
114    0
78 8.05887  1
114    0
79 5.00031  1
114    0
80 5.01251  1
114    0
81 5.05249  1
114    0
82 5.18311  1
114    0
83 5.60945  1
89    60.8452
84 7.00171  1
89    59.4325
85 11.5484  1
114    0
86 6.39531  1
114    0
87 9.56801  1
114    0
88 9.92843  1
114    0
89 11.1055  1
114    0
90 14.9493  1
114    0
91 7.50099  1
106    41.1791
92 13.179  1
94    61.2059
93 11.7202  1
114    0
94 6.95624  7
107    39.586
108    50.0105
109    54.0518
110    37.2486
111    42.3775
112    59.1267
113    53.8211
95 11.3997  1
114    0
96 5.90976  1
114    0
97 7.98257  1
114    0
98 14.7516  1
114    0
99 6.85522  1
114    0
100 11.0701  1
114    0
101 14.8337  1
114    0
102 7.12348  1
114    0
103 11.946  1
106    56.3498
104 7.69387  1
114    0
105 13.8086  1
114    0
106 13.7762  1
114    0
107 13.6703  1
114    0
108 13.3245  1
114    0
109 12.1953  1
114    0
110 8.5081  1
114    0
111 6.46733  1
114    0
112 9.80331  1
114    0
113 10.6969  1
114    0
114 0  0
