50
0 6.52867  10
1    4.14684
2    5.61576
3    4.41244
4    6.48315
5    4.2449
6    5.93602
7    5.45828
8    3.89827
9    4.80403
10    4.76182
1 10.0035  1
24    6.4848
2 11.3506  10
11    4.62394
12    4.17367
13    5.70338
14    4.69865
15    4.41766
16    3.50009
17    3.50375
18    3.51575
19    3.55493
24    5.95369
3 5.74953  5
21    4.10051
22    5.46451
23    3.91859
24    4.8704
27    4.39477
4 7.45918  5
35    6.10109
36    5.99736
37    5.6586
38    4.55243
39    3.9402
5 13.0422  9
40    4.94099
41    5.20907
42    6.08452
43    5.94325
44    5.4819
45    3.97536
46    5.0558
47    5.58399
48    4.30871
6 11.2737  3
28    4.05657
29    5.32104
30    6.4501
7 5.49837  1
49    0
8 6.63915  1
24    5.51605
9 10.3645  3
20    3.68284
24    4.2503
27    6.42547
10 12.5295  1
31    4.13704
11 9.59914  2
25    4.08687
26    5.41992
12 10.0301  3
32    4.30816
33    6.14257
34    6.13286
13 11.4373  1
49    0
14 6.03244  1
49    0
15 8.38328  1
49    0
16 6.0596  1
24    4.97853
17 8.47179  1
49    0
18 6.34861  1
49    0
19 9.41572  1
24    5.33166
20 9.43129  1
49    0
21 9.48195  1
49    0
22 9.64736  1
27    3.77293
23 10.1875  1
49    0
24 11.9515  1
49    0
25 7.71157  1
49    0
26 13.8665  1
49    0
27 13.9654  1
49    0
28 14.2883  1
49    0
29 5.34242  1
31    5.5838
30 6.1298  1
49    0
31 8.70098  1
49    0
32 7.09723  1
49    0
33 11.8603  1
49    0
34 7.41371  1
49    0
35 12.8939  1
49    0
36 10.7894  1
49    0
37 13.9169  1
49    0
38 14.1299  1
49    0
39 14.8254  1
49    0
40 7.09632  1
49    0
41 11.8572  1
49    0
42 7.40364  1
49    0
43 12.861  1
49    0
44 10.6816  1
49    0
45 13.565  1
49    0
46 12.9809  1
49    0
47 11.0732  1
49    0
48 14.8437  1
49    0
49 0  0
