184
0 12.2939  4
1    4.22411
8    5.20449
19    4.76182
20    3.91859
1 8.82977  10
2    5.86818
3    5.23681
4    6.17507
5    6.23898
6    6.44763
7    4.12889
19    5.70338
28    5.32104
38    6.06108
45    5.68818
2 7.51778  4
19    4.62394
38    5.86671
45    5.97008
90    3.91859
3 13.2336  7
7    4.22109
20    3.50375
28    5.5838
54    5.38211
62    4.89421
102    5.58399
113    4.23775
4 11.8984  5
19    4.17367
20    3.68284
45    4.26147
72    6.44763
112    5.99013
5 7.53822  4
8    5.85829
19    3.89827
20    3.51575
81    5.45828
6 13.3004  5
7    5.55716
19    4.80403
47    5.63498
90    4.97853
115    5.00902
7 12.1166  10
9    6.06951
10    5.89427
11    5.32196
12    6.45312
13    4.14684
14    5.61576
15    4.41244
16    6.48315
17    4.2449
18    5.93602
8 8.25083  2
19    5.45828
72    6.23898
9 5.62716  5
20    4.97853
28    3.77293
29    5.99736
47    4.47525
54    4.23775
10 7.05969  6
19    4.69865
28    4.30816
38    6.12059
62    4.84458
91    6.4848
179    3.97536
11 11.7379  2
20    4.10051
28    4.13704
12 7.01422  2
21    5.33166
72    5.86818
13 11.5893  3
19    4.41766
28    6.14257
55    3.64951
14 6.52867  3
20    4.8704
29    6.10109
102    4.30871
15 10.0035  9
22    6.4848
23    4.2503
24    5.95369
25    5.51605
26    4.08687
27    5.41992
81    4.80403
89    3.51575
115    5.75886
16 11.3506  5
20    5.46451
28    4.39477
63    5.05626
113    5.00105
124    5.05626
17 5.74953  5
20    3.55493
28    4.05657
38    6.13881
62    3.81788
113    3.72486
18 7.45918  4
28    6.42547
29    6.13286
47    4.11791
53    3.72486
19 13.0422  4
20    3.50009
63    5.58545
81    4.41244
160    4.2503
20 11.2737  1
29    4.55243
21 5.49837  2
101    5.99736
103    6.15923
22 6.63915  2
28    6.4501
38    5.58399
23 10.3645  7
38    6.15923
81    4.14684
91    5.95369
102    3.97536
111    5.56952
115    5.10936
179    5.94325
24 12.5295  7
48    5.52136
49    4.10427
50    5.47678
51    3.9586
52    5.00105
91    5.33166
160    4.08687
25 9.59914  2
38    6.18725
125    6.23898
26 10.0301  1
183    0
27 11.4373  4
29    5.6586
54    5.91267
62    4.82939
102    6.08452
28 6.03244  3
163    6.42547
164    4.05657
165    5.32104
29 8.38328  10
30    3.9402
31    4.94099
32    5.20907
33    6.08452
34    5.94325
35    5.4819
36    3.97536
37    5.0558
38    5.23196
45    4.64893
30 6.0596  3
38    6.1444
62    4.82472
162    4.39477
31 8.47179  7
39    6.27871
40    3.57727
41    3.75581
42    4.33883
43    6.24273
44    6.4599
81    3.89827
32 6.34861  2
38    4.30871
113    5.47678
33 9.41572  1
183    0
34 9.43129  2
112    4.26147
125    5.55808
35 9.48195  2
45    4.25533
103    5.23196
36 9.64736  1
62    3.90458
37 10.1875  2
82    4.76182
111    5.68818
38 11.9515  10
64    6.18963
65    6.28649
66    3.60273
67    3.83894
68    4.61029
69    4.12917
70    5.55808
71    4.22411
102    6.13881
103    6.06108
39 7.71157  2
45    4.169
46    5.99013
40 13.8665  2
47    3.68815
62    4.54154
41 13.9654  1
93    4.39477
42 14.2883  3
45    5.56952
72    6.17507
102    5.94325
43 5.34242  2
92    5.41992
102    6.1444
44 6.1298  2
62    4.51498
89    3.55493
45 8.70098  2
53    5.40518
103    5.86671
46 7.09723  2
81    6.48315
89    5.46451
47 11.8603  9
73    5.55716
74    4.22109
75    5.85829
76    5.20449
77    6.06951
78    5.89427
79    5.32196
90    4.8704
100    6.10109
48 7.41371  1
72    4.12889
49 12.8939  1
113    3.64951
50 10.7894  1
100    6.14257
51 13.9169  1
183    0
52 14.1299  2
111    5.97008
113    4.10427
53 14.8254  1
124    5.58545
54 7.09632  4
55    3.99174
89    4.10051
102    5.20907
113    5.38211
55 11.8572  6
56    5.10936
57    5.75886
58    4.87974
59    5.00902
60    5.43118
61    3.80973
56 7.40364  1
91    4.2503
57 12.861  2
63    6.15996
91    5.51605
58 10.6816  1
125    3.60273
59 13.565  4
80    6.45312
101    4.55243
112    4.47525
124    6.18963
60 12.9809  2
63    4.31347
114    3.99174
61 11.0732  2
81    5.61576
112    3.68815
62 14.8437  3
72    5.23681
89    3.68284
103    6.12059
63 7.15613  1
112    5.52136
64 12.0525  6
83    4.62394
84    4.17367
85    5.70338
86    4.69865
87    4.41766
88    3.50009
65 8.04147  2
112    5.63498
125    3.83894
66 14.9438  1
161    3.77293
67 7.48299  2
100    6.13286
113    5.40518
68 13.1201  1
160    5.41992
69 11.5276  1
125    5.23681
70 6.32756  2
111    4.25533
115    4.87974
71 9.34675  1
126    6.44763
72 9.20606  3
81    4.2449
101    5.6586
113    5.91267
73 8.74645  1
183    0
74 7.24555  1
101    3.9402
75 12.3446  3
180    5.58399
181    4.30871
182    6.1444
76 8.99548  2
91    4.08687
179    5.0558
77 8.05887  1
89    3.50375
78 5.00031  10
127    4.12889
128    5.55716
129    4.22109
130    5.85829
131    5.20449
132    6.06951
133    5.89427
134    5.32196
135    6.45312
136    4.14684
79 5.01251  1
92    3.77293
80 5.05249  1
81    5.93602
81 5.18311  1
183    0
82 5.60945  1
125    5.86818
83 7.00171  1
183    0
84 11.5484  6
94    6.42547
95    4.05657
96    5.32104
97    6.4501
98    4.13704
99    5.5838
85 6.39531  1
183    0
86 9.56801  1
183    0
87 9.92843  1
183    0
88 11.1055  2
100    4.30816
102    5.0558
89 14.9493  1
124    4.31347
90 7.50099  1
101    4.94099
91 13.179  1
183    0
92 11.7202  2
111    4.64893
124    6.28649
93 6.95624  7
141    5.93602
142    5.45828
143    3.89827
144    4.80403
145    4.76182
146    4.62394
147    4.17367
94 11.3997  8
104    6.18725
105    6.27871
106    3.57727
107    3.75581
108    4.33883
109    6.24273
110    6.4599
112    4.11791
95 5.90976  1
183    0
96 7.98257  1
183    0
97 14.7516  1
102    5.4819
98 6.85522  2
125    4.12917
179    5.4819
99 11.0701  1
183    0
100 14.8337  1
125    4.61029
101 7.12348  1
183    0
102 11.946  1
160    4.97853
103 7.69387  1
113    3.9586
104 13.8086  1
183    0
105 13.7762  1
111    4.169
106 13.6703  4
137    5.61576
138    4.41244
139    6.48315
140    4.2449
107 13.3245  8
152    3.50375
153    3.51575
154    3.55493
155    3.68284
156    4.10051
157    5.46451
158    3.91859
159    4.8704
108 12.1953  2
115    5.43118
125    6.17507
109 8.5081  1
160    5.51605
110 6.46733  1
124    4.89421
111 9.80331  1
183    0
112 10.6969  8
116    3.80973
117    4.51498
118    3.81788
119    4.54154
120    3.90458
121    4.82472
122    4.82939
123    4.84458
113 13.6151  1
183    0
114 13.1442  1
183    0
115 11.6063  1
160    5.95369
116 6.58452  1
183    0
117 10.186  2
124    6.15996
125    4.22411
118 11.9466  4
148    5.70338
149    4.69865
150    4.41766
151    3.50009
119 7.6957  1
183    0
120 13.8147  1
183    0
121 13.796  1
183    0
122 13.7353  1
183    0
123 13.5369  1
183    0
124 12.889  1
183    0
125 10.7732  1
183    0
126 13.8641  1
183    0
127 13.9575  1
183    0
128 14.2624  1
183    0
129 5.25758  1
183    0
130 5.85269  1
160    5.33166
131 7.79611  1
183    0
132 14.1424  1
183    0
133 14.8663  1
183    0
134 7.22999  1
183    0
135 12.2939  1
183    0
136 8.82977  1
183    0
137 7.51778  1
183    0
138 13.2336  1
183    0
139 11.8984  1
183    0
140 7.53822  1
183    0
141 13.3004  1
183    0
142 12.1166  1
183    0
143 8.25083  1
183    0
144 5.62716  1
183    0
145 7.05969  1
183    0
146 11.7379  10
169    4.30816
170    6.14257
171    6.13286
172    6.10109
173    5.99736
174    5.6586
175    4.55243
176    3.9402
177    4.94099
178    5.20907
147 7.01422  1
183    0
148 11.5893  1
183    0
149 6.52867  1
183    0
150 10.0035  1
183    0
151 11.3506  3
166    6.4501
167    4.13704
168    5.5838
152 5.74953  1
183    0
153 7.45918  1
160    6.4848
154 13.0422  1
183    0
155 11.2737  1
183    0
156 5.49837  1
183    0
157 6.63915  1
183    0
158 10.3645  1
183    0
159 12.5295  1
183    0
160 9.59914  1
183    0
161 10.0301  1
183    0
162 11.4373  1
179    6.08452
163 6.03244  1
183    0
164 8.38328  1
183    0
165 6.0596  1
183    0
166 8.47179  1
183    0
167 6.34861  1
183    0
168 9.41572  1
183    0
169 9.43129  1
183    0
170 9.48195  1
183    0
171 9.64736  1
183    0
172 10.1875  1
183    0
173 11.9515  1
183    0
174 7.71157  1
183    0
175 13.8665  1
183    0
176 13.9654  1
183    0
177 14.2883  1
183    0
178 5.34242  1
183    0
179 6.1298  1
183    0
180 8.70098  1
183    0
181 7.09723  1
183    0
182 11.8603  1
183    0
183 0  0
