46
0 7.6957  3
1    4.51498
2    3.81788
44    4.94099
1 13.8147  2
3    4.54154
18    4.22411
2 13.796  10
8    4.89421
9    5.05626
10    5.58545
11    4.31347
12    6.15996
13    6.18963
14    6.28649
15    3.60273
16    3.83894
17    4.61029
3 13.7353  7
4    3.90458
5    4.82472
6    4.82939
7    4.84458
19    6.06951
20    5.45828
42    6.10109
4 13.5369  1
18    5.55716
5 12.889  1
19    5.20449
6 10.7732  1
18    6.23898
7 13.8641  9
31    5.46451
32    3.91859
33    4.8704
34    4.97853
35    5.33166
36    6.4848
37    4.2503
38    5.95369
39    5.51605
8 13.9575  2
18    4.12917
20    4.80403
9 14.2624  3
18    4.12889
19    4.22109
20    4.2449
10 5.25758  1
19    5.61576
11 5.85269  2
19    4.41244
41    3.77293
12 7.79611  1
19    4.14684
13 14.1424  4
18    6.17507
19    5.89427
41    5.32104
42    6.13286
14 14.8663  4
18    5.86818
19    5.32196
20    5.93602
42    6.14257
15 7.22999  3
18    6.44763
20    6.48315
41    5.5838
16 12.2939  4
18    5.55808
19    6.45312
20    3.89827
41    4.39477
17 8.82977  4
18    5.23681
19    5.85829
41    4.30816
44    6.08452
18 7.51778  4
20    4.76182
27    3.51575
40    4.08687
41    4.05657
19 13.2336  1
27    3.50375
20 11.8984  6
21    4.62394
22    4.17367
23    5.70338
24    4.69865
25    4.41766
26    3.50009
21 7.53822  2
41    4.13704
44    3.9402
22 13.3004  1
45    0
23 12.1166  1
45    0
24 8.25083  1
45    0
25 5.62716  1
45    0
26 7.05969  4
28    3.55493
29    3.68284
30    4.10051
44    4.30871
27 11.7379  1
45    0
28 7.01422  2
42    5.99736
44    5.0558
29 11.5893  1
45    0
30 6.52867  2
42    5.6586
44    3.97536
31 10.0035  1
44    5.4819
32 11.3506  2
41    6.42547
44    5.20907
33 5.74953  1
45    0
34 7.45918  1
44    5.94325
35 13.0422  1
43    4.55243
36 11.2737  1
45    0
37 5.49837  1
41    5.41992
38 6.63915  1
45    0
39 10.3645  1
41    6.4501
40 12.5295  1
44    5.58399
41 9.59914  1
45    0
42 10.0301  1
45    0
43 11.4373  1
45    0
44 6.03244  1
45    0
45 0  0
