53
0 7.51778  8
1    41.2889
2    55.5716
3    42.2109
4    58.5829
12    64.8315
23    49.7853
38    59.9736
49    60.6108
1 13.2336  1
30    37.7293
2 11.8984  10
5    52.0449
6    60.6951
7    58.9427
8    53.2196
9    64.5312
10    41.4684
11    56.1576
14    54.5828
21    35.1575
22    39.1859
3 7.53822  2
21    35.5493
38    61.0109
4 13.3004  2
21    46.9865
49    43.0871
5 12.1166  2
12    44.1244
50    62.4273
6 8.25083  2
14    59.3602
50    42.5533
7 5.62716  3
21    44.1766
30    54.1992
51    59.9013
8 7.05969  1
13    42.449
9 11.7379  4
21    35.0009
30    43.9477
47    39.7536
50    56.8818
10 7.01422  1
52    0
11 11.5893  1
49    52.3196
12 6.52867  2
32    53.2104
33    64.501
13 10.0035  2
23    48.704
34    41.3704
14 11.3506  8
15    38.9827
16    48.0403
17    47.6182
18    46.2394
19    41.7367
20    57.0338
49    61.2059
51    44.7525
15 5.74953  1
21    35.0375
16 7.45918  1
50    64.599
17 13.0422  1
22    41.0051
18 11.2737  1
52    0
19 5.49837  9
39    56.586
40    45.5243
41    39.402
42    49.4099
43    52.0907
44    60.8452
45    59.4325
46    54.819
50    62.7871
20 6.63915  3
22    54.6451
38    61.3286
48    55.8399
21 10.3645  4
22    36.8284
47    50.558
49    61.8725
51    59.7008
22 12.5295  8
24    53.3166
25    64.848
26    42.503
27    59.5369
28    55.1605
29    40.8687
49    61.5923
51    55.6952
23 9.59914  3
35    55.838
36    43.0816
37    61.4257
24 10.0301  2
30    64.2547
50    41.69
25 11.4373  1
31    40.5657
26 6.03244  1
49    61.3881
27 8.38328  1
52    0
28 6.0596  1
51    42.6147
29 8.47179  1
52    0
30 6.34861  1
52    0
31 9.41572  1
52    0
32 9.43129  1
52    0
33 9.48195  1
52    0
34 9.64736  1
51    56.3498
35 10.1875  1
51    41.1791
36 11.9515  1
52    0
37 7.71157  1
49    61.444
38 13.8665  1
52    0
39 13.9654  1
50    43.3883
40 14.2883  1
50    46.4893
41 5.34242  1
52    0
42 6.1298  1
52    0
43 8.70098  1
52    0
44 7.09723  1
52    0
45 11.8603  1
50    35.7727
46 7.41371  1
50    37.5581
47 12.8939  1
52    0
48 10.7894  2
49    58.6671
51    36.8815
49 13.9169  1
52    0
50 14.1299  1
52    0
51 14.8254  1
52    0
52 0  0
