172
0 10.6969  3
1    54.7678
21    50.5626
37    48.704
1 13.6151  10
2    39.586
3    50.0105
4    54.0518
5    37.2486
6    42.3775
7    59.1267
8    53.8211
9    36.4951
10    39.9174
11    51.0936
2 13.1442  3
22    36.0273
37    41.0051
58    60.8452
3 11.6063  2
21    62.8649
32    54.5828
4 6.58452  2
21    43.1347
59    43.0871
5 10.186  3
12    57.5886
24    42.2109
37    35.0375
6 11.9466  2
21    48.2939
23    55.5808
7 7.6957  2
21    55.8545
23    41.2917
8 13.8147  1
23    42.2411
9 13.796  3
21    48.4458
116    60.6951
153    54.819
10 13.7353  2
21    48.9421
98    48.2939
11 13.5369  2
21    48.2472
23    61.7507
12 12.889  10
13    48.7974
14    50.0902
15    54.3118
16    38.0973
17    45.1498
18    38.1788
19    45.4154
20    39.0458
21    61.8963
23    52.3681
13 10.7732  2
23    41.2889
32    42.449
14 13.8641  1
24    58.5829
15 13.9575  1
23    64.4763
16 14.2624  4
22    38.3894
23    58.6818
32    38.9827
56    45.5243
17 5.25758  3
32    59.3602
35    46.2394
37    36.8284
18 5.85269  1
21    61.5996
19 7.79611  3
23    62.3898
24    55.5716
56    61.3286
20 14.1424  2
37    54.6451
117    41.4684
21 14.8663  3
32    64.8315
59    55.8399
90    48.7974
22 7.22999  2
23    46.1029
59    61.444
23 12.2939  1
91    50.0902
24 8.82977  8
25    52.0449
26    60.6951
27    58.9427
28    53.2196
29    64.5312
30    41.4684
31    56.1576
88    54.0518
25 7.51778  3
32    44.1244
35    41.7367
98    50.5626
26 13.2336  2
37    35.0009
56    39.402
27 11.8984  1
37    35.1575
28 7.53822  3
33    48.0403
34    47.6182
137    40.8687
29 13.3004  4
35    57.0338
37    44.1766
98    61.5996
116    64.5312
30 12.1166  1
37    39.1859
31 8.25083  6
138    64.2547
139    40.5657
140    53.2104
141    64.501
142    41.3704
143    55.838
32 5.62716  1
171    0
33 7.05969  10
46    37.7293
47    43.9477
48    64.2547
49    40.5657
50    53.2104
51    64.501
52    41.3704
53    55.838
54    43.0816
55    61.4257
34 11.7379  3
36    46.9865
37    35.5493
56    61.0109
35 7.01422  1
171    0
36 11.5893  8
38    49.7853
39    53.3166
40    64.848
41    42.503
42    59.5369
43    55.1605
44    40.8687
45    54.1992
37 6.52867  1
171    0
38 10.0035  1
171    0
39 11.3506  1
97    48.2472
40 5.74953  1
56    59.9736
41 7.45918  1
117    64.8315
42 13.0422  2
59    61.3881
117    54.5828
43 11.2737  1
171    0
44 5.49837  2
116    53.2196
137    54.1992
45 6.63915  1
56    56.586
46 10.3645  1
58    39.7536
47 12.5295  1
91    54.3118
48 9.59914  2
58    54.819
117    56.1576
49 10.0301  1
57    52.0907
50 11.4373  3
56    49.4099
58    59.4325
89    51.0936
51 6.03244  1
98    48.4458
52 8.38328  2
59    50.558
117    44.1244
53 6.0596  8
60    61.2059
61    60.6108
62    58.6671
63    52.3196
64    61.5923
65    61.8725
66    62.7871
67    35.7727
54 8.47179  10
107    58.6818
108    52.3681
109    61.7507
110    62.3898
111    64.4763
112    41.2889
113    55.5716
114    42.2109
115    58.5829
117    42.449
55 6.34861  1
171    0
56 9.41572  6
92    38.0973
93    45.1498
94    38.1788
95    45.4154
96    39.0458
137    43.9477
57 9.43129  10
79    59.9013
80    56.3498
81    44.7525
82    36.8815
83    41.1791
84    55.2136
85    41.0427
86    54.7678
87    39.586
88    53.8211
58 9.48195  9
128    41.0051
129    54.6451
130    39.1859
131    48.704
132    49.7853
133    53.3166
134    64.848
135    42.503
136    59.5369
59 9.64736  1
116    52.0449
60 10.1875  10
68    37.5581
69    43.3883
70    62.4273
71    64.599
72    41.69
73    56.8818
74    46.4893
75    42.5533
76    59.7008
117    38.9827
61 11.9515  10
118    46.2394
119    41.7367
120    57.0338
121    46.9865
122    44.1766
123    35.0009
124    35.0375
125    35.1575
126    35.5493
127    36.8284
62 7.71157  1
171    0
63 13.8665  1
98    43.1347
64 13.9654  1
171    0
65 14.2883  1
171    0
66 5.34242  1
171    0
67 6.1298  1
98    48.9421
68 8.70098  1
88    42.3775
69 7.09723  1
98    55.8545
70 11.8603  1
88    50.0105
71 7.41371  1
153    52.0907
72 12.8939  2
77    55.6952
78    42.6147
73 10.7894  1
89    36.4951
74 13.9169  1
171    0
75 14.1299  1
137    55.1605
76 14.8254  1
171    0
77 7.09632  3
88    59.1267
89    39.9174
117    48.0403
78 11.8572  1
171    0
79 7.40364  1
171    0
80 12.861  1
117    59.3602
81 10.6816  1
171    0
82 13.565  1
153    59.4325
83 12.9809  9
99    61.8963
100    62.8649
101    36.0273
102    38.3894
103    46.1029
104    41.2917
105    55.5808
106    42.2411
137    37.7293
84 11.0732  1
171    0
85 14.8437  1
89    57.5886
86 7.15613  1
171    0
87 12.0525  1
88    37.2486
88 8.04147  1
171    0
89 14.9438  1
171    0
90 7.48299  1
171    0
91 13.1201  1
171    0
92 11.5276  1
171    0
93 6.32756  1
171    0
94 9.34675  1
171    0
95 9.20606  1
171    0
96 8.74645  1
171    0
97 7.24555  10
161    58.6671
162    52.3196
163    61.5923
164    61.8725
165    62.7871
166    35.7727
167    37.5581
168    43.3883
169    62.4273
170    64.599
98 12.3446  1
171    0
99 8.99548  1
171    0
100 8.05887  1
171    0
101 5.00031  1
171    0
102 5.01251  1
171    0
103 5.05249  1
171    0
104 5.18311  1
116    58.9427
105 5.60945  6
144    43.0816
145    61.4257
146    61.3286
147    61.0109
148    59.9736
149    56.586
106 7.00171  1
171    0
107 11.5484  1
171    0
108 6.39531  1
171    0
109 9.56801  1
171    0
110 9.92843  1
171    0
111 11.1055  1
171    0
112 14.9493  1
171    0
113 7.50099  1
117    47.6182
114 13.179  1
171    0
115 11.7202  1
171    0
116 6.95624  1
171    0
117 11.3997  1
171    0
118 5.90976  1
171    0
119 7.98257  1
171    0
120 14.7516  1
171    0
121 6.85522  1
171    0
122 11.0701  1
171    0
123 14.8337  1
171    0
124 7.12348  1
171    0
125 11.946  1
171    0
126 7.69387  1
171    0
127 13.8086  1
171    0
128 13.7762  7
154    50.558
155    55.8399
156    43.0871
157    61.444
158    61.3881
159    61.2059
160    60.6108
129 13.6703  1
171    0
130 13.3245  1
171    0
131 12.1953  1
171    0
132 8.5081  1
171    0
133 6.46733  1
171    0
134 9.80331  1
171    0
135 10.6969  1
171    0
136 13.6151  1
171    0
137 13.1442  1
171    0
138 11.6063  1
171    0
139 6.58452  1
153    60.8452
140 10.186  1
171    0
141 11.9466  1
171    0
142 7.6957  1
153    39.7536
143 13.8147  1
171    0
144 13.796  1
171    0
145 13.7353  3
150    45.5243
151    39.402
152    49.4099
146 13.5369  1
171    0
147 12.889  1
171    0
148 10.7732  1
171    0
149 13.8641  1
171    0
150 13.9575  1
171    0
151 14.2624  1
171    0
152 5.25758  1
171    0
153 5.85269  1
171    0
154 7.79611  1
171    0
155 14.1424  1
171    0
156 14.8663  1
171    0
157 7.22999  1
171    0
158 12.2939  1
171    0
159 8.82977  1
171    0
160 7.51778  1
171    0
161 13.2336  1
171    0
162 11.8984  1
171    0
163 7.53822  1
171    0
164 13.3004  1
171    0
165 12.1166  1
171    0
166 8.25083  1
171    0
167 5.62716  1
171    0
168 7.05969  1
171    0
169 11.7379  1
171    0
170 7.01422  1
171    0
171 0  0
