207
0 12.2311  3
1    6.2018
2    3.73246
3    5.6467
1 8.62468  4
2    6.32623
3    5.9937
36    6.3818
45    5.87715
2 6.8479  2
3    4.26257
48    3.70829
3 11.046  10
4    4.51352
5    3.81312
6    4.52597
7    3.85377
8    4.65873
9    4.28729
10    6.07445
11    5.91038
12    5.3746
45    6.27074
4 14.7552  3
46    4.06169
47    5.3377
112    4.49731
5 6.86712  2
36    4.14391
45    3.55127
6 11.1089  7
13    3.62497
14    3.91163
15    4.8477
16    4.90437
17    5.0895
111    4.35943
112    6.31002
7 14.9603  1
206    0
8 7.537  10
18    5.69404
19    4.66807
20    4.31777
21    6.17397
22    6.2354
23    6.436
24    4.09099
25    5.43338
26    3.81687
27    4.53824
9 13.2965  2
38    4.1072
74    4.79157
10 12.1038  1
37    4.92891
11 8.20902  1
36    3.69611
12 5.49074  9
28    3.89387
29    4.78974
30    4.71513
31    4.4715
32    3.67588
33    4.07781
34    5.39035
35    3.67643
50    4.80503
13 6.61412  2
67    5.82249
113    4.72153
14 10.2828  1
39    4.80952
15 12.2625  1
112    3.67954
16 8.72723  1
68    5.44839
17 7.18299  4
50    5.81883
68    4.64747
110    3.76212
112    4.0898
18 12.1404  1
68    4.09557
19 8.32865  1
38    5.95561
20 5.88137  2
36    5.39639
90    3.58203
21 7.8898  1
45    6.06429
22 14.4485  4
36    3.91392
50    4.63474
54    3.83253
67    5.08757
23 5.8655  2
36    4.85521
45    4.28417
24 7.83792  2
36    4.3814
130    4.11269
25 14.2792  2
48    3.56272
50    4.76511
26 5.31251  1
68    5.51871
27 6.03214  3
51    5.07558
52    5.64853
53    4.51947
28 8.38206  1
38    5.52228
29 6.05564  2
36    5.60624
48    3.50449
30 8.45897  2
38    5.10277
45    5.26611
31 6.3068  3
38    3.98973
54    4.06096
90    4.44275
32 9.279  3
38    5.4863
57    4.28948
75    3.74015
33 8.9848  2
38    5.16961
50    4.20901
34 8.02408  2
36    4.07964
90    6.40872
35 14.8871  2
39    5.73734
50    5.73597
36 7.29774  3
45    3.67093
49    4.18365
90    5.86717
37 12.5152  1
130    6.36221
38 9.55245  5
40    4.77976
41    4.68253
42    4.36502
43    6.32824
44    3.73905
39 9.87777  2
48    3.51813
68    3.86595
40 10.9401  6
69    4.41739
70    6.49927
71    4.29754
72    6.10796
73    6.01979
75    4.28774
41 14.4092  2
55    5.33532
56    6.4968
42 5.73702  9
58    6.08159
59    5.93373
60    5.45087
61    3.874
62    4.72483
63    4.50317
64    3.77934
65    4.41565
66    6.49359
43 7.41829  1
206    0
44 12.9089  1
74    4.49118
45 10.8382  1
206    0
46 14.0765  1
67    4.27905
47 14.6512  7
118    6.05184
119    5.8365
120    5.13335
121    5.83723
122    5.13573
123    5.84501
124    5.16109
48 6.52745  2
68    5.95451
113    3.873
49 9.99954  3
54    4.58942
68    4.69855
130    5.50424
50 11.3378  1
206    0
51 5.70742  1
206    0
52 7.32185  1
90    5.14251
53 12.5939  1
206    0
54 9.80972  2
98    6.46979
99    4.20132
55 10.7179  1
154    5.75401
56 13.6837  2
68    4.25057
90    3.77137
57 13.3685  1
206    0
58 12.3391  1
67    6.04753
59 8.97748  1
206    0
60 7.99997  1
206    0
61 14.8083  2
75    5.91514
90    4.38965
62 7.04077  2
74    5.73185
112    3.7602
63 11.6759  1
74    4.72117
64 6.81188  1
206    0
65 10.9285  6
76    5.39016
77    3.67579
78    4.07753
79    5.38943
80    3.67341
81    4.06975
66 14.3713  1
68    5.68772
67 5.61342  7
91    5.23351
92    6.16436
93    6.204
94    6.33346
95    3.75608
96    4.33975
97    6.24575
68 7.01483  10
100    5.79365
101    4.99336
102    5.38009
103    3.64292
104    3.97023
105    5.03905
106    5.52933
107    4.13027
108    5.56165
109    4.23574
69 11.5911  1
75    6.07591
70 6.53478  1
206    0
71 10.0237  1
206    0
72 11.4165  1
206    0
73 5.96469  2
82    5.36407
83    3.59055
74 8.16202  5
125    5.92787
126    5.43173
127    3.81156
128    4.52094
129    3.83738
75 5.33723  1
206    0
76 6.11301  1
206    0
77 8.64635  1
90    4.00191
78 6.9187  1
112    3.61316
79 11.2774  1
206    0
80 5.51027  6
84    3.7992
85    4.48056
86    3.70545
87    4.1744
88    5.70576
89    4.70634
81 6.67791  1
206    0
82 10.4909  1
110    5.90608
83 12.9421  1
206    0
84 10.9468  1
206    0
85 14.4311  1
206    0
86 5.80874  1
183    6.33795
87 7.65267  1
130    4.60526
88 13.6743  1
112    5.42953
89 13.3377  1
206    0
90 12.2384  1
206    0
91 8.64849  2
112    6.2897
183    3.77073
92 6.92572  1
206    0
93 11.3002  1
110    3.5792
94 5.58504  1
206    0
95 6.92206  1
110    5.36059
96 11.2883  1
206    0
97 5.54598  1
112    4.35321
98 6.79449  4
114    4.49237
115    3.74409
116    4.30056
117    6.11776
99 10.8718  1
206    0
100 14.1861  1
206    0
101 5.00855  1
206    0
102 5.03967  1
206    0
103 5.1413  1
112    3.80433
104 5.47304  1
206    0
105 6.55644  9
184    4.38754
185    6.40185
186    3.97948
187    5.06926
188    5.62793
189    4.45227
190    3.61307
191    3.87272
192    4.72062
106 10.0945  1
130    5.29412
107 11.6475  1
206    0
108 6.71911  10
131    3.85002
132    4.64646
133    4.24728
134    5.9438
135    5.48373
136    3.98131
137    5.07521
138    5.64734
139    4.51563
183    3.85752
109 10.6255  1
206    0
110 13.3819  1
206    0
111 12.3827  1
206    0
112 9.12  1
206    0
113 8.46538  2
130    4.04833
183    4.671
114 6.32786  1
206    0
115 9.34797  5
149    4.45035
150    3.60685
151    3.8524
152    4.65424
153    4.27264
116 9.21003  1
206    0
117 8.75957  7
176    5.36975
177    3.60913
178    3.8599
179    4.67878
180    4.35275
181    6.28823
182    3.6084
118 7.28858  1
206    0
119 12.4853  1
206    0
120 9.45479  1
206    0
121 9.55886  1
206    0
122 9.89853  1
206    0
123 11.0079  8
168    5.00334
169    5.41269
170    3.74931
171    4.31759
172    6.17342
173    6.23357
174    6.43005
175    4.07149
124 14.6304  1
206    0
125 6.4597  1
206    0
126 9.77828  1
206    0
127 10.6151  1
206    0
128 13.348  1
206    0
129 12.2723  1
206    0
130 8.75927  1
206    0
131 7.28767  1
183    6.20537
132 12.4822  1
183    4.32739
133 9.44472  1
206    0
134 9.5259  1
206    0
135 9.7911  1
206    0
136 10.6569  1
206    0
137 13.4845  1
206    0
138 12.7175  9
140    3.81999
141    4.5484
142    3.92702
143    4.89796
144    5.06853
145    5.62555
146    4.44449
147    3.58771
148    3.78996
139 10.2132  1
206    0
140 12.0354  1
206    0
141 7.98593  3
155    4.8639
156    4.95729
157    5.26226
142 14.7626  1
193    4.48944
143 6.89123  1
206    0
144 11.1876  1
206    0
145 5.21729  1
154    6.02657
146 5.72115  1
206    0
147 7.36671  10
158    6.2582
159    3.51035
160    3.53726
161    3.62516
162    3.91218
163    4.84953
164    4.91041
165    5.10918
166    5.75831
167    4.878
148 12.7404  1
206    0
149 10.2879  1
206    0
150 12.2796  1
206    0
151 8.78307  1
206    0
152 7.36518  1
206    0
153 12.7352  1
206    0
154 10.2709  1
206    0
155 12.2237  1
206    0
156 8.60057  1
206    0
157 6.76916  1
206    0
158 10.7891  1
206    0
159 13.916  1
206    0
160 14.1269  1
206    0
161 14.8157  1
206    0
162 7.06458  1
206    0
163 11.7537  1
206    0
164 7.0658  1
206    0
165 11.7577  1
206    0
166 7.07892  1
206    0
167 11.8004  1
206    0
168 7.21839  1
206    0
169 12.2561  1
206    0
170 8.70647  1
206    0
171 7.11524  1
206    0
172 11.9192  1
206    0
173 7.60598  1
206    0
174 13.5217  1
206    0
175 12.8393  1
206    0
176 10.6108  1
206    0
177 13.334  1
206    0
178 12.2265  1
206    0
179 8.60973  1
206    0
180 6.79907  1
206    0
181 10.8867  1
206    0
182 14.2349  1
206    0
183 5.16816  1
206    0
184 5.56063  1
206    0
185 6.8424  1
206    0
186 11.028  1
206    0
187 14.6963  1
206    0
188 6.67486  1
206    0
189 10.4811  1
206    0
190 12.9104  10
194    3.73447
195    4.26916
196    6.01521
197    5.71693
198    4.74287
199    4.56204
200    3.9716
201    5.04353
202    5.54398
203    4.17806
191 10.8431  1
206    0
192 14.0924  1
206    0
193 14.7031  1
206    0
194 6.69683  2
204    5.71775
205    4.74552
195 10.5528  1
206    0
196 13.1445  1
206    0
197 11.6076  1
206    0
198 6.58849  1
206    0
199 10.1988  1
206    0
200 11.9884  1
206    0
201 7.83242  1
206    0
202 14.2611  1
206    0
203 5.25361  1
206    0
204 5.83987  1
206    0
205 7.7543  1
206    0
206 0  0
