93
0 5.49837  4
1    60.8452
7    61.444
8    61.2059
72    44.1244
1 6.63915  7
2    59.4325
3    54.819
4    39.7536
5    50.558
6    55.8399
8    58.6671
18    44.7525
2 10.3645  1
72    56.1576
3 12.5295  1
7    61.3881
4 9.59914  10
45    48.4458
46    48.9421
47    50.5626
48    55.8545
49    43.1347
50    61.5996
51    61.8963
52    62.8649
53    36.0273
54    38.3894
5 10.0301  2
7    43.0871
18    56.3498
6 11.4373  2
18    42.6147
72    59.3602
7 6.03244  2
8    60.6108
18    41.69
8 8.38328  7
9    52.3196
10    61.5923
11    61.8725
12    62.7871
13    35.7727
14    37.5581
18    56.8818
9 6.0596  1
92    0
10 8.47179  4
15    43.3883
16    62.4273
17    64.599
18    55.6952
11 6.34861  1
18    46.4893
12 9.41572  1
92    0
13 9.43129  1
92    0
14 9.48195  1
18    42.5533
15 9.64736  1
18    59.7008
16 10.1875  1
18    59.9013
17 11.9515  1
92    0
18 7.71157  10
19    36.8815
20    41.1791
21    55.2136
22    41.0427
23    54.7678
24    39.586
25    50.0105
26    54.0518
27    37.2486
28    42.3775
19 13.8665  1
92    0
20 13.9654  7
58    42.2411
59    58.6818
60    52.3681
61    61.7507
62    62.3898
63    64.4763
81    35.0375
21 14.2883  1
92    0
22 5.34242  1
92    0
23 6.1298  1
72    64.8315
24 8.70098  1
92    0
25 7.09723  1
92    0
26 11.8603  6
29    59.1267
30    53.8211
31    36.4951
32    39.9174
33    51.0936
34    57.5886
27 7.41371  1
92    0
28 12.8939  10
35    48.7974
36    50.0902
37    54.3118
38    38.0973
39    45.1498
40    38.1788
41    45.4154
42    39.0458
43    48.2472
44    48.2939
29 10.7894  1
92    0
30 13.9169  4
82    54.6451
83    39.1859
84    48.704
85    49.7853
31 14.1299  1
81    35.1575
32 14.8254  1
92    0
33 7.09632  1
92    0
34 11.8572  1
92    0
35 7.40364  1
92    0
36 12.861  1
92    0
37 10.6816  2
70    64.5312
71    41.4684
38 13.565  1
92    0
39 12.9809  1
92    0
40 11.0732  1
92    0
41 14.8437  1
92    0
42 7.15613  1
92    0
43 12.0525  3
55    46.1029
56    41.2917
57    55.5808
44 8.04147  5
65    55.5716
66    42.2109
67    58.5829
68    52.0449
69    60.6951
45 14.9438  1
92    0
46 7.48299  1
69    53.2196
47 13.1201  1
92    0
48 11.5276  1
92    0
49 6.32756  1
92    0
50 9.34675  6
86    53.3166
87    64.848
88    42.503
89    59.5369
90    55.1605
91    40.8687
51 9.20606  1
92    0
52 8.74645  1
81    41.0051
53 7.24555  1
92    0
54 12.3446  1
92    0
55 8.99548  1
69    58.9427
56 8.05887  1
92    0
57 5.00031  1
64    41.2889
58 5.01251  1
92    0
59 5.05249  1
72    42.449
60 5.18311  1
81    44.1766
61 5.60945  1
92    0
62 7.00171  1
92    0
63 11.5484  1
92    0
64 6.39531  8
73    54.5828
74    38.9827
75    48.0403
76    47.6182
77    46.2394
78    41.7367
79    57.0338
80    46.9865
65 9.56801  1
92    0
66 9.92843  1
92    0
67 11.1055  1
92    0
68 14.9493  1
92    0
69 7.50099  1
92    0
70 13.179  1
81    35.0009
71 11.7202  1
92    0
72 6.95624  1
81    35.5493
73 11.3997  1
81    36.8284
74 5.90976  1
92    0
75 7.98257  1
92    0
76 14.7516  1
92    0
77 6.85522  1
92    0
78 11.0701  1
92    0
79 14.8337  1
92    0
80 7.12348  1
92    0
81 11.946  1
92    0
82 7.69387  1
92    0
83 13.8086  1
92    0
84 13.7762  1
92    0
85 13.6703  1
92    0
86 13.3245  1
92    0
87 12.1953  1
92    0
88 8.5081  1
92    0
89 6.46733  1
92    0
90 9.80331  1
92    0
91 10.6969  1
92    0
92 0  0
