121
0 7.01422  5
1    6.24273
2    6.4599
3    4.169
8    5.63498
26    5.58545
1 11.5893  4
8    4.47525
25    3.90458
48    3.50009
49    5.95369
2 6.52867  5
7    4.26147
8    4.10427
26    3.60273
102    4.22109
112    5.70338
3 10.0035  5
4    5.68818
5    4.64893
6    4.25533
8    3.9586
77    4.26147
4 11.3506  4
7    5.56952
8    5.47678
35    5.20449
47    4.80403
5 5.74953  5
7    5.99013
8    3.68815
25    4.82939
48    3.91859
74    5.86671
6 7.45918  2
7    5.97008
8    5.52136
7 13.0422  5
8    4.11791
26    4.31347
48    3.50375
83    5.00902
87    4.84458
8 11.2737  5
9    5.00105
10    5.40518
11    3.72486
26    5.05626
47    4.41766
9 5.49837  10
12    4.23775
13    5.91267
14    5.38211
15    3.64951
16    3.99174
17    5.10936
18    5.75886
19    4.87974
20    5.00902
21    5.43118
10 6.63915  3
47    5.70338
75    5.68818
77    5.99013
11 10.3645  2
49    6.4848
79    5.47678
12 12.5295  3
35    5.85829
47    4.62394
76    5.56952
13 9.59914  3
26    6.15996
47    4.17367
75    4.33883
14 10.0301  5
22    3.80973
23    4.51498
24    3.81788
34    6.44763
61    3.9402
15 11.4373  1
37    5.32196
16 6.03244  1
25    4.89421
17 8.38328  5
25    4.84458
47    4.69865
49    4.97853
61    6.10109
75    6.4599
18 6.0596  2
25    4.82472
79    5.40518
19 8.47179  6
25    4.54154
26    6.28649
27    4.61029
35    5.55716
49    5.33166
97    5.86818
20 6.34861  3
50    4.08687
51    5.41992
78    4.10427
21 9.41572  2
48    5.46451
79    3.9586
22 9.43129  3
26    3.83894
35    4.12889
79    3.72486
23 9.48195  6
41    4.41244
42    6.48315
43    4.2449
44    5.93602
45    5.45828
46    3.89827
24 9.64736  2
26    6.18963
61    5.99736
25 10.1875  2
34    6.23898
78    5.52136
26 11.9515  8
28    4.12917
29    5.55808
30    4.22411
31    5.86818
32    5.23681
33    6.17507
40    5.61576
83    5.43118
27 7.71157  2
36    5.89427
102    5.32196
28 13.8665  9
52    3.77293
53    4.39477
54    6.42547
55    4.05657
56    5.32104
57    6.4501
58    4.13704
59    5.5838
60    4.30816
29 13.9654  2
35    4.22109
97    4.22411
30 14.2883  1
35    6.06951
31 5.34242  1
39    4.14684
32 6.1298  2
97    4.12917
102    5.20449
33 8.70098  3
48    3.55493
76    5.97008
83    3.81788
34 7.09723  2
61    6.14257
75    3.57727
35 11.8603  1
112    4.41766
36 7.41371  1
120    0
37 12.8939  4
38    6.45312
48    4.8704
49    5.51605
76    4.25533
38 10.7894  1
48    4.10051
39 13.9169  1
78    4.11791
40 14.1299  4
98    6.17507
99    6.23898
100    6.44763
101    4.12889
41 14.8254  2
61    5.6586
79    5.00105
42 7.09632  3
48    3.68284
75    6.27871
83    3.80973
43 11.8572  2
49    4.2503
83    4.51498
44 7.40364  1
74    6.06108
45 12.861  1
120    0
46 10.6816  4
47    4.76182
61    4.55243
74    6.15923
79    4.23775
47 13.565  2
48    3.51575
102    5.61576
48 12.9809  1
120    0
49 11.0732  1
61    6.13286
50 14.8437  1
120    0
51 7.15613  1
120    0
52 12.0525  2
62    4.94099
78    3.68815
53 8.04147  1
74    5.23196
54 14.9438  1
120    0
55 7.48299  1
75    4.169
56 13.1201  2
75    6.18725
87    4.82939
57 11.5276  1
79    3.64951
58 6.32756  2
75    6.24273
102    6.45312
59 9.34675  1
79    5.91267
60 9.20606  4
70    4.30871
71    6.1444
72    6.13881
73    6.12059
61 8.74645  1
120    0
62 7.24555  5
63    5.20907
64    6.08452
65    5.94325
66    5.4819
67    3.97536
63 12.3446  2
75    3.75581
79    5.38211
64 8.99548  1
97    5.23681
65 8.05887  1
77    5.63498
66 5.00031  1
76    4.64893
67 5.01251  2
68    5.0558
69    5.58399
68 5.05249  2
110    4.76182
111    4.62394
69 5.18311  1
120    0
70 5.60945  1
78    4.47525
71 7.00171  7
103    4.41244
104    6.48315
105    4.2449
106    5.93602
107    5.45828
108    3.89827
109    4.80403
72 11.5484  1
120    0
73 6.39531  1
120    0
74 9.56801  4
80    5.10936
81    5.75886
82    4.87974
102    4.14684
75 9.92843  3
84    4.54154
85    3.90458
86    4.82472
76 11.1055  1
79    3.99174
77 14.9493  1
120    0
78 7.50099  9
89    5.05626
90    5.58545
91    4.31347
92    6.15996
93    6.18963
94    6.28649
95    3.60273
96    3.83894
97    5.55808
79 13.179  2
97    4.61029
102    6.06951
80 11.7202  1
88    4.89421
81 6.95624  7
113    3.50009
114    3.50375
115    3.51575
116    3.55493
117    3.68284
118    4.10051
119    5.46451
82 11.3997  1
120    0
83 5.90976  1
120    0
84 7.98257  1
120    0
85 14.7516  1
120    0
86 6.85522  1
120    0
87 11.0701  1
120    0
88 14.8337  1
120    0
89 7.12348  1
102    5.85829
90 11.946  1
120    0
91 7.69387  1
120    0
92 13.8086  2
102    5.89427
112    4.69865
93 13.7762  1
120    0
94 13.6703  1
120    0
95 13.3245  1
120    0
96 12.1953  1
102    5.55716
97 8.5081  1
120    0
98 6.46733  1
120    0
99 9.80331  1
120    0
100 10.6969  1
120    0
101 13.6151  1
120    0
102 13.1442  1
120    0
103 11.6063  1
120    0
104 6.58452  1
120    0
105 10.186  1
120    0
106 11.9466  1
120    0
107 7.6957  1
120    0
108 13.8147  1
120    0
109 13.796  1
120    0
110 13.7353  1
112    4.17367
111 13.5369  1
120    0
112 12.889  1
120    0
113 10.7732  1
120    0
114 13.8641  1
120    0
115 13.9575  1
120    0
116 14.2624  1
120    0
117 5.25758  1
120    0
118 5.85269  1
120    0
119 7.79611  1
120    0
120 0  0
