54
0 5.74953  6
1    3.89827
3    4.76182
4    4.17367
8    3.68284
22    5.6586
42    3.9586
1 7.45918  4
2    4.80403
4    4.41766
5    3.50009
41    4.47525
2 13.0422  5
3    4.62394
4    4.69865
8    5.46451
23    4.94099
32    6.18725
3 11.2737  4
4    5.70338
5    3.50375
32    6.27871
43    3.72486
4 5.49837  3
6    3.51575
7    3.55493
23    6.08452
5 6.63915  3
8    3.91859
42    5.00105
46    5.43118
6 10.3645  3
8    4.10051
32    6.15923
43    5.40518
7 12.5295  3
8    4.8704
19    4.13704
43    3.64951
8 9.59914  10
9    4.97853
10    5.33166
11    6.4848
12    4.2503
13    5.95369
14    5.51605
15    4.08687
16    5.41992
17    3.77293
22    3.9402
9 10.0301  2
18    6.42547
32    5.23196
10 11.4373  1
53    0
11 6.03244  4
19    6.14257
22    4.55243
23    5.94325
43    5.38211
12 8.38328  2
18    4.05657
19    6.4501
13 6.0596  2
18    5.32104
43    5.91267
14 8.47179  2
23    5.4819
43    5.75886
15 6.34861  1
18    4.39477
16 9.41572  2
19    4.30816
43    5.10936
17 9.43129  3
20    6.13286
21    6.10109
32    6.4599
18 9.48195  1
19    5.5838
19 9.64736  1
42    4.11791
20 10.1875  9
24    3.97536
25    5.0558
26    5.58399
27    4.30871
28    6.1444
29    6.13881
30    6.12059
31    6.06108
32    6.24273
21 11.9515  2
22    5.99736
32    3.75581
22 7.71157  1
23    5.20907
23 13.8665  2
32    5.86671
43    4.23775
24 13.9654  1
32    4.33883
25 14.2883  5
48    3.81788
49    4.54154
50    3.90458
51    4.82472
52    4.82939
26 5.34242  1
53    0
27 6.1298  1
44    4.87974
28 8.70098  9
33    4.169
34    5.68818
35    4.64893
36    4.25533
37    5.97008
38    5.56952
39    4.26147
40    5.99013
41    3.68815
29 7.09723  1
53    0
30 11.8603  2
32    3.57727
47    4.51498
31 7.41371  1
45    5.00902
32 12.8939  1
53    0
33 10.7894  1
41    5.63498
34 13.9169  1
53    0
35 14.1299  1
53    0
36 14.8254  1
42    5.47678
37 7.09632  1
53    0
38 11.8572  1
46    3.80973
39 7.40364  1
43    3.99174
40 12.861  1
42    5.52136
41 10.6816  1
42    4.10427
42 13.565  1
53    0
43 12.9809  1
53    0
44 11.0732  1
53    0
45 14.8437  1
53    0
46 7.15613  1
53    0
47 12.0525  1
53    0
48 8.04147  1
53    0
49 14.9438  1
53    0
50 7.48299  1
53    0
51 13.1201  1
53    0
52 11.5276  1
53    0
53 0  0
