96
0 10.0035  10
1    39.402
2    49.4099
3    52.0907
4    60.8452
5    59.4325
6    54.819
7    55.8399
8    62.7871
23    54.0518
39    48.2939
1 11.3506  4
7    61.444
8    61.8725
43    52.0449
58    43.9477
2 5.74953  5
7    39.7536
22    41.1791
40    41.2917
42    58.5829
58    54.1992
3 7.45918  2
7    61.3881
8    60.6108
4 13.0422  2
7    61.2059
8    58.6671
5 11.2737  4
7    50.558
8    35.7727
22    54.7678
39    48.4458
6 5.49837  6
7    43.0871
8    61.5923
22    36.8815
39    61.8963
40    46.1029
74    54.819
7 6.63915  3
8    52.3196
22    39.586
23    37.2486
8 10.3645  5
9    37.5581
10    43.3883
11    62.4273
22    41.0427
56    36.8284
9 12.5295  10
12    64.599
13    41.69
14    56.8818
15    46.4893
16    42.5533
17    59.7008
18    55.6952
19    42.6147
20    59.9013
21    56.3498
10 9.59914  2
40    42.2411
57    48.704
11 10.0301  2
43    41.4684
57    53.3166
12 11.4373  3
57    49.7853
75    39.7536
85    56.8818
13 6.03244  1
84    37.5581
14 8.38328  2
40    62.3898
41    64.4763
15 6.0596  3
24    59.1267
25    53.8211
40    52.3681
16 8.47179  1
44    59.3602
17 6.34861  8
26    36.4951
27    39.9174
28    51.0936
29    57.5886
30    48.7974
31    50.0902
32    54.3118
33    38.0973
18 9.41572  3
22    44.7525
40    58.6818
58    42.503
19 9.43129  3
23    42.3775
43    60.6951
58    40.8687
20 9.48195  3
44    64.8315
56    39.1859
85    59.7008
21 9.64736  3
22    55.2136
23    50.0105
57    64.848
22 10.1875  2
39    62.8649
43    53.2196
23 11.9515  2
43    64.5312
85    46.4893
24 7.71157  1
95    0
25 13.8665  1
56    54.6451
26 13.9654  1
39    61.5996
27 14.2883  7
34    45.1498
35    38.1788
36    45.4154
37    39.0458
38    48.2472
39    55.8545
42    55.5716
28 5.34242  2
40    38.3894
58    64.2547
29 6.1298  2
42    42.2109
44    56.1576
30 8.70098  1
39    43.1347
31 7.09723  3
45    54.5828
46    38.9827
47    48.0403
32 11.8603  2
40    55.5808
75    50.558
33 7.41371  3
39    50.5626
42    41.2889
76    43.0871
34 12.8939  3
49    57.0338
74    59.4325
76    55.8399
35 10.7894  1
39    36.0273
36 13.9169  3
39    48.9421
48    46.2394
58    59.5369
37 14.1299  2
43    58.9427
44    42.449
38 14.8254  1
44    44.1244
39 7.09632  2
40    61.7507
58    40.5657
40 11.8572  1
95    0
41 7.40364  1
95    0
42 12.861  1
76    61.3881
43 10.6816  1
95    0
44 13.565  1
95    0
45 12.9809  2
48    41.7367
84    35.7727
46 11.0732  1
85    55.6952
47 14.8437  2
48    47.6182
56    41.0051
48 7.15613  6
50    46.9865
51    44.1766
52    35.0009
53    35.0375
54    35.1575
55    35.5493
49 12.0525  1
95    0
50 8.04147  9
86    42.6147
87    59.9013
88    56.3498
89    44.7525
90    36.8815
91    41.1791
92    55.2136
93    41.0427
94    54.7678
51 14.9438  1
95    0
52 7.48299  2
58    55.1605
85    42.5533
53 13.1201  1
95    0
54 11.5276  1
95    0
55 6.32756  1
58    37.7293
56 9.34675  1
95    0
57 9.20606  3
59    53.2104
60    64.501
61    41.3704
58 8.74645  4
62    55.838
63    43.0816
64    61.4257
84    43.3883
59 7.24555  1
76    61.444
60 12.3446  1
95    0
61 8.99548  9
65    61.3286
66    61.0109
67    59.9736
68    56.586
69    45.5243
70    39.402
71    49.4099
72    52.0907
73    60.8452
62 8.05887  1
95    0
63 5.00031  1
95    0
64 5.01251  1
95    0
65 5.05249  1
95    0
66 5.18311  1
95    0
67 5.60945  1
95    0
68 7.00171  1
95    0
69 11.5484  1
84    64.599
70 6.39531  1
95    0
71 9.56801  1
95    0
72 9.92843  1
95    0
73 11.1055  8
77    61.2059
78    60.6108
79    58.6671
80    52.3196
81    61.5923
82    61.8725
83    62.7871
84    62.4273
74 14.9493  1
95    0
75 7.50099  1
95    0
76 13.179  1
95    0
77 11.7202  1
95    0
78 6.95624  1
95    0
79 11.3997  1
95    0
80 5.90976  1
95    0
81 7.98257  1
95    0
82 14.7516  1
84    41.69
83 6.85522  1
95    0
84 11.0701  1
95    0
85 14.8337  1
95    0
86 7.12348  1
95    0
87 11.946  1
95    0
88 7.69387  1
95    0
89 13.8086  1
95    0
90 13.7762  1
95    0
91 13.6703  1
95    0
92 13.3245  1
95    0
93 12.1953  1
95    0
94 8.5081  1
95    0
95 0  0
