64
0 8.99548  5
1    1.1139
9    0.820853
23    0.720545
25    1.04736
54    0.861742
1 8.05887  10
2    0.852293
3    1.19803
4    1.127
5    0.89505
6    0.737629
7    0.823582
8    1.10427
10    0.79172
21    1.08624
23    0.825834
2 5.00031  3
22    0.965877
25    1.17166
52    1.19947
3 5.01251  5
27    1.17885
28    1.06439
29    1.29062
30    0.829368
33    0.952364
4 5.05249  2
10    1.09536
24    1.11162
5 5.18311  1
10    1.00021
6 5.60945  3
25    1.23501
31    0.882488
54    1.18865
7 7.00171  1
34    0.820103
8 11.5484  4
22    0.968917
23    0.922059
32    1.09166
52    1.22022
9 6.39531  10
11    1.08104
12    0.744972
13    0.847551
14    1.18253
15    1.07642
16    0.729902
17    0.798349
18    1.02187
19    1.15177
20    0.975948
10 9.56801  3
22    0.761946
25    1.17364
26    1.2139
11 9.92843  3
23    1.11709
52    0.78804
54    1.09638
12 11.1055  5
23    0.862694
25    1.28953
32    1.1872
33    0.939729
53    0.988198
13 14.9493  1
34    0.700751
14 7.50099  4
21    1.0018
22    0.763576
31    1.12315
41    1.08398
15 13.179  4
22    0.964943
23    1.23793
25    0.844218
34    0.703149
16 11.7202  1
63    0
17 6.95624  4
22    1.01125
23    1.2573
34    0.783718
52    1.22657
18 11.3997  4
22    0.978841
23    0.767788
33    0.700018
34    1.0929
19 5.90976  2
22    0.902997
25    0.844823
20 7.98257  3
22    0.908307
25    1.24779
32    0.779653
21 14.7516  5
22    0.780917
25    0.825779
26    1.0409
33    0.960805
53    1.2169
22 6.85522  3
23    1.23199
34    0.710987
54    1.01116
23 11.0701  2
25    1.11143
34    0.974081
24 14.8337  2
33    0.834733
54    0.795071
25 7.12348  1
34    0.736567
26 11.946  1
33    0.924787
27 7.69387  1
33    1.14068
28 13.8086  1
32    0.848979
29 13.7762  1
31    1.29663
30 13.6703  1
33    0.883532
31 13.3245  1
63    0
32 12.1953  7
35    0.995706
36    1.06633
37    1.29696
38    0.85006
39    1.19074
40    1.10321
56    1.22412
33 8.5081  1
63    0
34 6.46733  1
63    0
35 9.80331  1
63    0
36 10.6969  1
63    0
37 13.6151  1
53    1.04181
38 13.1442  6
46    1.06421
47    1.29002
48    0.827409
49    1.11676
50    0.861632
51    1.22851
39 11.6063  1
63    0
40 6.58452  1
41    0.817374
41 10.186  4
42    0.754585
43    0.878954
44    1.28509
45    0.811313
42 11.9466  1
63    0
43 7.6957  1
63    0
44 13.8147  6
57    1.21222
58    1.17334
59    1.04639
60    1.23185
61    1.23745
62    1.25574
45 13.796  1
52    0.910486
46 13.7353  1
63    0
47 13.5369  1
54    1.22888
48 12.889  1
52    1.13172
49 10.7732  1
55    1.22776
50 13.8641  1
63    0
51 13.9575  1
54    1.1168
52 14.2624  1
63    0
53 5.25758  1
63    0
54 5.85269  1
63    0
55 7.79611  1
63    0
56 14.1424  1
63    0
57 14.8663  1
63    0
58 7.22999  1
63    0
59 12.2939  1
63    0
60 8.82977  1
63    0
61 7.51778  1
63    0
62 13.2336  1
63    0
63 0  0
