47
0 7.45918  5
1    56.1576
14    41.0051
15    48.704
16    64.501
25    43.0871
1 13.0422  8
2    44.1244
3    64.8315
4    42.449
14    44.1766
15    53.3166
16    40.5657
17    55.838
26    61.2059
2 11.2737  10
5    59.3602
6    54.5828
7    38.9827
8    48.0403
9    47.6182
10    46.2394
11    41.7367
12    57.0338
13    46.9865
27    62.4273
3 5.49837  5
14    35.1575
15    54.6451
25    50.558
26    61.8725
27    64.599
4 6.63915  3
25    55.8399
43    48.7974
44    45.4154
5 10.3645  3
14    35.5493
15    49.7853
44    48.2939
6 12.5295  2
15    55.1605
27    41.69
7 9.59914  4
14    35.0009
15    40.8687
16    37.7293
45    48.9421
8 10.0301  1
25    61.444
9 11.4373  4
15    59.5369
16    54.1992
25    54.819
27    46.4893
10 6.03244  5
14    35.0375
15    64.848
16    53.2104
17    61.4257
27    56.8818
11 8.38328  10
18    61.0109
19    59.9736
20    56.586
21    45.5243
22    39.402
23    49.4099
24    52.0907
25    61.3881
26    61.5923
44    48.2472
12 6.0596  2
16    64.2547
27    35.7727
13 8.47179  2
14    36.8284
15    42.503
14 6.34861  5
15    39.1859
16    41.3704
17    61.3286
34    41.1791
43    51.0936
15 9.41572  1
16    43.9477
16 9.43129  3
17    43.0816
25    39.7536
34    41.0427
17 9.48195  3
25    59.4325
26    52.3196
34    55.2136
18 9.64736  1
46    0
19 10.1875  8
35    54.7678
36    39.586
37    50.0105
38    54.0518
39    37.2486
40    42.3775
41    59.1267
42    53.8211
20 11.9515  3
25    60.8452
26    62.7871
45    50.5626
21 7.71157  2
26    58.6671
27    42.5533
22 13.8665  1
46    0
23 13.9654  1
27    43.3883
24 14.2883  1
46    0
25 5.34242  4
26    60.6108
27    37.5581
43    57.5886
45    61.8963
26 6.1298  1
43    39.9174
27 8.70098  6
28    59.7008
29    55.6952
30    42.6147
31    59.9013
32    56.3498
33    44.7525
28 7.09723  1
43    36.4951
29 11.8603  2
43    54.3118
44    48.4458
30 7.41371  1
46    0
31 12.8939  2
44    45.1498
45    43.1347
32 10.7894  1
45    55.8545
33 13.9169  1
34    36.8815
34 14.1299  2
44    38.1788
45    61.5996
35 14.8254  1
43    50.0902
36 7.09632  1
46    0
37 11.8572  1
46    0
38 7.40364  1
46    0
39 12.861  1
46    0
40 10.6816  1
44    39.0458
41 13.565  1
46    0
42 12.9809  1
46    0
43 11.0732  1
44    38.0973
44 14.8437  1
46    0
45 7.15613  1
46    0
46 0  0
