165
0 10.7894  5
1    7.00751
3    7.10987
9    8.5006
10    10.6421
11    7.8804
1 13.9169  8
2    7.0315
4    8.20103
9    10.6633
10    8.27409
11    9.10486
27    12.9198
47    7.63576
84    7.83718
2 14.1299  4
3    7.36567
10    10.8398
26    12.5574
116    7.37629
3 14.8254  8
5    10.929
6    7.83718
7    9.74081
8    9.95706
10    12.9002
46    11.5177
133    10.018
145    10.4736
4 7.09632  4
9    8.17374
10    8.11313
54    7.20545
68    8.82488
5 11.8572  2
10    11.1676
27    9.29786
6 7.40364  6
9    11.0321
10    12.8509
11    11.3172
26    12.3745
27    8.33799
46    10.2187
7 12.861  5
9    12.9696
10    8.78954
11    12.2851
47    7.61946
54    7.67788
8 10.6816  6
9    11.9074
10    7.54585
11    12.2657
46    10.018
47    9.02997
61    12.3501
9 13.565  4
10    8.61632
11    12.2022
27    8.51067
86    12.2851
10 12.9809  4
11    11.9947
54    12.573
85    11.9074
111    11.139
11 11.0732  10
12    9.88198
13    10.4181
14    12.169
15    11.8865
16    10.9638
17    7.95071
18    10.1116
54    12.3793
85    12.9696
150    8.48979
12 14.8437  2
26    10.4639
85    12.8509
13 7.15613  8
19    11.168
20    8.61742
21    12.2888
22    12.2776
23    12.2412
24    12.1222
25    11.7334
26    12.3185
14 12.0525  1
27    11.9402
15 8.04147  1
54    10.1125
16 14.9438  8
28    11.139
29    8.52293
30    11.9803
31    11.27
32    8.9505
33    7.37629
34    8.23582
35    11.0427
17 7.48299  1
27    8.67766
18 13.1201  6
105    10.4639
106    12.3185
107    12.3745
108    12.5574
109    7.15455
110    7.51161
19 11.5276  10
36    8.20853
37    10.9536
38    7.9172
39    10.0021
40    10.8104
41    7.44972
42    8.47551
43    11.8253
44    10.7642
45    7.29902
20 6.32756  2
26    7.15455
27    12.4855
21 9.34675  2
46    10.8624
86    12.2022
22 9.20606  1
150    8.29368
23 8.74645  2
84    8.20103
111    12.4855
24 7.24555  1
27    11.3764
25 12.3446  1
26    7.51161
26 8.99548  1
164    0
27 8.05887  2
54    11.1709
85    8.78954
28 5.00031  2
54    12.3199
86    8.11313
29 5.01251  3
61    8.25779
84    9.95706
86    12.2657
30 5.05249  2
85    10.8398
86    10.6421
31 5.18311  1
164    0
32 5.60945  1
85    7.54585
33 7.00171  1
61    11.1143
34 11.5484  4
72    10.9166
73    7.79653
74    9.60805
75    9.52364
35 6.39531  1
111    11.9402
36 9.56801  1
46    7.98349
37 9.92843  1
164    0
38 11.1055  2
84    10.929
150    10.6439
39 14.9493  5
87    11.9947
88    11.3172
89    9.10486
90    7.8804
91    9.88198
40 7.50099  1
133    10.8624
41 13.179  8
48    9.08307
49    7.80917
50    9.64943
51    9.65877
52    9.68917
53    9.78841
86    8.61632
154    9.39729
42 11.7202  2
46    9.75948
84    7.36567
43 6.95624  7
62    8.44218
63    11.7166
64    10.409
65    12.139
66    11.7885
67    10.6439
68    12.9062
44 11.3997  7
92    10.4181
93    12.169
94    11.8865
95    10.9638
96    7.95071
97    10.1116
98    11.168
45 5.90976  6
55    9.22059
56    8.25834
57    11.1162
58    8.44823
59    11.7364
60    10.4736
46 7.98257  1
61    12.8953
47 14.7516  1
164    0
48 6.85522  1
133    7.80917
49 11.0701  1
164    0
50 14.8337  3
54    8.62694
144    7.67788
154    8.34733
51 7.12348  1
164    0
52 11.946  2
85    11.0321
150    8.82488
53 7.69387  3
69    12.9663
70    8.48979
71    11.872
54 13.8086  2
68    11.2315
111    9.29786
55 13.7762  4
112    8.52293
113    11.9803
114    11.27
115    8.9505
56 13.6703  8
76    9.24787
77    8.34733
78    11.4068
79    9.39729
80    8.83532
81    7.00018
82    7.00751
83    7.0315
57 13.3245  1
145    11.1162
58 12.1953  2
61    12.478
133    9.64943
59 8.5081  1
68    8.29368
60 6.46733  1
85    8.17374
61 9.80331  1
150    12.9062
62 10.6969  1
164    0
63 13.6151  1
164    0
64 13.1442  3
84    10.6633
111    8.51067
154    11.4068
65 11.6063  1
164    0
66 6.58452  2
111    8.67766
144    9.22059
67 10.186  1
111    11.3764
68 11.9466  1
133    9.02997
69 7.6957  2
86    12.9002
154    8.83532
70 13.8147  1
150    12.9663
71 13.796  1
164    0
72 13.7353  1
164    0
73 13.5369  1
164    0
74 12.889  10
134    9.65877
135    9.68917
136    9.78841
137    10.1125
138    11.1709
139    8.62694
140    12.3199
141    12.3793
142    12.573
143    7.20545
75 10.7732  2
85    8.5006
86    11.1676
76 13.8641  1
145    8.25779
77 13.9575  1
84    7.10987
78 14.2624  2
84    9.74081
86    8.27409
79 5.25758  1
164    0
80 5.85269  1
164    0
81 7.79611  1
164    0
82 14.1424  6
99    8.61742
100    12.2888
101    12.2776
102    12.2412
103    12.1222
104    11.7334
83 14.8663  1
154    9.52364
84 7.22999  1
145    12.3501
85 12.2939  1
164    0
86 8.82977  1
164    0
87 7.51778  2
133    7.61946
145    12.478
88 13.2336  1
145    11.7364
89 11.8984  1
164    0
90 7.53822  9
155    7.00018
156    7.00751
157    7.0315
158    7.10987
159    7.36567
160    8.20103
161    10.929
162    7.83718
163    9.74081
91 13.3004  1
164    0
92 12.1166  1
111    8.33799
93 8.25083  1
164    0
94 5.62716  1
164    0
95 7.05969  1
164    0
96 11.7379  1
145    8.25834
97 7.01422  9
124    7.44972
125    8.47551
126    11.8253
127    10.7642
128    7.29902
129    7.98349
130    10.2187
131    11.5177
132    9.75948
98 11.5893  1
164    0
99 6.52867  1
164    0
100 10.0035  1
164    0
101 11.3506  2
117    8.23582
118    11.0427
102 5.74953  1
164    0
103 7.45918  1
164    0
104 13.0422  1
164    0
105 11.2737  1
164    0
106 5.49837  1
164    0
107 6.63915  2
111    12.9198
145    12.8953
108 10.3645  1
164    0
109 12.5295  1
164    0
110 9.59914  1
164    0
111 10.0301  1
164    0
112 11.4373  1
164    0
113 6.03244  1
164    0
114 8.38328  1
150    11.7885
115 6.0596  1
164    0
116 8.47179  5
119    8.20853
120    10.9536
121    7.9172
122    10.0021
123    10.8104
117 6.34861  1
149    10.409
118 9.41572  1
133    7.63576
119 9.43129  1
154    9.24787
120 9.48195  1
164    0
121 9.64736  1
145    8.44823
122 10.1875  3
151    10.9166
152    7.79653
153    9.60805
123 11.9515  1
164    0
124 7.71157  1
164    0
125 13.8665  1
164    0
126 13.9654  1
133    9.08307
127 14.2883  1
150    11.872
128 5.34242  1
150    11.2315
129 6.1298  1
164    0
130 8.70098  1
164    0
131 7.09723  1
164    0
132 11.8603  1
164    0
133 7.41371  1
164    0
134 12.8939  1
164    0
135 10.7894  1
164    0
136 13.9169  1
164    0
137 14.1299  1
164    0
138 14.8254  1
164    0
139 7.09632  1
164    0
140 11.8572  1
164    0
141 7.40364  1
164    0
142 12.861  1
164    0
143 10.6816  1
164    0
144 13.565  3
146    11.1143
147    8.44218
148    11.7166
145 12.9809  1
164    0
146 11.0732  1
164    0
147 14.8437  1
164    0
148 7.15613  1
149    12.139
149 12.0525  1
164    0
150 8.04147  1
164    0
151 14.9438  1
164    0
152 7.48299  1
164    0
153 13.1201  1
164    0
154 11.5276  1
164    0
155 6.32756  1
164    0
156 9.34675  1
164    0
157 9.20606  1
164    0
158 8.74645  1
164    0
159 7.24555  1
164    0
160 12.3446  1
164    0
161 8.99548  1
164    0
162 8.05887  1
164    0
163 5.00031  1
164    0
164 0  0
