176
0 5.62716  10
1    1.17364
2    1.04736
3    1.23501
4    1.24779
6    0.825779
7    0.844218
11    0.960805
16    0.820103
18    1.28509
121    1.08398
1 7.05969  5
6    1.11143
10    0.882488
11    0.779653
19    0.910486
116    1.06633
2 11.7379  5
5    1.28953
11    0.939729
17    1.08398
18    1.22851
147    0.929786
3 7.01422  6
7    1.17166
8    1.2139
10    1.12315
16    1.06633
17    1.10321
146    0.715455
4 11.5893  8
7    1.0409
8    1.06439
9    0.829368
10    1.29663
11    0.924787
16    0.783718
17    1.29696
42    1.29198
5 6.52867  4
11    0.952364
17    1.19074
18    0.754585
146    1.23185
6 10.0035  3
8    1.17885
11    1.09166
18    1.29002
7 11.3506  3
8    1.29062
11    0.834733
16    0.995706
8 5.74953  4
11    1.14068
18    1.06421
19    1.22022
87    0.825779
9 7.45918  2
11    1.1872
16    0.736567
10 13.0422  3
11    0.848979
18    0.878954
44    1.19803
11 11.2737  7
12    0.883532
13    0.700018
14    0.700751
15    0.703149
16    1.0929
17    0.817374
121    0.817374
12 5.49837  1
19    1.19947
13 6.63915  3
16    0.710987
18    0.861632
19    1.22657
14 10.3645  4
18    1.11676
19    1.13172
44    1.13764
146    1.22412
15 12.5295  4
16    0.974081
18    0.811313
19    0.78804
44    1.127
16 9.59914  2
17    0.85006
18    0.827409
17 10.0301  1
175    0
18 11.4373  10
20    0.988198
21    1.04181
22    1.2169
23    1.18865
24    1.09638
25    0.795071
26    1.01116
27    1.1168
28    0.861742
29    1.22888
19 6.03244  1
87    1.28953
20 8.38328  1
175    0
21 6.0596  1
45    0.89505
22 8.47179  1
30    1.22776
23 6.34861  4
71    0.978841
72    1.01125
73    1.11709
74    0.862694
24 9.41572  1
40    0.867766
25 9.43129  1
175    0
26 9.48195  6
46    0.823582
47    1.10427
48    0.820853
49    1.09536
50    0.79172
87    1.24779
27 9.64736  3
44    0.929786
45    0.737629
87    1.11143
28 10.1875  9
31    1.22412
32    1.21222
33    1.17334
34    1.04639
35    1.23185
36    1.23745
37    1.25574
38    0.715455
87    0.844218
29 11.9515  2
43    0.833799
44    1.1139
30 7.71157  1
44    0.852293
31 13.8665  1
147    0.833799
32 13.9654  2
39    0.751161
116    0.995706
33 14.2883  1
60    0.975948
34 5.34242  2
41    1.24855
157    0.79172
35 6.1298  2
51    1.00021
52    1.08104
36 8.70098  1
175    0
37 7.09723  1
95    0.882488
38 11.8603  1
175    0
39 7.41371  1
175    0
40 12.8939  1
175    0
41 10.7894  2
44    0.851067
146    1.22776
42 13.9169  1
175    0
43 14.1299  1
44    1.19402
44 14.8254  8
75    1.23199
76    1.23793
77    1.2573
78    0.720545
79    0.767788
80    0.922059
81    0.825834
82    1.11162
45 7.09632  1
175    0
46 11.8572  2
146    1.21222
166    1.0018
47 7.40364  1
87    1.17166
48 12.861  1
175    0
49 10.6816  8
53    0.744972
54    0.847551
55    1.18253
56    1.07642
57    0.729902
58    0.798349
59    1.02187
166    0.761946
50 13.565  1
60    1.15177
51 12.9809  1
147    0.851067
52 11.0732  10
61    1.0018
62    1.08624
63    0.761946
64    0.902997
65    0.763576
66    0.908307
67    0.780917
68    0.964943
69    0.965877
70    0.968917
53 14.8437  1
175    0
54 7.15613  1
175    0
55 12.0525  1
146    0.751161
56 8.04147  1
121    0.878954
57 14.9438  4
83    0.844823
84    1.17364
85    1.04736
86    1.23501
58 7.48299  1
175    0
59 13.1201  1
175    0
60 11.5276  4
117    1.29696
118    0.85006
119    1.19074
120    1.10321
61 6.32756  9
122    1.28509
123    0.811313
124    1.06421
125    1.29002
126    0.827409
127    1.11676
128    0.861632
129    1.22851
130    1.22657
62 9.34675  1
116    0.974081
63 9.20606  1
175    0
64 8.74645  1
175    0
65 7.24555  1
175    0
66 12.3446  1
175    0
67 8.99548  1
175    0
68 8.05887  1
147    1.29198
69 5.00031  1
146    1.23745
70 5.01251  7
88    1.0409
89    1.2139
90    1.17885
91    1.06439
92    1.29062
93    0.829368
94    1.12315
71 5.05249  1
175    0
72 5.18311  1
175    0
73 5.60945  1
175    0
74 7.00171  1
175    0
75 11.5484  1
175    0
76 6.39531  1
175    0
77 9.56801  7
96    1.29663
97    0.848979
98    1.1872
99    1.09166
100    0.779653
101    0.960805
102    0.952364
78 9.92843  1
175    0
79 11.1055  1
175    0
80 14.9493  1
175    0
81 7.50099  1
175    0
82 13.179  1
175    0
83 11.7202  4
103    0.924787
104    0.834733
105    1.14068
106    0.939729
84 6.95624  1
175    0
85 11.3997  1
175    0
86 5.90976  1
175    0
87 7.98257  8
167    0.902997
168    0.763576
169    0.908307
170    0.780917
171    0.964943
172    0.965877
173    0.968917
174    0.978841
88 14.7516  1
121    0.754585
89 6.85522  1
175    0
90 11.0701  1
175    0
91 14.8337  1
175    0
92 7.12348  1
175    0
93 11.946  1
147    0.867766
94 7.69387  9
107    0.883532
108    0.700018
109    0.700751
110    0.703149
111    0.710987
112    0.736567
113    0.820103
114    1.0929
115    0.783718
95 13.8086  1
175    0
96 13.7762  1
175    0
97 13.6703  1
175    0
98 13.3245  8
148    0.852293
149    1.19803
150    1.127
151    0.89505
152    0.737629
153    0.823582
154    1.10427
155    0.820853
99 12.1953  1
175    0
100 8.5081  1
175    0
101 6.46733  1
146    1.04639
102 9.80331  1
175    0
103 10.6969  1
175    0
104 13.6151  1
175    0
105 13.1442  1
175    0
106 11.6063  1
175    0
107 6.58452  1
175    0
108 10.186  5
141    0.795071
142    1.01116
143    1.1168
144    0.861742
145    1.22888
109 11.9466  2
147    1.13764
166    0.975948
110 7.6957  1
175    0
111 13.8147  1
175    0
112 13.796  10
131    1.22022
132    1.19947
133    1.13172
134    0.910486
135    0.78804
136    0.988198
137    1.04181
138    1.2169
139    1.18865
140    1.09638
113 13.7353  1
175    0
114 13.5369  1
175    0
115 12.889  1
175    0
116 10.7732  1
175    0
117 13.8641  1
175    0
118 13.9575  1
175    0
119 14.2624  1
175    0
120 5.25758  1
166    1.08624
121 5.85269  1
175    0
122 7.79611  1
147    1.19402
123 14.1424  1
175    0
124 14.8663  1
175    0
125 7.22999  8
158    1.00021
159    1.08104
160    0.744972
161    0.847551
162    1.18253
163    1.07642
164    0.729902
165    0.798349
126 12.2939  1
147    1.1139
127 8.82977  1
175    0
128 7.51778  1
175    0
129 13.2336  1
175    0
130 11.8984  1
175    0
131 7.53822  1
166    1.15177
132 13.3004  1
175    0
133 12.1166  1
175    0
134 8.25083  1
175    0
135 5.62716  1
175    0
136 7.05969  1
175    0
137 11.7379  1
146    1.17334
138 7.01422  1
175    0
139 11.5893  2
146    1.25574
156    1.09536
140 6.52867  1
175    0
141 10.0035  1
147    1.24855
142 11.3506  1
175    0
143 5.74953  1
175    0
144 7.45918  1
175    0
145 13.0422  1
175    0
146 11.2737  1
175    0
147 5.49837  1
175    0
148 6.63915  1
175    0
149 10.3645  1
166    1.02187
150 12.5295  1
175    0
151 9.59914  1
175    0
152 10.0301  1
175    0
153 11.4373  1
175    0
154 6.03244  1
175    0
155 8.38328  1
175    0
156 6.0596  1
175    0
157 8.47179  1
175    0
158 6.34861  1
175    0
159 9.41572  1
175    0
160 9.43129  1
175    0
161 9.48195  1
175    0
162 9.64736  1
175    0
163 10.1875  1
175    0
164 11.9515  1
175    0
165 7.71157  1
175    0
166 13.8665  1
175    0
167 13.9654  1
175    0
168 14.2883  1
175    0
169 5.34242  1
175    0
170 6.1298  1
175    0
171 8.70098  1
175    0
172 7.09723  1
175    0
173 11.8603  1
175    0
174 7.41371  1
175    0
175 0  0
