221
0 8.74645  5
1    10.2187
11    9.64943
13    7.67788
20    11.7885
76    8.44823
1 7.24555  8
2    11.5177
13    9.22059
14    11.1162
20    8.44218
28    7.79653
29    7.0315
151    8.44823
162    8.11313
2 12.3446  10
3    9.75948
4    10.018
5    10.8624
6    7.61946
7    9.02997
8    7.63576
9    9.08307
10    7.80917
28    11.872
30    9.74081
3 8.99548  5
12    8.62694
14    11.7364
29    8.83532
76    7.20545
82    12.9663
4 8.05887  5
11    9.65877
12    12.3199
28    9.24787
144    7.63576
161    8.5006
5 5.00031  3
11    11.1709
30    8.20103
74    7.61946
6 5.01251  6
11    10.1125
20    10.409
28    9.60805
76    8.25834
82    10.409
99    8.5006
7 5.05249  3
13    7.20545
28    11.4068
30    7.83718
8 5.18311  4
11    9.78841
13    12.573
14    8.44823
73    7.98349
9 5.60945  4
12    12.3793
82    12.9062
152    12.139
157    9.24787
10 7.00171  2
11    9.68917
161    11.9074
11 11.5484  6
78    8.25779
79    11.1143
80    8.44218
81    11.7166
98    10.929
175    12.2888
12 6.39531  5
13    8.25834
20    11.7166
29    7.00018
99    10.8398
112    12.1222
13 9.56801  10
21    10.6439
22    12.9062
23    8.29368
24    11.2315
25    8.82488
26    12.9663
27    8.48979
28    9.52364
30    10.6633
73    11.8253
14 9.92843  6
15    10.4736
16    12.3501
17    12.478
18    12.8953
19    8.25779
77    12.8953
15 11.1055  10
42    12.2657
43    12.2022
44    11.9947
45    11.3172
46    9.10486
47    7.8804
48    9.88198
49    10.4181
50    12.169
51    11.8865
16 14.9493  3
20    11.1143
31    11.0321
99    12.8509
17 7.50099  2
71    11.139
98    9.95706
18 13.179  4
20    12.139
28    10.9166
144    9.78841
162    12.9002
19 11.7202  5
30    9.95706
32    8.17374
34    8.78954
75    9.68917
180    12.5574
20 6.95624  4
28    8.34733
29    9.39729
30    12.9696
74    9.08307
21 11.3997  4
30    7.36567
71    8.23582
73    7.29902
112    12.2776
22 5.90976  6
41    12.2851
65    7.51161
75    10.1125
76    8.62694
105    11.3172
152    8.44218
23 7.98257  2
76    11.1162
77    12.478
24 14.7516  4
29    7.00751
65    12.4855
74    10.8624
98    9.74081
25 6.85522  4
33    10.8398
74    9.75948
153    10.6439
162    12.2851
26 11.0701  3
30    10.929
31    11.9074
155    10.9166
27 14.8337  2
31    8.5006
82    8.82488
28 7.12348  3
30    7.10987
34    12.8509
151    7.67788
29 11.946  6
34    7.54585
75    11.1709
77    10.4736
144    9.02997
160    10.6633
162    12.2657
30 7.69387  2
76    12.573
152    11.1143
31 13.8086  2
77    11.7364
112    11.168
32 13.7762  9
91    9.39729
92    8.83532
93    7.00018
94    7.00751
95    7.0315
96    7.10987
97    7.36567
99    11.0321
105    9.10486
33 13.6703  4
65    12.9198
98    8.20103
100    11.1676
153    11.7885
34 13.3245  8
35    8.11313
36    10.6421
37    12.9002
38    8.27409
39    11.1676
40    8.61632
74    9.02997
175    12.2776
35 12.1953  4
65    7.15455
71    7.37629
73    7.44972
155    8.48979
36 8.5081  10
52    10.9638
53    7.95071
54    10.1116
55    11.168
56    8.61742
57    12.2888
58    12.2776
59    12.2412
60    12.1222
61    11.7334
37 6.46733  1
73    10.2187
38 9.80331  4
65    12.5574
71    11.27
74    7.63576
112    10.1116
39 10.6969  2
112    12.2888
162    11.1676
40 13.6151  5
71    8.20853
112    12.2412
144    9.68917
181    7.51161
203    7.98349
41 13.1442  1
144    10.8624
42 11.6063  1
220    0
43 6.58452  2
71    8.52293
82    10.6439
44 10.186  2
65    8.67766
119    8.51067
45 11.9466  2
73    10.8104
157    11.4068
46 7.6957  3
73    11.5177
82    12.139
144    9.64943
47 13.8147  3
98    10.6633
99    8.17374
152    12.3501
48 13.796  1
74    9.64943
49 13.7353  2
72    10.9536
98    12.9696
50 13.5369  1
158    7.00751
51 12.889  2
151    11.1162
160    9.74081
52 10.7732  4
72    7.9172
75    9.78841
76    12.3199
144    9.08307
53 13.8641  1
158    7.0315
54 13.9575  7
66    8.33799
67    11.3764
68    9.29786
69    8.51067
70    11.9402
99    7.54585
101    8.61632
55 14.2624  4
62    10.4639
63    12.3185
64    12.3745
71    8.9505
56 5.25758  2
82    8.29368
144    7.61946
57 5.85269  1
100    8.11313
58 7.79611  3
73    10.7642
74    10.018
76    12.3793
59 14.1424  2
100    12.9002
154    8.29368
60 14.8663  3
76    9.22059
100    8.27409
203    10.2187
61 7.22999  2
75    9.65877
99    8.78954
62 12.2939  1
157    8.34733
63 8.82977  2
82    8.48979
162    10.6421
64 7.51778  1
220    0
65 13.2336  6
71    11.0427
72    10.0021
73    8.47551
77    12.3501
101    12.2851
175    12.1222
66 11.8984  3
74    7.80917
76    7.67788
82    11.7885
67 7.53822  1
71    11.9803
68 13.3004  2
119    9.29786
144    7.80917
69 12.1166  1
220    0
70 8.25083  1
220    0
71 5.62716  1
220    0
72 7.05969  1
152    12.8953
73 11.7379  8
83    11.872
84    10.9166
85    7.79653
86    9.60805
87    9.52364
88    9.24787
89    8.34733
90    11.4068
74 7.01422  8
163    12.2022
164    11.9947
165    11.3172
166    9.10486
167    7.8804
168    9.88198
169    10.4181
170    12.169
75 11.5893  3
145    10.1125
146    11.1709
160    10.929
76 6.52867  1
161    8.78954
77 10.0035  1
112    12.3185
78 11.3506  1
157    9.52364
79 5.74953  1
82    11.2315
80 7.45918  2
99    11.9074
161    11.0321
81 13.0422  1
220    0
82 11.2737  1
220    0
83 5.49837  1
112    11.7334
84 6.63915  4
102    12.2657
103    12.2022
104    11.9947
119    8.33799
85 10.3645  9
135    8.47551
136    11.8253
137    10.7642
138    7.29902
139    7.98349
140    10.2187
141    11.5177
142    9.75948
143    10.018
86 12.5295  1
220    0
87 9.59914  5
120    11.9402
121    11.139
122    8.52293
123    11.9803
124    11.27
88 10.0301  3
98    7.83718
105    7.8804
144    9.65877
89 11.4373  4
151    10.4736
154    12.9062
155    12.9663
160    7.83718
90 6.03244  1
160    9.95706
91 8.38328  1
202    11.8253
92 6.0596  1
220    0
93 8.47179  1
220    0
94 6.34861  7
113    12.3745
114    12.5574
115    7.15455
116    7.51161
117    8.67766
118    12.4855
152    11.7166
95 9.41572  2
112    10.4639
155    7.79653
96 9.43129  10
204    11.5177
205    9.75948
206    10.018
207    10.8624
208    7.61946
209    9.02997
210    7.63576
211    9.08307
212    7.80917
213    9.64943
97 9.48195  1
161    10.8398
98 9.64736  3
100    10.6421
112    8.61742
175    8.61742
99 10.1875  6
106    9.88198
107    10.4181
108    12.169
109    11.8865
110    10.9638
111    7.95071
100 11.9515  1
119    11.3764
101 7.71157  1
151    8.25834
102 13.8665  2
152    8.25779
155    11.872
103 13.9654  1
152    10.409
104 14.2883  1
220    0
105 5.34242  1
220    0
106 6.1298  1
220    0
107 8.70098  1
220    0
108 7.09723  1
162    8.27409
109 11.8603  1
220    0
110 7.41371  1
119    12.9198
111 12.8939  1
175    11.168
112 10.7894  2
161    7.54585
162    8.61632
113 13.9169  1
161    8.17374
114 14.1299  1
220    0
115 14.8254  1
151    11.7364
116 7.09632  1
220    0
117 11.8572  1
220    0
118 7.40364  10
125    8.9505
126    7.37629
127    8.23582
128    11.0427
129    8.20853
130    10.9536
131    7.9172
132    10.0021
133    10.8104
134    7.44972
119 12.861  1
220    0
120 10.6816  4
176    11.7334
177    10.4639
178    12.3185
179    12.3745
121 13.565  1
158    7.36567
122 12.9809  1
160    12.9696
123 11.0732  1
220    0
124 14.8437  1
220    0
125 7.15613  1
220    0
126 12.0525  1
220    0
127 8.04147  1
220    0
128 14.9438  1
154    11.2315
129 7.48299  1
220    0
130 13.1201  1
220    0
131 11.5276  1
156    9.60805
132 6.32756  5
215    9.68917
216    9.78841
217    10.1125
218    11.1709
219    8.62694
133 9.34675  1
220    0
134 9.20606  1
157    9.39729
135 8.74645  1
220    0
136 7.24555  1
151    7.20545
137 12.3446  1
151    9.22059
138 8.99548  1
181    12.4855
139 8.05887  3
158    7.00018
202    8.47551
203    7.29902
140 5.00031  1
191    11.27
141 5.01251  1
220    0
142 5.05249  1
220    0
143 5.18311  1
220    0
144 5.60945  1
220    0
145 7.00171  1
220    0
146 11.5484  6
147    8.62694
148    12.3199
149    12.3793
150    12.573
155    8.82488
158    7.10987
147 6.39531  1
220    0
148 9.56801  2
159    8.20103
161    12.8509
149 9.92843  1
220    0
150 11.1055  1
152    12.478
151 14.9493  1
220    0
152 7.50099  10
192    8.9505
193    7.37629
194    8.23582
195    11.0427
196    8.20853
197    10.9536
198    7.9172
199    10.0021
200    10.8104
201    7.44972
153 13.179  1
157    8.83532
154 11.7202  1
220    0
155 6.95624  1
220    0
156 11.3997  1
220    0
157 5.90976  1
220    0
158 7.98257  1
220    0
159 14.7516  1
181    8.67766
160 6.85522  5
171    11.8865
172    10.9638
173    7.95071
174    10.1116
214    9.65877
161 11.0701  1
175    12.2412
162 14.8337  1
220    0
163 7.12348  1
220    0
164 11.946  1
220    0
165 7.69387  1
220    0
166 13.8086  1
220    0
167 13.7762  1
220    0
168 13.6703  1
220    0
169 13.3245  1
220    0
170 12.1953  1
220    0
171 8.5081  1
220    0
172 6.46733  1
220    0
173 9.80331  1
220    0
174 10.6969  1
220    0
175 13.6151  1
220    0
176 13.1442  1
180    7.15455
177 11.6063  9
182    12.9198
183    8.33799
184    11.3764
185    9.29786
186    8.51067
187    11.9402
188    11.139
189    8.52293
190    11.9803
178 6.58452  1
220    0
179 10.186  1
220    0
180 11.9466  1
220    0
181 7.6957  1
220    0
182 13.8147  1
220    0
183 13.796  1
220    0
184 13.7353  1
220    0
185 13.5369  1
220    0
186 12.889  1
220    0
187 10.7732  1
203    10.7642
188 13.8641  1
220    0
189 13.9575  1
220    0
190 14.2624  1
220    0
191 5.25758  1
220    0
192 5.85269  1
220    0
193 7.79611  1
220    0
194 14.1424  1
220    0
195 14.8663  1
220    0
196 7.22999  1
220    0
197 12.2939  1
220    0
198 8.82977  1
220    0
199 7.51778  1
220    0
200 13.2336  1
220    0
201 11.8984  1
220    0
202 7.53822  1
220    0
203 13.3004  1
220    0
204 12.1166  1
220    0
205 8.25083  1
220    0
206 5.62716  1
220    0
207 7.05969  1
220    0
208 11.7379  1
220    0
209 7.01422  1
220    0
210 11.5893  1
220    0
211 6.52867  1
220    0
212 10.0035  1
220    0
213 11.3506  1
220    0
214 5.74953  1
220    0
215 7.45918  1
220    0
216 13.0422  1
220    0
217 11.2737  1
220    0
218 5.49837  1
220    0
219 6.63915  1
220    0
220 0  0
