93
0 12.861  4
1    7.9172
2    10.0021
3    10.8104
75    11.7334
1 10.6816  1
14    9.02997
2 13.565  10
21    12.573
22    7.20545
23    7.67788
24    9.22059
25    8.25834
26    11.1162
27    8.44823
28    11.7364
29    10.4736
30    12.3501
3 12.9809  10
4    7.44972
5    8.47551
6    11.8253
7    10.7642
8    7.29902
9    7.98349
10    10.2187
11    11.5177
12    9.75948
13    10.018
4 11.0732  2
14    7.63576
15    9.65877
5 14.8437  1
14    7.80917
6 7.15613  3
15    9.78841
59    10.8398
66    12.2657
7 12.0525  3
14    9.08307
15    9.68917
75    12.3185
8 8.04147  1
14    9.64943
9 14.9438  1
14    10.8624
10 7.48299  1
92    0
11 13.1201  6
16    10.1125
17    11.1709
18    8.62694
19    12.3199
20    12.3793
59    12.8509
12 11.5276  1
14    7.61946
13 6.32756  8
31    12.478
32    12.8953
33    8.25779
34    11.1143
35    8.44218
36    11.7166
37    10.409
75    12.1222
14 9.34675  1
92    0
15 9.20606  1
92    0
16 8.74645  1
49    9.39729
17 7.24555  1
92    0
18 12.3446  1
49    8.83532
19 8.99548  2
48    9.24787
49    7.0315
20 8.05887  2
49    7.36567
75    11.168
21 5.00031  1
59    8.78954
22 5.01251  1
92    0
23 5.05249  3
76    12.3745
77    12.5574
78    7.15455
24 5.18311  1
92    0
25 5.60945  10
38    12.139
39    11.7885
40    10.6439
41    12.9062
42    8.29368
43    11.2315
44    8.82488
45    12.9663
46    8.48979
48    9.52364
26 7.00171  1
92    0
27 11.5484  2
48    7.79653
49    7.10987
28 6.39531  1
58    11.0321
29 9.56801  1
92    0
30 9.92843  2
47    11.872
66    9.10486
31 11.1055  6
60    10.6421
61    12.9002
62    8.27409
63    11.1676
64    8.61632
65    12.2851
32 14.9493  1
92    0
33 7.50099  1
49    7.00018
34 13.179  1
92    0
35 11.7202  2
49    11.4068
66    11.9947
36 6.95624  3
56    8.5006
57    11.9074
59    8.17374
37 11.3997  8
67    7.8804
68    9.88198
69    10.4181
70    12.169
71    11.8865
72    10.9638
73    7.95071
74    10.1116
38 5.90976  6
50    10.929
51    7.83718
52    9.74081
53    9.95706
54    10.6633
55    12.9696
39 7.98257  1
75    10.4639
40 14.7516  3
48    10.9166
49    8.34733
59    7.54585
41 6.85522  1
92    0
42 11.0701  1
66    12.2022
43 14.8337  1
92    0
44 7.12348  1
49    8.20103
45 11.946  1
49    7.00751
46 7.69387  1
48    9.60805
47 13.8086  1
59    8.11313
48 13.7762  1
92    0
49 13.6703  1
92    0
50 13.3245  1
75    8.61742
51 12.1953  1
75    12.2776
52 8.5081  1
92    0
53 6.46733  9
83    8.33799
84    11.3764
85    9.29786
86    8.51067
87    11.9402
88    11.139
89    8.52293
90    11.9803
91    11.27
54 9.80331  2
66    11.3172
75    12.2888
55 10.6969  1
92    0
56 13.6151  1
92    0
57 13.1442  1
75    12.2412
58 11.6063  1
92    0
59 6.58452  1
92    0
60 10.186  1
92    0
61 11.9466  1
92    0
62 7.6957  1
92    0
63 13.8147  1
92    0
64 13.796  4
79    7.51161
80    8.67766
81    12.4855
82    12.9198
65 13.7353  1
92    0
66 13.5369  1
92    0
67 12.889  1
92    0
68 10.7732  1
92    0
69 13.8641  1
92    0
70 13.9575  1
92    0
71 14.2624  1
92    0
72 5.25758  1
92    0
73 5.85269  1
92    0
74 7.79611  1
92    0
75 14.1424  1
92    0
76 14.8663  1
92    0
77 7.22999  1
92    0
78 12.2939  1
92    0
79 8.82977  1
92    0
80 7.51778  1
92    0
81 13.2336  1
92    0
82 11.8984  1
92    0
83 7.53822  1
92    0
84 13.3004  1
92    0
85 12.1166  1
92    0
86 8.25083  1
92    0
87 5.62716  1
92    0
88 7.05969  1
92    0
89 11.7379  1
92    0
90 7.01422  1
92    0
91 11.5893  1
92    0
92 0  0
