44
0 13.2336  4
1    0.825834
2    0.844823
3    1.17364
4    1.11143
1 11.8984  4
2    1.11162
3    1.04736
4    0.825779
36    0.78804
2 7.53822  3
3    1.23501
4    1.24779
25    1.06633
3 13.3004  2
4    1.28953
32    1.22657
4 12.1166  10
5    0.844218
6    1.17166
7    1.0409
8    1.2139
9    1.17885
10    1.06439
12    1.09166
32    1.29002
37    1.2169
42    0.929786
5 8.25083  1
12    1.1872
6 5.62716  5
12    0.882488
21    0.700751
25    1.10321
36    0.988198
41    0.833799
7 7.05969  5
11    1.29062
12    0.779653
21    0.703149
37    1.18865
38    1.17334
8 11.7379  2
12    0.848979
25    1.29696
9 7.01422  2
12    0.829368
25    0.995706
10 11.5893  1
12    1.29663
11 6.52867  3
12    1.12315
38    1.22776
39    0.867766
12 10.0035  10
13    0.960805
14    0.952364
15    0.924787
16    0.834733
17    1.14068
18    0.939729
19    0.883532
20    0.700018
25    0.85006
32    0.861632
13 11.3506  1
25    1.0929
14 5.74953  1
39    0.751161
15 7.45918  1
43    0
16 13.0422  3
22    0.710987
23    0.736567
24    0.820103
17 11.2737  2
25    0.783718
39    0.715455
18 5.49837  2
25    0.817374
39    1.25574
19 6.63915  1
43    0
20 10.3645  4
25    0.974081
32    1.11676
38    1.1168
39    1.04639
21 12.5295  4
25    1.19074
37    1.09638
38    1.21222
39    1.23185
22 9.59914  1
36    1.04181
23 10.0301  3
33    1.22022
34    1.19947
35    1.13172
24 11.4373  7
26    1.08398
27    0.754585
28    0.878954
29    1.28509
30    0.811313
31    1.06421
32    1.22851
25 6.03244  3
38    1.22412
39    1.23745
40    1.29198
26 8.38328  2
32    0.827409
36    0.910486
27 6.0596  1
43    0
28 8.47179  2
37    0.795071
38    0.861742
29 6.34861  1
43    0
30 9.41572  1
43    0
31 9.43129  1
43    0
32 9.48195  1
41    1.13764
33 9.64736  1
43    0
34 10.1875  1
43    0
35 11.9515  1
37    1.01116
36 7.71157  1
43    0
37 13.8665  2
38    1.22888
39    1.24855
38 13.9654  1
43    0
39 14.2883  1
43    0
40 5.34242  1
43    0
41 6.1298  1
43    0
42 8.70098  1
43    0
43 0  0
