214
0 11.4373  5
1    12.2657
61    7.83718
76    12.3745
78    8.52293
205    8.20103
1 6.03244  10
2    12.2022
3    11.9947
4    11.3172
5    9.10486
6    7.8804
7    9.88198
8    10.4181
27    8.20853
33    9.08307
74    9.10486
2 8.38328  6
27    11.0427
32    11.5177
33    7.80917
76    12.5574
77    11.139
147    11.8865
3 6.0596  8
13    12.2776
17    8.67766
27    7.37629
32    10.018
33    10.8624
74    7.8804
75    10.9638
121    11.1143
4 8.47179  4
12    10.1116
13    8.61742
18    12.4855
76    12.1222
5 6.34861  5
18    8.33799
27    10.9536
32    7.29902
54    9.60805
183    11.7364
6 9.41572  3
14    12.3185
17    7.15455
130    11.4068
7 9.43129  5
9    12.169
10    11.8865
11    10.9638
54    8.82488
77    9.29786
8 9.48195  2
14    11.7334
72    12.9002
9 9.64736  5
12    7.95071
13    12.2412
27    8.23582
35    9.68917
75    11.8865
10 10.1875  6
13    12.1222
32    10.2187
33    9.02997
61    7.10987
62    12.9696
77    8.33799
11 11.9515  2
12    11.168
76    7.51161
12 7.71157  5
13    12.2888
14    10.4639
18    12.9198
61    10.929
205    7.00018
13 13.8665  7
28    10.0021
29    10.8104
30    7.44972
31    8.47551
32    9.75948
75    11.168
110    12.573
14 13.9654  5
15    12.3745
16    12.5574
17    7.51161
33    7.63576
62    10.6633
15 14.2883  2
54    8.48979
109    12.3199
16 5.34242  5
19    9.29786
20    8.51067
21    11.9402
22    11.139
46    8.25779
17 6.1298  6
18    11.3764
27    7.9172
45    11.7364
46    12.3501
54    12.9663
152    7.15455
18 8.70098  1
213    0
19 7.09723  1
46    11.7166
20 11.8603  6
23    8.52293
24    11.9803
25    11.27
26    8.9505
46    10.4736
130    8.34733
21 7.41371  10
47    10.409
48    12.139
49    11.7885
50    10.6439
51    12.9062
52    8.29368
53    11.2315
77    12.9198
166    8.47551
183    12.478
22 12.8939  3
35    9.65877
46    11.1143
121    10.409
23 10.7894  3
32    7.98349
54    7.79653
128    8.48979
24 13.9169  4
54    9.52364
75    8.61742
76    12.4855
146    12.2022
25 14.1299  3
34    9.64943
61    7.36567
78    11.9803
26 14.8254  2
61    8.20103
74    9.88198
27 7.09632  3
32    11.8253
46    8.44218
151    11.7334
28 11.8572  2
62    8.5006
77    11.3764
29 7.40364  3
32    10.7642
76    10.4639
146    12.2657
30 12.861  3
45    9.22059
147    11.3172
207    11.9074
31 10.6816  1
213    0
32 13.565  2
33    7.61946
45    8.44823
33 12.9809  1
213    0
34 11.0732  1
213    0
35 14.8437  10
36    9.78841
37    10.1125
38    11.1709
39    8.62694
40    12.3199
41    12.3793
42    12.573
43    7.20545
44    7.67788
146    12.2851
36 7.15613  5
63    11.9074
64    11.0321
65    8.17374
130    8.83532
182    12.3793
37 12.0525  2
55    9.24787
182    9.22059
38 8.04147  5
131    7.00018
132    7.00751
133    7.0315
134    7.10987
166    7.44972
39 14.9438  2
75    12.2776
207    7.54585
40 7.48299  2
46    12.478
128    7.79653
41 13.1201  3
45    11.1162
61    7.0315
73    11.1676
42 11.5276  3
45    8.25834
61    9.95706
128    10.9166
43 6.32756  1
46    12.8953
44 9.34675  2
55    8.34733
77    11.9402
45 9.20606  1
74    11.9947
46 8.74645  2
54    11.872
75    10.1116
47 7.24555  3
74    12.2657
128    12.9663
151    12.2888
48 12.3446  8
66    10.8398
67    7.54585
68    8.78954
69    12.8509
70    8.11313
71    10.6421
76    12.3185
110    7.67788
49 8.99548  7
56    11.4068
57    9.39729
58    8.83532
59    7.00018
60    7.00751
74    12.2851
146    10.6421
50 8.05887  1
54    10.9166
51 5.00031  1
213    0
52 5.01251  2
78    11.27
166    7.98349
53 5.05249  3
76    7.15455
151    12.3185
166    10.7642
54 5.18311  1
76    8.67766
55 5.60945  2
151    12.2412
154    11.9402
56 7.00171  1
152    12.5574
57 11.5484  7
61    9.74081
74    11.3172
77    8.51067
128    9.60805
147    7.8804
151    12.2776
205    7.0315
58 6.39531  9
86    10.0021
87    10.8104
88    7.44972
89    8.47551
90    11.8253
91    10.7642
92    7.29902
93    7.98349
94    10.2187
59 9.56801  1
213    0
60 9.92843  3
74    8.61632
110    12.3793
147    11.9947
61 11.1055  1
75    7.95071
62 14.9493  3
75    12.2412
146    11.1676
147    9.10486
63 7.50099  2
74    12.2022
109    8.62694
64 13.179  1
76    11.7334
65 11.7202  1
154    9.29786
66 6.95624  1
75    12.2888
67 11.3997  7
122    11.7885
123    10.6439
124    12.9062
125    8.29368
126    11.2315
127    8.82488
145    7.54585
68 5.90976  2
74    10.4181
130    9.39729
69 7.98257  1
72    8.27409
70 14.7516  1
181    11.1709
71 6.85522  3
75    12.169
166    11.8253
183    11.1162
72 11.0701  1
213    0
73 14.8337  1
213    0
74 7.12348  1
128    11.872
75 11.946  1
165    10.0021
76 7.69387  2
121    11.7166
206    9.74081
77 13.8086  10
136    7.83718
137    9.74081
138    9.95706
139    10.6633
140    12.9696
141    8.5006
142    11.9074
143    11.0321
144    8.17374
146    8.61632
78 13.7762  7
79    8.9505
80    7.37629
81    8.23582
82    11.0427
83    8.20853
84    10.9536
85    7.9172
79 13.6703  2
151    12.1222
164    10.9536
80 13.3245  1
110    7.20545
81 12.1953  2
109    11.1709
135    10.929
82 8.5081  1
213    0
83 6.46733  1
213    0
84 9.80331  1
135    7.36567
85 10.6969  1
151    12.3745
86 13.6151  1
213    0
87 13.1442  1
183    12.8953
88 11.6063  1
182    7.67788
89 6.58452  1
213    0
90 10.186  1
213    0
91 11.9466  7
95    11.5177
96    9.75948
97    10.018
98    10.8624
99    7.61946
100    9.02997
101    7.63576
92 7.6957  1
181    12.3199
93 13.8147  1
121    12.139
94 13.796  1
213    0
95 13.7353  2
145    12.8509
207    8.78954
96 13.5369  1
129    9.52364
97 12.889  7
102    9.08307
103    7.80917
104    9.64943
105    9.65877
106    9.68917
107    9.78841
108    10.1125
98 10.7732  1
213    0
99 13.8641  1
213    0
100 13.9575  2
130    9.24787
207    10.8398
101 14.2624  5
208    12.8509
209    8.11313
210    10.6421
211    12.9002
212    8.27409
102 5.25758  2
135    8.20103
145    10.8398
103 5.85269  2
154    8.33799
183    8.44823
104 7.79611  1
213    0
105 14.1424  2
121    8.44218
145    8.78954
106 14.8663  1
181    10.1125
107 7.22999  2
120    8.25779
205    9.39729
108 12.2939  9
155    11.139
156    8.52293
157    11.9803
158    11.27
159    8.9505
160    7.37629
161    8.23582
162    11.0427
163    8.20853
109 8.82977  6
111    9.22059
112    8.25834
113    11.1162
114    8.44823
153    12.4855
205    8.83532
110 7.51778  1
207    8.17374
111 13.2336  6
115    11.7364
116    10.4736
117    12.3501
118    12.478
119    12.8953
147    10.4181
112 11.8984  1
213    0
113 7.53822  3
148    10.9638
149    7.95071
150    10.1116
114 13.3004  1
213    0
115 12.1166  1
183    12.3501
116 8.25083  1
145    8.11313
117 5.62716  1
213    0
118 7.05969  1
151    8.61742
119 11.7379  1
213    0
120 7.01422  1
182    12.573
121 11.5893  1
213    0
122 6.52867  3
147    9.88198
183    10.4736
205    7.10987
123 10.0035  1
213    0
124 11.3506  1
146    12.9002
125 5.74953  1
213    0
126 7.45918  1
164    7.9172
127 13.0422  1
153    12.9198
128 11.2737  2
151    10.4639
165    10.8104
129 5.49837  1
213    0
130 6.63915  1
147    12.169
131 10.3645  1
213    0
132 12.5295  1
146    8.27409
133 9.59914  1
213    0
134 10.0301  1
213    0
135 11.4373  1
213    0
136 6.03244  1
151    11.168
137 8.38328  1
213    0
138 6.0596  7
167    10.2187
168    11.5177
169    9.75948
170    10.018
171    10.8624
182    7.20545
207    11.0321
139 8.47179  1
213    0
140 6.34861  1
154    8.51067
141 9.41572  1
213    0
142 9.43129  1
152    7.51161
143 9.48195  1
153    8.67766
144 9.64736  1
154    11.3764
145 10.1875  1
213    0
146 11.9515  1
213    0
147 7.71157  1
213    0
148 13.8665  1
213    0
149 13.9654  10
172    7.61946
173    9.02997
174    7.63576
175    9.08307
176    7.80917
177    9.64943
178    9.65877
179    9.68917
180    9.78841
207    10.6633
150 14.2883  1
213    0
151 5.34242  4
202    9.52364
203    9.24787
204    8.34733
207    9.95706
152 6.1298  1
205    7.36567
153 8.70098  1
166    7.29902
154 7.09723  2
182    8.25834
205    11.4068
155 11.8603  1
213    0
156 7.41371  1
206    7.83718
157 12.8939  1
213    0
158 10.7894  1
213    0
159 13.9169  10
192    12.9062
193    8.29368
194    11.2315
195    8.82488
196    12.9663
197    8.48979
198    11.872
199    10.9166
200    7.79653
201    9.60805
160 14.1299  8
184    8.25779
185    11.1143
186    8.44218
187    11.7166
188    10.409
189    12.139
190    11.7885
191    10.6439
161 14.8254  1
213    0
162 7.09632  1
213    0
163 11.8572  1
213    0
164 7.40364  1
213    0
165 12.861  1
213    0
166 10.6816  1
181    8.62694
167 13.565  1
213    0
168 12.9809  1
207    12.9696
169 11.0732  1
213    0
170 14.8437  1
213    0
171 7.15613  1
213    0
172 12.0525  1
213    0
173 8.04147  1
213    0
174 14.9438  1
213    0
175 7.48299  1
213    0
176 13.1201  1
213    0
177 11.5276  1
206    10.929
178 6.32756  1
213    0
179 9.34675  1
213    0
180 9.20606  1
213    0
181 8.74645  1
213    0
182 7.24555  1
213    0
183 12.3446  1
213    0
184 8.99548  1
213    0
185 8.05887  1
213    0
186 5.00031  1
213    0
187 5.01251  1
213    0
188 5.05249  1
213    0
189 5.18311  1
213    0
190 5.60945  1
213    0
191 7.00171  1
213    0
192 11.5484  1
205    7.00751
193 6.39531  1
213    0
194 9.56801  1
213    0
195 9.92843  1
213    0
196 11.1055  1
213    0
197 14.9493  1
213    0
198 7.50099  1
213    0
199 13.179  1
213    0
200 11.7202  1
213    0
201 6.95624  1
207    8.5006
202 11.3997  1
213    0
203 5.90976  1
213    0
204 7.98257  1
213    0
205 14.7516  1
213    0
206 6.85522  1
213    0
207 11.0701  1
213    0
208 14.8337  1
213    0
209 7.12348  1
213    0
210 11.946  1
213    0
211 7.69387  1
213    0
212 13.8086  1
213    0
213 0  0
