213
0 14.9438  3
1    4.47525
10    3.72486
26    5.05626
1 7.48299  3
2    3.68815
26    4.84458
203    4.87974
2 13.1201  7
3    4.11791
4    5.52136
5    4.10427
6    5.47678
7    3.9586
8    5.00105
9    5.40518
3 11.5276  8
112    4.10427
113    5.47678
114    3.9586
115    5.00105
116    5.40518
117    3.72486
118    4.23775
176    5.94325
4 6.32756  2
10    5.91267
45    4.2449
5 9.34675  10
11    5.38211
12    3.64951
13    3.99174
14    5.10936
15    5.75886
16    4.87974
17    5.00902
18    5.43118
19    3.80973
20    4.51498
6 9.20606  4
43    5.32196
44    6.45312
121    4.54154
176    5.4819
7 8.74645  1
45    5.61576
8 7.24555  2
10    4.23775
26    3.60273
9 12.3446  1
212    0
10 8.99548  7
37    5.55716
38    4.22109
39    5.85829
40    5.20449
41    6.06951
42    5.89427
141    4.41244
11 8.05887  3
26    6.18963
105    4.26147
182    6.4599
12 5.00031  1
34    6.17507
13 5.01251  1
212    0
14 5.05249  3
83    4.94099
105    4.64893
119    3.99174
15 5.18311  1
68    4.08687
16 5.60945  6
21    3.81788
22    4.54154
23    3.90458
24    4.82472
25    4.82939
26    4.31347
17 7.00171  3
26    6.28649
45    4.14684
203    5.43118
18 11.5484  3
34    6.23898
83    6.08452
121    3.90458
19 6.39531  1
182    5.23196
20 9.56801  3
26    4.89421
45    6.48315
119    5.91267
21 9.92843  3
35    6.44763
36    4.12889
105    5.56952
22 11.1055  2
45    5.93602
128    3.83894
23 14.9493  1
154    3.50375
24 7.50099  2
26    6.15996
68    5.95369
25 13.179  2
26    5.58545
141    4.14684
26 11.7202  7
27    3.83894
28    4.61029
29    4.12917
30    5.55808
31    4.22411
32    5.86818
33    5.23681
27 6.95624  1
212    0
28 11.3997  4
45    4.41244
68    3.77293
163    5.41992
182    6.27871
29 5.90976  3
179    6.12059
180    6.06108
181    5.86671
30 7.98257  1
212    0
31 14.7516  2
192    4.47525
203    3.80973
32 6.85522  1
163    4.08687
33 11.0701  1
121    3.81788
34 14.8337  8
76    6.14257
77    6.13286
78    6.10109
79    5.99736
80    5.6586
81    4.55243
82    3.9402
141    5.32196
35 7.12348  4
69    6.42547
70    4.05657
71    5.32104
121    4.82472
36 11.946  1
120    5.10936
37 7.69387  1
212    0
38 13.8086  1
212    0
39 13.7762  5
46    5.45828
47    3.89827
48    4.80403
49    4.76182
50    4.62394
40 13.6703  1
182    6.18725
41 13.3245  1
212    0
42 12.1953  8
61    5.46451
62    3.91859
63    4.8704
64    4.97853
65    5.33166
66    6.4848
67    4.2503
68    5.51605
43 8.5081  2
163    5.51605
182    6.15923
44 6.46733  9
146    3.89827
147    4.80403
148    4.76182
149    4.62394
150    4.17367
151    5.70338
152    4.69865
153    4.41766
154    3.50009
45 9.80331  1
121    3.80973
46 10.6969  10
51    4.17367
52    5.70338
53    4.69865
54    4.41766
55    3.50009
56    3.50375
57    3.51575
58    3.55493
59    3.68284
60    4.10051
47 13.6151  8
204    3.90458
205    4.82472
206    4.82939
207    4.84458
208    4.89421
209    5.05626
210    5.58545
211    4.31347
48 13.1442  3
106    5.99013
107    5.63498
141    5.20449
49 11.6063  1
212    0
50 6.58452  1
212    0
51 10.186  7
94    5.23196
95    6.15923
96    6.18725
97    6.27871
98    3.57727
99    3.75581
100    4.33883
52 11.9466  2
83    5.94325
178    4.30871
53 7.6957  2
68    5.41992
192    3.68815
54 13.8147  1
68    4.39477
55 13.796  1
119    5.38211
56 13.7353  1
212    0
57 13.5369  5
72    6.4501
73    4.13704
74    5.5838
75    4.30816
182    3.57727
58 12.889  1
120    5.75886
59 10.7732  9
167    5.32104
168    6.4501
169    4.13704
170    5.5838
171    4.30816
172    6.14257
173    6.13286
174    6.10109
175    5.99736
60 13.8641  2
141    5.89427
182    3.75581
61 13.9575  8
155    5.46451
156    3.91859
157    4.8704
158    4.97853
159    5.33166
160    6.4848
161    4.2503
162    5.95369
62 14.2624  1
212    0
63 5.25758  5
183    4.169
184    5.68818
185    4.64893
186    4.25533
187    5.97008
64 5.85269  1
192    5.52136
65 7.79611  1
212    0
66 14.1424  1
212    0
67 14.8663  6
122    4.84458
123    4.89421
124    5.05626
125    5.58545
126    4.31347
127    6.15996
68 7.22999  1
83    5.20907
69 12.2939  1
212    0
70 8.82977  10
84    5.4819
85    3.97536
86    5.0558
87    5.58399
88    4.30871
89    6.1444
90    6.13881
91    6.12059
92    6.06108
93    5.86671
71 7.51778  1
128    6.28649
72 13.2336  1
212    0
73 11.8984  1
104    5.68818
74 7.53822  1
212    0
75 13.3004  2
105    5.97008
154    3.55493
76 12.1166  1
182    6.24273
77 8.25083  1
212    0
78 5.62716  2
119    3.64951
141    6.06951
79 7.05969  1
212    0
80 11.7379  1
101    6.24273
81 7.01422  1
212    0
82 11.5893  2
154    3.68284
176    4.55243
83 6.52867  1
212    0
84 10.0035  10
193    5.47678
194    3.9586
195    5.00105
196    5.40518
197    3.72486
198    4.23775
199    5.91267
200    5.38211
201    3.64951
202    3.99174
85 11.3506  1
154    3.51575
86 5.74953  1
212    0
87 7.45918  2
121    5.43118
203    4.54154
88 13.0422  1
203    4.51498
89 11.2737  2
102    6.4599
103    4.169
90 5.49837  1
212    0
91 6.63915  1
212    0
92 10.3645  2
121    5.00902
176    5.0558
93 12.5295  1
212    0
94 9.59914  2
121    4.87974
177    5.58399
95 10.0301  2
141    5.61576
163    3.77293
96 11.4373  2
105    4.25533
176    3.9402
97 6.03244  1
212    0
98 8.38328  2
128    3.60273
176    5.6586
99 6.0596  1
212    0
100 8.47179  4
108    4.47525
109    3.68815
110    4.11791
111    5.52136
101 6.34861  1
212    0
102 9.41572  1
212    0
103 9.43129  1
212    0
104 9.48195  10
129    4.61029
130    4.12917
131    5.55808
132    4.22411
133    5.86818
134    5.23681
135    6.17507
136    6.23898
137    6.44763
138    4.12889
105 9.64736  1
121    4.82939
106 10.1875  1
212    0
107 11.9515  1
212    0
108 7.71157  1
176    6.08452
109 13.8665  1
154    4.10051
110 13.9654  1
212    0
111 14.2883  1
212    0
112 5.34242  1
141    5.85829
113 6.1298  1
141    6.45312
114 8.70098  1
128    6.18963
115 7.09723  1
212    0
116 11.8603  1
212    0
117 7.41371  1
121    4.51498
118 12.8939  1
212    0
119 10.7894  1
212    0
120 13.9169  2
139    5.55716
140    4.22109
121 14.1299  1
212    0
122 14.8254  1
212    0
123 7.09632  1
212    0
124 11.8572  1
212    0
125 7.40364  1
212    0
126 12.861  1
212    0
127 10.6816  4
142    6.48315
143    4.2449
144    5.93602
145    5.45828
128 13.565  1
182    4.33883
129 12.9809  1
212    0
130 11.0732  1
212    0
131 14.8437  1
212    0
132 7.15613  1
212    0
133 12.0525  1
212    0
134 8.04147  1
212    0
135 14.9438  1
192    4.10427
136 7.48299  1
176    3.97536
137 13.1201  1
212    0
138 11.5276  1
178    6.1444
139 6.32756  1
212    0
140 9.34675  1
212    0
141 9.20606  1
212    0
142 8.74645  1
212    0
143 7.24555  1
212    0
144 12.3446  1
212    0
145 8.99548  1
212    0
146 8.05887  1
203    5.75886
147 5.00031  1
212    0
148 5.01251  1
212    0
149 5.05249  1
176    4.94099
150 5.18311  1
212    0
151 5.60945  1
212    0
152 7.00171  1
212    0
153 11.5484  1
212    0
154 6.39531  1
212    0
155 9.56801  1
212    0
156 9.92843  1
176    5.20907
157 11.1055  1
212    0
158 14.9493  1
212    0
159 7.50099  1
212    0
160 13.179  1
212    0
161 11.7202  3
164    4.39477
165    6.42547
166    4.05657
162 6.95624  1
212    0
163 11.3997  1
212    0
164 5.90976  1
212    0
165 7.98257  1
212    0
166 14.7516  1
212    0
167 6.85522  1
203    5.10936
168 11.0701  1
212    0
169 14.8337  1
212    0
170 7.12348  1
212    0
171 11.946  1
212    0
172 7.69387  1
178    6.13881
173 13.8086  1
212    0
174 13.7762  1
212    0
175 13.6703  4
188    5.56952
189    4.26147
190    5.99013
191    5.63498
176 13.3245  1
192    4.11791
177 12.1953  1
212    0
178 8.5081  1
212    0
179 6.46733  1
212    0
180 9.80331  1
212    0
181 10.6969  1
212    0
182 13.6151  1
212    0
183 13.1442  1
212    0
184 11.6063  1
203    5.00902
185 6.58452  1
212    0
186 10.186  1
212    0
187 11.9466  1
212    0
188 7.6957  1
212    0
189 13.8147  1
212    0
190 13.796  1
212    0
191 13.7353  1
212    0
192 13.5369  1
212    0
193 12.889  1
212    0
194 10.7732  1
212    0
195 13.8641  1
212    0
196 13.9575  1
212    0
197 14.2624  1
212    0
198 5.25758  1
212    0
199 5.85269  1
203    3.81788
200 7.79611  1
212    0
201 14.1424  1
212    0
202 14.8663  1
212    0
203 7.22999  1
212    0
204 12.2939  1
212    0
205 8.82977  1
212    0
206 7.51778  1
212    0
207 13.2336  1
212    0
208 11.8984  1
212    0
209 7.53822  1
212    0
210 13.3004  1
212    0
211 12.1166  1
212    0
212 0  0
