49
0 5.34242  3
1    5.95369
18    5.20907
31    5.52136
1 6.1298  7
2    5.51605
3    4.08687
4    5.41992
5    3.77293
6    4.39477
19    6.12059
30    4.25533
2 8.70098  2
17    5.99736
31    4.47525
3 7.09723  6
7    6.42547
8    4.05657
17    4.55243
18    3.97536
31    5.99013
36    5.38211
4 11.8603  2
17    4.94099
19    6.13881
5 7.41371  5
9    5.32104
10    6.4501
11    4.13704
12    5.5838
18    5.94325
6 12.8939  5
13    4.30816
14    6.14257
15    6.13286
16    6.10109
19    4.30871
7 10.7894  1
48    0
8 13.9169  2
17    5.6586
30    5.68818
9 14.1299  1
30    5.56952
10 14.8254  3
18    5.4819
30    6.4599
31    4.10427
11 7.09632  1
37    3.99174
12 11.8572  2
18    6.08452
30    4.26147
13 7.40364  1
18    5.0558
14 12.861  3
17    3.9402
19    6.1444
31    4.11791
15 10.6816  2
30    4.64893
31    5.63498
16 13.565  10
20    6.06108
21    5.86671
22    5.23196
23    6.15923
24    6.18725
25    6.27871
26    3.57727
27    3.75581
28    4.33883
29    6.24273
17 12.9809  2
18    5.58399
30    5.97008
18 11.0732  1
48    0
19 14.8437  2
31    3.9586
36    5.91267
20 7.15613  1
31    5.47678
21 12.0525  3
33    5.40518
34    3.72486
35    4.23775
22 8.04147  1
48    0
23 14.9438  10
38    5.10936
39    5.75886
40    4.87974
41    5.00902
42    5.43118
43    3.80973
44    4.51498
45    3.81788
46    4.54154
47    3.90458
24 7.48299  1
48    0
25 13.1201  1
48    0
26 11.5276  1
48    0
27 6.32756  1
32    5.00105
28 9.34675  1
31    3.68815
29 9.20606  1
30    4.169
30 8.74645  1
48    0
31 7.24555  1
48    0
32 12.3446  1
48    0
33 8.99548  1
48    0
34 8.05887  1
37    3.64951
35 5.00031  1
48    0
36 5.01251  1
48    0
37 5.05249  1
48    0
38 5.18311  1
48    0
39 5.60945  1
48    0
40 7.00171  1
48    0
41 11.5484  1
48    0
42 6.39531  1
48    0
43 9.56801  1
48    0
44 9.92843  1
48    0
45 11.1055  1
48    0
46 14.9493  1
48    0
47 7.50099  1
48    0
48 0  0
