235
0 12.9809  10
1    5.75886
2    4.87974
3    5.00902
4    5.43118
5    3.80973
6    4.51498
7    3.81788
51    4.08687
74    3.75581
158    6.18725
1 11.0732  5
10    4.89421
15    4.61029
139    3.50375
155    4.94099
205    4.14684
2 14.8437  2
10    4.82472
205    6.45312
3 7.15613  2
10    6.15996
51    5.95369
4 12.0525  5
10    5.05626
15    6.17507
176    5.47678
179    4.51498
213    4.97853
5 8.04147  6
8    4.54154
9    3.90458
10    4.82939
52    6.4501
74    6.27871
177    5.75886
6 14.9438  5
10    4.31347
15    4.22411
24    5.61576
139    4.41766
212    5.70338
7 7.48299  3
11    6.18963
12    6.28649
146    6.42547
8 13.1201  3
10    5.58545
110    6.15996
212    4.69865
9 11.5276  3
10    4.84458
24    5.89427
110    5.05626
10 6.32756  6
13    3.60273
14    3.83894
15    4.12917
110    5.58545
133    5.45828
178    3.80973
11 9.34675  2
15    5.86818
52    5.32104
12 9.20606  2
15    5.55808
103    5.00902
13 8.74645  2
15    5.23681
176    4.23775
14 7.24555  1
24    5.32196
15 12.3446  1
16    6.23898
16 8.99548  6
17    6.44763
18    4.12889
19    5.55716
20    4.22109
21    5.85829
51    5.51605
17 8.05887  1
234    0
18 5.00031  5
39    3.50375
40    3.51575
41    3.55493
42    3.68284
43    4.10051
19 5.01251  3
22    5.20449
23    6.06951
24    4.14684
20 5.05249  2
155    5.4819
157    5.23196
21 5.18311  2
24    6.45312
103    3.80973
22 5.60945  2
157    5.86671
158    6.15923
23 7.00171  1
234    0
24 11.5484  10
25    4.41244
26    6.48315
27    4.2449
28    5.93602
29    5.45828
30    3.89827
31    4.80403
32    4.76182
33    4.62394
34    4.17367
25 6.39531  1
51    3.77293
26 9.56801  2
110    6.18963
157    6.1444
27 9.92843  5
35    5.70338
36    4.69865
37    4.41766
139    3.68284
145    5.41992
28 11.1055  10
53    4.13704
54    5.5838
55    4.30816
56    6.14257
57    6.13286
58    6.10109
59    5.99736
60    5.6586
61    4.55243
103    4.87974
29 14.9493  9
112    4.61029
113    4.12917
114    5.55808
115    4.22411
116    5.86818
117    5.23681
118    6.17507
119    6.23898
176    4.10427
30 7.50099  3
51    5.41992
52    4.05657
155    5.94325
31 13.179  9
86    5.63498
87    4.47525
88    3.68815
89    4.11791
90    5.52136
91    4.10427
92    5.47678
93    3.9586
146    5.32104
32 11.7202  2
38    3.50009
62    4.94099
33 6.95624  1
62    5.94325
34 11.3997  1
62    5.4819
35 5.90976  1
156    5.58399
36 7.98257  1
234    0
37 14.7516  3
145    5.51605
176    5.40518
213    3.68284
38 6.85522  1
52    4.39477
39 11.0701  3
48    5.33166
49    6.4848
50    4.2503
40 14.8337  4
44    5.46451
45    3.91859
46    4.8704
47    4.97853
41 7.12348  1
234    0
42 11.946  6
104    4.54154
105    3.90458
106    4.82472
107    4.82939
108    4.84458
109    4.89421
43 7.69387  2
52    6.42547
111    3.60273
44 13.8086  1
133    5.93602
45 13.7762  1
234    0
46 13.6703  1
234    0
47 13.3245  1
234    0
48 12.1953  6
121    4.22109
122    5.85829
123    5.20449
124    6.06951
125    5.89427
145    5.95369
49 8.5081  6
75    4.33883
76    6.24273
77    6.4599
78    4.169
79    5.68818
80    4.64893
50 6.46733  1
234    0
51 9.80331  7
140    4.10051
141    5.46451
142    3.91859
143    4.8704
144    4.97853
145    6.4848
213    4.8704
52 10.6969  6
63    3.97536
64    5.0558
65    5.58399
66    4.30871
146    3.77293
213    3.51575
53 13.6151  1
120    5.55716
54 13.1442  1
234    0
55 11.6063  7
67    6.1444
68    6.13881
69    6.12059
70    6.06108
71    5.86671
72    5.23196
73    6.15923
56 6.58452  1
74    6.18725
57 10.186  1
62    5.20907
58 11.9466  2
62    6.08452
155    3.9402
59 7.6957  1
139    4.69865
60 13.8147  1
234    0
61 13.796  1
62    3.9402
62 13.7353  1
234    0
63 13.5369  1
234    0
64 12.889  4
74    3.57727
110    4.31347
145    5.33166
155    6.08452
65 10.7732  1
234    0
66 13.8641  1
234    0
67 13.9575  1
234    0
68 14.2624  4
134    4.80403
135    4.76182
136    4.62394
213    3.55493
69 5.25758  1
234    0
70 5.85269  1
234    0
71 7.79611  1
155    3.97536
72 14.1424  1
103    5.43118
73 14.8663  1
146    6.4501
74 7.22999  1
103    3.81788
75 12.2939  2
133    3.89827
179    4.54154
76 8.82977  1
234    0
77 7.51778  8
159    6.27871
160    3.57727
161    3.75581
162    4.33883
163    6.24273
164    6.4599
165    4.169
176    5.52136
78 13.2336  1
205    5.89427
79 11.8984  1
110    6.28649
80 7.53822  6
81    4.25533
82    5.97008
83    5.56952
84    4.26147
85    5.99013
179    3.81788
81 13.3004  1
177    3.64951
82 12.1166  1
177    5.38211
83 8.25083  1
234    0
84 5.62716  9
94    5.00105
95    5.40518
96    3.72486
97    4.23775
98    5.91267
99    5.38211
100    3.64951
101    3.99174
102    5.10936
85 7.05969  2
153    5.99736
177    4.87974
86 11.7379  1
157    6.06108
87 7.01422  6
147    4.13704
148    5.5838
149    4.30816
150    6.14257
151    6.13286
152    6.10109
88 11.5893  1
234    0
89 6.52867  1
234    0
90 10.0035  1
176    4.11791
91 11.3506  1
120    6.44763
92 5.74953  10
195    5.86818
196    5.23681
197    6.17507
198    6.23898
199    6.44763
200    4.12889
201    5.55716
202    4.22109
203    5.85829
204    5.20449
93 7.45918  2
145    4.2503
176    3.72486
94 13.0422  2
103    4.51498
111    3.83894
95 11.2737  1
177    3.99174
96 5.49837  1
234    0
97 6.63915  1
156    4.30871
98 10.3645  1
139    3.55493
99 12.5295  1
205    4.41244
100 9.59914  1
234    0
101 10.0301  1
213    4.10051
102 11.4373  1
103    5.75886
103 6.03244  1
234    0
104 8.38328  1
234    0
105 6.0596  1
234    0
106 8.47179  1
157    6.13881
107 6.34861  2
120    4.12889
177    5.43118
108 9.41572  1
146    4.39477
109 9.43129  1
234    0
110 9.48195  1
155    4.55243
111 9.64736  1
234    0
112 10.1875  1
205    6.48315
113 11.9515  1
234    0
114 7.71157  5
181    4.84458
182    4.89421
183    5.05626
184    5.58545
185    4.31347
115 13.8665  1
154    5.6586
116 13.9654  1
234    0
117 14.2883  1
234    0
118 5.34242  1
234    0
119 6.1298  10
126    5.32196
127    6.45312
128    4.14684
129    5.61576
130    4.41244
131    6.48315
132    4.2449
139    3.51575
157    6.12059
176    3.9586
120 8.70098  1
234    0
121 7.09723  1
234    0
122 11.8603  1
234    0
123 7.41371  1
176    5.00105
124 12.8939  1
234    0
125 10.7894  10
224    5.32104
225    6.4501
226    4.13704
227    5.5838
228    4.30816
229    6.14257
230    6.13286
231    6.10109
232    5.99736
233    5.6586
126 13.9169  3
146    4.05657
177    5.10936
212    4.17367
127 14.1299  1
139    3.50009
128 14.8254  1
234    0
129 7.09632  2
137    4.17367
138    5.70338
130 11.8572  1
234    0
131 7.40364  2
179    3.90458
212    4.62394
132 12.861  1
234    0
133 10.6816  1
234    0
134 13.565  1
155    5.20907
135 12.9809  2
177    5.00902
180    4.82472
136 11.0732  1
145    4.08687
137 14.8437  1
234    0
138 7.15613  1
234    0
139 12.0525  1
234    0
140 8.04147  1
234    0
141 14.9438  1
213    3.50375
142 7.48299  1
234    0
143 13.1201  1
234    0
144 11.5276  2
214    6.4848
215    4.2503
145 6.32756  1
234    0
146 9.34675  1
234    0
147 9.20606  6
170    5.56952
171    4.26147
172    5.99013
173    5.63498
174    4.47525
175    3.68815
148 8.74645  1
205    6.06951
149 7.24555  1
234    0
150 12.3446  1
234    0
151 8.99548  1
212    3.50009
152 8.05887  1
234    0
153 5.00031  1
155    5.0558
154 5.01251  1
234    0
155 5.05249  1
234    0
156 5.18311  1
234    0
157 5.60945  1
234    0
158 7.00171  1
234    0
159 11.5484  1
234    0
160 6.39531  1
234    0
161 9.56801  1
234    0
162 9.92843  4
166    5.68818
167    4.64893
168    4.25533
169    5.97008
163 11.1055  1
234    0
164 14.9493  1
234    0
165 7.50099  1
176    5.91267
166 13.179  1
234    0
167 11.7202  1
205    5.32196
168 6.95624  1
234    0
169 11.3997  1
234    0
170 5.90976  1
234    0
171 7.98257  1
234    0
172 14.7516  1
234    0
173 6.85522  1
234    0
174 11.0701  1
180    4.82939
175 14.8337  1
234    0
176 7.12348  1
234    0
177 11.946  1
234    0
178 7.69387  6
206    4.2449
207    5.93602
208    5.45828
209    3.89827
210    4.80403
211    4.76182
179 13.8086  1
234    0
180 13.7762  1
234    0
181 13.6703  9
186    6.15996
187    6.18963
188    6.28649
189    3.60273
190    3.83894
191    4.61029
192    4.12917
193    5.55808
194    4.22411
182 13.3245  1
234    0
183 12.1953  1
213    3.91859
184 8.5081  1
234    0
185 6.46733  1
234    0
186 9.80331  1
234    0
187 10.6969  1
234    0
188 13.6151  1
234    0
189 13.1442  1
234    0
190 11.6063  1
234    0
191 6.58452  1
234    0
192 10.186  1
213    5.46451
193 11.9466  1
234    0
194 7.6957  1
234    0
195 13.8147  1
234    0
196 13.796  1
234    0
197 13.7353  1
234    0
198 13.5369  1
234    0
199 12.889  1
234    0
200 10.7732  1
234    0
201 13.8641  1
205    5.61576
202 13.9575  1
234    0
203 14.2624  1
212    4.41766
204 5.25758  8
216    5.95369
217    5.51605
218    4.08687
219    5.41992
220    3.77293
221    4.39477
222    6.42547
223    4.05657
205 5.85269  1
234    0
206 7.79611  1
234    0
207 14.1424  1
234    0
208 14.8663  1
234    0
209 7.22999  1
213    5.33166
210 12.2939  1
234    0
211 8.82977  1
234    0
212 7.51778  1
234    0
213 13.2336  1
234    0
214 11.8984  1
234    0
215 7.53822  1
234    0
216 13.3004  1
234    0
217 12.1166  1
234    0
218 8.25083  1
234    0
219 5.62716  1
234    0
220 7.05969  1
234    0
221 11.7379  1
234    0
222 7.01422  1
234    0
223 11.5893  1
234    0
224 6.52867  1
234    0
225 10.0035  1
234    0
226 11.3506  1
234    0
227 5.74953  1
234    0
228 7.45918  1
234    0
229 13.0422  1
234    0
230 11.2737  1
234    0
231 5.49837  1
234    0
232 6.63915  1
234    0
233 10.3645  1
234    0
234 0  0
