47
0 11.5484  3
1    7.51161
2    8.67766
3    12.9198
1 6.39531  2
3    12.4855
4    8.33799
2 9.56801  2
4    11.3764
15    8.47551
3 9.92843  8
5    9.29786
6    8.51067
7    11.9402
8    11.139
9    8.52293
10    11.9803
11    11.27
15    10.8104
4 11.1055  1
15    10.9536
5 14.9493  1
15    11.0427
6 7.50099  3
12    8.9505
13    7.37629
14    8.23582
7 13.179  1
15    7.44972
8 11.7202  10
16    10.7642
17    7.29902
18    7.98349
19    10.2187
20    11.5177
21    9.75948
22    10.018
23    10.8624
24    7.61946
25    9.02997
9 6.95624  1
15    8.20853
10 11.3997  7
39    7.20545
40    7.67788
41    9.22059
42    8.25834
43    11.1162
44    8.44823
45    11.7364
11 5.90976  1
15    7.9172
12 7.98257  1
46    0
13 14.7516  1
15    10.0021
14 6.85522  1
15    11.8253
15 11.0701  1
46    0
16 14.8337  1
46    0
17 7.12348  1
46    0
18 11.946  1
46    0
19 7.69387  1
46    0
20 13.8086  1
46    0
21 13.7762  7
32    9.78841
33    10.1125
34    11.1709
35    8.62694
36    12.3199
37    12.3793
38    12.573
22 13.6703  6
26    7.63576
27    9.08307
28    7.80917
29    9.64943
30    9.65877
31    9.68917
23 13.3245  1
46    0
24 12.1953  1
46    0
25 8.5081  1
46    0
26 6.46733  1
46    0
27 9.80331  1
46    0
28 10.6969  1
46    0
29 13.6151  1
46    0
30 13.1442  1
46    0
31 11.6063  1
46    0
32 6.58452  1
46    0
33 10.186  1
46    0
34 11.9466  1
46    0
35 7.6957  1
46    0
36 13.8147  1
46    0
37 13.796  1
46    0
38 13.7353  1
46    0
39 13.5369  1
46    0
40 12.889  1
46    0
41 10.7732  1
46    0
42 13.8641  1
46    0
43 13.9575  1
46    0
44 14.2624  1
46    0
45 5.25758  1
46    0
46 0  0
