123
0 7.53822  10
1    1.23745
2    1.25574
3    0.715455
4    0.751161
5    0.867766
6    1.24855
7    1.29198
8    0.851067
9    0.737629
10    1.00021
1 13.3004  7
9    1.19803
11    0.744972
12    0.908307
14    0.767788
77    1.19402
80    1.02187
115    0.710987
2 12.1166  7
10    1.09536
11    0.729902
12    0.780917
13    0.978841
25    1.12315
79    1.10427
117    1.29002
3 8.25083  2
9    1.1139
11    0.798349
4 5.62716  6
8    1.13764
9    1.127
10    0.820853
11    1.18253
12    1.0018
79    0.820853
5 7.05969  5
8    0.929786
9    1.19402
11    1.07642
14    1.11709
15    1.17364
6 11.7379  9
8    0.833799
9    0.852293
10    1.10427
11    1.15177
12    0.761946
14    0.862694
15    0.922059
25    0.848979
78    1.1139
7 7.01422  8
9    0.823582
10    0.79172
11    1.02187
12    0.964943
14    1.23793
15    1.11162
80    0.975948
81    0.761946
8 11.5893  6
9    0.89505
11    1.08104
12    0.902997
15    0.825834
77    1.24855
117    0.754585
9 6.52867  5
11    0.847551
12    1.08624
13    1.01125
25    1.17885
79    1.09536
10 10.0035  4
11    0.975948
12    0.763576
14    0.720545
81    1.08624
11 11.3506  4
12    0.965877
15    0.844823
25    0.882488
79    1.00021
12 5.74953  3
13    0.968917
14    1.2573
61    1.18865
13 7.45918  1
14    1.23199
14 13.0422  9
16    1.04736
17    1.23501
18    1.24779
19    1.28953
20    0.825779
21    1.11143
22    0.844218
23    1.17166
80    1.18253
15 11.2737  10
26    1.09166
27    0.779653
28    0.960805
29    0.952364
30    0.924787
31    0.834733
32    1.14068
33    0.939729
34    0.883532
45    0.85006
16 5.49837  4
45    1.08398
78    1.19803
81    1.0018
116    1.06633
17 6.63915  3
24    1.0409
25    1.06439
45    0.754585
18 10.3645  2
61    0.988198
77    1.13764
19 12.5295  2
25    1.29663
61    1.2169
20 9.59914  5
25    1.1872
45    1.19074
80    0.744972
95    1.28953
115    0.700751
21 10.0301  3
25    0.829368
61    1.04181
77    1.29198
22 11.4373  2
25    1.2139
80    1.07642
23 6.03244  2
25    1.29062
78    0.89505
24 8.38328  1
95    1.24779
25 6.0596  10
35    0.700018
36    0.700751
37    0.703149
38    0.710987
39    0.736567
40    0.820103
41    1.0929
42    0.783718
43    0.974081
44    0.995706
26 8.47179  10
46    0.878954
47    1.28509
48    0.811313
49    1.06421
50    1.29002
51    0.827409
52    1.11676
53    0.861632
54    1.22851
55    1.22657
27 6.34861  6
89    1.2573
90    0.720545
91    0.767788
92    0.922059
93    0.825834
94    1.11162
28 9.41572  1
109    0.960805
29 9.43129  2
80    0.729902
116    0.85006
30 9.48195  1
122    0
31 9.64736  1
115    0.700018
32 10.1875  2
45    1.06633
81    0.908307
33 11.9515  1
122    0
34 7.71157  1
122    0
35 13.8665  2
45    0.817374
80    1.15177
36 13.9654  1
77    0.929786
37 14.2883  8
83    0.978841
84    1.01125
85    1.11709
86    0.862694
87    1.23199
88    1.23793
109    0.779653
117    0.827409
38 5.34242  1
81    0.902997
39 6.1298  2
80    0.798349
95    0.844823
40 8.70098  1
122    0
41 7.09723  1
61    0.795071
42 11.8603  10
62    1.01116
63    1.1168
64    0.861742
65    1.22888
66    1.22776
67    1.22412
68    1.21222
69    1.17334
70    1.04639
71    1.23185
43 7.41371  2
45    1.10321
79    0.79172
44 12.8939  1
45    1.29696
45 10.7894  1
122    0
46 13.9169  1
77    0.851067
47 14.1299  1
122    0
48 14.8254  1
122    0
49 7.09632  5
56    1.22022
57    1.19947
58    1.13172
59    0.910486
60    0.78804
50 11.8572  1
122    0
51 7.40364  1
61    1.09638
52 12.861  5
72    1.23745
73    1.25574
74    0.715455
75    0.751161
76    0.867766
53 10.6816  1
116    1.19074
54 13.565  1
122    0
55 12.9809  1
122    0
56 11.0732  1
82    0.964943
57 14.8437  1
122    0
58 7.15613  2
115    0.703149
117    1.06421
59 12.0525  1
78    0.737629
60 8.04147  2
78    0.823582
115    1.0929
61 14.9438  1
78    0.852293
62 7.48299  1
122    0
63 13.1201  5
110    0.924787
111    0.834733
112    1.14068
113    0.939729
114    0.883532
64 11.5276  2
82    0.780917
116    0.995706
65 6.32756  2
77    0.833799
80    0.847551
66 9.34675  1
122    0
67 9.20606  1
109    1.1872
68 8.74645  2
115    0.736567
116    0.974081
69 7.24555  1
115    0.783718
70 12.3446  1
122    0
71 8.99548  1
122    0
72 8.05887  1
122    0
73 5.00031  2
82    0.965877
117    0.817374
74 5.01251  1
79    1.08104
75 5.05249  4
96    1.11143
97    0.844218
98    1.17166
99    1.0409
76 5.18311  2
78    1.127
116    1.10321
77 5.60945  1
82    0.968917
78 7.00171  1
122    0
79 11.5484  1
81    0.763576
80 6.39531  2
95    1.23501
117    0.878954
81 9.56801  1
95    1.04736
82 9.92843  1
122    0
83 11.1055  1
122    0
84 14.9493  1
95    0.825779
85 7.50099  10
100    1.2139
101    1.17885
102    1.06439
103    1.29062
104    0.829368
105    1.12315
106    0.882488
107    1.29663
108    0.848979
117    1.28509
86 13.179  1
117    1.08398
87 11.7202  1
122    0
88 6.95624  1
122    0
89 11.3997  1
122    0
90 5.90976  1
95    1.17364
91 7.98257  1
122    0
92 14.7516  1
122    0
93 6.85522  1
109    1.09166
94 11.0701  1
115    0.820103
95 14.8337  1
122    0
96 7.12348  1
117    0.811313
97 11.946  1
109    0.952364
98 7.69387  1
122    0
99 13.8086  1
122    0
100 13.7762  1
122    0
101 13.6703  1
122    0
102 13.3245  4
118    0.861632
119    1.22851
120    1.22657
121    1.22022
103 12.1953  1
122    0
104 8.5081  1
116    1.29696
105 6.46733  1
122    0
106 9.80331  1
122    0
107 10.6969  1
122    0
108 13.6151  1
122    0
109 13.1442  1
122    0
110 11.6063  1
122    0
111 6.58452  1
122    0
112 10.186  1
122    0
113 11.9466  1
122    0
114 7.6957  1
122    0
115 13.8147  1
117    1.11676
116 13.796  1
122    0
117 13.7353  1
122    0
118 13.5369  1
122    0
119 12.889  1
122    0
120 10.7732  1
122    0
121 13.8641  1
122    0
122 0  0
