109
0 13.8147  5
1    4.08687
19    5.23196
20    6.4599
29    5.47678
66    6.48315
1 13.796  8
2    5.41992
3    3.77293
4    4.39477
5    6.42547
6    4.05657
18    6.1444
29    4.10427
60    6.06951
2 13.7353  10
7    5.32104
8    6.4501
9    4.13704
10    5.5838
11    4.30816
12    6.14257
13    6.13286
14    6.10109
15    5.99736
16    5.6586
3 13.5369  1
19    3.57727
4 12.889  3
16    3.9402
18    6.13881
20    3.75581
5 10.7732  3
16    5.94325
19    6.18725
107    6.12059
6 13.8641  1
67    4.69865
7 13.9575  5
16    4.55243
18    5.58399
30    5.91267
31    5.10936
32    4.51498
8 14.2624  5
16    5.20907
18    6.06108
30    3.9586
66    5.45828
67    4.76182
9 5.25758  4
16    5.4819
19    6.15923
29    5.52136
30    5.00105
10 5.85269  9
21    4.169
22    5.68818
23    4.64893
24    4.25533
25    5.97008
26    5.56952
27    4.26147
28    5.99013
67    5.70338
11 7.79611  2
20    6.24273
29    4.11791
12 14.1424  3
18    5.0558
20    4.33883
68    3.50009
13 14.8663  4
16    6.08452
19    6.27871
30    5.38211
60    5.20449
14 7.22999  4
17    3.97536
18    4.30871
29    5.63498
31    5.75886
15 12.2939  2
16    4.94099
18    5.86671
16 8.82977  2
30    4.23775
107    6.13881
17 7.51778  1
18    6.12059
18 13.2336  2
30    3.72486
31    4.87974
19 11.8984  5
41    5.58545
42    4.31347
43    6.15996
44    6.18963
66    5.93602
20 7.53822  1
31    3.64951
21 13.3004  1
29    4.47525
22 12.1166  1
31    5.43118
23 8.25083  4
30    5.40518
31    5.00902
67    4.80403
107    6.06108
24 5.62716  1
60    5.85829
25 7.05969  1
108    0
26 11.7379  2
67    4.41766
107    6.15923
27 7.01422  1
29    3.68815
28 11.5893  3
33    3.81788
34    4.54154
35    3.90458
29 6.52867  1
60    5.89427
30 10.0035  1
31    3.99174
31 11.3506  1
32    3.80973
32 5.74953  5
36    4.82472
37    4.82939
38    4.84458
39    4.89421
40    5.05626
33 7.45918  1
66    3.89827
34 13.0422  1
108    0
35 11.2737  3
58    5.55716
59    4.22109
107    4.30871
36 5.49837  1
108    0
37 6.63915  2
66    4.2449
67    4.17367
38 10.3645  1
108    0
39 12.5295  1
67    4.62394
40 9.59914  1
108    0
41 10.0301  1
108    0
42 11.4373  10
45    6.28649
46    3.60273
47    3.83894
48    4.61029
49    4.12917
50    5.55808
51    4.22411
52    5.86818
53    5.23681
54    6.17507
43 6.03244  9
78    5.33166
79    6.4848
80    4.2503
81    5.95369
82    5.51605
83    4.08687
84    5.41992
85    3.77293
86    4.39477
44 8.38328  1
108    0
45 6.0596  1
108    0
46 8.47179  1
108    0
47 6.34861  1
108    0
48 9.41572  1
108    0
49 9.43129  5
61    5.32196
62    6.45312
63    4.14684
64    5.61576
65    4.41244
50 9.48195  1
108    0
51 9.64736  1
108    0
52 10.1875  1
108    0
53 11.9515  3
55    6.23898
56    6.44763
57    4.12889
54 7.71157  1
107    6.1444
55 13.8665  1
108    0
56 13.9654  1
108    0
57 14.2883  1
108    0
58 5.34242  1
108    0
59 6.1298  1
108    0
60 8.70098  1
108    0
61 7.09723  1
108    0
62 11.8603  5
87    6.42547
88    4.05657
89    5.32104
90    6.4501
91    4.13704
63 7.41371  9
69    3.50375
70    3.51575
71    3.55493
72    3.68284
73    4.10051
74    5.46451
75    3.91859
76    4.8704
77    4.97853
64 12.8939  1
108    0
65 10.7894  1
108    0
66 13.9169  7
92    5.5838
93    4.30816
94    6.14257
95    6.13286
96    6.10109
97    5.99736
98    5.6586
67 14.1299  1
108    0
68 14.8254  1
108    0
69 7.09632  1
108    0
70 11.8572  1
108    0
71 7.40364  1
108    0
72 12.861  1
108    0
73 10.6816  1
108    0
74 13.565  1
108    0
75 12.9809  1
108    0
76 11.0732  1
108    0
77 14.8437  1
107    5.0558
78 7.15613  1
108    0
79 12.0525  1
108    0
80 8.04147  1
108    0
81 14.9438  1
108    0
82 7.48299  8
99    4.55243
100    3.9402
101    4.94099
102    5.20907
103    6.08452
104    5.94325
105    5.4819
106    3.97536
83 13.1201  1
108    0
84 11.5276  1
108    0
85 6.32756  1
108    0
86 9.34675  1
108    0
87 9.20606  1
108    0
88 8.74645  1
108    0
89 7.24555  1
107    5.86671
90 12.3446  1
107    5.58399
91 8.99548  1
108    0
92 8.05887  1
108    0
93 5.00031  1
108    0
94 5.01251  1
108    0
95 5.05249  1
108    0
96 5.18311  1
108    0
97 5.60945  1
108    0
98 7.00171  1
108    0
99 11.5484  1
107    5.23196
100 6.39531  1
108    0
101 9.56801  1
108    0
102 9.92843  1
108    0
103 11.1055  1
108    0
104 14.9493  1
108    0
105 7.50099  1
108    0
106 13.179  1
108    0
107 11.7202  1
108    0
108 0  0
