201
0 10.0035  3
1    35.1575
18    60.8452
24    56.8818
1 11.3506  7
2    35.5493
3    36.8284
4    41.0051
5    54.6451
6    39.1859
7    48.704
23    43.3883
2 5.74953  2
13    55.1605
16    64.501
3 7.45918  8
8    49.7853
9    53.3166
10    64.848
11    42.503
12    59.5369
19    61.3881
24    42.5533
83    39.1859
4 13.0422  4
16    64.2547
17    61.4257
18    56.586
19    55.8399
5 11.2737  2
16    43.9477
18    39.402
6 5.49837  3
18    54.819
19    61.2059
83    64.848
7 6.63915  5
13    40.8687
17    61.0109
19    60.6108
24    55.6952
76    41.7367
8 10.3645  4
17    43.0816
24    42.6147
29    53.8211
76    46.2394
9 12.5295  4
17    61.3286
18    59.4325
19    58.6671
23    35.7727
10 9.59914  6
14    54.1992
15    37.7293
16    40.5657
17    41.3704
24    46.4893
28    54.7678
11 10.0301  4
19    43.0871
23    64.599
29    51.0936
75    38.9827
12 11.4373  2
18    49.4099
23    37.5581
13 6.03244  1
17    59.9736
14 8.38328  2
16    53.2104
18    52.0907
15 6.0596  4
17    55.838
18    45.5243
28    41.0427
75    54.5828
16 8.47179  3
18    39.7536
24    59.9013
29    59.1267
17 6.34861  5
18    50.558
23    62.7871
24    59.7008
28    39.586
140    38.1788
18 9.41572  3
19    61.444
23    62.4273
28    50.0105
19 9.43129  7
20    52.3196
21    61.5923
22    61.8725
24    41.69
136    36.4951
139    57.5886
145    42.2411
20 9.48195  4
25    56.3498
26    44.7525
27    36.8815
29    36.4951
21 9.64736  1
29    37.2486
22 10.1875  2
28    41.1791
83    59.5369
23 11.9515  3
29    39.9174
136    37.2486
145    61.7507
24 7.71157  1
29    42.3775
25 13.8665  1
200    0
26 13.9654  2
28    55.2136
146    64.4763
27 14.2883  1
28    54.0518
28 5.34242  10
30    57.5886
31    48.7974
32    50.0902
33    54.3118
34    38.0973
35    45.1498
36    38.1788
37    45.4154
139    48.7974
187    40.5657
29 6.1298  1
200    0
30 8.70098  2
84    55.1605
85    40.8687
31 7.09723  9
38    39.0458
39    48.2472
40    48.2939
41    48.4458
42    48.9421
43    50.5626
44    55.8545
45    43.1347
46    61.5996
32 11.8603  1
200    0
33 7.41371  1
146    62.3898
34 12.8939  1
83    53.3166
35 10.7894  1
75    47.6182
36 13.9169  1
200    0
37 14.1299  1
86    37.7293
38 14.8254  1
145    38.3894
39 7.09632  10
66    58.9427
67    53.2196
68    64.5312
69    41.4684
70    56.1576
71    44.1244
72    64.8315
73    42.449
74    59.3602
83    54.6451
40 11.8572  10
57    61.7507
58    62.3898
59    64.4763
60    41.2889
61    55.5716
62    42.2109
63    58.5829
64    52.0449
65    60.6951
139    38.0973
41 7.40364  9
47    61.8963
48    62.8649
49    36.0273
50    38.3894
51    46.1029
52    41.2917
53    55.5808
54    42.2411
135    39.586
42 12.861  1
83    42.503
43 10.6816  2
55    58.6818
56    52.3681
44 13.565  1
144    55.8545
45 12.9809  7
87    43.9477
88    64.2547
89    40.5657
90    53.2104
91    64.501
92    41.3704
147    52.0449
46 11.0732  1
136    53.8211
47 14.8437  7
193    61.4257
194    61.3286
195    61.0109
196    59.9736
197    56.586
198    45.5243
199    39.402
48 7.15613  8
93    55.838
94    43.0816
95    61.4257
96    61.3286
97    61.0109
98    59.9736
99    56.586
145    46.1029
49 12.0525  2
83    49.7853
136    50.0105
50 8.04147  1
200    0
51 14.9438  1
76    57.0338
52 7.48299  1
136    42.3775
53 13.1201  1
200    0
54 11.5276  1
200    0
55 6.32756  1
200    0
56 9.34675  1
200    0
57 9.20606  2
75    48.0403
146    42.2109
58 8.74645  1
145    52.3681
59 7.24555  10
125    41.69
126    56.8818
127    46.4893
128    42.5533
129    59.7008
130    55.6952
131    42.6147
132    59.9013
133    56.3498
134    44.7525
60 12.3446  1
200    0
61 8.99548  1
200    0
62 8.05887  1
144    43.1347
63 5.00031  1
200    0
64 5.01251  2
83    48.704
86    54.1992
65 5.05249  1
83    41.0051
66 5.18311  6
77    46.9865
78    44.1766
79    35.0009
80    35.0375
81    35.1575
82    35.5493
67 5.60945  1
83    36.8284
68 7.00171  6
181    55.1605
182    40.8687
183    54.1992
184    37.7293
185    43.9477
186    64.2547
69 11.5484  1
136    54.0518
70 6.39531  1
200    0
71 9.56801  1
200    0
72 9.92843  1
200    0
73 11.1055  1
200    0
74 14.9493  1
200    0
75 7.50099  1
200    0
76 13.179  1
144    36.0273
77 11.7202  3
113    61.2059
114    60.6108
115    58.6671
78 6.95624  1
145    58.6818
79 11.3997  1
200    0
80 5.90976  1
200    0
81 7.98257  1
139    50.0902
82 14.7516  1
200    0
83 6.85522  1
200    0
84 11.0701  5
188    53.2104
189    64.501
190    41.3704
191    55.838
192    43.0816
85 14.8337  1
200    0
86 7.12348  1
144    48.4458
87 11.946  1
200    0
88 7.69387  1
200    0
89 13.8086  1
200    0
90 13.7762  9
116    52.3196
117    61.5923
118    61.8725
119    62.7871
120    35.7727
121    37.5581
122    43.3883
123    62.4273
124    64.599
91 13.6703  1
200    0
92 13.3245  10
103    52.0907
104    60.8452
105    59.4325
106    54.819
107    39.7536
108    50.558
109    55.8399
110    43.0871
111    61.444
112    61.3881
93 12.1953  1
144    50.5626
94 8.5081  1
135    41.1791
95 6.46733  1
200    0
96 9.80331  1
137    39.9174
97 10.6969  1
146    55.5716
98 13.6151  1
200    0
99 13.1442  4
100    45.5243
101    39.402
102    49.4099
135    36.8815
100 11.6063  2
144    62.8649
145    55.5808
101 6.58452  1
200    0
102 10.186  1
145    41.2917
103 11.9466  1
200    0
104 7.6957  1
200    0
105 13.8147  1
200    0
106 13.796  1
200    0
107 13.7353  1
200    0
108 13.5369  1
200    0
109 12.889  10
161    47.6182
162    46.2394
163    41.7367
164    57.0338
165    46.9865
166    44.1766
167    35.0009
168    35.0375
169    35.1575
170    35.5493
110 10.7732  4
141    39.0458
142    48.2472
143    48.2939
144    61.8963
111 13.8641  1
200    0
112 13.9575  1
200    0
113 14.2624  1
200    0
114 5.25758  1
138    51.0936
115 5.85269  1
200    0
116 7.79611  1
144    48.9421
117 14.1424  1
140    45.4154
118 14.8663  1
200    0
119 7.22999  1
135    54.7678
120 12.2939  1
136    59.1267
121 8.82977  1
200    0
122 7.51778  1
135    41.0427
123 13.2336  1
200    0
124 11.8984  1
140    45.1498
125 7.53822  1
135    55.2136
126 13.3004  1
200    0
127 12.1166  1
200    0
128 8.25083  1
200    0
129 5.62716  1
200    0
130 7.05969  1
144    61.5996
131 11.7379  1
200    0
132 7.01422  1
139    54.3118
133 11.5893  1
200    0
134 6.52867  1
146    58.5829
135 10.0035  1
200    0
136 11.3506  1
200    0
137 5.74953  1
200    0
138 7.45918  1
200    0
139 13.0422  1
200    0
140 11.2737  1
200    0
141 5.49837  1
200    0
142 6.63915  1
200    0
143 10.3645  9
148    60.6951
149    58.9427
150    53.2196
151    64.5312
152    41.4684
153    56.1576
154    44.1244
155    64.8315
156    42.449
144 12.5295  1
200    0
145 9.59914  1
146    41.2889
146 10.0301  1
200    0
147 11.4373  1
200    0
148 6.03244  1
200    0
149 8.38328  4
157    59.3602
158    54.5828
159    38.9827
160    48.0403
150 6.0596  1
200    0
151 8.47179  1
200    0
152 6.34861  1
200    0
153 9.41572  1
200    0
154 9.43129  1
200    0
155 9.48195  1
200    0
156 9.64736  1
200    0
157 10.1875  1
200    0
158 11.9515  10
171    36.8284
172    41.0051
173    54.6451
174    39.1859
175    48.704
176    49.7853
177    53.3166
178    64.848
179    42.503
180    59.5369
159 7.71157  1
200    0
160 13.8665  1
200    0
161 13.9654  1
200    0
162 14.2883  1
200    0
163 5.34242  1
200    0
164 6.1298  1
200    0
165 8.70098  1
200    0
166 7.09723  1
200    0
167 11.8603  1
200    0
168 7.41371  1
200    0
169 12.8939  1
200    0
170 10.7894  1
200    0
171 13.9169  1
200    0
172 14.1299  1
200    0
173 14.8254  1
200    0
174 7.09632  1
200    0
175 11.8572  1
200    0
176 7.40364  1
200    0
177 12.861  1
200    0
178 10.6816  1
200    0
179 13.565  1
200    0
180 12.9809  1
200    0
181 11.0732  1
200    0
182 14.8437  1
200    0
183 7.15613  1
200    0
184 12.0525  1
200    0
185 8.04147  1
200    0
186 14.9438  1
200    0
187 7.48299  1
200    0
188 13.1201  1
200    0
189 11.5276  1
200    0
190 6.32756  1
200    0
191 9.34675  1
200    0
192 9.20606  1
200    0
193 8.74645  1
200    0
194 7.24555  1
200    0
195 12.3446  1
200    0
196 8.99548  1
200    0
197 8.05887  1
200    0
198 5.00031  1
200    0
199 5.01251  1
200    0
200 0  0
