90
0 13.9575  2
1    0.710987
2    0.736567
1 14.2624  1
47    0.929786
2 5.25758  3
3    0.820103
47    0.833799
51    0.79172
3 5.85269  7
4    1.0929
5    0.783718
6    0.974081
7    0.995706
8    1.06633
9    1.29696
10    0.85006
4 7.79611  4
31    1.2169
47    0.715455
48    0.851067
74    1.01125
5 14.1424  2
49    0.737629
50    0.823582
6 14.8663  1
89    0
7 7.22999  8
23    0.861632
24    1.22851
25    1.22657
26    1.22022
27    1.19947
28    1.13172
29    0.910486
30    0.78804
8 12.2939  9
11    1.19074
12    1.10321
13    0.817374
14    1.08398
15    0.754585
16    0.878954
17    1.28509
18    0.811313
47    0.751161
9 8.82977  1
89    0
10 7.51778  6
52    1.00021
53    1.08104
54    0.744972
55    0.847551
56    1.18253
57    1.07642
11 13.2336  1
89    0
12 11.8984  1
89    0
13 7.53822  1
89    0
14 13.3004  2
31    0.988198
47    0.867766
15 12.1166  1
48    1.19402
16 8.25083  4
45    1.23745
46    1.25574
58    0.729902
79    1.24779
17 5.62716  6
19    1.06421
20    1.29002
21    0.827409
22    1.11676
31    1.04181
51    1.10427
18 7.05969  1
89    0
19 11.7379  9
36    1.1168
37    0.861742
38    1.22888
39    1.22776
40    1.22412
41    1.21222
42    1.17334
43    1.04639
44    1.23185
20 7.01422  1
47    1.24855
21 11.5893  1
89    0
22 6.52867  1
48    0.852293
23 10.0035  1
89    0
24 11.3506  4
32    1.18865
33    1.09638
34    0.795071
35    1.01116
25 5.74953  1
48    0.89505
26 7.45918  2
74    1.2573
79    1.17364
27 13.0422  1
89    0
28 11.2737  1
79    1.28953
29 5.49837  1
89    0
30 6.63915  1
89    0
31 10.3645  1
79    1.11162
32 12.5295  1
89    0
33 9.59914  2
47    1.13764
51    0.820853
34 10.0301  1
89    0
35 11.4373  2
47    1.29198
51    1.09536
36 6.03244  1
79    1.11143
37 8.38328  1
48    1.1139
38 6.0596  1
48    1.127
39 8.47179  1
89    0
40 6.34861  1
89    0
41 9.41572  1
89    0
42 9.43129  1
89    0
43 9.48195  1
79    0.844823
44 9.64736  1
79    1.23501
45 10.1875  1
89    0
46 11.9515  1
48    1.19803
47 7.71157  1
89    0
48 13.8665  5
59    0.798349
60    1.02187
61    1.15177
62    0.975948
63    1.0018
49 13.9654  1
89    0
50 14.2883  9
80    1.17166
81    1.0409
82    1.2139
83    1.17885
84    1.06439
85    1.29062
86    0.829368
87    1.12315
88    0.882488
51 5.34242  1
89    0
52 6.1298  1
89    0
53 8.70098  1
74    0.862694
54 7.09723  1
89    0
55 11.8603  4
75    0.720545
76    0.767788
77    0.922059
78    0.825834
56 7.41371  1
89    0
57 12.8939  6
65    0.761946
66    0.902997
67    0.763576
68    0.908307
69    0.780917
70    0.964943
58 10.7894  1
89    0
59 13.9169  1
64    1.08624
60 14.1299  2
74    1.23793
79    0.844218
61 14.8254  1
89    0
62 7.09632  4
71    0.965877
72    0.968917
73    0.978841
79    0.825779
63 11.8572  1
89    0
64 7.40364  1
74    1.11709
65 12.861  1
89    0
66 10.6816  1
89    0
67 13.565  1
74    1.23199
68 12.9809  1
89    0
69 11.0732  1
89    0
70 14.8437  1
79    1.04736
71 7.15613  1
89    0
72 12.0525  1
89    0
73 8.04147  1
89    0
74 14.9438  1
89    0
75 7.48299  1
89    0
76 13.1201  1
89    0
77 11.5276  1
89    0
78 6.32756  1
89    0
79 9.34675  1
89    0
80 9.20606  1
89    0
81 8.74645  1
89    0
82 7.24555  1
89    0
83 12.3446  1
89    0
84 8.99548  1
89    0
85 8.05887  1
89    0
86 5.00031  1
89    0
87 5.01251  1
89    0
88 5.05249  1
89    0
89 0  0
