175
0 13.6151  5
1    7.44972
2    11.8253
3    10.7642
67    7.51161
137    12.1222
1 13.1442  4
2    8.47551
13    7.63576
117    12.9696
133    7.95071
2 11.6063  4
13    9.78841
19    10.4736
34    11.4068
46    7.54585
3 6.58452  10
4    7.29902
5    7.98349
6    10.2187
7    11.5177
8    9.75948
9    10.018
10    10.8624
13    9.65877
19    11.1162
33    11.872
4 10.186  7
11    7.61946
12    9.02997
19    8.44823
35    7.00018
47    8.27409
83    8.47551
138    8.33799
5 11.9466  3
13    9.64943
14    11.1709
19    12.3501
6 7.6957  4
13    9.08307
19    8.25834
81    7.37629
96    12.573
7 13.8147  5
13    9.68917
19    11.7364
33    8.48979
85    7.98349
132    7.8804
8 13.796  4
13    7.80917
19    12.8953
46    10.8398
115    7.00751
9 13.7353  4
14    8.62694
34    8.83532
47    12.9002
58    11.8865
10 13.5369  3
13    10.1125
109    11.872
116    7.83718
11 12.889  4
15    12.3793
16    12.573
109    8.82488
133    11.8865
12 10.7732  4
14    12.3199
107    10.409
138    7.51161
152    8.47551
13 13.8641  1
46    8.11313
14 13.9575  3
17    7.20545
18    7.67788
34    9.52364
15 14.2624  2
19    12.478
58    12.2776
16 5.25758  2
109    8.48979
139    11.3764
17 5.85269  2
19    9.22059
45    8.5006
18 7.79611  3
34    8.34733
46    11.0321
58    10.1116
19 14.1424  7
20    8.25779
21    11.1143
22    8.44218
23    11.7166
24    10.409
25    12.139
34    9.24787
20 14.8663  1
34    10.9166
21 7.22999  1
43    10.6633
22 12.2939  10
164    8.62694
165    12.3199
166    12.3793
167    12.573
168    7.20545
169    7.67788
170    9.22059
171    8.25834
172    11.1162
173    8.44823
23 8.82977  1
163    9.78841
24 7.51778  10
26    11.7885
27    10.6439
28    12.9062
29    8.29368
30    11.2315
31    8.82488
32    12.9663
34    9.60805
85    10.2187
107    11.7885
25 13.2336  1
163    9.68917
26 11.8984  3
45    11.9074
46    12.8509
137    12.2412
27 7.53822  3
34    7.79653
83    10.0021
84    10.7642
28 13.3004  7
36    7.10987
37    7.36567
38    8.20103
39    10.929
40    7.83718
41    9.74081
46    8.78954
29 12.1166  1
34    9.39729
30 8.25083  2
58    8.61742
163    11.1709
31 5.62716  1
107    12.139
32 7.05969  3
48    8.61632
49    12.2851
50    12.2657
33 11.7379  2
35    7.00751
109    9.24787
34 7.01422  2
35    7.0315
107    10.6439
35 11.5893  1
116    9.74081
36 6.52867  1
174    0
37 10.0035  6
73    9.29786
74    8.51067
75    11.9402
76    11.139
77    8.52293
78    11.9803
38 11.3506  1
44    12.9696
39 5.74953  2
82    10.9536
96    7.67788
40 7.45918  3
42    9.95706
47    11.1676
109    9.52364
41 13.0422  8
59    12.2412
60    12.1222
61    11.7334
62    10.4639
63    12.3185
64    12.3745
65    12.5574
66    7.15455
42 11.2737  2
47    10.6421
58    7.95071
43 5.49837  3
46    8.17374
96    11.1709
132    12.2022
44 6.63915  1
81    8.23582
45 10.3645  1
96    8.62694
46 12.5295  8
51    12.2022
52    11.9947
53    11.3172
54    9.10486
55    7.8804
56    9.88198
57    10.4181
58    12.169
47 9.59914  2
85    10.018
107    8.44218
48 10.0301  1
174    0
49 11.4373  3
116    10.929
137    12.5574
152    10.0021
50 6.03244  3
58    11.168
137    12.3185
152    11.8253
51 8.38328  1
117    10.6633
52 6.0596  3
83    11.8253
108    12.9062
109    10.9166
53 8.47179  1
58    10.9638
54 6.34861  2
96    12.3199
109    12.9663
55 9.41572  1
83    7.44972
56 9.43129  2
58    12.2888
116    7.36567
57 9.48195  6
68    8.67766
69    12.4855
70    12.9198
71    8.33799
72    11.3764
109    9.60805
58 9.64736  1
85    11.5177
59 10.1875  1
174    0
60 11.9515  2
83    7.9172
85    9.75948
61 7.71157  1
84    7.29902
62 13.8665  1
108    8.29368
63 13.9654  1
116    7.0315
64 14.2883  1
163    7.80917
65 5.34242  10
86    10.8624
87    7.61946
88    9.02997
89    7.63576
90    9.08307
91    7.80917
92    9.64943
93    9.65877
94    9.68917
95    9.78841
66 6.1298  1
132    9.88198
67 8.70098  1
174    0
68 7.09723  2
81    8.20853
132    12.169
69 11.8603  1
116    8.20103
70 7.41371  1
174    0
71 12.8939  1
174    0
72 10.7894  1
174    0
73 13.9169  2
79    11.27
80    8.9505
74 14.1299  1
137    11.7334
75 14.8254  7
124    12.8509
125    8.11313
126    10.6421
127    12.9002
128    8.27409
129    11.1676
130    8.61632
76 7.09632  5
110    8.34733
111    11.4068
112    9.39729
113    8.83532
114    7.00018
77 11.8572  1
174    0
78 7.40364  1
107    11.1143
79 12.861  2
83    10.8104
133    10.9638
80 10.6816  2
81    11.0427
131    12.2851
81 13.565  1
132    11.9947
82 12.9809  1
174    0
83 11.0732  1
163    9.08307
84 14.8437  1
174    0
85 7.15613  2
107    11.7166
109    7.79653
86 12.0525  1
174    0
87 8.04147  1
174    0
88 14.9438  5
96    10.1125
108    11.2315
132    11.3172
138    8.67766
152    7.9172
89 7.48299  1
174    0
90 13.1201  1
96    7.20545
91 11.5276  10
97    9.22059
98    8.25834
99    11.1162
100    8.44823
101    11.7364
102    10.4736
103    12.3501
104    12.478
105    12.8953
106    8.25779
92 6.32756  1
96    12.3793
93 9.34675  1
116    7.10987
94 9.20606  2
117    8.5006
163    9.65877
95 8.74645  1
174    0
96 7.24555  1
174    0
97 12.3446  1
174    0
98 8.99548  1
174    0
99 8.05887  1
174    0
100 5.00031  7
118    11.9074
119    11.0321
120    8.17374
121    10.8398
122    7.54585
123    8.78954
138    12.4855
101 5.01251  1
174    0
102 5.05249  1
138    12.9198
103 5.18311  1
174    0
104 5.60945  1
174    0
105 7.00171  1
174    0
106 11.5484  1
174    0
107 6.39531  1
174    0
108 9.56801  4
149    8.23582
150    11.0427
151    8.20853
152    10.9536
109 9.92843  2
131    12.2657
137    10.4639
110 11.1055  1
174    0
111 14.9493  1
132    9.10486
112 7.50099  1
174    0
113 13.179  1
132    10.4181
114 11.7202  1
116    9.95706
115 6.95624  1
174    0
116 11.3997  2
138    7.15455
163    9.64943
117 5.90976  1
174    0
118 7.98257  1
174    0
119 14.7516  1
174    0
120 6.85522  1
174    0
121 11.0701  1
174    0
122 14.8337  4
134    11.168
135    8.61742
136    12.2888
137    12.2776
123 7.12348  2
137    12.3745
148    7.37629
124 11.946  1
174    0
125 7.69387  1
174    0
126 13.8086  1
133    10.1116
127 13.7762  1
174    0
128 13.6703  1
174    0
129 13.3245  8
140    9.29786
141    8.51067
142    11.9402
143    11.139
144    8.52293
145    11.9803
146    11.27
147    8.9505
130 12.1953  10
153    10.7642
154    7.29902
155    7.98349
156    10.2187
157    11.5177
158    9.75948
159    10.018
160    10.8624
161    7.61946
162    9.02997
131 8.5081  1
174    0
132 6.46733  1
152    7.44972
133 9.80331  1
152    10.8104
134 10.6969  1
174    0
135 13.6151  1
174    0
136 13.1442  1
174    0
137 11.6063  1
174    0
138 6.58452  1
174    0
139 10.186  1
174    0
140 11.9466  1
174    0
141 7.6957  1
174    0
142 13.8147  1
174    0
143 13.796  1
174    0
144 13.7353  1
174    0
145 13.5369  1
174    0
146 12.889  1
174    0
147 10.7732  1
174    0
148 13.8641  1
174    0
149 13.9575  1
163    10.1125
150 14.2624  1
174    0
151 5.25758  1
174    0
152 5.85269  1
174    0
153 7.79611  1
174    0
154 14.1424  1
174    0
155 14.8663  1
174    0
156 7.22999  1
174    0
157 12.2939  1
174    0
158 8.82977  1
174    0
159 7.51778  1
163    7.63576
160 13.2336  1
174    0
161 11.8984  1
174    0
162 7.53822  1
174    0
163 13.3004  1
174    0
164 12.1166  1
174    0
165 8.25083  1
174    0
166 5.62716  1
174    0
167 7.05969  1
174    0
168 11.7379  1
174    0
169 7.01422  1
174    0
170 11.5893  1
174    0
171 6.52867  1
174    0
172 10.0035  1
174    0
173 11.3506  1
174    0
174 0  0
