220
0 12.1953  5
1    5.85829
7    5.93602
36    5.0558
138    5.10936
170    5.46451
1 8.5081  6
2    5.20449
3    6.06951
4    5.89427
5    5.32196
7    6.48315
40    5.97008
2 6.46733  6
6    5.61576
7    3.89827
37    5.86671
39    4.33883
42    5.10936
159    4.14684
3 9.80331  1
6    4.14684
4 10.6969  3
6    4.41244
7    4.2449
8    4.76182
5 13.6151  7
6    6.45312
7    5.45828
8    4.17367
35    6.13286
41    3.9586
50    5.05626
128    5.86671
6 13.1442  4
7    4.80403
42    3.99174
48    4.51498
205    4.11791
7 11.6063  5
8    4.62394
37    6.12059
42    5.91267
129    6.4599
158    4.12889
8 6.58452  5
9    5.70338
10    4.69865
36    5.4819
40    5.56952
191    3.97536
9 10.186  3
39    6.27871
40    5.99013
50    4.82939
10 11.9466  10
11    4.41766
12    3.50009
13    3.50375
14    3.51575
15    3.55493
16    3.68284
22    5.33166
37    6.06108
41    5.47678
76    4.41244
11 7.6957  10
23    5.95369
24    5.51605
25    4.08687
26    5.41992
27    3.77293
28    4.39477
29    6.42547
30    4.05657
31    5.32104
36    5.20907
12 13.8147  4
19    3.91859
20    4.8704
21    4.97853
36    5.94325
13 13.796  4
22    4.2503
35    4.30816
36    3.9402
48    3.81788
14 13.7353  2
35    5.99736
169    4.69865
15 13.5369  4
17    4.10051
18    5.46451
37    6.1444
40    5.63498
16 12.889  4
22    6.4848
40    4.26147
50    4.84458
158    4.22109
17 10.7732  6
32    6.4501
33    4.13704
34    5.5838
41    5.52136
191    6.13881
206    5.91267
18 13.8641  6
43    5.75886
44    4.87974
45    5.00902
46    5.43118
47    3.80973
205    4.47525
19 13.9575  2
36    4.94099
41    3.68815
20 14.2624  5
35    4.55243
40    5.68818
50    4.89421
108    4.05657
133    3.9586
21 5.25758  4
39    6.24273
41    4.11791
50    4.31347
128    6.06108
22 5.85269  3
38    5.23196
42    4.23775
147    6.15996
23 7.79611  1
219    0
24 14.1424  2
35    5.6586
42    5.38211
25 14.8663  2
40    4.169
129    4.64893
26 7.22999  4
35    6.10109
42    3.64951
133    3.68815
158    5.20449
27 12.2939  4
36    3.97536
37    6.13881
39    3.75581
42    3.72486
28 8.82977  4
36    4.30871
40    4.47525
42    5.40518
158    5.55716
29 7.51778  2
35    6.14257
129    5.68818
30 13.2336  3
133    4.10427
177    4.05657
191    6.12059
31 11.8984  3
39    6.4599
129    6.24273
169    3.68284
32 7.53822  2
39    6.15923
41    5.00105
33 13.3004  2
41    4.10427
169    3.51575
34 12.1166  2
36    5.58399
40    4.25533
35 8.25083  5
36    6.08452
39    3.57727
40    4.64893
48    4.54154
50    5.58545
36 5.62716  1
219    0
37 7.05969  6
59    4.22411
60    5.86818
61    5.23681
62    6.17507
63    6.23898
64    6.44763
38 11.7379  1
39    6.18725
39 7.01422  8
148    3.83894
149    4.61029
150    4.12917
151    5.55808
152    4.22411
153    5.86818
154    5.23681
155    6.17507
40 11.5893  1
51    6.15996
41 6.52867  1
219    0
42 10.0035  4
98    4.97853
99    5.33166
100    6.4848
108    5.5838
43 11.3506  4
49    4.82472
171    6.4848
172    5.51605
203    4.169
44 5.74953  7
52    6.18963
53    6.28649
54    3.60273
55    3.83894
56    4.61029
57    4.12917
58    5.55808
45 7.45918  5
134    5.40518
135    3.72486
136    4.23775
137    5.91267
160    4.41244
46 13.0422  2
49    3.90458
158    6.06951
47 11.2737  1
130    5.56952
48 5.49837  1
219    0
49 6.63915  1
128    6.18725
50 10.3645  1
128    3.57727
51 12.5295  5
77    6.48315
78    4.2449
79    5.93602
80    5.45828
108    5.32104
52 9.59914  8
81    3.89827
82    4.80403
83    4.76182
84    4.62394
85    4.17367
86    5.70338
87    4.69865
88    4.41766
53 10.0301  1
206    5.47678
54 11.4373  1
219    0
55 6.03244  1
219    0
56 8.38328  4
65    4.12889
130    4.26147
138    3.80973
171    4.8704
57 6.0596  2
191    5.94325
206    4.10427
58 8.47179  1
108    4.13704
59 6.34861  2
203    4.25533
205    5.99013
60 9.41572  1
219    0
61 9.43129  2
130    5.99013
213    5.43118
62 9.48195  9
89    3.50009
90    3.50375
91    3.51575
92    3.55493
93    3.68284
94    4.10051
95    5.46451
96    3.91859
97    4.8704
63 9.64736  10
66    5.55716
67    4.22109
68    5.85829
69    5.20449
70    6.06951
71    5.89427
72    5.32196
73    6.45312
74    4.14684
75    5.61576
64 10.1875  8
161    5.93602
162    5.45828
163    3.89827
164    4.80403
165    4.76182
166    4.62394
167    4.17367
168    5.70338
65 11.9515  1
219    0
66 7.71157  1
138    5.43118
67 13.8665  1
171    5.95369
68 13.9654  1
129    4.169
69 14.2883  1
219    0
70 5.34242  1
219    0
71 6.1298  9
182    6.13286
183    6.10109
184    5.99736
185    5.6586
186    4.55243
187    3.9402
188    4.94099
189    5.20907
190    6.08452
72 8.70098  1
158    5.89427
73 7.09723  1
160    6.48315
74 11.8603  1
219    0
75 7.41371  1
138    5.75886
76 12.8939  1
219    0
77 10.7894  1
191    5.0558
78 13.9169  1
171    4.2503
79 14.1299  1
138    3.99174
80 14.8254  1
203    4.64893
81 7.09632  2
159    5.61576
169    4.10051
82 11.8572  1
205    5.63498
83 7.40364  1
206    5.00105
84 12.861  1
147    6.18963
85 10.6816  10
109    6.14257
110    6.13286
111    6.10109
112    5.99736
113    5.6586
114    4.55243
115    3.9402
116    4.94099
117    5.20907
118    6.08452
86 13.565  2
108    6.42547
138    4.51498
87 12.9809  8
139    3.81788
140    4.54154
141    3.90458
142    4.82472
143    4.82939
144    4.84458
145    4.89421
146    5.05626
88 11.0732  2
147    5.58545
177    6.4501
89 14.8437  9
101    4.2503
102    5.95369
103    5.51605
104    4.08687
105    5.41992
106    3.77293
107    4.39477
172    4.08687
213    3.80973
90 7.15613  1
128    6.27871
91 12.0525  1
138    3.64951
92 8.04147  1
206    3.9586
93 14.9438  1
219    0
94 7.48299  1
129    4.25533
95 13.1201  1
206    3.72486
96 11.5276  1
219    0
97 6.32756  3
128    5.23196
138    5.38211
206    4.23775
98 9.34675  3
108    4.30816
129    3.75581
191    5.4819
99 9.20606  2
133    4.11791
206    5.40518
100 8.74645  1
138    5.00902
101 7.24555  1
219    0
102 12.3446  1
219    0
103 8.99548  1
129    4.33883
104 8.05887  1
219    0
105 5.00031  9
120    5.4819
121    3.97536
122    5.0558
123    5.58399
124    4.30871
125    6.1444
126    6.13881
127    6.12059
133    5.00105
106 5.01251  1
147    6.28649
107 5.05249  2
108    6.4501
128    6.15923
108 5.18311  1
219    0
109 5.60945  2
119    5.94325
203    5.68818
110 7.00171  3
174    3.77293
175    4.39477
176    6.42547
111 11.5484  2
131    5.63498
132    4.47525
112 6.39531  1
219    0
113 9.56801  2
133    5.52136
138    4.87974
114 9.92843  2
147    4.31347
171    5.33166
115 11.1055  1
213    3.81788
116 14.9493  1
219    0
117 7.50099  3
169    4.41766
171    3.91859
205    5.52136
118 13.179  1
129    5.97008
119 11.7202  2
133    5.47678
158    5.85829
120 6.95624  1
219    0
121 11.3997  2
169    3.50375
205    3.68815
122 5.90976  1
219    0
123 7.98257  1
173    5.41992
124 14.7516  2
207    3.64951
208    3.99174
125 6.85522  2
147    3.60273
169    3.55493
126 11.0701  1
219    0
127 14.8337  1
219    0
128 7.12348  1
219    0
129 11.946  1
219    0
130 7.69387  1
219    0
131 13.8086  1
219    0
132 13.7762  1
219    0
133 13.6703  1
219    0
134 13.3245  1
219    0
135 12.1953  1
219    0
136 8.5081  1
219    0
137 6.46733  1
191    4.30871
138 9.80331  1
203    5.56952
139 10.6969  1
219    0
140 13.6151  1
219    0
141 13.1442  1
219    0
142 11.6063  1
171    4.97853
143 6.58452  1
219    0
144 10.186  4
156    6.23898
157    6.44763
158    5.32196
206    5.38211
145 11.9466  7
196    6.18725
197    6.27871
198    3.57727
199    3.75581
200    4.33883
201    6.24273
202    6.4599
146 7.6957  4
209    5.10936
210    5.75886
211    4.87974
213    4.51498
147 13.8147  1
219    0
148 13.796  1
219    0
149 13.7353  1
158    6.45312
150 13.5369  1
181    6.14257
151 12.889  1
219    0
152 10.7732  1
219    0
153 13.8641  1
219    0
154 13.9575  1
219    0
155 14.2624  1
219    0
156 5.25758  1
203    5.97008
157 5.85269  1
219    0
158 7.79611  1
160    4.2449
159 14.1424  1
213    4.54154
160 14.8663  1
219    0
161 7.22999  1
191    5.58399
162 12.2939  1
219    0
163 8.82977  1
169    3.50009
164 7.51778  1
219    0
165 13.2336  1
219    0
166 11.8984  1
219    0
167 7.53822  1
219    0
168 13.3004  1
219    0
169 12.1166  1
219    0
170 8.25083  4
178    4.13704
179    5.5838
180    4.30816
191    6.1444
171 5.62716  1
219    0
172 7.05969  1
219    0
173 11.7379  1
219    0
174 7.01422  1
219    0
175 11.5893  1
177    5.32104
176 6.52867  1
219    0
177 10.0035  1
219    0
178 11.3506  1
219    0
179 5.74953  1
219    0
180 7.45918  1
219    0
181 13.0422  1
219    0
182 11.2737  1
219    0
183 5.49837  4
192    6.06108
193    5.86671
194    5.23196
195    6.15923
184 6.63915  1
219    0
185 10.3645  1
219    0
186 12.5295  1
219    0
187 9.59914  1
219    0
188 10.0301  1
219    0
189 11.4373  1
212    5.00902
190 6.03244  1
219    0
191 8.38328  1
219    0
192 6.0596  1
219    0
193 8.47179  1
219    0
194 6.34861  1
219    0
195 9.41572  1
204    4.26147
196 9.43129  1
219    0
197 9.48195  1
219    0
198 9.64736  1
219    0
199 10.1875  1
219    0
200 11.9515  1
219    0
201 7.71157  1
219    0
202 13.8665  1
219    0
203 13.9654  1
219    0
204 14.2883  1
219    0
205 5.34242  5
214    3.90458
215    4.82472
216    4.82939
217    4.84458
218    4.89421
206 6.1298  1
219    0
207 8.70098  1
219    0
208 7.09723  1
219    0
209 11.8603  1
219    0
210 7.41371  1
219    0
211 12.8939  1
219    0
212 10.7894  1
219    0
213 13.9169  1
219    0
214 14.1299  1
219    0
215 14.8254  1
219    0
216 7.09632  1
219    0
217 11.8572  1
219    0
218 7.40364  1
219    0
219 0  0
