46
0 14.8337  5
1    0.823582
2    1.10427
3    0.820853
4    1.09536
5    0.79172
1 7.12348  1
36    0.844218
2 11.946  1
45    0
3 7.69387  1
18    0.964943
4 13.8086  3
18    0.763576
36    1.17166
38    1.29062
5 13.7762  2
6    1.00021
18    0.761946
6 13.6703  4
7    1.08104
8    0.744972
9    0.847551
18    0.965877
7 13.3245  1
18    1.08624
8 12.1953  1
45    0
9 8.5081  4
10    1.18253
11    1.07642
12    0.729902
13    0.798349
10 6.46733  2
18    0.780917
35    1.11143
11 9.80331  1
45    0
12 10.6969  2
18    0.908307
37    1.0409
13 13.6151  3
14    1.02187
15    1.15177
35    1.24779
14 13.1442  1
45    0
15 11.6063  2
16    0.975948
17    1.0018
16 6.58452  1
18    0.902997
17 10.186  1
45    0
18 11.9466  6
19    0.968917
20    0.978841
21    1.01125
22    1.11709
23    0.862694
24    1.23199
19 7.6957  1
38    1.06439
20 13.8147  1
45    0
21 13.796  1
45    0
22 13.7353  1
45    0
23 13.5369  1
35    1.23501
24 12.889  10
25    1.23793
26    1.2573
27    0.720545
28    0.767788
29    0.922059
30    0.825834
31    1.11162
32    0.844823
33    1.17364
34    1.04736
25 10.7732  1
45    0
26 13.8641  1
37    1.17885
27 13.9575  6
39    0.829368
40    1.12315
41    0.882488
42    1.29663
43    0.848979
44    1.1872
28 14.2624  1
45    0
29 5.25758  2
35    0.825779
37    1.2139
30 5.85269  1
35    1.28953
31 7.79611  1
45    0
32 14.1424  1
45    0
33 14.8663  1
45    0
34 7.22999  1
45    0
35 12.2939  1
45    0
36 8.82977  1
45    0
37 7.51778  1
45    0
38 13.2336  1
45    0
39 11.8984  1
45    0
40 7.53822  1
45    0
41 13.3004  1
45    0
42 12.1166  1
45    0
43 8.25083  1
45    0
44 5.62716  1
45    0
45 0  0
