195
0 11.0701  7
1    51.0936
2    48.7974
5    38.1788
47    61.3286
53    50.558
68    39.586
100    41.7367
1 14.8337  7
2    57.5886
3    50.0902
5    45.1498
7    48.2939
13    46.1029
22    55.5716
98    53.2196
2 7.12348  4
5    38.0973
7    48.2472
14    41.2917
22    52.0449
3 11.946  9
4    54.3118
14    55.5808
22    58.5829
47    61.4257
68    54.7678
69    50.0902
166    58.5829
176    61.4257
177    59.4325
4 7.69387  4
5    45.4154
69    51.0936
113    45.5243
167    64.5312
5 13.8086  4
6    39.0458
13    38.3894
45    59.5369
47    43.0816
6 13.7762  7
8    48.4458
9    48.9421
10    50.5626
11    55.8545
12    43.1347
22    42.2109
69    54.3118
7 13.6703  5
13    36.0273
99    38.9827
102    39.1859
112    55.838
173    44.1766
8 13.3245  6
54    61.444
55    61.3881
66    44.7525
69    39.9174
167    64.8315
177    60.8452
9 12.1953  10
15    42.2411
16    58.6818
17    52.3681
18    61.7507
19    62.3898
20    64.4763
21    41.2889
23    58.9427
66    41.69
67    41.1791
10 8.5081  6
13    61.5996
45    49.7853
53    43.0871
66    59.9013
98    64.8315
174    59.5369
11 6.46733  5
13    62.8649
31    48.0403
45    55.1605
63    35.7727
154    48.9421
12 9.80331  4
13    61.8963
25    41.4684
99    59.3602
168    54.5828
13 10.6969  7
26    44.1244
27    64.8315
28    42.449
29    59.3602
30    54.5828
53    54.819
98    41.4684
14 13.6151  3
24    64.5312
53    55.8399
113    54.819
15 13.1442  4
25    56.1576
47    53.2104
94    41.2889
112    61.0109
16 11.6063  3
53    59.4325
67    41.0427
113    56.586
17 6.58452  5
22    60.6951
45    53.3166
68    42.3775
98    56.1576
165    42.2411
18 10.186  5
40    36.8284
41    41.0051
42    54.6451
43    39.1859
44    48.704
19 11.9466  2
24    53.2196
53    39.7536
20 7.6957  5
45    54.1992
47    41.3704
66    55.6952
112    40.5657
175    37.7293
21 13.8147  2
31    46.2394
45    37.7293
22 13.796  3
31    47.6182
32    41.7367
45    42.503
23 13.7353  1
67    55.2136
24 13.5369  1
173    36.8284
25 12.889  2
31    38.9827
63    37.5581
26 10.7732  8
56    61.2059
57    60.6108
58    58.6671
59    52.3196
60    61.5923
61    61.8725
62    62.7871
167    53.2196
27 13.8641  4
53    52.0907
66    46.4893
68    54.0518
165    64.4763
28 13.9575  3
45    64.848
77    48.4458
165    61.7507
29 14.2624  8
33    57.0338
34    46.9865
35    44.1766
36    35.0009
37    35.0375
38    35.1575
39    35.5493
103    49.7853
30 5.25758  2
101    35.0009
174    55.1605
31 5.85269  1
69    59.1267
32 7.79611  2
67    36.8815
102    36.8284
33 14.1424  2
45    40.8687
46    64.2547
34 14.8663  2
98    44.1244
139    55.2136
35 7.22999  1
94    55.5716
36 12.2939  4
95    52.0449
96    60.6951
97    58.9427
113    52.0907
37 8.82977  3
68    37.2486
99    42.449
173    57.0338
38 7.51778  3
47    64.501
139    41.0427
173    35.1575
39 13.2336  5
48    61.0109
49    59.9736
50    56.586
51    45.5243
53    60.8452
40 11.8984  1
53    49.4099
41 7.53822  2
111    37.7293
167    44.1244
42 13.3004  2
112    64.501
188    56.8818
43 12.1166  1
45    43.9477
44 8.25083  3
46    40.5657
47    55.838
69    57.5886
45 5.62716  3
64    62.4273
65    64.599
68    50.0105
46 7.05969  2
187    61.5923
188    59.7008
47 11.7379  7
147    36.4951
148    39.9174
149    51.0936
150    57.5886
151    48.7974
152    50.0902
153    54.3118
48 7.01422  4
63    43.3883
111    64.2547
175    43.9477
177    39.402
49 11.5893  3
66    59.7008
101    35.1575
139    44.7525
50 6.52867  3
52    39.402
66    42.5533
69    36.4951
51 10.0035  2
112    43.0816
113    49.4099
52 11.3506  2
99    48.0403
165    52.3681
53 5.74953  10
70    38.0973
71    45.1498
72    38.1788
73    45.4154
74    39.0458
75    48.2472
76    48.2939
94    42.2109
100    57.0338
101    44.1766
54 7.45918  4
66    42.6147
102    41.0051
139    59.9013
187    62.7871
55 13.0422  6
88    41.2917
89    55.5808
90    42.2411
91    58.6818
92    52.3681
93    61.7507
56 11.2737  1
101    35.0375
57 5.49837  4
102    54.6451
112    53.2104
113    39.402
177    45.5243
58 6.63915  1
66    56.3498
59 10.3645  1
112    61.4257
60 12.5295  1
69    48.7974
61 9.59914  1
194    0
62 10.0301  2
112    41.3704
168    38.9827
63 11.4373  1
194    0
64 6.03244  2
101    46.9865
154    48.2939
65 8.38328  3
66    56.8818
112    61.3286
139    56.3498
66 6.0596  1
69    53.8211
67 8.47179  1
194    0
68 6.34861  10
78    48.9421
79    50.5626
80    55.8545
81    43.1347
82    61.5996
83    61.8963
84    62.8649
85    36.0273
86    38.3894
87    46.1029
69 9.41572  1
194    0
70 9.43129  1
194    0
71 9.48195  3
120    61.2059
121    60.6108
122    58.6671
72 9.64736  1
188    64.599
73 10.1875  1
194    0
74 11.9515  3
94    62.3898
173    35.0009
177    61.0109
75 7.71157  1
194    0
76 13.8665  1
113    60.8452
77 13.9654  4
94    58.5829
100    47.6182
113    59.4325
166    42.2109
78 14.2883  3
94    64.4763
100    46.2394
139    54.7678
79 5.34242  1
194    0
80 6.1298  4
169    48.0403
170    47.6182
171    46.2394
172    41.7367
81 8.70098  9
123    52.3196
124    61.5923
125    61.8725
126    62.7871
127    35.7727
128    37.5581
129    43.3883
130    62.4273
139    36.8815
82 7.09723  3
109    40.8687
110    54.1992
154    38.0973
83 11.8603  1
194    0
84 7.41371  1
177    54.819
85 12.8939  1
177    49.4099
86 10.7894  2
111    43.9477
188    42.5533
87 13.9169  3
98    64.5312
165    62.3898
175    54.1992
88 14.1299  1
174    64.848
89 14.8254  1
99    54.5828
90 7.09632  1
154    50.5626
91 11.8572  1
139    41.1791
92 7.40364  3
166    60.6951
174    49.7853
176    40.5657
93 12.861  3
101    35.5493
174    53.3166
176    53.2104
94 10.6816  5
104    53.3166
105    64.848
106    42.503
107    59.5369
108    55.1605
95 13.565  8
131    64.599
132    41.69
133    56.8818
134    46.4893
135    42.5533
136    59.7008
137    55.6952
138    42.6147
96 12.9809  1
194    0
97 11.0732  2
103    48.704
174    40.8687
98 14.8437  9
114    39.7536
115    50.558
116    55.8399
117    43.0871
118    61.444
119    61.3881
176    55.838
177    59.9736
188    55.6952
99 7.15613  1
176    61.3286
100 12.0525  1
154    48.4458
101 8.04147  1
194    0
102 14.9438  3
154    45.4154
165    58.6818
177    52.0907
103 7.48299  1
187    35.7727
104 13.1201  1
194    0
105 11.5276  1
194    0
106 6.32756  1
194    0
107 9.34675  2
112    59.9736
167    42.449
108 9.20606  1
174    54.6451
109 8.74645  1
188    46.4893
110 7.24555  2
167    56.1576
176    41.3704
111 12.3446  1
194    0
112 8.99548  1
194    0
113 8.05887  10
155    55.8545
156    43.1347
157    61.5996
158    61.8963
159    62.8649
160    36.0273
161    38.3894
162    46.1029
163    41.2917
164    55.5808
114 5.00031  1
173    46.9865
115 5.01251  1
166    55.5716
116 5.05249  1
167    59.3602
117 5.18311  1
173    35.5493
118 5.60945  1
194    0
119 7.00171  1
176    64.501
120 11.5484  7
140    39.586
141    50.0105
142    54.0518
143    37.2486
144    42.3775
145    59.1267
146    53.8211
121 6.39531  1
194    0
122 9.56801  1
194    0
123 9.92843  1
194    0
124 11.1055  1
194    0
125 14.9493  1
154    38.1788
126 7.50099  1
194    0
127 13.179  1
194    0
128 11.7202  9
178    39.7536
179    50.558
180    55.8399
181    43.0871
182    61.444
183    61.3881
184    61.2059
185    60.6108
186    58.6671
129 6.95624  1
194    0
130 11.3997  1
194    0
131 5.90976  1
154    45.1498
132 7.98257  1
177    56.586
133 14.7516  1
194    0
134 6.85522  1
194    0
135 11.0701  1
194    0
136 14.8337  1
194    0
137 7.12348  1
194    0
138 11.946  1
194    0
139 7.69387  1
194    0
140 13.8086  1
167    41.4684
141 13.7762  2
154    48.2472
174    42.503
142 13.6703  1
176    43.0816
143 13.3245  1
188    43.3883
144 12.1953  1
174    39.1859
145 8.5081  1
194    0
146 6.46733  1
176    64.2547
147 9.80331  1
194    0
148 10.6969  1
167    58.9427
149 13.6151  1
194    0
150 13.1442  1
154    39.0458
151 11.6063  1
166    52.0449
152 6.58452  2
173    35.0375
187    61.8725
153 10.186  1
194    0
154 11.9466  1
194    0
155 7.6957  1
194    0
156 13.8147  1
194    0
157 13.796  1
194    0
158 13.7353  1
194    0
159 13.5369  1
194    0
160 12.889  1
194    0
161 10.7732  2
165    41.2889
173    41.0051
162 13.8641  1
174    48.704
163 13.9575  1
194    0
164 14.2624  1
194    0
165 5.25758  1
194    0
166 5.85269  1
194    0
167 7.79611  1
194    0
168 14.1424  1
194    0
169 14.8663  1
194    0
170 7.22999  1
194    0
171 12.2939  1
188    37.5581
172 8.82977  5
189    42.6147
190    59.9013
191    56.3498
192    44.7525
193    36.8815
173 7.51778  1
194    0
174 13.2336  1
194    0
175 11.8984  1
194    0
176 7.53822  1
194    0
177 13.3004  1
194    0
178 12.1166  1
194    0
179 8.25083  1
187    52.3196
180 5.62716  1
188    62.4273
181 7.05969  1
194    0
182 11.7379  1
188    41.69
183 7.01422  1
194    0
184 11.5893  1
194    0
185 6.52867  1
194    0
186 10.0035  1
194    0
187 11.3506  1
194    0
188 5.74953  1
194    0
189 7.45918  1
194    0
190 13.0422  1
194    0
191 11.2737  1
194    0
192 5.49837  1
194    0
193 6.63915  1
194    0
194 0  0
