236
0 7.09632  3
1    11.8253
3    7.98349
4    10.018
1 11.8572  7
2    10.7642
3    10.2187
4    10.8624
5    7.61946
67    8.33799
105    12.2888
129    10.8104
2 7.40364  5
3    7.29902
4    9.75948
11    9.78841
70    10.0021
77    10.409
3 12.861  5
4    11.5177
11    9.68917
67    9.29786
79    7.79653
155    9.74081
4 10.6816  3
5    9.02997
74    10.1125
149    12.9663
5 13.565  8
6    7.63576
7    9.08307
8    7.80917
9    9.64943
10    9.65877
64    10.1116
71    9.75948
188    7.63576
6 12.9809  6
28    10.409
54    12.8509
66    8.67766
78    12.9062
154    10.929
171    10.4181
7 11.0732  5
11    10.1125
74    8.62694
78    10.6439
134    8.62694
155    8.5006
8 14.8437  6
11    8.62694
16    8.25834
53    7.54585
66    12.4855
67    8.52293
141    8.25779
9 7.15613  8
12    12.3199
13    12.3793
14    12.573
15    7.20545
28    11.7885
55    12.2022
78    11.2315
155    10.8398
10 12.0525  3
11    11.1709
74    12.3793
77    11.1143
11 8.04147  1
28    12.139
12 14.9438  2
74    11.1709
129    7.44972
13 7.48299  5
16    9.22059
65    10.4639
66    7.15455
75    7.67788
171    9.88198
14 13.1201  4
16    7.67788
52    9.74081
64    11.168
75    7.20545
15 11.5276  9
17    11.1162
18    8.44823
19    11.7364
20    10.4736
21    12.3501
22    12.478
23    12.8953
76    10.4736
79    9.24787
16 6.32756  7
24    8.25779
25    11.1143
26    8.44218
27    11.7166
54    8.11313
154    7.83718
186    7.44972
17 9.34675  7
29    8.29368
30    11.2315
31    8.82488
32    12.9663
33    8.48979
34    11.872
78    11.872
18 9.20606  7
67    11.3764
71    10.8624
77    8.44218
79    8.34733
130    10.7642
153    11.4068
185    7.9172
19 8.74645  4
54    8.61632
66    12.3745
74    9.78841
186    8.47551
20 7.24555  7
28    10.6439
52    12.9696
54    8.27409
67    12.9198
78    8.48979
79    10.9166
129    7.9172
21 12.3446  4
64    12.2776
70    11.8253
72    9.02997
228    8.11313
22 8.99548  3
53    8.78954
141    11.7166
171    10.9638
23 8.05887  5
28    12.9062
53    8.17374
69    8.23582
78    8.82488
79    11.4068
24 5.00031  2
71    7.29902
188    9.75948
25 5.01251  8
56    11.9947
57    11.3172
58    9.10486
59    7.8804
60    9.88198
61    10.4181
62    12.169
63    11.8865
26 5.05249  2
54    10.6421
76    12.3501
27 5.18311  1
235    0
28 5.60945  5
52    9.95706
53    10.8398
64    7.95071
77    11.7166
105    9.88198
29 7.00171  2
66    7.51161
141    11.1143
30 11.5484  5
52    10.6633
54    12.9002
71    10.2187
72    7.63576
105    11.168
31 6.39531  8
98    12.2851
99    12.2657
100    12.2022
101    11.9947
102    11.3172
103    9.10486
104    7.8804
185    10.8104
32 9.56801  10
35    10.9166
36    7.79653
37    9.60805
38    9.52364
39    9.24787
40    8.34733
41    11.4068
42    9.39729
43    8.83532
79    9.39729
33 9.92843  3
93    8.11313
130    7.98349
155    12.9696
34 11.1055  4
54    11.1676
77    8.25779
134    12.573
183    11.9402
35 14.9493  7
70    10.9536
71    11.5177
75    8.25834
78    8.29368
93    12.8509
185    8.20853
194    9.22059
36 7.50099  5
94    12.9002
95    8.27409
96    11.1676
97    8.61632
189    9.64943
37 13.179  3
64    10.9638
71    10.018
74    9.68917
38 11.7202  6
52    11.9074
66    12.3185
93    8.17374
105    10.1116
194    7.67788
202    8.44218
39 6.95624  1
74    12.3199
40 11.3997  7
52    11.0321
64    12.2888
66    12.5574
71    7.98349
154    7.00018
185    10.9536
189    9.08307
41 5.90976  2
79    9.60805
179    12.3185
42 7.98257  5
70    10.7642
73    9.64943
93    8.5006
134    9.78841
149    8.48979
43 14.7516  10
44    7.00018
45    7.00751
46    7.0315
47    7.10987
48    7.36567
49    8.20103
50    10.929
51    7.83718
54    12.2657
70    7.9172
44 6.85522  1
235    0
45 11.0701  2
68    11.9803
76    12.478
46 14.8337  4
64    8.61742
65    11.7334
69    8.9505
70    8.47551
47 7.12348  5
69    8.20853
75    11.7364
93    7.54585
131    9.02997
154    7.00751
48 11.946  4
52    8.5006
72    7.80917
93    8.78954
105    7.95071
49 7.69387  1
235    0
50 13.8086  1
70    7.44972
51 13.7762  2
71    7.61946
130    10.2187
52 13.6703  4
54    12.2851
65    12.1222
180    7.51161
188    10.8624
53 13.3245  1
137    8.25834
54 12.1953  2
67    11.9402
68    11.27
55 8.5081  4
70    10.8104
79    9.52364
180    8.67766
202    11.7166
56 6.46733  7
93    11.0321
105    10.4181
131    7.80917
141    12.8953
171    12.169
188    7.61946
224    7.83718
57 9.80331  1
69    11.0427
58 10.6969  3
72    9.08307
75    8.44823
224    8.20103
59 13.6151  2
64    12.2412
67    11.139
60 13.1442  6
67    8.51067
77    12.8953
93    11.9074
129    11.0427
134    12.3793
186    11.8253
61 11.6063  2
129    10.0021
194    12.573
62 6.58452  1
105    12.169
63 10.186  1
69    7.37629
64 11.9466  2
75    12.573
78    12.139
65 7.6957  5
78    11.7885
128    7.37629
155    11.9074
224    9.74081
228    8.61632
66 13.8147  4
74    9.65877
129    8.20853
153    9.39729
184    7.37629
67 13.796  3
192    11.1709
193    8.62694
224    12.9696
68 13.7353  2
75    9.22059
78    12.9663
69 13.5369  1
180    7.15455
70 12.889  1
235    0
71 10.7732  3
130    7.61946
131    7.63576
203    10.6439
72 13.8641  4
159    8.11313
160    10.6421
161    12.9002
162    8.27409
73 13.9575  1
235    0
74 14.2624  2
75    11.1162
155    11.0321
75 5.25758  1
171    7.95071
76 5.85269  1
235    0
77 7.79611  1
235    0
78 14.1424  6
88    7.83718
89    9.74081
90    9.95706
91    10.6633
92    12.9696
105    10.9638
79 14.8663  8
80    8.83532
81    7.00018
82    7.00751
83    7.0315
84    7.10987
85    7.36567
86    8.20103
87    10.929
80 7.22999  3
135    7.20545
136    7.67788
154    7.10987
81 12.2939  3
130    10.8624
188    10.018
228    10.6421
82 8.82977  1
235    0
83 7.51778  1
134    12.3199
84 13.2336  2
93    10.6421
129    11.8253
85 11.8984  1
235    0
86 7.53822  1
235    0
87 13.3004  2
130    7.29902
137    9.22059
88 12.1166  1
228    12.9002
89 8.25083  1
235    0
90 5.62716  3
93    10.8398
129    8.23582
224    11.0321
91 7.05969  1
130    9.75948
92 11.7379  1
235    0
93 7.01422  1
188    7.29902
94 11.5893  1
130    11.5177
95 6.52867  1
105    11.8865
96 10.0035  9
106    12.2776
107    12.2412
108    12.1222
109    11.7334
110    10.4639
111    12.3185
112    12.3745
113    12.5574
149    7.79653
97 11.3506  2
105    8.61742
149    10.9166
98 5.74953  1
235    0
99 7.45918  2
134    10.1125
184    11.27
100 13.0422  1
235    0
101 11.2737  10
114    7.15455
115    7.51161
116    8.67766
117    12.4855
118    12.9198
119    8.33799
120    11.3764
121    9.29786
122    8.51067
128    8.9505
102 5.49837  2
194    8.44823
202    10.409
103 6.63915  3
225    8.17374
226    10.8398
227    7.54585
104 10.3645  1
194    12.3793
105 12.5295  1
235    0
106 9.59914  1
129    8.47551
107 10.0301  1
235    0
108 11.4373  1
134    11.1709
109 6.03244  1
235    0
110 8.38328  1
235    0
111 6.0596  6
123    11.9402
124    11.139
125    8.52293
126    11.9803
127    11.27
130    10.018
112 8.47179  3
132    9.64943
133    9.65877
155    10.6633
113 6.34861  1
154    7.0315
114 9.41572  7
142    10.409
143    12.139
144    11.7885
145    10.6439
146    12.9062
147    8.29368
148    11.2315
115 9.43129  2
129    10.9536
184    8.9505
116 9.48195  1
235    0
117 9.64736  1
235    0
118 10.1875  1
235    0
119 11.9515  1
235    0
120 7.71157  5
150    9.52364
151    9.24787
152    8.34733
154    8.83532
194    8.25834
121 13.8665  1
188    11.5177
122 13.9654  1
235    0
123 14.2883  3
138    11.7364
139    10.4736
140    12.3501
124 5.34242  2
134    9.68917
189    9.65877
125 6.1298  1
149    9.60805
126 8.70098  2
149    8.82488
189    7.80917
127 7.09723  1
187    10.7642
128 11.8603  2
131    9.08307
179    12.3745
129 7.41371  1
137    8.44823
130 12.8939  1
235    0
131 10.7894  2
141    8.44218
155    9.95706
132 13.9169  3
141    12.478
154    7.36567
171    11.8865
133 14.1299  2
149    11.872
185    11.0427
134 14.8254  2
155    8.17374
224    10.929
135 7.09632  1
137    11.1162
136 11.8572  1
182    8.33799
137 7.40364  10
207    12.9663
208    8.48979
209    11.872
210    10.9166
211    7.79653
212    9.60805
213    9.52364
214    9.24787
215    8.34733
216    11.4068
138 12.861  7
172    8.61742
173    12.2888
174    12.2776
175    12.2412
176    12.1222
177    11.7334
178    10.4639
139 10.6816  1
235    0
140 13.565  1
171    10.1116
141 12.9809  8
163    11.1676
164    8.61632
165    12.2851
166    12.2657
167    12.2022
168    11.9947
169    11.3172
170    9.10486
142 11.0732  4
156    7.54585
157    8.78954
158    12.8509
185    8.23582
143 14.8437  1
154    8.20103
144 7.15613  1
235    0
145 12.0525  1
228    8.78954
146 8.04147  1
235    0
147 14.9438  2
181    12.9198
184    11.9803
148 7.48299  1
235    0
149 13.1201  5
219    7.00018
220    7.00751
221    7.0315
222    7.10987
223    7.36567
150 11.5276  7
195    11.7364
196    10.4736
197    12.3501
198    12.478
199    12.8953
200    8.25779
201    11.1143
151 6.32756  2
180    12.5574
185    10.0021
152 9.34675  1
235    0
153 9.20606  1
235    0
154 8.74645  1
235    0
155 7.24555  1
235    0
156 12.3446  1
235    0
157 8.99548  1
194    7.20545
158 8.05887  1
202    11.7885
159 5.00031  1
235    0
160 5.01251  1
183    8.52293
161 5.05249  1
235    0
162 5.18311  2
190    9.78841
191    10.1125
163 5.60945  1
235    0
164 7.00171  1
202    12.139
165 11.5484  1
180    12.4855
166 6.39531  1
235    0
167 9.56801  1
235    0
168 9.92843  3
171    11.168
182    8.51067
188    10.2187
169 11.1055  2
171    7.8804
224    9.95706
170 14.9493  1
194    11.1162
171 7.50099  1
188    9.02997
172 13.179  1
235    0
173 11.7202  1
182    11.3764
174 6.95624  1
228    12.2851
175 11.3997  2
194    12.3199
224    8.5006
176 5.90976  1
182    9.29786
177 7.98257  1
235    0
178 14.7516  1
235    0
179 6.85522  1
235    0
180 11.0701  2
189    9.68917
224    11.9074
181 14.8337  1
183    11.139
182 7.12348  1
188    7.98349
183 11.946  1
235    0
184 7.69387  1
235    0
185 13.8086  1
235    0
186 13.7762  1
235    0
187 13.6703  1
203    12.9062
188 13.3245  1
235    0
189 12.1953  2
224    10.6633
228    11.1676
190 8.5081  1
235    0
191 6.46733  3
204    8.29368
205    11.2315
206    8.82488
192 9.80331  1
228    12.8509
193 10.6969  1
235    0
194 13.6151  1
235    0
195 13.1442  1
235    0
196 11.6063  1
235    0
197 6.58452  1
235    0
198 10.186  1
235    0
199 11.9466  1
235    0
200 7.6957  1
235    0
201 13.8147  1
235    0
202 13.796  1
235    0
203 13.7353  1
235    0
204 13.5369  1
235    0
205 12.889  1
235    0
206 10.7732  1
235    0
207 13.8641  2
217    9.39729
218    8.83532
208 13.9575  1
235    0
209 14.2624  1
228    8.27409
210 5.25758  1
235    0
211 5.85269  1
235    0
212 7.79611  1
235    0
213 14.1424  6
229    12.2657
230    12.2022
231    11.9947
232    11.3172
233    9.10486
234    7.8804
214 14.8663  1
235    0
215 7.22999  1
235    0
216 12.2939  1
235    0
217 8.82977  1
235    0
218 7.51778  1
235    0
219 13.2336  1
235    0
220 11.8984  1
235    0
221 7.53822  1
235    0
222 13.3004  1
235    0
223 12.1166  1
235    0
224 8.25083  1
235    0
225 5.62716  1
235    0
226 7.05969  1
235    0
227 11.7379  1
235    0
228 7.01422  1
235    0
229 11.5893  1
235    0
230 6.52867  1
235    0
231 10.0035  1
235    0
232 11.3506  1
235    0
233 5.74953  1
235    0
234 7.45918  1
235    0
235 0  0
