58
0 7.48299  6
1    58.6671
2    52.3196
3    61.5923
4    61.8725
5    64.599
12    39.586
1 13.1201  3
4    35.7727
5    43.3883
12    44.7525
2 11.5276  3
4    62.7871
27    45.4154
49    59.3602
3 6.32756  2
4    37.5581
12    55.2136
4 9.34675  3
5    62.4273
11    42.6147
12    50.0105
5 9.20606  8
6    41.69
7    56.8818
8    46.4893
9    42.5533
10    59.7008
11    55.6952
12    54.7678
43    52.0449
6 8.74645  2
11    59.9013
12    41.1791
7 7.24555  3
12    41.0427
27    38.1788
43    64.4763
8 12.3446  1
12    56.3498
9 8.99548  10
18    36.4951
19    39.9174
20    51.0936
21    57.5886
22    48.7974
23    50.0902
24    54.3118
25    38.0973
26    45.1498
27    48.4458
10 8.05887  2
12    36.8815
49    64.8315
11 5.00031  1
27    48.2472
12 5.01251  5
13    54.0518
14    37.2486
15    42.3775
16    59.1267
17    53.8211
13 5.05249  1
57    0
14 5.18311  2
43    55.5716
49    46.2394
15 5.60945  1
57    0
16 7.00171  3
28    50.5626
29    55.8545
30    43.1347
17 11.5484  4
39    42.2411
40    58.6818
41    52.3681
42    61.7507
18 6.39531  2
27    39.0458
49    47.6182
19 9.56801  1
57    0
20 9.92843  5
44    53.2196
45    64.5312
46    41.4684
47    56.1576
48    44.1244
21 11.1055  1
43    60.6951
22 14.9493  1
57    0
23 7.50099  2
43    41.2889
49    42.449
24 13.179  2
27    48.9421
49    38.9827
25 11.7202  1
57    0
26 6.95624  1
27    48.2939
27 11.3997  1
43    58.9427
28 5.90976  7
50    46.9865
51    44.1766
52    35.0009
53    35.0375
54    35.1575
55    35.5493
56    36.8284
29 7.98257  1
43    42.2109
30 14.7516  8
31    61.5996
32    61.8963
33    62.8649
34    36.0273
35    38.3894
36    46.1029
37    41.2917
38    55.5808
31 6.85522  1
57    0
32 11.0701  1
57    0
33 14.8337  1
57    0
34 7.12348  2
43    58.5829
49    41.7367
35 11.946  1
43    62.3898
36 7.69387  1
49    57.0338
37 13.8086  1
49    54.5828
38 13.7762  1
49    48.0403
39 13.6703  1
57    0
40 13.3245  1
57    0
41 12.1953  1
57    0
42 8.5081  1
57    0
43 6.46733  1
57    0
44 9.80331  1
57    0
45 10.6969  1
57    0
46 13.6151  1
57    0
47 13.1442  1
57    0
48 11.6063  1
57    0
49 6.58452  1
57    0
50 10.186  1
57    0
51 11.9466  1
57    0
52 7.6957  1
57    0
53 13.8147  1
57    0
54 13.796  1
57    0
55 13.7353  1
57    0
56 13.5369  1
57    0
57 0  0
