212
0 5.85269  2
1    4.80403
79    3.80973
1 7.79611  10
2    4.76182
3    4.62394
4    4.17367
5    5.70338
6    4.69865
7    4.41766
29    5.6586
77    5.75886
140    6.1444
191    3.89827
2 14.1424  2
29    5.99736
81    5.05626
3 14.8663  6
8    3.50009
9    3.50375
10    3.51575
11    3.55493
12    3.68284
13    4.10051
4 7.22999  10
19    6.4848
20    4.2503
21    5.95369
22    5.51605
23    4.08687
24    5.41992
25    3.77293
26    4.39477
27    6.42547
92    5.20449
5 12.2939  10
30    4.55243
31    3.9402
32    4.94099
33    5.20907
34    6.08452
35    5.94325
36    5.4819
37    3.97536
38    5.0558
92    6.06951
6 8.82977  1
211    0
7 7.51778  2
29    6.14257
79    4.54154
8 13.2336  3
18    5.33166
78    5.43118
158    5.40518
9 11.8984  1
211    0
10 7.53822  1
79    4.51498
11 13.3004  3
29    5.5838
77    4.87974
140    3.97536
12 12.1166  7
14    5.46451
15    3.91859
16    4.8704
17    4.97853
29    4.13704
195    3.91859
201    4.13704
13 8.25083  1
211    0
14 5.62716  10
39    5.58399
40    4.30871
41    6.1444
42    6.13881
43    6.12059
44    6.06108
45    5.86671
46    5.23196
47    6.15923
48    6.18725
15 7.05969  1
195    3.55493
16 11.7379  3
29    6.4501
91    5.86818
186    6.45312
17 7.01422  3
49    6.27871
91    4.12889
191    4.69865
18 11.5893  2
80    4.82939
201    6.4501
19 6.52867  3
28    4.05657
29    6.13286
111    4.10051
20 10.0035  9
68    4.10427
69    5.47678
70    3.9586
71    5.00105
72    5.40518
73    3.72486
74    4.23775
75    5.91267
76    5.38211
21 11.3506  2
29    6.10109
80    4.84458
22 5.74953  1
211    0
23 7.45918  1
211    0
24 13.0422  2
169    4.31347
181    5.85829
25 11.2737  1
181    4.12889
26 5.49837  3
29    4.30816
91    4.22109
186    4.14684
27 6.63915  1
29    5.32104
28 10.3645  10
171    3.60273
172    3.83894
173    4.61029
174    4.12917
175    5.55808
176    4.22411
177    5.86818
178    5.23681
179    6.17507
180    6.23898
29 12.5295  1
199    3.77293
30 9.59914  1
111    4.8704
31 10.0301  1
91    6.17507
32 11.4373  3
192    3.50009
193    3.50375
194    3.51575
33 6.03244  1
91    6.44763
34 8.38328  1
160    5.38211
35 6.0596  1
181    4.22109
36 8.47179  3
78    5.00902
169    4.89421
191    4.41766
37 6.34861  1
211    0
38 9.41572  8
54    6.4599
55    4.169
56    5.68818
57    4.64893
58    4.25533
59    5.97008
60    5.56952
195    4.10051
39 9.43129  1
211    0
40 9.48195  4
50    3.57727
51    3.75581
52    4.33883
53    6.24273
41 9.64736  1
211    0
42 10.1875  1
211    0
43 11.9515  1
91    5.85829
44 7.71157  3
61    4.26147
81    5.58545
91    6.23898
45 13.8665  1
157    5.00105
46 13.9654  1
211    0
47 14.2883  1
111    3.55493
48 5.34242  1
211    0
49 6.1298  1
211    0
50 8.70098  1
211    0
51 7.09723  6
62    5.99013
63    5.63498
64    4.47525
65    3.68815
66    4.11791
67    5.52136
52 11.8603  1
111    3.91859
53 7.41371  1
80    4.82472
54 12.8939  10
101    5.93602
102    5.45828
103    3.89827
104    4.80403
105    4.76182
106    4.62394
107    4.17367
108    5.70338
109    4.69865
110    4.41766
55 10.7894  1
111    3.50009
56 13.9169  1
181    5.55716
57 14.1299  1
111    3.51575
58 14.8254  9
82    4.31347
83    6.15996
84    6.18963
85    6.28649
86    3.60273
87    3.83894
88    4.61029
89    4.12917
90    5.55808
59 7.09632  1
160    3.64951
60 11.8572  3
79    3.81788
81    4.89421
202    3.9402
61 7.40364  1
161    5.43118
62 12.861  1
211    0
63 10.6816  3
196    6.4848
197    4.2503
198    5.95369
64 13.565  1
211    0
65 12.9809  1
80    3.90458
66 11.0732  2
77    5.10936
111    3.50375
67 14.8437  1
211    0
68 7.15613  2
77    3.99174
91    5.23681
69 12.0525  10
122    4.05657
123    5.32104
124    6.4501
125    4.13704
126    5.5838
127    4.30816
128    6.14257
129    6.13286
130    6.10109
131    5.99736
70 8.04147  3
111    5.46451
157    5.47678
161    4.87974
71 14.9438  2
140    5.58399
169    6.15996
72 7.48299  1
77    3.64951
73 13.1201  8
203    4.94099
204    5.20907
205    6.08452
206    5.94325
207    5.4819
208    3.97536
209    5.0558
210    5.58399
74 11.5276  1
211    0
75 6.32756  1
91    4.22411
76 9.34675  7
162    4.51498
163    3.81788
164    4.54154
165    3.90458
166    4.82472
167    4.82939
168    4.84458
77 9.20606  1
195    3.68284
78 8.74645  1
211    0
79 7.24555  1
211    0
80 12.3446  6
132    5.6586
133    4.55243
134    3.9402
135    4.94099
136    5.20907
201    6.10109
81 8.99548  1
211    0
82 8.05887  1
156    5.99013
83 5.00031  1
160    4.23775
84 5.01251  3
137    6.08452
138    5.94325
139    5.4819
85 5.05249  2
160    3.99174
201    5.6586
86 5.18311  1
211    0
87 5.60945  2
111    4.97853
201    6.14257
88 7.00171  2
187    4.41244
188    6.48315
89 11.5484  9
93    5.89427
94    5.32196
95    6.45312
96    4.14684
97    5.61576
98    4.41244
99    6.48315
100    4.2449
199    6.42547
90 6.39531  3
91    5.55716
161    5.00902
170    6.18963
91 9.56801  1
211    0
92 9.92843  1
140    6.12059
93 11.1055  1
211    0
94 14.9493  1
211    0
95 7.50099  1
160    5.75886
96 13.179  1
111    3.68284
97 11.7202  1
211    0
98 6.95624  4
153    4.64893
154    4.25533
155    5.97008
160    5.10936
99 11.3997  1
199    5.41992
100 5.90976  1
211    0
101 7.98257  10
112    5.33166
113    6.4848
114    4.2503
115    5.95369
116    5.51605
117    4.08687
118    5.41992
119    3.77293
120    4.39477
121    6.42547
102 14.7516  1
186    5.61576
103 6.85522  4
149    6.24273
150    6.4599
151    4.169
152    5.68818
104 11.0701  1
147    3.75581
105 14.8337  2
157    4.11791
195    4.97853
106 7.12348  1
140    6.13881
107 11.946  1
156    4.26147
108 7.69387  1
211    0
109 13.8086  2
148    4.33883
191    4.62394
110 13.7762  1
211    0
111 13.6703  1
161    3.80973
112 13.3245  1
211    0
113 12.1953  1
211    0
114 8.5081  1
211    0
115 6.46733  1
169    5.05626
116 9.80331  1
140    4.30871
117 10.6969  1
211    0
118 13.6151  1
211    0
119 13.1442  1
211    0
120 11.6063  1
211    0
121 6.58452  1
160    5.91267
122 10.186  1
211    0
123 11.9466  1
211    0
124 7.6957  1
211    0
125 13.8147  2
157    3.68815
170    6.28649
126 13.796  1
211    0
127 13.7353  2
146    3.57727
181    6.44763
128 13.5369  2
140    6.06108
195    4.8704
129 12.889  1
211    0
130 10.7732  1
211    0
131 13.8641  1
157    5.52136
132 13.9575  2
189    4.2449
190    5.93602
133 14.2624  1
211    0
134 5.25758  1
211    0
135 5.85269  1
211    0
136 7.79611  2
156    5.63498
191    4.76182
137 14.1424  1
211    0
138 14.8663  1
140    5.0558
139 7.22999  5
141    5.86671
142    5.23196
143    6.15923
144    6.18725
145    6.27871
140 12.2939  1
211    0
141 8.82977  2
156    4.47525
159    3.72486
142 7.51778  1
211    0
143 13.2336  1
157    3.9586
144 11.8984  1
211    0
145 7.53822  1
211    0
146 13.3004  1
211    0
147 12.1166  4
156    5.56952
191    4.17367
199    5.51605
201    4.30816
148 8.25083  1
157    4.10427
149 5.62716  1
199    4.08687
150 7.05969  1
211    0
151 11.7379  1
211    0
152 7.01422  1
211    0
153 11.5893  1
169    5.58545
154 6.52867  1
199    4.39477
155 10.0035  1
211    0
156 11.3506  1
211    0
157 5.74953  1
211    0
158 7.45918  1
211    0
159 13.0422  1
202    4.55243
160 11.2737  1
211    0
161 5.49837  1
211    0
162 6.63915  1
211    0
163 10.3645  1
211    0
164 12.5295  2
191    4.80403
200    4.05657
165 9.59914  1
211    0
166 10.0301  1
201    6.13286
167 11.4373  1
211    0
168 6.03244  1
201    5.99736
169 8.38328  1
211    0
170 6.0596  1
211    0
171 8.47179  1
211    0
172 6.34861  1
211    0
173 9.41572  1
211    0
174 9.43129  1
211    0
175 9.48195  1
211    0
176 9.64736  1
211    0
177 10.1875  4
182    5.20449
183    6.06951
184    5.89427
185    5.32196
178 11.9515  1
211    0
179 7.71157  1
195    5.46451
180 13.8665  1
211    0
181 13.9654  1
211    0
182 14.2883  2
195    5.33166
201    5.5838
183 5.34242  1
211    0
184 6.1298  1
211    0
185 8.70098  1
211    0
186 7.09723  1
191    5.70338
187 11.8603  2
191    5.45828
201    5.32104
188 7.41371  1
211    0
189 12.8939  1
211    0
190 10.7894  1
211    0
191 13.9169  1
211    0
192 14.1299  1
211    0
193 14.8254  1
211    0
194 7.09632  1
211    0
195 11.8572  1
211    0
196 7.40364  1
211    0
197 12.861  1
211    0
198 10.6816  1
211    0
199 13.565  1
211    0
200 12.9809  1
211    0
201 11.0732  1
211    0
202 14.8437  1
211    0
203 7.15613  1
211    0
204 12.0525  1
211    0
205 8.04147  1
211    0
206 14.9438  1
211    0
207 7.48299  1
211    0
208 13.1201  1
211    0
209 11.5276  1
211    0
210 6.32756  1
211    0
211 0  0
