59
0 11.7379  5
1    5.45828
2    3.89827
13    5.33166
53    5.47678
54    3.72486
1 7.01422  1
13    6.4848
2 11.5893  10
3    4.80403
4    4.76182
5    4.62394
6    4.17367
7    5.70338
8    4.69865
9    4.41766
10    3.50009
11    3.50375
12    3.51575
3 6.52867  2
13    3.91859
52    5.63498
4 10.0035  1
13    3.68284
5 11.3506  2
13    4.97853
52    5.52136
6 5.74953  1
13    4.10051
7 7.45918  3
13    4.8704
52    5.56952
54    5.00105
8 13.0422  5
14    5.95369
15    5.51605
16    4.08687
17    5.41992
34    5.20907
9 11.2737  1
13    3.55493
10 5.49837  1
54    3.9586
11 6.63915  1
13    5.46451
12 10.3645  1
13    4.2503
13 12.5295  1
52    4.47525
14 9.59914  1
42    6.13881
15 10.0301  3
35    5.94325
42    6.15923
52    4.11791
16 11.4373  1
58    0
17 6.03244  8
18    3.77293
19    4.39477
20    6.42547
21    4.05657
22    5.32104
23    6.4501
24    4.13704
25    5.5838
18 8.38328  1
42    6.27871
19 6.0596  1
34    4.94099
20 8.47179  1
42    6.12059
21 6.34861  9
26    4.30816
27    6.14257
28    6.13286
29    6.10109
30    5.99736
31    5.6586
32    4.55243
33    3.9402
42    5.23196
22 9.41572  1
58    0
23 9.43129  1
58    0
24 9.48195  3
36    5.4819
37    3.97536
38    5.0558
25 9.64736  1
34    6.08452
26 10.1875  1
52    4.26147
27 11.9515  1
58    0
28 7.71157  1
58    0
29 13.8665  1
58    0
30 13.9654  1
52    5.99013
31 14.2883  1
52    4.10427
32 5.34242  1
42    6.18725
33 6.1298  6
43    3.57727
44    3.75581
45    4.33883
46    6.24273
47    6.4599
48    4.169
34 8.70098  2
39    5.58399
40    4.30871
35 7.09723  1
58    0
36 11.8603  1
41    6.1444
37 7.41371  1
42    5.86671
38 12.8939  1
42    6.06108
39 10.7894  1
52    5.97008
40 13.9169  1
58    0
41 14.1299  1
58    0
42 14.8254  3
49    5.68818
50    4.64893
51    4.25533
43 7.09632  1
58    0
44 11.8572  1
58    0
45 7.40364  1
54    5.40518
46 12.861  1
52    3.68815
47 10.6816  1
58    0
48 13.565  1
58    0
49 12.9809  1
58    0
50 11.0732  1
58    0
51 14.8437  1
58    0
52 7.15613  1
58    0
53 12.0525  3
55    4.23775
56    5.91267
57    5.38211
54 8.04147  1
58    0
55 14.9438  1
58    0
56 7.48299  1
58    0
57 13.1201  1
58    0
58 0  0
