58
0 7.00171  2
1    4.26147
2    5.99013
1 11.5484  1
2    5.63498
2 6.39531  8
3    4.47525
4    3.68815
5    4.11791
6    5.52136
7    4.10427
8    5.47678
9    3.9586
10    5.00105
3 9.56801  2
11    5.40518
45    4.22109
4 9.92843  2
47    4.41244
48    6.48315
5 11.1055  1
57    0
6 14.9493  1
12    3.72486
7 7.50099  1
12    5.91267
8 13.179  2
12    4.23775
34    3.83894
9 11.7202  3
13    5.38211
14    3.64951
15    3.99174
10 6.95624  1
57    0
11 11.3997  1
34    3.60273
12 5.90976  1
57    0
13 7.98257  1
57    0
14 14.7516  1
45    6.06951
15 6.85522  10
16    5.10936
17    5.75886
18    4.87974
19    5.00902
20    5.43118
21    3.80973
22    4.51498
23    3.81788
24    4.54154
25    3.90458
16 11.0701  1
45    5.85829
17 14.8337  5
26    4.82472
27    4.82939
28    4.84458
29    4.89421
30    5.05626
18 7.12348  1
57    0
19 11.946  1
57    0
20 7.69387  1
34    4.61029
21 13.8086  5
31    5.58545
32    4.31347
33    6.15996
34    6.28649
46    5.32196
22 13.7762  1
46    6.45312
23 13.6703  1
57    0
24 13.3245  1
34    6.18963
25 12.1953  1
57    0
26 8.5081  1
57    0
27 6.46733  8
49    4.2449
50    5.93602
51    5.45828
52    3.89827
53    4.80403
54    4.76182
55    4.62394
56    4.17367
28 9.80331  1
57    0
29 10.6969  1
57    0
30 13.6151  10
35    4.12917
36    5.55808
37    4.22411
38    5.86818
39    5.23681
40    6.17507
41    6.23898
42    6.44763
43    4.12889
44    5.55716
31 13.1442  1
57    0
32 11.6063  1
57    0
33 6.58452  1
57    0
34 10.186  1
57    0
35 11.9466  1
46    4.14684
36 7.6957  1
57    0
37 13.8147  1
57    0
38 13.796  1
46    5.89427
39 13.7353  1
57    0
40 13.5369  1
57    0
41 12.889  1
57    0
42 10.7732  1
45    5.20449
43 13.8641  1
46    5.61576
44 13.9575  1
57    0
45 14.2624  1
57    0
46 5.25758  1
57    0
47 5.85269  1
57    0
48 7.79611  1
57    0
49 14.1424  1
57    0
50 14.8663  1
57    0
51 7.22999  1
57    0
52 12.2939  1
57    0
53 8.82977  1
57    0
54 7.51778  1
57    0
55 13.2336  1
57    0
56 11.8984  1
57    0
57 0  0
