202
0 13.6151  3
1    3.83894
16    5.89427
160    5.40518
1 13.1442  2
2    4.61029
95    4.12917
2 11.6063  10
3    4.12917
4    5.55808
5    4.22411
6    5.86818
7    5.23681
8    6.17507
9    6.23898
10    6.44763
11    4.12889
12    5.55716
3 6.58452  8
17    6.48315
18    4.2449
19    5.93602
20    5.45828
21    3.89827
22    4.80403
23    4.76182
24    4.62394
4 10.186  4
16    6.06951
50    4.94099
61    6.24273
160    4.23775
5 11.9466  1
201    0
6 7.6957  4
16    6.45312
50    5.99736
60    6.18725
161    5.38211
7 13.8147  4
13    4.22109
14    5.85829
15    5.20449
16    4.41244
8 13.796  1
201    0
9 13.7353  2
36    5.95369
111    4.8704
10 13.5369  1
33    4.97853
11 12.889  7
182    4.22411
183    5.86818
184    5.23681
185    6.17507
186    6.23898
187    6.44763
188    4.12889
12 10.7732  2
16    5.32196
61    3.57727
13 13.8641  3
50    6.10109
87    4.84458
95    5.86818
14 13.9575  2
16    4.14684
50    4.55243
15 14.2624  1
16    5.61576
16 5.25758  1
62    4.169
17 5.85269  3
33    5.33166
62    4.64893
111    6.4848
18 7.79611  9
25    4.17367
26    5.70338
27    4.69865
28    4.41766
29    3.50009
30    3.50375
31    3.51575
32    3.55493
62    5.97008
19 14.1424  2
33    3.91859
61    6.4599
20 14.8663  3
47    5.5838
48    4.30816
49    6.14257
21 7.22999  2
50    3.9402
96    4.12889
22 12.2939  1
201    0
23 8.82977  1
60    6.15923
24 7.51778  2
33    4.10051
62    5.63498
25 13.2336  7
65    5.52136
66    4.10427
67    5.47678
68    3.9586
69    5.00105
70    5.40518
111    5.33166
26 11.8984  2
34    6.4848
35    4.2503
27 7.53822  3
33    5.46451
62    5.68818
112    6.42547
28 13.3004  2
61    4.33883
190    4.14684
29 12.1166  1
60    5.23196
30 8.25083  1
62    4.25533
31 5.62716  1
33    3.68284
32 7.05969  1
33    4.8704
33 11.7379  1
60    6.12059
34 7.01422  10
37    5.51605
38    4.08687
39    5.41992
40    3.77293
41    4.39477
42    6.42547
43    4.05657
44    5.32104
45    6.4501
46    4.13704
35 11.5893  1
71    4.23775
36 6.52867  2
112    4.39477
162    5.10936
37 10.0035  2
60    6.13881
95    4.61029
38 11.3506  1
109    3.50009
39 5.74953  2
63    3.68815
64    4.11791
40 7.45918  1
201    0
41 13.0422  6
51    5.20907
52    6.08452
53    5.94325
54    5.4819
55    3.97536
56    5.0558
42 11.2737  3
60    5.86671
88    5.05626
108    5.93602
43 5.49837  1
95    3.83894
44 6.63915  1
109    3.51575
45 10.3645  3
50    6.13286
62    4.47525
96    5.55716
46 12.5295  1
50    5.6586
47 9.59914  3
119    5.6586
120    4.55243
121    3.9402
48 10.0301  2
60    6.06108
87    4.89421
49 11.4373  1
201    0
50 6.03244  1
201    0
51 8.38328  2
62    5.99013
108    4.62394
52 6.0596  9
97    4.22109
98    5.85829
99    5.20449
100    6.06951
101    5.89427
102    5.32196
103    6.45312
111    4.97853
112    5.41992
53 8.47179  1
112    5.95369
54 6.34861  5
57    5.58399
58    4.30871
59    6.1444
108    5.70338
162    5.00902
55 9.41572  1
60    6.27871
56 9.43129  2
71    3.72486
108    4.69865
57 9.48195  1
110    3.68284
58 9.64736  1
61    3.75581
59 10.1875  3
62    4.26147
108    4.17367
113    4.05657
60 11.9515  3
95    5.23681
108    5.45828
189    5.89427
61 7.71157  1
62    5.56952
62 13.8665  5
150    5.56952
151    4.26147
152    5.99013
153    5.63498
154    4.47525
63 13.9654  10
72    5.91267
73    5.38211
74    3.64951
75    3.99174
76    5.10936
77    5.75886
78    4.87974
79    5.00902
80    5.43118
81    3.80973
64 14.2883  2
108    3.89827
112    4.08687
65 5.34242  2
95    5.55808
113    4.13704
66 6.1298  1
201    0
67 8.70098  7
89    5.58545
90    4.31347
91    6.15996
92    6.18963
93    6.28649
94    3.60273
95    6.17507
68 7.09723  6
138    6.18725
139    6.27871
140    3.57727
141    3.75581
142    4.33883
143    6.24273
69 11.8603  1
96    6.23898
70 7.41371  1
113    5.32104
71 12.8939  1
107    6.48315
72 10.7894  2
82    4.51498
83    3.81788
73 13.9169  1
201    0
74 14.1299  2
87    4.82939
107    4.2449
75 14.8254  3
84    4.54154
85    3.90458
86    4.82472
76 7.09632  3
135    5.86671
136    5.23196
137    6.15923
77 11.8572  2
112    3.77293
190    5.61576
78 7.40364  1
189    6.06951
79 12.861  1
201    0
80 10.6816  1
201    0
81 13.565  2
108    4.76182
109    3.50375
82 12.9809  1
96    6.44763
83 11.0732  2
111    4.10051
113    6.4501
84 14.8437  1
201    0
85 7.15613  1
201    0
86 12.0525  1
201    0
87 8.04147  2
95    4.22411
159    5.47678
88 14.9438  6
144    6.4599
145    4.169
146    5.68818
147    4.64893
148    4.25533
149    5.97008
89 7.48299  1
109    4.41766
90 13.1201  2
112    4.2503
162    5.75886
91 11.5276  1
201    0
92 6.32756  1
112    5.51605
93 9.34675  2
111    3.91859
162    4.87974
94 9.20606  2
111    5.46451
113    5.5838
95 8.74645  1
201    0
96 7.24555  1
201    0
97 12.3446  1
109    3.55493
98 8.99548  4
155    3.68815
156    4.11791
157    5.52136
158    4.10427
99 8.05887  3
179    4.61029
180    4.12917
181    5.55808
100 5.00031  1
160    3.9586
101 5.01251  1
201    0
102 5.05249  1
201    0
103 5.18311  3
104    4.14684
105    5.61576
106    4.41244
104 5.60945  1
108    4.80403
105 7.00171  1
201    0
106 11.5484  1
201    0
107 6.39531  1
201    0
108 9.56801  1
201    0
109 9.92843  1
201    0
110 11.1055  3
162    3.80973
189    5.55716
190    6.45312
111 14.9493  5
114    4.30816
115    6.14257
116    6.13286
117    6.10109
118    5.99736
112 7.50099  1
201    0
113 13.179  1
201    0
114 11.7202  1
201    0
115 6.95624  1
201    0
116 11.3997  5
164    3.81788
165    4.54154
166    3.90458
167    4.82472
168    4.82939
117 5.90976  1
201    0
118 7.98257  1
163    4.51498
119 14.7516  1
160    3.72486
120 6.85522  1
201    0
121 11.0701  9
122    4.94099
123    5.20907
124    6.08452
125    5.94325
126    5.4819
127    3.97536
128    5.0558
129    5.58399
189    5.32196
122 14.8337  5
130    4.30871
131    6.1444
132    6.13881
133    6.12059
134    6.06108
123 7.12348  1
201    0
124 11.946  1
201    0
125 7.69387  1
201    0
126 13.8086  1
201    0
127 13.7762  1
201    0
128 13.6703  1
201    0
129 13.3245  1
160    5.00105
130 12.1953  1
201    0
131 8.5081  1
189    5.20449
132 6.46733  1
161    3.64951
133 9.80331  1
201    0
134 10.6969  1
201    0
135 13.6151  1
201    0
136 13.1442  1
201    0
137 11.6063  1
201    0
138 6.58452  10
169    4.84458
170    4.89421
171    5.05626
172    5.58545
173    4.31347
174    6.15996
175    6.18963
176    6.28649
177    3.60273
178    3.83894
139 10.186  1
201    0
140 11.9466  1
201    0
141 7.6957  1
201    0
142 13.8147  1
201    0
143 13.796  1
201    0
144 13.7353  1
201    0
145 13.5369  1
201    0
146 12.889  1
201    0
147 10.7732  1
162    5.43118
148 13.8641  1
201    0
149 13.9575  1
201    0
150 14.2624  1
201    0
151 5.25758  1
201    0
152 5.85269  1
162    3.99174
153 7.79611  1
201    0
154 14.1424  1
201    0
155 14.8663  1
201    0
156 7.22999  1
201    0
157 12.2939  1
201    0
158 8.82977  1
160    5.91267
159 7.51778  10
191    4.41244
192    6.48315
193    4.2449
194    5.93602
195    5.45828
196    3.89827
197    4.80403
198    4.76182
199    4.62394
200    4.17367
160 13.2336  1
201    0
161 11.8984  1
201    0
162 7.53822  1
201    0
163 13.3004  1
201    0
164 12.1166  1
201    0
165 8.25083  1
201    0
166 5.62716  1
201    0
167 7.05969  1
201    0
168 11.7379  1
201    0
169 7.01422  1
201    0
170 11.5893  1
201    0
171 6.52867  1
201    0
172 10.0035  1
201    0
173 11.3506  1
201    0
174 5.74953  1
201    0
175 7.45918  1
189    5.85829
176 13.0422  1
201    0
177 11.2737  1
201    0
178 5.49837  1
201    0
179 6.63915  1
201    0
180 10.3645  1
201    0
181 12.5295  1
201    0
182 9.59914  1
201    0
183 10.0301  1
201    0
184 11.4373  1
201    0
185 6.03244  1
201    0
186 8.38328  1
201    0
187 6.0596  1
201    0
188 8.47179  1
189    4.22109
189 6.34861  1
201    0
190 9.41572  1
201    0
191 9.43129  1
201    0
192 9.48195  1
201    0
193 9.64736  1
201    0
194 10.1875  1
201    0
195 11.9515  1
201    0
196 7.71157  1
201    0
197 13.8665  1
201    0
198 13.9654  1
201    0
199 14.2883  1
201    0
200 5.34242  1
201    0
201 0  0
