82
0 9.20606  10
1    8.47551
2    11.8253
3    10.7642
4    7.29902
5    7.98349
6    10.2187
7    11.5177
8    9.75948
9    10.018
10    10.8624
1 8.74645  1
11    9.08307
2 7.24555  4
11    9.68917
20    8.25834
21    11.1143
37    10.929
3 12.3446  4
11    9.65877
12    10.1125
21    11.7166
62    12.1222
4 8.99548  3
11    7.61946
20    11.1162
71    12.9198
5 8.05887  4
11    9.64943
12    11.1709
21    12.478
37    7.83718
6 5.00031  2
11    7.80917
22    10.6439
7 5.01251  2
11    7.63576
22    8.29368
8 5.05249  3
11    9.02997
22    11.7885
37    12.9696
9 5.18311  2
11    9.78841
37    8.20103
10 5.60945  4
17    7.20545
18    7.67788
19    9.22059
20    11.7364
11 7.00171  4
13    8.62694
14    12.3199
15    12.3793
16    12.573
12 11.5484  6
24    11.872
25    10.9166
26    7.79653
27    9.60805
28    9.52364
29    9.24787
13 6.39531  2
20    10.4736
21    10.409
14 9.56801  2
21    12.139
22    11.2315
15 9.92843  3
20    12.3501
21    8.44218
23    12.9663
16 11.1055  1
22    8.82488
17 14.9493  1
21    12.8953
18 7.50099  9
38    8.5006
39    11.9074
40    11.0321
41    8.17374
42    10.8398
43    7.54585
44    8.78954
45    12.8509
46    8.11313
19 13.179  3
20    8.44823
21    8.25779
72    8.23582
20 11.7202  1
22    12.9062
21 6.95624  8
73    10.9536
74    7.9172
75    10.0021
76    10.8104
77    7.44972
78    8.47551
79    11.8253
80    10.7642
22 11.3997  2
23    8.48979
37    7.36567
23 5.90976  1
60    11.8865
24 7.98257  1
81    0
25 14.7516  1
61    12.2412
26 6.85522  1
60    8.61742
27 11.0701  2
37    7.10987
60    12.2776
28 14.8337  7
30    8.34733
31    11.4068
32    9.39729
33    8.83532
34    7.00018
35    7.00751
36    7.0315
29 7.12348  1
81    0
30 11.946  2
37    10.6633
71    8.51067
31 7.69387  1
37    9.95706
32 13.8086  1
37    9.74081
33 13.7762  1
72    8.52293
34 13.6703  1
81    0
35 13.3245  1
72    11.0427
36 12.1953  1
72    11.9402
37 8.5081  1
81    0
38 6.46733  1
60    12.2888
39 9.80331  2
60    12.169
72    11.9803
40 10.6969  1
81    0
41 13.6151  1
71    11.3764
42 13.1442  4
47    10.6421
48    12.9002
49    8.27409
72    11.139
43 11.6063  1
81    0
44 6.58452  1
60    7.95071
45 10.186  1
60    10.9638
46 11.9466  1
72    8.20853
47 7.6957  10
50    11.1676
51    8.61632
52    12.2851
53    12.2657
54    12.2022
55    11.9947
56    11.3172
57    9.10486
58    7.8804
59    9.88198
48 13.8147  2
60    10.4181
72    11.27
49 13.796  1
72    7.37629
50 13.7353  1
81    0
51 13.5369  1
81    0
52 12.889  1
81    0
53 10.7732  8
63    11.7334
64    10.4639
65    12.3185
66    12.3745
67    12.5574
68    7.15455
69    7.51161
70    8.67766
54 13.8641  1
81    0
55 13.9575  2
60    10.1116
72    8.9505
56 14.2624  1
71    12.4855
57 5.25758  1
60    11.168
58 5.85269  1
71    9.29786
59 7.79611  1
81    0
60 14.1424  1
81    0
61 14.8663  1
81    0
62 7.22999  1
81    0
63 12.2939  1
81    0
64 8.82977  1
81    0
65 7.51778  1
81    0
66 13.2336  1
81    0
67 11.8984  1
81    0
68 7.53822  1
71    8.33799
69 13.3004  1
81    0
70 12.1166  1
81    0
71 8.25083  1
81    0
72 5.62716  1
81    0
73 7.05969  1
81    0
74 11.7379  1
81    0
75 7.01422  1
81    0
76 11.5893  1
81    0
77 6.52867  1
81    0
78 10.0035  1
81    0
79 11.3506  1
81    0
80 5.74953  1
81    0
81 0  0
