104
0 11.5484  6
1    1.24779
10    0.924787
11    0.834733
16    1.10321
40    1.04639
92    1.10321
1 6.39531  10
2    1.28953
3    0.825779
4    1.11143
5    0.844218
6    1.17166
8    1.29062
10    0.779653
12    0.700018
40    0.715455
41    0.751161
2 9.56801  6
8    1.2139
10    1.1872
11    0.883532
12    0.820103
16    0.85006
43    0.79172
3 9.92843  2
8    1.17885
10    0.952364
4 11.1055  7
8    1.12315
10    0.848979
11    0.939729
12    0.736567
16    1.19074
40    1.21222
55    0.780917
5 14.9493  5
7    1.0409
8    0.882488
10    1.09166
11    1.14068
12    0.700751
6 7.50099  3
8    1.06439
9    1.29663
16    0.817374
7 13.179  3
8    0.829368
12    0.703149
16    1.06633
8 11.7202  4
10    0.960805
16    1.08398
30    0.910486
42    1.1139
9 6.95624  1
16    0.754585
10 11.3997  5
13    1.0929
14    0.783718
15    0.974081
16    0.995706
42    1.19402
11 5.90976  2
12    0.710987
67    1.23501
12 7.98257  10
17    0.878954
18    1.28509
19    0.811313
20    1.06421
21    1.29002
22    0.827409
23    1.11676
24    0.861632
25    1.22851
26    1.22657
13 14.7516  3
41    1.24855
43    1.09536
76    1.29663
14 6.85522  1
30    0.988198
15 11.0701  4
16    1.29696
42    1.13764
43    0.823582
79    0.939729
16 14.8337  1
55    0.964943
17 7.12348  6
27    1.22022
28    1.19947
29    1.13172
30    0.78804
40    1.22412
67    1.04736
18 11.946  1
43    0.820853
19 7.69387  3
40    1.23185
42    1.127
43    1.10427
20 13.8086  7
69    1.0409
70    1.2139
71    1.17885
72    1.06439
73    1.29062
74    0.829368
75    1.12315
21 13.7762  3
42    0.851067
44    1.00021
92    1.19074
22 13.6703  5
41    0.833799
42    0.929786
67    1.24779
76    1.09166
90    1.06633
23 13.3245  1
66    0.922059
24 12.1953  2
40    1.22776
92    1.08398
25 8.5081  2
41    1.29198
42    0.852293
26 6.46733  9
31    1.04181
32    1.2169
33    1.18865
34    1.09638
35    0.795071
36    1.01116
37    1.1168
38    0.861742
39    1.22888
27 9.80331  2
40    1.17334
90    0.995706
28 10.6969  1
44    1.08104
29 13.6151  3
40    1.23745
42    0.89505
92    0.85006
30 13.1442  1
56    0.965877
31 11.6063  1
103    0
32 6.58452  3
40    1.25574
55    0.763576
68    0.825779
33 10.186  1
103    0
34 11.9466  1
103    0
35 7.6957  6
45    0.744972
46    0.847551
47    1.18253
48    1.07642
49    0.729902
50    0.798349
36 13.8147  2
80    0.883532
81    0.700018
37 13.796  1
67    1.11162
38 13.7353  2
55    0.761946
92    0.754585
39 13.5369  2
41    0.867766
55    1.08624
40 12.889  2
43    0.737629
55    0.908307
41 10.7732  1
42    1.19803
42 13.8641  1
91    1.29696
43 13.9575  1
79    0.834733
44 14.2624  1
103    0
45 5.25758  5
51    1.02187
52    1.15177
53    0.975948
54    1.0018
79    1.14068
46 5.85269  10
93    1.28509
94    0.811313
95    1.06421
96    1.29002
97    0.827409
98    1.11676
99    0.861632
100    1.22851
101    1.22657
102    1.22022
47 7.79611  1
67    0.844823
48 14.1424  1
68    1.17166
49 14.8663  1
68    1.28953
50 7.22999  3
57    0.978841
58    1.01125
59    1.11709
51 12.2939  1
103    0
52 8.82977  1
103    0
53 7.51778  2
60    0.862694
61    1.23199
54 13.2336  3
55    0.902997
56    0.968917
67    1.17364
55 11.8984  1
103    0
56 7.53822  1
76    0.882488
57 13.3004  1
76    1.1872
58 12.1166  1
68    0.844218
59 8.25083  1
103    0
60 5.62716  5
62    1.23793
63    1.2573
64    0.720545
65    0.767788
79    0.924787
61 7.05969  1
103    0
62 11.7379  1
79    0.952364
63 7.01422  1
67    0.825834
64 11.5893  1
103    0
65 6.52867  1
103    0
66 10.0035  1
103    0
67 11.3506  1
68    1.11143
68 5.74953  1
103    0
69 7.45918  1
76    0.848979
70 13.0422  1
92    0.817374
71 11.2737  8
82    0.700751
83    0.703149
84    0.710987
85    0.736567
86    0.820103
87    1.0929
88    0.783718
89    0.974081
72 5.49837  1
103    0
73 6.63915  1
103    0
74 10.3645  1
103    0
75 12.5295  1
103    0
76 9.59914  2
77    0.779653
78    0.960805
77 10.0301  1
103    0
78 11.4373  1
103    0
79 6.03244  1
103    0
80 8.38328  1
103    0
81 6.0596  1
103    0
82 8.47179  1
103    0
83 6.34861  1
103    0
84 9.41572  1
92    0.878954
85 9.43129  1
103    0
86 9.48195  1
103    0
87 9.64736  1
103    0
88 10.1875  1
103    0
89 11.9515  1
103    0
90 7.71157  1
103    0
91 13.8665  1
103    0
92 13.9654  1
103    0
93 14.2883  1
103    0
94 5.34242  1
103    0
95 6.1298  1
103    0
96 8.70098  1
103    0
97 7.09723  1
103    0
98 11.8603  1
103    0
99 7.41371  1
103    0
100 12.8939  1
103    0
101 10.7894  1
103    0
102 13.9169  1
103    0
103 0  0
