62
0 13.1442  5
1    61.5996
2    61.8963
3    62.8649
22    44.1244
39    59.5369
1 11.6063  8
4    36.0273
5    38.3894
6    46.1029
7    41.2917
8    55.5808
9    42.2411
10    58.6818
39    39.1859
2 6.58452  3
39    48.704
40    64.2547
43    61.0109
3 10.186  2
43    45.5243
50    35.7727
4 11.9466  3
21    41.4684
22    56.1576
44    52.0907
5 7.6957  1
30    41.7367
6 13.8147  10
12    61.7507
13    62.3898
14    64.4763
15    41.2889
16    55.5716
17    42.2109
18    58.5829
19    52.0449
20    60.6951
30    57.0338
7 13.796  3
39    55.1605
40    43.9477
48    61.2059
8 13.7353  1
22    64.8315
9 13.5369  4
11    52.3681
21    64.5312
43    39.402
50    64.599
10 12.889  2
48    60.6108
50    62.7871
11 10.7732  1
21    58.9427
12 13.8641  1
50    41.69
13 13.9575  1
39    42.503
14 14.2624  3
39    53.3166
49    58.6671
50    56.8818
15 5.25758  4
39    64.848
40    55.838
44    60.8452
48    61.444
16 5.85269  3
21    53.2196
39    54.6451
50    61.8725
17 7.79611  1
61    0
18 14.1424  10
31    46.9865
32    44.1766
33    35.0009
34    35.0375
35    35.1575
36    35.5493
37    36.8284
38    41.0051
40    53.2104
48    61.3881
19 14.8663  1
61    0
20 7.22999  1
61    0
21 12.2939  1
61    0
22 8.82977  7
23    42.449
24    59.3602
25    54.5828
26    38.9827
27    48.0403
28    47.6182
29    46.2394
23 7.51778  1
61    0
24 13.2336  3
39    49.7853
40    37.7293
44    54.819
25 11.8984  1
48    43.0871
26 7.53822  4
45    39.7536
46    50.558
47    55.8399
50    37.5581
27 13.3004  1
40    64.501
28 12.1166  1
43    49.4099
29 8.25083  1
61    0
30 5.62716  1
49    61.5923
31 7.05969  1
40    54.1992
32 11.7379  1
40    41.3704
33 7.01422  3
41    43.0816
42    61.4257
43    61.3286
34 11.5893  1
61    0
35 6.52867  1
61    0
36 10.0035  2
39    40.8687
44    59.4325
37 11.3506  2
40    40.5657
43    59.9736
38 5.74953  1
61    0
39 7.45918  1
61    0
40 13.0422  1
49    52.3196
41 11.2737  1
61    0
42 5.49837  1
43    56.586
43 6.63915  1
61    0
44 10.3645  1
50    43.3883
45 12.5295  1
61    0
46 9.59914  10
51    46.4893
52    42.5533
53    59.7008
54    55.6952
55    42.6147
56    59.9013
57    56.3498
58    44.7525
59    36.8815
60    41.1791
47 10.0301  1
61    0
48 11.4373  1
50    62.4273
49 6.03244  1
61    0
50 8.38328  1
61    0
51 6.0596  1
61    0
52 8.47179  1
61    0
53 6.34861  1
61    0
54 9.41572  1
61    0
55 9.43129  1
61    0
56 9.48195  1
61    0
57 9.64736  1
61    0
58 10.1875  1
61    0
59 11.9515  1
61    0
60 7.71157  1
61    0
61 0  0
