166
0 12.861  4
1    49.7853
2    53.3166
3    64.848
13    41.3704
1 10.6816  1
4    42.503
2 13.565  4
13    56.586
22    61.2059
56    48.2939
164    64.4763
3 12.9809  2
4    59.5369
56    48.2472
4 11.0732  10
5    55.1605
6    40.8687
7    54.1992
8    37.7293
9    43.9477
10    64.2547
11    40.5657
13    55.838
22    55.8399
56    39.0458
5 14.8437  2
12    53.2104
13    61.3286
6 7.15613  9
14    45.5243
15    39.402
16    49.4099
17    52.0907
18    60.8452
19    59.4325
20    54.819
21    39.7536
22    60.6108
7 12.0525  2
13    43.0816
56    45.4154
8 8.04147  2
13    64.501
22    61.3881
9 14.9438  3
13    61.4257
73    62.3898
157    48.9421
10 7.48299  1
165    0
11 13.1201  1
13    59.9736
12 11.5276  1
13    61.0109
13 6.32756  5
39    59.9013
40    56.3498
41    44.7525
42    36.8815
138    56.3498
14 9.34675  6
68    55.5808
69    42.2411
70    58.6818
71    52.3681
72    61.7507
74    41.2889
15 9.20606  2
22    50.558
155    50.0902
16 8.74645  2
22    61.444
67    41.2917
17 7.24555  1
165    0
18 12.3446  2
48    42.3775
99    36.8284
19 8.99548  2
22    43.0871
74    55.5716
20 8.05887  9
23    52.3196
24    61.5923
25    61.8725
26    62.7871
27    35.7727
28    37.5581
29    43.3883
30    62.4273
138    44.7525
21 5.00031  2
22    58.6671
38    42.6147
22 5.01251  1
165    0
23 5.05249  3
139    36.8815
140    41.1791
141    55.2136
24 5.18311  1
165    0
25 5.60945  9
31    64.599
32    41.69
33    56.8818
34    46.4893
35    42.5533
36    59.7008
37    55.6952
74    58.5829
120    50.558
26 7.00171  1
74    64.4763
27 11.5484  2
47    37.2486
48    36.4951
28 6.39531  5
43    41.1791
44    55.2136
45    41.0427
46    54.7678
48    53.8211
29 9.56801  2
67    46.1029
157    43.1347
30 9.92843  1
165    0
31 11.1055  1
165    0
32 14.9493  1
48    51.0936
33 7.50099  1
157    36.0273
34 13.179  2
48    59.1267
101    55.1605
35 11.7202  1
165    0
36 6.95624  3
53    38.0973
54    45.1498
55    38.1788
37 11.3997  9
102    40.8687
103    54.1992
104    37.7293
105    43.9477
106    64.2547
107    40.5657
108    53.2104
109    64.501
110    41.3704
38 5.90976  2
47    39.586
157    62.8649
39 7.98257  2
138    42.6147
155    38.1788
40 14.7516  1
120    52.0907
41 6.85522  7
75    52.0449
76    60.6951
77    58.9427
78    53.2196
79    64.5312
80    41.4684
120    39.7536
42 11.0701  5
49    57.5886
50    48.7974
51    50.0902
52    54.3118
164    61.7507
43 14.8337  1
47    50.0105
44 7.12348  1
165    0
45 11.946  3
48    39.9174
101    59.5369
138    59.9013
46 7.69387  2
47    54.0518
120    49.4099
47 13.8086  10
57    48.4458
58    48.9421
59    50.5626
60    55.8545
61    43.1347
62    61.5996
63    61.8963
64    62.8649
65    36.0273
66    38.3894
48 13.7762  1
165    0
49 13.6703  1
165    0
50 13.3245  2
157    50.5626
164    62.3898
51 12.1953  1
74    42.2109
52 8.5081  1
99    41.0051
53 6.46733  1
120    59.4325
54 9.80331  1
157    48.4458
55 10.6969  1
156    39.0458
56 13.6151  1
165    0
57 13.1442  1
99    48.704
58 11.6063  8
142    41.0427
143    54.7678
144    39.586
145    50.0105
146    54.0518
147    37.2486
148    42.3775
149    59.1267
59 6.58452  1
165    0
60 10.186  1
165    0
61 11.9466  1
165    0
62 7.6957  1
165    0
63 13.8147  1
138    55.6952
64 13.796  1
165    0
65 13.7353  1
165    0
66 13.5369  1
155    54.3118
67 12.889  1
120    55.8399
68 10.7732  1
165    0
69 13.8641  1
165    0
70 13.9575  1
157    55.8545
71 14.2624  8
81    56.1576
82    44.1244
83    64.8315
84    42.449
85    59.3602
86    54.5828
87    38.9827
88    48.0403
72 5.25758  1
165    0
73 5.85269  10
89    47.6182
90    46.2394
91    41.7367
92    57.0338
93    46.9865
94    44.1766
95    35.0009
96    35.0375
97    35.1575
98    35.5493
74 7.79611  1
100    64.848
75 14.1424  1
128    62.7871
76 14.8663  1
120    54.819
77 7.22999  1
165    0
78 12.2939  1
165    0
79 8.82977  9
111    55.838
112    43.0816
113    61.4257
114    61.3286
115    61.0109
116    59.9736
117    56.586
118    45.5243
119    39.402
80 7.51778  1
165    0
81 13.2336  1
99    39.1859
82 11.8984  1
165    0
83 7.53822  1
157    38.3894
84 13.3004  1
100    42.503
85 12.1166  1
155    48.7974
86 8.25083  1
120    61.444
87 5.62716  1
99    49.7853
88 7.05969  1
165    0
89 11.7379  1
165    0
90 7.01422  1
100    53.3166
91 11.5893  1
165    0
92 6.52867  1
120    60.8452
93 10.0035  1
165    0
94 11.3506  1
165    0
95 5.74953  1
165    0
96 7.45918  1
165    0
97 13.0422  1
99    54.6451
98 11.2737  1
165    0
99 5.49837  1
120    43.0871
100 6.63915  1
165    0
101 10.3645  1
165    0
102 12.5295  1
165    0
103 9.59914  1
165    0
104 10.0301  1
165    0
105 11.4373  9
129    35.7727
130    37.5581
131    43.3883
132    62.4273
133    64.599
134    41.69
135    56.8818
136    46.4893
137    42.5533
106 6.03244  1
155    45.1498
107 8.38328  7
121    61.3881
122    61.2059
123    60.6108
124    58.6671
125    52.3196
126    61.5923
127    61.8725
108 6.0596  1
164    55.5716
109 8.47179  1
165    0
110 6.34861  1
165    0
111 9.41572  2
155    38.0973
157    61.8963
112 9.43129  1
165    0
113 9.48195  6
158    46.1029
159    41.2917
160    55.5808
161    42.2411
162    58.6818
163    52.3681
114 9.64736  1
165    0
115 10.1875  1
156    48.2939
116 11.9515  1
165    0
117 7.71157  1
165    0
118 13.8665  1
165    0
119 13.9654  1
165    0
120 14.2883  1
165    0
121 5.34242  1
155    45.4154
122 6.1298  1
138    59.7008
123 8.70098  1
165    0
124 7.09723  1
165    0
125 11.8603  1
165    0
126 7.41371  5
150    53.8211
151    36.4951
152    39.9174
153    51.0936
154    57.5886
127 12.8939  1
165    0
128 10.7894  1
164    41.2889
129 13.9169  1
165    0
130 14.1299  1
165    0
131 14.8254  1
165    0
132 7.09632  1
165    0
133 11.8572  1
165    0
134 7.40364  1
165    0
135 12.861  1
165    0
136 10.6816  1
165    0
137 13.565  1
165    0
138 12.9809  1
157    61.5996
139 11.0732  1
165    0
140 14.8437  1
165    0
141 7.15613  1
165    0
142 12.0525  1
165    0
143 8.04147  1
165    0
144 14.9438  1
165    0
145 7.48299  1
165    0
146 13.1201  1
165    0
147 11.5276  1
165    0
148 6.32756  1
165    0
149 9.34675  1
156    48.2472
150 9.20606  1
165    0
151 8.74645  1
165    0
152 7.24555  1
165    0
153 12.3446  1
165    0
154 8.99548  1
165    0
155 8.05887  1
165    0
156 5.00031  1
165    0
157 5.01251  1
165    0
158 5.05249  1
165    0
159 5.18311  1
165    0
160 5.60945  1
165    0
161 7.00171  1
165    0
162 11.5484  1
165    0
163 6.39531  1
165    0
164 9.56801  1
165    0
165 0  0
