57
0 6.95624  1
1    7.9172
1 11.3997  2
2    10.0021
38    12.9663
2 5.90976  6
3    10.8104
4    7.44972
5    8.47551
6    11.8253
7    10.7642
8    7.29902
3 7.98257  4
9    7.98349
10    10.2187
11    11.5177
28    7.67788
4 14.7516  5
12    9.75948
13    10.018
14    10.8624
15    7.61946
16    9.02997
5 6.85522  8
29    8.44823
30    11.7364
31    10.4736
32    12.3501
33    12.478
34    12.8953
35    8.25779
36    11.1143
6 11.0701  1
37    11.2315
7 14.8337  2
28    7.20545
37    11.7885
8 7.12348  1
28    12.3793
9 11.946  1
37    10.6439
10 7.69387  1
28    9.22059
11 13.8086  1
38    8.48979
12 13.7762  5
39    11.872
40    10.9166
41    7.79653
42    9.60805
43    9.52364
13 13.6703  1
37    8.29368
14 13.3245  10
17    7.63576
18    9.08307
19    7.80917
20    9.64943
21    9.65877
22    9.68917
23    9.78841
24    10.1125
25    11.1709
26    8.62694
15 12.1953  1
56    0
16 8.5081  1
37    12.9062
17 6.46733  1
56    0
18 9.80331  1
28    12.573
19 10.6969  1
28    8.25834
20 13.6151  1
56    0
21 13.1442  1
28    11.1162
22 11.6063  1
44    8.83532
23 6.58452  1
56    0
24 10.186  2
27    12.3199
37    12.139
25 11.9466  1
44    9.39729
26 7.6957  1
37    11.7166
27 13.8147  1
37    10.409
28 13.796  1
37    8.44218
29 13.7353  1
56    0
30 13.5369  1
56    0
31 12.889  1
56    0
32 10.7732  4
45    7.00018
46    7.00751
47    7.0315
48    7.10987
33 13.8641  1
37    8.82488
34 13.9575  1
44    11.4068
35 14.2624  1
44    8.34733
36 5.25758  1
56    0
37 5.85269  1
56    0
38 7.79611  1
56    0
39 14.1424  7
49    7.36567
50    8.20103
51    10.929
52    7.83718
53    9.74081
54    9.95706
55    10.6633
40 14.8663  1
56    0
41 7.22999  1
56    0
42 12.2939  1
56    0
43 8.82977  1
44    9.24787
44 7.51778  1
56    0
45 13.2336  1
56    0
46 11.8984  1
56    0
47 7.53822  1
56    0
48 13.3004  1
56    0
49 12.1166  1
56    0
50 8.25083  1
56    0
51 5.62716  1
56    0
52 7.05969  1
56    0
53 11.7379  1
56    0
54 7.01422  1
56    0
55 11.5893  1
56    0
56 0  0
