215
0 8.82977  10
1    3.51575
2    3.55493
3    3.68284
4    4.10051
5    5.46451
6    3.91859
7    4.8704
8    4.97853
9    5.33166
29    6.1444
1 7.51778  4
38    5.00105
40    5.43118
56    5.32196
155    4.25533
2 13.2336  3
10    5.95369
29    5.94325
81    4.08687
3 11.8984  3
10    6.4848
31    6.27871
56    4.22109
4 7.53822  5
29    4.94099
41    3.80973
81    3.77293
114    5.40518
154    6.27871
5 13.3004  10
11    4.08687
12    5.41992
13    3.77293
14    4.39477
15    6.42547
16    4.05657
17    5.32104
18    6.4501
29    5.58399
30    6.06108
6 12.1166  4
10    4.2503
30    5.23196
101    6.12059
136    5.45828
7 8.25083  5
31    6.18725
38    3.9586
41    4.54154
56    5.85829
107    4.25533
8 5.62716  3
10    5.51605
56    5.55716
137    3.50375
9 7.05969  2
29    4.30871
37    4.47525
10 11.7379  4
31    4.33883
32    6.4599
145    4.08687
153    6.13881
11 7.01422  3
33    4.169
34    5.68818
35    4.64893
12 11.5893  4
27    4.55243
28    3.9402
30    6.13881
38    5.47678
13 6.52867  2
29    5.0558
41    4.84458
14 10.0035  5
30    5.86671
38    5.40518
108    4.47525
135    4.2449
145    5.95369
15 11.3506  2
29    3.97536
40    3.64951
16 5.74953  2
29    5.20907
154    3.75581
17 7.45918  3
31    3.75581
55    5.23681
131    5.20449
18 13.0422  10
19    4.13704
20    5.5838
21    4.30816
22    6.14257
23    6.13286
24    6.10109
25    5.99736
26    5.6586
30    6.12059
81    5.41992
19 11.2737  2
40    5.38211
114    3.64951
20 5.49837  5
31    3.57727
40    5.00902
41    3.90458
56    5.20449
115    3.80973
21 6.63915  2
36    4.26147
38    4.10427
22 10.3645  2
31    6.24273
137    3.50009
23 12.5295  4
36    5.99013
82    6.4501
157    5.56952
198    5.55716
24 9.59914  3
29    5.4819
37    5.63498
204    3.89827
25 10.0301  6
29    6.08452
36    5.97008
40    3.99174
41    3.81788
55    6.44763
56    6.06951
26 11.4373  3
38    5.52136
40    5.10936
154    3.57727
27 6.03244  3
31    6.15923
36    4.25533
41    4.82939
28 8.38328  2
109    4.11791
159    4.11791
29 6.0596  2
38    3.72486
41    4.82472
30 8.47179  4
48    6.28649
49    3.60273
50    3.83894
56    4.14684
31 6.34861  2
36    5.56952
135    4.41244
32 9.41572  6
38    4.23775
39    5.91267
40    5.75886
41    4.51498
55    6.17507
56    5.89427
33 9.43129  1
137    4.17367
34 9.48195  4
55    5.86818
81    4.39477
82    5.32104
129    4.61029
35 9.64736  3
38    3.68815
114    5.10936
128    6.28649
36 10.1875  1
38    4.11791
37 11.9515  3
40    4.87974
51    4.61029
204    5.93602
38 7.71157  10
83    4.13704
84    5.5838
85    4.30816
86    6.14257
87    6.13286
88    6.10109
89    5.99736
90    5.6586
91    4.55243
92    3.9402
39 13.8665  10
62    5.45828
63    3.89827
64    4.80403
65    4.76182
66    4.62394
67    4.17367
68    5.70338
69    4.69865
70    4.41766
71    3.50009
40 13.9654  7
44    5.58545
45    4.31347
46    6.15996
47    6.18963
56    4.12889
114    5.38211
204    5.45828
41 14.2883  3
42    4.89421
43    5.05626
82    6.42547
42 5.34242  5
110    4.10427
111    5.47678
112    3.9586
113    5.00105
137    4.41766
43 6.1298  1
82    4.05657
44 8.70098  2
56    6.45312
107    5.99013
45 7.09723  3
81    6.4848
131    6.06951
155    5.68818
46 11.8603  1
55    6.23898
47 7.41371  3
81    5.33166
115    4.87974
145    4.05657
48 12.8939  4
52    4.12917
53    5.55808
54    4.22411
106    4.33883
49 10.7894  1
214    0
50 13.9169  1
107    4.169
51 14.1299  1
81    5.51605
52 14.8254  1
214    0
53 7.09632  1
214    0
54 11.8572  8
57    5.61576
58    4.41244
59    6.48315
60    4.2449
61    5.93602
93    6.08452
137    3.55493
153    4.30871
55 7.40364  1
93    5.94325
56 12.861  1
214    0
57 10.6816  1
101    6.06108
58 13.565  1
130    4.22411
59 12.9809  3
114    5.91267
135    6.48315
148    4.30816
60 11.0732  4
109    5.52136
114    3.72486
115    5.00902
147    5.5838
61 14.8437  3
114    3.99174
137    5.70338
159    5.47678
62 7.15613  5
166    3.64951
167    3.99174
168    5.10936
169    5.75886
170    4.87974
63 12.0525  1
204    4.17367
64 8.04147  2
81    4.2503
137    4.10051
65 14.9438  2
108    5.63498
137    3.51575
66 7.48299  2
81    5.95369
93    5.20907
67 13.1201  2
106    3.75581
130    6.17507
68 11.5276  10
72    3.50375
73    3.51575
74    3.55493
75    3.68284
76    4.10051
77    5.46451
78    3.91859
79    4.8704
80    4.97853
128    6.18963
69 6.32756  1
93    4.94099
70 9.34675  8
116    4.51498
117    3.81788
118    4.54154
119    3.90458
120    4.82472
121    4.82939
122    4.84458
154    6.24273
71 9.20606  1
204    5.70338
72 8.74645  5
123    4.89421
124    5.05626
125    5.58545
126    4.31347
127    6.15996
73 7.24555  1
158    5.99013
74 12.3446  1
214    0
75 8.99548  1
214    0
76 8.05887  7
102    6.15923
103    6.18725
104    6.27871
105    3.57727
114    4.23775
152    5.4819
159    3.68815
77 5.00031  1
155    4.169
78 5.01251  1
214    0
79 5.05249  1
214    0
80 5.18311  2
107    5.56952
131    5.55716
81 5.60945  2
115    5.75886
153    6.12059
82 7.00171  1
214    0
83 11.5484  9
205    4.69865
206    4.41766
207    3.50009
208    3.50375
209    3.51575
210    3.55493
211    3.68284
212    4.10051
213    5.46451
84 6.39531  7
94    5.4819
95    3.97536
96    5.0558
97    5.58399
98    4.30871
99    6.1444
100    6.13881
85 9.56801  2
101    5.23196
149    5.99736
86 9.92843  3
107    6.4599
115    5.43118
153    6.1444
87 11.1055  1
146    5.32104
88 14.9493  2
107    5.97008
157    4.26147
89 7.50099  1
131    4.22109
90 13.179  1
108    3.68815
91 11.7202  1
214    0
92 6.95624  5
130    6.23898
145    3.77293
152    3.97536
154    6.18725
159    4.10427
93 11.3997  3
107    6.24273
145    6.42547
147    6.4501
94 5.90976  2
137    4.69865
149    4.55243
95 7.98257  1
214    0
96 14.7516  3
107    4.64893
150    5.20907
151    5.94325
97 6.85522  2
107    5.68818
148    6.14257
98 11.0701  7
138    5.46451
139    3.91859
140    4.8704
141    4.97853
142    5.33166
143    6.4848
144    4.2503
99 14.8337  2
101    5.86671
136    3.89827
100 7.12348  4
107    4.26147
128    3.83894
147    4.13704
204    4.80403
101 11.946  2
130    5.86818
159    4.47525
102 7.69387  1
136    4.80403
103 13.8086  2
130    5.23681
135    4.14684
104 13.7762  2
128    3.60273
136    4.62394
105 13.6703  1
153    6.06108
106 13.3245  1
214    0
107 12.1953  1
214    0
108 8.5081  1
155    6.4599
109 6.46733  1
148    6.13286
110 9.80331  2
131    6.44763
137    3.68284
111 10.6969  3
200    4.14684
201    5.61576
202    4.41244
112 13.6151  3
131    5.85829
135    5.61576
145    5.51605
113 13.1442  2
145    4.39477
150    4.94099
114 11.6063  1
214    0
115 6.58452  1
214    0
116 10.186  1
214    0
117 11.9466  1
214    0
118 7.6957  1
204    4.62394
119 13.8147  2
130    4.12917
149    5.6586
120 13.796  4
132    5.89427
133    5.32196
134    6.45312
153    5.0558
121 13.7353  1
136    4.76182
122 13.5369  2
130    5.55808
145    5.41992
123 12.889  1
199    6.45312
124 10.7732  2
131    4.12889
156    5.97008
125 13.8641  1
136    5.93602
126 13.9575  1
154    5.86671
127 14.2624  1
214    0
128 5.25758  2
149    3.9402
155    4.64893
129 5.85269  8
176    4.54154
177    3.90458
178    4.82472
179    4.82939
180    4.84458
181    4.89421
182    5.05626
183    5.58545
130 7.79611  1
154    6.15923
131 14.1424  1
214    0
132 14.8663  1
199    5.32196
133 7.22999  1
214    0
134 12.2939  2
150    6.08452
159    5.63498
135 8.82977  1
214    0
136 7.51778  1
214    0
137 13.2336  1
214    0
138 11.8984  1
214    0
139 7.53822  1
154    5.23196
140 13.3004  1
159    3.9586
141 12.1166  8
190    4.61029
191    4.12917
192    5.55808
193    4.22411
194    5.86818
195    5.23681
196    6.17507
197    6.23898
142 8.25083  1
214    0
143 5.62716  1
214    0
144 7.05969  1
214    0
145 11.7379  1
198    4.12889
146 7.01422  6
160    5.00105
161    5.40518
162    3.72486
163    4.23775
164    5.91267
165    5.38211
147 11.5893  2
149    6.10109
153    5.58399
148 6.52867  1
199    5.20449
149 10.0035  1
214    0
150 11.3506  6
184    4.31347
185    6.15996
186    6.18963
187    6.28649
188    3.60273
189    3.83894
151 5.74953  5
171    5.00902
172    5.43118
173    3.80973
174    4.51498
175    3.81788
152 7.45918  1
159    5.52136
153 13.0422  1
154    4.33883
154 11.2737  1
198    4.22109
155 5.49837  1
214    0
156 6.63915  1
199    5.89427
157 10.3645  1
214    0
158 12.5295  1
214    0
159 9.59914  1
214    0
160 10.0301  1
214    0
161 11.4373  1
214    0
162 6.03244  1
214    0
163 8.38328  1
214    0
164 6.0596  1
214    0
165 8.47179  1
214    0
166 6.34861  1
214    0
167 9.41572  1
214    0
168 9.43129  1
214    0
169 9.48195  1
214    0
170 9.64736  1
214    0
171 10.1875  1
214    0
172 11.9515  1
198    6.44763
173 7.71157  1
214    0
174 13.8665  1
214    0
175 13.9654  1
199    5.85829
176 14.2883  1
214    0
177 5.34242  1
214    0
178 6.1298  1
203    6.48315
179 8.70098  1
214    0
180 7.09723  1
214    0
181 11.8603  1
214    0
182 7.41371  1
214    0
183 12.8939  1
204    4.2449
184 10.7894  1
214    0
185 13.9169  1
214    0
186 14.1299  1
214    0
187 14.8254  1
199    6.06951
188 7.09632  1
214    0
189 11.8572  1
214    0
190 7.40364  1
214    0
191 12.861  1
214    0
192 10.6816  1
214    0
193 13.565  1
214    0
194 12.9809  1
214    0
195 11.0732  1
214    0
196 14.8437  1
214    0
197 7.15613  1
214    0
198 12.0525  1
214    0
199 8.04147  1
214    0
200 14.9438  1
214    0
201 7.48299  1
214    0
202 13.1201  1
214    0
203 11.5276  1
204    4.76182
204 6.32756  1
214    0
205 9.34675  1
214    0
206 9.20606  1
214    0
207 8.74645  1
214    0
208 7.24555  1
214    0
209 12.3446  1
214    0
210 8.99548  1
214    0
211 8.05887  1
214    0
212 5.00031  1
214    0
213 5.01251  1
214    0
214 0  0
