229
0 11.3506  6
1    4.55243
3    4.94099
4    5.0558
5    5.58399
7    6.12059
49    6.23898
1 5.74953  9
2    3.9402
3    5.20907
4    5.4819
5    4.30871
7    6.13881
8    3.57727
33    4.87974
61    4.2503
107    4.82472
2 7.45918  6
3    6.08452
4    5.94325
6    6.1444
7    5.86671
8    6.27871
55    4.10051
3 13.0422  5
4    3.97536
8    6.18725
33    4.51498
50    5.89427
94    5.00105
4 11.2737  4
7    6.06108
33    3.99174
50    5.85829
55    3.68284
5 5.49837  5
19    4.26147
20    5.99013
33    3.64951
110    4.12917
184    3.64951
6 6.63915  3
7    5.23196
8    6.15923
94    5.40518
7 10.3645  1
228    0
8 12.5295  10
9    3.75581
10    4.33883
11    6.24273
12    6.4599
13    4.169
14    5.68818
15    4.64893
16    4.25533
17    5.97008
18    5.56952
9 9.59914  4
33    5.43118
77    4.94099
78    6.1444
174    4.64893
10 10.0301  3
49    4.61029
50    6.45312
78    4.30871
11 11.4373  2
50    6.06951
55    3.55493
12 6.03244  8
26    4.10427
27    5.47678
28    3.9586
29    5.00105
30    5.40518
31    3.72486
49    4.12917
77    6.08452
13 8.38328  3
33    5.75886
55    3.50009
100    3.99174
14 6.0596  3
49    5.55808
77    5.6586
93    4.11791
15 8.47179  1
51    4.62394
16 6.34861  3
33    5.00902
51    5.93602
174    4.26147
17 9.41572  1
49    6.44763
18 9.43129  1
32    5.91267
19 9.48195  7
23    3.68815
24    4.11791
25    5.52136
32    5.38211
51    3.89827
93    3.68815
184    5.91267
20 9.64736  4
21    5.63498
22    4.47525
79    5.23196
160    6.08452
21 10.1875  2
32    4.23775
110    6.18963
22 11.9515  2
50    4.14684
51    4.76182
23 7.71157  1
51    6.48315
24 13.8665  3
55    3.51575
77    6.10109
78    6.13881
25 13.9654  1
33    3.80973
26 14.2883  2
33    5.10936
110    4.31347
27 5.34242  1
51    4.2449
28 6.1298  4
77    4.55243
93    5.63498
94    4.10427
173    6.24273
29 8.70098  1
140    3.68284
30 7.09723  3
49    4.12889
51    4.80403
141    4.2503
31 11.8603  9
34    3.81788
35    4.54154
36    3.90458
37    4.82472
38    4.82939
39    4.84458
40    4.89421
41    5.05626
49    4.22411
32 7.41371  3
52    4.17367
53    5.70338
54    4.69865
33 12.8939  10
194    5.58545
195    4.31347
196    6.15996
197    6.18963
198    6.28649
199    3.60273
200    3.83894
201    4.61029
202    4.12917
203    5.55808
34 10.7894  1
50    5.61576
35 13.9169  1
174    5.99013
36 14.1299  7
111    5.55808
112    4.22411
113    5.86818
114    5.23681
115    6.17507
116    6.23898
117    6.44763
37 14.8254  2
50    4.22109
174    5.56952
38 7.09632  10
42    5.58545
43    4.31347
44    6.15996
45    6.18963
46    6.28649
47    3.60273
48    3.83894
50    5.20449
51    4.41244
139    4.69865
39 11.8572  4
50    5.32196
51    5.45828
79    5.86671
94    5.52136
40 7.40364  3
49    6.17507
93    4.47525
100    5.10936
41 12.861  1
110    3.60273
42 10.6816  1
50    5.55716
43 13.565  2
55    5.46451
79    6.15923
44 12.9809  1
78    5.0558
45 11.0732  1
110    3.83894
46 14.8437  2
107    3.90458
148    6.42547
47 7.15613  2
49    5.86818
55    4.41766
48 12.0525  3
49    5.23681
55    3.50375
77    5.20907
49 8.04147  5
56    3.91859
57    4.8704
58    4.97853
59    5.33166
60    6.4848
50 14.9438  7
72    4.13704
73    5.5838
74    4.30816
75    6.14257
78    6.12059
93    4.26147
148    5.32104
51 7.48299  1
76    6.13286
52 13.1201  4
169    6.15923
170    6.18725
171    6.27871
172    3.57727
53 11.5276  1
141    5.33166
54 6.32756  10
62    5.95369
63    5.51605
64    4.08687
65    5.41992
66    3.77293
67    4.39477
68    6.42547
69    4.05657
70    5.32104
71    6.4501
55 9.34675  1
228    0
56 9.20606  7
178    5.52136
179    4.10427
180    5.47678
181    3.9586
182    5.00105
183    5.40518
184    4.23775
57 8.74645  4
190    4.82939
191    4.84458
192    4.89421
193    5.05626
58 7.24555  8
85    6.24273
86    6.4599
87    4.169
88    5.68818
89    4.64893
90    4.25533
91    5.97008
92    5.56952
59 12.3446  1
100    5.75886
60 8.99548  1
228    0
61 8.05887  1
79    6.06108
62 5.00031  2
77    5.99736
78    3.97536
63 5.01251  1
100    4.87974
64 5.05249  1
141    4.8704
65 5.18311  6
118    4.12889
119    5.55716
120    4.22109
121    5.85829
122    5.20449
123    6.06951
66 5.60945  2
78    5.4819
141    6.4848
67 7.00171  1
228    0
68 11.5484  1
77    5.94325
69 6.39531  1
228    0
70 9.56801  1
94    5.47678
71 9.92843  1
93    5.99013
72 11.1055  6
124    5.89427
125    5.32196
126    6.45312
127    4.14684
128    5.61576
184    5.38211
73 14.9493  3
77    3.9402
78    5.58399
139    5.70338
74 7.50099  1
147    4.39477
75 13.179  3
108    4.82939
159    5.20907
174    5.63498
76 11.7202  5
95    3.72486
96    4.23775
97    5.91267
98    5.38211
99    3.64951
77 6.95624  1
108    4.89421
78 11.3997  1
140    4.10051
79 5.90976  5
80    6.18725
81    6.27871
82    3.57727
83    3.75581
84    4.33883
80 7.98257  1
228    0
81 14.7516  1
228    0
82 6.85522  1
228    0
83 11.0701  1
228    0
84 14.8337  2
110    4.61029
148    6.4501
85 7.12348  1
140    3.55493
86 11.946  2
109    5.05626
141    4.97853
87 7.69387  1
139    4.41766
88 13.8086  1
228    0
89 13.7762  1
228    0
90 13.6703  1
228    0
91 13.3245  1
94    3.9586
92 12.1953  6
101    5.00902
102    5.43118
103    3.80973
104    4.51498
105    3.81788
106    4.54154
93 8.5081  3
108    4.84458
110    6.28649
160    5.94325
94 6.46733  1
228    0
95 9.80331  1
110    6.15996
96 10.6969  6
135    4.80403
136    4.76182
137    4.62394
138    4.17367
160    3.97536
174    5.68818
97 13.6151  1
228    0
98 13.1442  3
139    3.50009
173    3.75581
189    3.90458
99 11.6063  1
228    0
100 6.58452  1
228    0
101 10.186  1
228    0
102 11.9466  2
149    4.13704
184    4.87974
103 7.6957  1
228    0
104 13.8147  1
109    5.58545
105 13.796  1
174    4.25533
106 13.7353  5
142    5.95369
143    5.51605
144    4.08687
145    5.41992
146    3.77293
107 13.5369  1
228    0
108 12.889  1
184    5.75886
109 10.7732  5
133    5.45828
134    3.89827
139    3.50375
141    3.91859
160    5.4819
110 13.8641  1
228    0
111 13.9575  1
228    0
112 14.2624  1
189    3.81788
113 5.25758  1
228    0
114 5.85269  1
140    3.51575
115 7.79611  1
228    0
116 14.1424  1
228    0
117 14.8663  1
228    0
118 7.22999  1
228    0
119 12.2939  7
205    5.86818
206    5.23681
207    6.17507
208    6.23898
209    6.44763
210    4.12889
211    5.55716
120 8.82977  1
228    0
121 7.51778  1
228    0
122 13.2336  1
228    0
123 11.8984  1
189    4.82472
124 7.53822  3
175    4.47525
176    3.68815
177    4.11791
125 13.3004  5
129    4.41244
130    6.48315
131    4.2449
132    5.93602
159    4.94099
126 12.1166  1
228    0
127 8.25083  1
228    0
128 5.62716  4
185    5.00902
186    5.43118
187    3.80973
188    4.51498
129 7.05969  1
141    5.46451
130 11.7379  1
228    0
131 7.01422  1
228    0
132 11.5893  1
228    0
133 6.52867  1
228    0
134 10.0035  1
148    4.05657
135 11.3506  1
228    0
136 5.74953  1
228    0
137 7.45918  8
152    6.14257
153    6.13286
154    6.10109
155    5.99736
156    5.6586
157    4.55243
158    3.9402
174    5.97008
138 13.0422  8
213    5.85829
214    5.20449
215    6.06951
216    5.89427
217    5.32196
218    6.45312
219    4.14684
220    5.61576
139 11.2737  1
228    0
140 5.49837  1
160    5.0558
141 6.63915  1
228    0
142 10.3645  1
228    0
143 12.5295  1
173    4.33883
144 9.59914  2
150    5.5838
151    4.30816
145 10.0301  1
228    0
146 11.4373  1
184    3.99174
147 6.03244  1
228    0
148 8.38328  1
228    0
149 6.0596  1
228    0
150 8.47179  1
228    0
151 6.34861  1
228    0
152 9.41572  1
228    0
153 9.43129  1
228    0
154 9.48195  8
161    5.58399
162    4.30871
163    6.1444
164    6.13881
165    6.12059
166    6.06108
167    5.86671
168    5.23196
155 9.64736  1
173    4.169
156 10.1875  1
228    0
157 11.9515  1
228    0
158 7.71157  1
228    0
159 13.8665  1
228    0
160 13.9654  1
228    0
161 14.2883  1
228    0
162 5.34242  1
184    5.10936
163 6.1298  1
228    0
164 8.70098  1
228    0
165 7.09723  1
221    4.41244
166 11.8603  1
228    0
167 7.41371  1
212    4.22109
168 12.8939  1
173    6.4599
169 10.7894  1
228    0
170 13.9169  1
228    0
171 14.1299  1
228    0
172 14.8254  1
228    0
173 7.09632  1
228    0
174 11.8572  1
228    0
175 7.40364  1
228    0
176 12.861  1
228    0
177 10.6816  1
228    0
178 13.565  1
184    3.72486
179 12.9809  1
228    0
180 11.0732  1
228    0
181 14.8437  1
189    4.54154
182 7.15613  1
228    0
183 12.0525  1
228    0
184 8.04147  6
222    6.48315
223    4.2449
224    5.93602
225    5.45828
226    3.89827
227    4.80403
185 14.9438  1
228    0
186 7.48299  1
228    0
187 13.1201  1
228    0
188 11.5276  1
228    0
189 6.32756  1
228    0
190 9.34675  1
228    0
191 9.20606  1
228    0
192 8.74645  1
228    0
193 7.24555  1
228    0
194 12.3446  1
228    0
195 8.99548  1
228    0
196 8.05887  1
228    0
197 5.00031  1
228    0
198 5.01251  1
228    0
199 5.05249  1
228    0
200 5.18311  1
204    4.22411
201 5.60945  1
228    0
202 7.00171  1
228    0
203 11.5484  1
228    0
204 6.39531  1
228    0
205 9.56801  1
228    0
206 9.92843  1
228    0
207 11.1055  1
228    0
208 14.9493  1
228    0
209 7.50099  1
228    0
210 13.179  1
228    0
211 11.7202  1
228    0
212 6.95624  1
228    0
213 11.3997  1
228    0
214 5.90976  1
228    0
215 7.98257  1
228    0
216 14.7516  1
228    0
217 6.85522  1
228    0
218 11.0701  1
228    0
219 14.8337  1
228    0
220 7.12348  1
228    0
221 11.946  1
228    0
222 7.69387  1
228    0
223 13.8086  1
228    0
224 13.7762  1
228    0
225 13.6703  1
228    0
226 13.3245  1
228    0
227 12.1953  1
228    0
228 0  0
