60
0 14.1424  3
1    0.844218
2    1.17166
14    1.0929
1 14.8663  6
8    1.12315
9    1.09166
11    0.952364
13    0.700751
17    0.817374
44    0.89505
2 7.22999  10
3    1.0409
4    1.2139
5    1.17885
6    1.06439
7    1.29062
8    0.829368
9    0.848979
13    0.834733
17    0.878954
28    1.23185
3 12.2939  2
10    0.960805
13    0.700018
4 8.82977  4
9    1.1872
14    0.703149
17    1.06421
44    1.10427
5 7.51778  4
9    1.29663
13    0.883532
17    0.754585
27    1.04181
6 13.2336  3
8    0.882488
9    0.779653
16    1.29696
7 11.8984  3
14    0.710987
17    0.811313
28    1.17334
8 7.53822  3
13    0.939729
14    0.783718
51    0.729902
9 13.3004  3
14    0.736567
17    1.28509
51    0.975948
10 12.1166  4
12    0.924787
13    1.14068
16    1.06633
27    1.18865
11 8.25083  2
14    0.820103
28    1.22412
12 5.62716  4
15    0.974081
16    0.85006
28    1.21222
51    1.07642
13 7.05969  4
16    1.19074
27    1.09638
28    1.22776
44    0.737629
14 11.7379  3
16    1.10321
17    1.08398
51    1.02187
15 7.01422  2
16    0.995706
51    1.0018
16 11.5893  1
17    1.29002
17 6.52867  9
18    0.827409
19    1.11676
20    0.861632
21    1.22851
22    1.22657
23    1.22022
24    1.19947
25    1.13172
26    0.910486
18 10.0035  2
27    1.01116
28    1.22888
19 11.3506  1
28    0.861742
20 5.74953  7
37    0.929786
38    0.851067
39    1.19402
40    1.1139
41    0.852293
42    1.19803
43    1.127
21 7.45918  1
27    1.2169
22 13.0422  3
27    0.988198
28    1.23745
51    0.847551
23 11.2737  1
27    0.795071
24 5.49837  2
27    0.78804
28    1.04639
25 6.63915  1
28    1.1168
26 10.3645  1
59    0
27 12.5295  1
59    0
28 9.59914  7
29    1.25574
30    0.715455
31    0.751161
32    0.867766
33    1.24855
34    1.29198
35    0.833799
29 10.0301  1
59    0
30 11.4373  2
36    1.13764
44    0.823582
31 6.03244  1
59    0
32 8.38328  6
45    0.820853
46    1.09536
47    0.79172
48    1.00021
49    1.08104
50    0.744972
33 6.0596  1
51    0.798349
34 8.47179  1
59    0
35 6.34861  7
52    1.08624
53    0.761946
54    0.902997
55    0.763576
56    0.908307
57    0.780917
58    0.964943
36 9.41572  1
59    0
37 9.43129  1
59    0
38 9.48195  1
59    0
39 9.64736  1
59    0
40 10.1875  1
51    1.18253
41 11.9515  1
59    0
42 7.71157  1
59    0
43 13.8665  1
51    1.15177
44 13.9654  1
59    0
45 14.2883  1
59    0
46 5.34242  1
59    0
47 6.1298  1
59    0
48 8.70098  1
59    0
49 7.09723  1
59    0
50 11.8603  1
59    0
51 7.41371  1
59    0
52 12.8939  1
59    0
53 10.7894  1
59    0
54 13.9169  1
59    0
55 14.1299  1
59    0
56 14.8254  1
59    0
57 7.09632  1
59    0
58 11.8572  1
59    0
59 0  0
