180
0 14.9493  6
1    64.599
2    56.8818
3    42.5533
38    52.0449
51    59.5369
120    48.0403
1 7.50099  5
2    41.69
3    59.7008
39    38.9827
53    43.9477
56    52.0907
2 13.179  3
3    46.4893
20    48.7974
37    55.5716
3 11.7202  10
4    55.6952
5    42.6147
6    59.9013
7    56.3498
8    44.7525
9    36.8815
10    41.1791
11    55.2136
12    41.0427
13    54.7678
4 6.95624  2
37    64.4763
56    39.402
5 11.3997  2
14    42.3775
36    42.2411
6 5.90976  3
35    46.1029
36    52.3681
57    50.558
7 7.98257  5
14    39.586
38    41.4684
50    53.3166
56    49.4099
163    50.0105
8 14.7516  9
15    59.1267
16    53.8211
17    36.4951
18    39.9174
19    51.0936
20    57.5886
35    38.3894
55    41.3704
132    53.2104
9 6.85522  9
58    60.6108
59    58.6671
60    52.3196
61    61.5923
62    61.8725
63    62.7871
120    38.9827
132    37.7293
163    37.2486
10 11.0701  5
14    54.0518
37    58.5829
54    53.2104
56    59.9736
147    55.8399
11 14.8337  3
20    38.0973
39    64.8315
57    55.8399
12 7.12348  5
14    37.2486
38    53.2196
39    54.5828
50    48.704
119    54.5828
13 11.946  6
14    50.0105
20    50.0902
38    58.9427
57    39.7536
115    41.4684
163    54.0518
14 7.69387  2
56    60.8452
176    55.5808
15 13.8086  2
38    60.6951
120    46.9865
16 13.7762  3
20    45.1498
38    56.1576
64    64.599
17 13.6703  6
21    38.1788
22    45.4154
23    39.0458
24    48.2472
51    42.503
77    42.3775
18 13.3245  2
51    64.848
77    39.586
19 12.1953  2
20    54.3118
35    41.2917
20 8.5081  3
37    41.2889
115    60.6951
177    52.3681
21 6.46733  1
37    42.2109
22 9.80331  1
57    61.444
23 10.6969  10
25    48.2939
26    48.4458
27    48.9421
28    50.5626
29    55.8545
30    43.1347
31    61.5996
32    61.8963
33    62.8649
34    36.0273
24 13.6151  3
37    62.3898
39    59.3602
56    61.0109
25 13.1442  1
179    0
26 11.6063  6
95    50.5626
96    55.8545
97    43.1347
98    61.5996
99    61.8963
100    62.8649
27 6.58452  3
38    44.1244
50    54.6451
177    61.7507
28 10.186  2
50    41.0051
55    43.0816
29 11.9466  3
36    58.6818
38    64.5312
137    56.586
30 7.6957  4
36    55.5808
37    61.7507
54    64.501
77    41.0427
31 13.8147  2
64    43.3883
132    40.5657
32 13.796  4
39    47.6182
51    40.8687
57    54.819
132    43.9477
33 13.7353  1
39    48.0403
34 13.5369  3
56    61.3286
57    61.2059
173    45.4154
35 12.889  4
74    44.7525
75    36.8815
76    41.1791
77    54.7678
36 10.7732  10
40    46.2394
41    41.7367
42    57.0338
43    46.9865
44    44.1766
45    35.0009
46    35.0375
47    35.1575
48    35.5493
49    36.8284
37 13.8641  2
39    42.449
51    55.1605
38 13.9575  1
179    0
39 14.2624  1
132    59.5369
40 5.25758  2
50    49.7853
56    59.4325
41 5.85269  2
132    55.1605
177    42.2109
42 7.79611  1
179    0
43 14.1424  1
55    55.838
44 14.8663  3
56    56.586
77    55.2136
120    46.2394
45 7.22999  3
51    54.1992
101    38.3894
176    41.2917
46 12.2939  1
55    61.4257
47 8.82977  3
50    39.1859
57    61.3881
120    41.7367
48 7.51778  1
179    0
49 13.2336  1
179    0
50 11.8984  2
77    59.1267
176    42.2411
51 7.53822  6
52    37.7293
54    40.5657
56    45.5243
77    50.0105
173    39.0458
177    58.6818
52 13.3004  3
54    64.2547
120    47.6182
174    62.8649
53 12.1166  2
57    43.0871
64    37.5581
54 8.25083  2
122    35.1575
123    35.5493
55 5.62716  1
179    0
56 7.05969  1
179    0
57 11.7379  2
101    36.0273
162    42.6147
58 7.01422  2
64    35.7727
174    61.5996
59 11.5893  9
65    41.69
66    56.8818
67    46.4893
68    42.5533
69    59.7008
70    55.6952
71    42.6147
72    59.9013
73    56.3498
60 6.52867  2
64    62.4273
178    41.4684
61 10.0035  1
77    54.0518
62 11.3506  1
178    60.6951
63 5.74953  1
179    0
64 7.45918  7
78    53.8211
79    36.4951
80    39.9174
81    51.0936
82    57.5886
83    48.7974
84    50.0902
65 13.0422  1
179    0
66 11.2737  1
163    44.7525
67 5.49837  1
179    0
68 6.63915  1
179    0
69 10.3645  1
179    0
70 12.5295  1
179    0
71 9.59914  1
132    54.1992
72 10.0301  1
77    37.2486
73 11.4373  1
179    0
74 6.03244  2
163    54.7678
177    58.5829
75 8.38328  1
179    0
76 6.0596  4
133    64.501
134    41.3704
135    55.838
136    43.0816
77 8.47179  10
124    36.8284
125    41.0051
126    54.6451
127    39.1859
128    48.704
129    49.7853
130    53.3166
131    64.848
137    61.3286
161    62.4273
78 6.34861  5
116    44.1244
117    64.8315
118    42.449
132    42.503
178    52.0449
79 9.41572  1
179    0
80 9.43129  10
85    54.3118
86    38.0973
87    45.1498
88    38.1788
89    45.4154
90    39.0458
91    48.2472
92    48.2939
93    48.4458
94    48.9421
81 9.48195  1
179    0
82 9.64736  1
179    0
83 10.1875  1
120    57.0338
84 11.9515  1
179    0
85 7.71157  6
102    46.1029
103    41.2917
104    55.5808
105    42.2411
106    58.6818
107    52.3681
86 13.8665  1
179    0
87 13.9654  1
179    0
88 14.2883  2
132    64.2547
137    61.4257
89 5.34242  2
121    35.0009
163    41.1791
90 6.1298  1
173    48.2939
91 8.70098  1
179    0
92 7.09723  2
162    42.5533
173    45.1498
93 11.8603  1
138    45.5243
94 7.41371  1
161    41.69
95 12.8939  2
115    58.9427
173    48.2472
96 10.7894  1
120    44.1766
97 13.9169  1
179    0
98 14.1299  1
162    56.3498
99 14.8254  3
158    35.7727
159    37.5581
160    43.3883
100 7.09632  9
164    42.3775
165    59.1267
166    53.8211
167    36.4951
168    39.9174
169    51.0936
170    57.5886
171    48.7974
172    50.0902
101 11.8572  1
173    38.0973
102 7.40364  1
132    40.8687
103 12.861  1
179    0
104 10.6816  1
115    64.5312
105 13.565  1
179    0
106 12.9809  1
179    0
107 11.0732  9
108    61.7507
109    62.3898
110    64.4763
111    41.2889
112    55.5716
113    42.2109
114    58.5829
119    59.3602
178    53.2196
108 14.8437  1
173    48.9421
109 7.15613  1
179    0
110 12.0525  1
115    53.2196
111 8.04147  1
179    0
112 14.9438  2
121    35.0375
174    61.8963
113 7.48299  1
115    56.1576
114 13.1201  1
115    52.0449
115 11.5276  1
179    0
116 6.32756  1
177    64.4763
117 9.34675  1
173    48.4458
118 9.20606  1
179    0
119 8.74645  1
137    61.0109
120 7.24555  1
179    0
121 12.3446  1
179    0
122 8.99548  1
179    0
123 8.05887  1
161    64.599
124 5.00031  1
179    0
125 5.01251  1
163    39.586
126 5.05249  2
137    59.9736
162    59.9013
127 5.18311  1
179    0
128 5.60945  1
163    36.8815
129 7.00171  1
179    0
130 11.5484  10
148    43.0871
149    61.444
150    61.3881
151    61.2059
152    60.6108
153    58.6671
154    52.3196
155    61.5923
156    61.8725
157    62.7871
131 6.39531  1
179    0
132 9.56801  1
179    0
133 9.92843  8
139    39.402
140    49.4099
141    52.0907
142    60.8452
143    59.4325
144    54.819
145    39.7536
146    50.558
134 11.1055  1
162    56.8818
135 14.9493  1
179    0
136 7.50099  1
163    41.0427
137 13.179  1
179    0
138 11.7202  1
177    55.5716
139 6.95624  2
162    55.6952
174    55.8545
140 11.3997  2
175    36.0273
177    62.3898
141 5.90976  1
179    0
142 7.98257  1
162    46.4893
143 14.7516  2
176    46.1029
178    64.5312
144 6.85522  1
179    0
145 11.0701  1
179    0
146 14.8337  1
179    0
147 7.12348  1
179    0
148 11.946  1
178    58.9427
149 7.69387  1
177    41.2889
150 13.8086  1
179    0
151 13.7762  1
179    0
152 13.6703  1
179    0
153 13.3245  1
163    55.2136
154 12.1953  1
179    0
155 8.5081  1
179    0
156 6.46733  1
178    44.1244
157 9.80331  1
162    59.7008
158 10.6969  1
179    0
159 13.6151  2
173    54.3118
176    38.3894
160 13.1442  1
179    0
161 11.6063  1
179    0
162 6.58452  1
179    0
163 10.186  1
173    38.1788
164 11.9466  1
179    0
165 7.6957  1
179    0
166 13.8147  1
179    0
167 13.796  1
179    0
168 13.7353  1
179    0
169 13.5369  1
179    0
170 12.889  1
174    50.5626
171 10.7732  1
174    43.1347
172 13.8641  1
179    0
173 13.9575  1
179    0
174 14.2624  1
179    0
175 5.25758  1
179    0
176 5.85269  1
178    56.1576
177 7.79611  1
179    0
178 14.1424  1
179    0
179 0  0
