228
0 9.92843  10
1    7.67788
2    9.22059
3    8.25834
4    11.1162
5    10.4736
11    12.139
12    8.48979
58    10.9536
59    11.5177
75    8.25779
1 11.1055  6
5    11.7364
11    8.44218
75    12.9062
97    12.3185
135    9.52364
221    12.2022
2 14.9493  9
5    8.44823
12    8.82488
43    10.1116
75    11.7166
77    9.39729
87    9.95706
95    12.2888
98    11.9402
108    10.8104
3 7.50099  4
11    11.7166
12    10.9166
60    9.02997
77    8.34733
4 13.179  5
11    8.29368
12    9.24787
94    12.2022
132    12.573
183    10.0021
5 11.7202  10
6    12.3501
7    12.478
8    12.8953
9    8.25779
10    11.1143
11    11.7885
12    12.9663
58    10.8104
87    8.5006
135    11.872
6 6.95624  6
11    10.6439
12    9.52364
42    11.9947
62    12.3793
132    8.44823
136    9.39729
7 11.3997  5
11    10.409
43    12.169
60    9.08307
62    11.1709
135    10.9166
8 5.90976  5
11    11.2315
12    11.872
42    7.8804
57    11.0427
132    9.22059
9 7.98257  4
11    12.9062
12    8.34733
42    12.2022
57    8.52293
10 14.7516  2
12    9.60805
42    9.88198
11 6.85522  2
12    7.79653
42    12.2657
12 11.0701  10
13    11.4068
14    9.39729
15    8.83532
16    7.00018
17    7.00751
18    7.0315
19    7.10987
20    7.36567
21    8.20103
22    10.929
13 14.8337  1
62    9.78841
14 7.12348  6
48    10.4639
58    7.9172
61    9.64943
95    12.2776
134    8.29368
184    10.2187
15 11.946  6
23    7.83718
43    10.9638
56    8.51067
77    9.52364
149    10.6421
220    8.17374
16 7.69387  3
56    8.33799
88    8.11313
94    9.88198
17 13.8086  5
42    12.2851
94    9.10486
97    12.4855
171    10.4639
221    11.9947
18 13.7762  6
58    7.44972
59    10.7642
76    7.79653
95    10.1116
134    8.82488
194    11.7364
19 13.6703  10
24    9.74081
25    9.95706
26    10.6633
27    12.9696
28    8.5006
29    11.9074
30    11.0321
31    8.17374
59    7.29902
94    7.8804
20 13.3245  10
78    8.83532
79    7.00018
80    7.00751
81    7.0315
82    7.10987
83    7.36567
84    8.20103
85    10.929
133    12.8953
191    9.64943
21 12.1953  7
44    11.168
45    8.61742
46    12.2888
47    12.2776
57    8.23582
88    8.78954
210    8.83532
22 8.5081  2
76    9.60805
133    12.3501
23 6.46733  2
57    11.139
98    11.139
24 9.80331  10
49    12.3185
50    12.3745
51    12.5574
52    7.15455
53    7.51161
54    8.67766
55    12.4855
58    10.0021
60    7.80917
62    12.3199
25 10.6969  1
227    0
26 13.6151  10
65    7.67788
66    9.22059
67    8.25834
68    11.1162
69    8.44823
70    11.7364
71    10.4736
72    12.3501
73    12.478
74    12.8953
27 13.1442  1
61    9.65877
28 11.6063  10
32    10.8398
33    7.54585
34    8.78954
35    12.8509
36    8.11313
37    10.6421
38    12.9002
39    8.27409
40    11.1676
41    8.61632
29 6.58452  3
95    8.61742
97    10.4639
133    11.7166
30 10.186  5
43    7.95071
48    12.1222
86    7.83718
97    12.3745
192    12.3793
31 11.9466  3
42    9.10486
57    11.27
75    10.6439
32 7.6957  3
57    8.9505
76    12.9663
146    11.0321
33 13.8147  5
56    12.9198
59    10.018
154    11.3172
192    12.573
205    10.9166
34 13.796  1
97    7.15455
35 13.7353  2
56    11.3764
132    7.20545
36 13.5369  3
60    10.8624
183    10.8104
205    11.872
37 12.889  1
134    11.2315
38 10.7732  5
42    11.3172
48    12.2412
88    12.8509
97    11.7334
191    7.80917
39 13.8641  7
43    10.4181
56    9.29786
57    8.20853
87    10.6633
88    10.6421
191    9.68917
210    7.0315
40 13.9575  2
86    9.74081
95    11.168
41 14.2624  5
43    11.8865
59    9.75948
94    11.3172
95    12.169
175    9.29786
42 5.25758  4
57    11.9803
75    11.1143
77    9.24787
193    7.20545
43 5.85269  2
62    8.62694
150    12.9002
44 7.79611  2
76    11.2315
94    10.4181
45 14.1424  4
206    9.60805
207    9.52364
208    9.24787
209    8.34733
46 14.8663  2
48    11.7334
57    11.9402
47 7.22999  2
57    7.37629
132    7.67788
48 12.2939  1
108    8.47551
49 8.82977  4
59    10.2187
134    10.6439
146    9.95706
221    8.61632
50 7.51778  5
59    7.98349
60    7.61946
62    10.1125
75    11.7885
133    8.25779
51 13.2336  2
59    11.8253
87    7.54585
52 11.8984  3
63    12.573
64    7.20545
75    12.139
53 7.53822  4
87    11.9074
98    11.3764
194    8.25834
220    12.8509
54 13.3004  2
59    8.47551
76    8.48979
55 12.1166  1
136    11.4068
56 8.25083  1
154    12.2022
57 5.62716  2
76    8.29368
98    12.9198
58 7.05969  4
60    7.63576
75    10.409
87    12.9696
191    10.1125
59 11.7379  4
77    11.4068
95    10.9638
171    7.15455
183    10.9536
60 7.01422  2
75    8.44218
88    12.9002
61 11.5893  4
62    9.68917
87    8.17374
93    12.2657
223    7.8804
62 6.52867  3
76    10.9166
98    8.51067
149    8.78954
63 10.0035  1
227    0
64 11.3506  3
87    11.0321
95    7.95071
171    12.5574
65 5.74953  3
98    8.52293
134    12.9062
194    9.22059
66 7.45918  3
132    8.25834
154    11.9947
183    7.9172
67 13.0422  3
76    11.872
87    10.8398
95    11.8865
68 11.2737  10
109    11.8253
110    10.7642
111    7.29902
112    7.98349
113    10.2187
114    11.5177
115    9.75948
116    10.018
117    10.8624
118    7.61946
69 5.49837  2
97    7.51161
223    9.10486
70 6.63915  3
76    8.82488
97    12.1222
133    8.44218
71 10.3645  1
227    0
72 12.5295  1
150    11.1676
73 9.59914  1
227    0
74 10.0301  1
108    7.44972
75 11.4373  4
89    8.27409
90    11.1676
91    8.61632
92    12.2851
76 6.03244  7
165    8.61742
166    12.2888
167    12.2776
168    12.2412
169    12.1222
170    11.7334
204    10.6439
77 8.38328  2
134    12.139
146    11.9074
78 6.0596  3
96    12.2412
132    11.1162
184    7.98349
79 8.47179  1
132    11.7364
80 6.34861  1
227    0
81 9.41572  2
97    8.67766
183    7.44972
82 9.43129  1
227    0
83 9.48195  1
227    0
84 9.64736  1
227    0
85 10.1875  3
94    11.9947
146    8.17374
150    8.27409
86 11.9515  10
99    11.9803
100    11.27
101    8.9505
102    7.37629
103    8.23582
104    11.0427
105    8.20853
106    10.9536
107    7.9172
146    8.5006
87 7.71157  1
227    0
88 13.8665  2
133    12.478
135    9.60805
89 13.9654  1
223    10.4181
90 14.2883  1
227    0
91 5.34242  1
227    0
92 6.1298  5
151    8.61632
152    12.2851
153    12.2657
184    10.7642
220    8.78954
93 8.70098  1
204    8.29368
94 7.09723  2
97    12.5574
220    7.54585
95 11.8603  2
98    9.29786
108    10.0021
96 7.41371  4
98    8.33799
133    10.409
146    9.74081
171    12.4855
97 12.8939  2
149    8.11313
205    7.79653
98 10.7894  1
223    9.88198
99 13.9169  1
222    11.3172
100 14.1299  1
133    10.4736
101 14.8254  1
227    0
102 7.09632  1
135    8.48979
103 11.8572  2
191    9.65877
221    10.6421
104 7.40364  1
227    0
105 12.861  2
183    8.20853
210    7.00751
106 10.6816  1
227    0
107 13.565  1
227    0
108 12.9809  1
184    11.5177
109 11.0732  3
134    11.7885
135    7.79653
183    8.23582
110 14.8437  1
184    7.29902
111 7.15613  1
227    0
112 12.0525  1
134    12.9663
113 8.04147  2
171    8.67766
194    8.44823
114 14.9438  1
227    0
115 7.48299  10
119    9.02997
120    7.63576
121    9.08307
122    7.80917
123    9.64943
124    9.65877
125    9.68917
126    9.78841
127    10.1125
184    9.75948
116 13.1201  1
135    8.34733
117 11.5276  6
128    11.1709
129    8.62694
130    12.3199
131    12.3793
183    11.0427
204    11.7885
118 6.32756  1
227    0
119 9.34675  1
221    12.2851
120 9.20606  1
149    12.8509
121 8.74645  1
194    7.67788
122 7.24555  3
224    12.169
225    11.8865
226    10.9638
123 12.3446  1
227    0
124 8.99548  1
146    12.9696
125 8.05887  2
146    10.6633
171    12.3745
126 5.00031  2
147    10.8398
148    7.54585
127 5.01251  2
133    11.1143
135    9.24787
128 5.05249  1
191    9.78841
129 5.18311  1
227    0
130 5.60945  10
137    8.83532
138    7.00018
139    7.00751
140    7.0315
141    7.10987
142    7.36567
143    8.20103
144    10.929
145    7.83718
220    11.0321
131 7.00171  1
227    0
132 11.5484  1
227    0
133 6.39531  1
227    0
134 9.56801  1
205    8.48979
135 9.92843  1
205    12.9663
136 11.1055  1
191    11.1709
137 14.9493  4
172    12.9198
173    8.33799
174    11.3764
204    12.139
138 7.50099  1
227    0
139 13.179  1
227    0
140 11.7202  1
185    10.018
141 6.95624  1
227    0
142 11.3997  1
227    0
143 5.90976  1
175    8.51067
144 7.98257  1
221    12.2657
145 14.7516  1
227    0
146 6.85522  1
183    8.47551
147 11.0701  1
227    0
148 14.8337  1
227    0
149 7.12348  10
155    9.10486
156    7.8804
157    9.88198
158    10.4181
159    12.169
160    11.8865
161    10.9638
162    7.95071
163    10.1116
164    11.168
150 11.946  1
204    12.9062
151 7.69387  7
176    11.9402
177    11.139
178    8.52293
179    11.9803
180    11.27
181    8.9505
182    7.37629
152 13.8086  1
227    0
153 13.7762  1
227    0
154 13.6703  1
227    0
155 13.3245  1
227    0
156 12.1953  1
227    0
157 8.5081  2
171    12.3185
221    12.9002
158 6.46733  4
195    10.4736
196    12.3501
197    12.478
198    12.8953
159 9.80331  1
227    0
160 10.6969  1
227    0
161 13.6151  1
227    0
162 13.1442  1
227    0
163 11.6063  2
171    7.51161
191    8.62694
164 6.58452  1
227    0
165 10.186  1
227    0
166 11.9466  2
191    12.3199
220    10.8398
167 7.6957  1
227    0
168 13.8147  1
227    0
169 13.796  5
199    8.25779
200    11.1143
201    8.44218
202    11.7166
203    10.409
170 13.7353  1
227    0
171 13.5369  1
227    0
172 12.889  1
210    7.00018
173 10.7732  1
227    0
174 13.8641  1
227    0
175 13.9575  1
227    0
176 14.2624  1
227    0
177 5.25758  1
227    0
178 5.85269  1
227    0
179 7.79611  5
186    10.8624
187    7.61946
188    9.02997
189    7.63576
190    9.08307
180 14.1424  1
227    0
181 14.8663  1
183    11.8253
182 7.22999  1
205    11.2315
183 12.2939  1
227    0
184 8.82977  1
227    0
185 7.51778  1
210    9.39729
186 13.2336  1
221    11.1676
187 11.8984  1
221    8.11313
188 7.53822  1
227    0
189 13.3004  1
227    0
190 12.1166  2
194    11.1162
210    7.10987
191 8.25083  1
227    0
192 5.62716  1
227    0
193 7.05969  1
227    0
194 11.7379  1
227    0
195 7.01422  1
210    11.4068
196 11.5893  1
227    0
197 6.52867  1
227    0
198 10.0035  2
205    8.82488
220    11.9074
199 11.3506  1
227    0
200 5.74953  1
227    0
201 7.45918  1
227    0
202 13.0422  1
227    0
203 11.2737  1
227    0
204 5.49837  9
211    7.36567
212    8.20103
213    10.929
214    7.83718
215    9.74081
216    9.95706
217    10.6633
218    12.9696
219    8.5006
205 6.63915  1
227    0
206 10.3645  1
227    0
207 12.5295  1
227    0
208 9.59914  1
221    8.27409
209 10.0301  1
227    0
210 11.4373  1
227    0
211 6.03244  1
227    0
212 8.38328  1
227    0
213 6.0596  1
227    0
214 8.47179  1
227    0
215 6.34861  1
227    0
216 9.41572  1
227    0
217 9.43129  1
227    0
218 9.48195  1
227    0
219 9.64736  1
227    0
220 10.1875  1
227    0
221 11.9515  1
227    0
222 7.71157  1
227    0
223 13.8665  1
227    0
224 13.9654  1
227    0
225 14.2883  1
227    0
226 5.34242  1
227    0
227 0  0
