114
0 5.85269  8
1    56.586
2    45.5243
3    39.402
4    49.4099
5    59.4325
18    42.6147
46    58.5829
100    44.1244
1 7.79611  5
5    39.7536
14    43.3883
16    41.69
32    54.3118
99    52.0449
2 14.1424  4
5    60.8452
18    56.3498
45    41.2889
94    42.3775
3 14.8663  5
4    52.0907
5    54.819
14    35.7727
18    36.8815
100    64.5312
4 7.22999  10
20    55.2136
21    41.0427
22    54.7678
23    39.586
24    50.0105
25    54.0518
26    37.2486
27    42.3775
28    59.1267
50    35.0009
5 12.2939  4
6    50.558
7    55.8399
8    43.0871
29    53.8211
6 8.82977  9
13    58.6671
14    61.8725
18    44.7525
19    41.1791
49    48.0403
51    48.704
67    59.9736
94    39.586
96    48.9421
7 7.51778  3
12    60.6108
18    59.9013
44    42.2411
8 13.2336  4
9    61.444
10    61.3881
11    61.2059
67    39.402
9 11.8984  3
14    62.7871
83    35.7727
97    61.5996
10 7.53822  4
14    37.5581
49    59.3602
50    35.0375
96    50.5626
11 13.3004  5
14    52.3196
16    64.599
33    39.0458
51    49.7853
94    54.7678
12 12.1166  3
14    61.5923
18    55.6952
97    38.3894
13 8.25083  2
17    56.8818
18    42.5533
14 5.62716  3
15    62.4273
45    55.5716
99    58.9427
15 7.05969  6
18    46.4893
29    39.9174
44    58.6818
47    60.6951
50    44.1766
83    62.4273
16 11.7379  1
18    59.7008
17 7.01422  6
30    57.5886
31    48.7974
32    38.0973
33    45.4154
49    56.1576
96    45.1498
18 11.5893  2
44    55.5808
94    54.0518
19 6.52867  4
29    36.4951
49    64.8315
67    61.3286
101    46.2394
20 10.0035  10
34    48.2939
35    48.4458
36    48.9421
37    50.5626
38    55.8545
39    43.1347
40    61.5996
41    61.8963
42    62.8649
43    36.0273
21 11.3506  2
44    52.3681
83    37.5581
22 5.74953  2
49    47.6182
50    46.9865
23 7.45918  2
32    38.1788
100    48.0403
24 13.0422  4
32    50.0902
44    62.3898
95    50.0902
96    48.2472
25 11.2737  2
44    61.7507
50    57.0338
26 5.49837  2
47    58.9427
97    55.8545
27 6.63915  4
48    64.5312
94    37.2486
95    57.5886
99    58.5829
28 10.3645  5
29    51.0936
48    41.4684
51    41.0051
95    48.7974
98    62.3898
29 12.5295  1
99    55.5716
30 9.59914  2
32    45.1498
96    38.1788
31 10.0301  2
51    36.8284
67    61.0109
32 11.4373  3
33    48.2472
44    38.3894
51    53.3166
33 6.03244  4
44    46.1029
49    44.1244
83    43.3883
95    53.8211
34 8.38328  3
45    64.4763
50    35.1575
95    36.4951
35 6.0596  1
113    0
36 8.47179  1
50    46.2394
37 6.34861  2
47    53.2196
51    64.848
38 9.41572  3
45    42.2109
51    39.1859
98    52.3681
39 9.43129  4
50    41.7367
51    35.5493
67    45.5243
83    41.69
40 9.48195  2
44    41.2917
95    51.0936
41 9.64736  6
52    42.503
53    59.5369
54    55.1605
55    40.8687
56    54.1992
57    37.7293
42 10.1875  1
96    48.4458
43 11.9515  1
49    38.9827
44 7.71157  3
51    54.6451
97    61.8963
98    61.7507
45 13.8665  9
58    43.9477
59    64.2547
60    40.5657
61    53.2104
62    64.501
63    41.3704
64    55.838
65    43.0816
66    61.4257
46 13.9654  2
47    52.0449
49    42.449
47 14.2883  3
49    54.5828
83    56.8818
100    59.3602
48 5.34242  1
113    0
49 6.1298  1
101    47.6182
50 8.70098  6
107    41.0051
108    54.6451
109    39.1859
110    48.704
111    49.7853
112    53.3166
51 7.09723  3
83    46.4893
99    60.6951
100    41.4684
52 11.8603  10
68    52.0907
69    60.8452
70    59.4325
71    54.819
72    39.7536
73    50.558
74    55.8399
75    43.0871
76    61.444
96    38.0973
53 7.41371  2
67    56.586
98    64.4763
54 12.8939  1
99    42.2109
55 10.7894  1
98    42.2411
56 13.9169  1
113    0
57 14.1299  1
113    0
58 14.8254  2
67    49.4099
83    61.8725
59 7.09632  1
83    64.599
60 11.8572  1
100    38.9827
61 7.40364  5
88    59.9013
89    56.3498
90    44.7525
91    36.8815
92    41.1791
62 12.861  1
97    36.0273
63 10.6816  1
100    56.1576
64 13.565  1
96    45.4154
65 12.9809  1
96    39.0458
66 11.0732  1
113    0
67 14.8437  1
97    62.8649
68 7.15613  1
113    0
69 12.0525  1
94    41.0427
70 8.04147  2
99    53.2196
100    42.449
71 14.9438  1
93    55.2136
72 7.48299  1
113    0
73 13.1201  1
98    58.6818
74 11.5276  8
77    61.3881
78    61.2059
79    60.6108
80    58.6671
81    52.3196
82    61.5923
94    50.0105
95    54.3118
75 6.32756  1
97    46.1029
76 9.34675  1
113    0
77 9.20606  1
113    0
78 8.74645  2
83    62.7871
97    43.1347
79 7.24555  1
113    0
80 12.3446  4
84    42.5533
85    59.7008
86    55.6952
87    42.6147
81 8.99548  1
113    0
82 8.05887  1
100    54.5828
83 5.00031  1
100    64.8315
84 5.01251  1
113    0
85 5.05249  1
101    41.7367
86 5.18311  1
95    59.1267
87 5.60945  1
113    0
88 7.00171  2
98    41.2917
101    44.1766
89 11.5484  1
113    0
90 6.39531  2
96    48.2939
98    55.5808
91 9.56801  1
101    57.0338
92 9.92843  2
95    39.9174
98    41.2889
93 11.1055  1
113    0
94 14.9493  1
113    0
95 7.50099  1
101    46.9865
96 13.179  1
113    0
97 11.7202  1
113    0
98 6.95624  1
113    0
99 11.3997  1
113    0
100 5.90976  1
113    0
101 7.98257  5
102    35.0009
103    35.0375
104    35.1575
105    35.5493
106    36.8284
102 14.7516  1
113    0
103 6.85522  1
113    0
104 11.0701  1
113    0
105 14.8337  1
113    0
106 7.12348  1
113    0
107 11.946  1
113    0
108 7.69387  1
113    0
109 13.8086  1
113    0
110 13.7762  1
113    0
111 13.6703  1
113    0
112 13.3245  1
113    0
113 0  0
