95
0 10.7894  2
1    7.37629
87    8.67766
1 13.9169  10
2    8.23582
3    11.0427
4    8.20853
5    10.9536
6    7.9172
7    10.0021
8    10.8104
9    7.44972
10    8.47551
11    11.8253
2 14.1299  1
94    0
3 14.8254  1
81    12.2776
4 7.09632  10
35    7.20545
36    7.67788
37    9.22059
38    8.25834
39    11.1162
40    8.44823
41    11.7364
42    10.4736
43    12.3501
47    10.409
5 11.8572  10
17    9.75948
18    10.018
19    10.8624
20    7.61946
21    9.02997
22    7.63576
23    9.08307
24    7.80917
25    9.64943
26    9.65877
6 7.40364  3
12    10.7642
13    7.29902
88    11.9803
7 12.861  1
87    7.51161
8 10.6816  2
62    8.83532
65    10.6633
9 13.565  9
53    12.9663
54    8.48979
55    11.872
56    10.9166
57    7.79653
58    9.60805
59    9.52364
60    9.24787
61    8.34733
10 12.9809  8
28    9.78841
29    10.1125
30    11.1709
31    8.62694
32    12.3199
33    12.3793
81    12.2412
88    8.51067
11 11.0732  1
47    11.7885
12 14.8437  3
14    7.98349
15    10.2187
16    11.5177
13 7.15613  1
94    0
14 12.0525  3
44    12.478
45    12.8953
46    8.25779
15 8.04147  1
94    0
16 14.9438  1
81    10.1116
17 7.48299  1
66    8.11313
18 13.1201  1
64    9.74081
19 11.5276  3
48    10.6439
49    12.9062
50    8.29368
20 6.32756  4
51    11.2315
52    8.82488
63    7.00018
64    7.83718
21 9.34675  1
94    0
22 9.20606  1
94    0
23 8.74645  1
94    0
24 7.24555  1
94    0
25 12.3446  1
94    0
26 8.99548  1
27    9.68917
27 8.05887  1
66    12.8509
28 5.00031  1
72    11.3172
29 5.01251  1
88    11.3764
30 5.05249  1
66    12.9002
31 5.18311  1
66    8.27409
32 5.60945  1
34    12.573
33 7.00171  2
64    10.929
66    8.78954
34 11.5484  3
47    11.7166
65    12.9696
89    8.9505
35 6.39531  2
47    11.1143
88    11.9402
36 9.56801  1
47    12.139
37 9.92843  1
87    12.4855
38 11.1055  1
65    9.95706
39 14.9493  1
94    0
40 7.50099  2
65    11.0321
66    10.6421
41 13.179  1
88    8.52293
42 11.7202  1
81    11.168
43 6.95624  1
81    12.2888
44 11.3997  1
94    0
45 5.90976  1
94    0
46 7.98257  2
47    8.44218
66    7.54585
47 14.7516  1
88    11.139
48 6.85522  1
64    8.20103
49 11.0701  1
63    7.0315
50 14.8337  1
94    0
51 7.12348  1
87    12.9198
52 11.946  1
94    0
53 7.69387  8
73    9.10486
74    7.8804
75    9.88198
76    10.4181
77    12.169
78    11.8865
79    10.9638
80    7.95071
54 13.8086  1
94    0
55 13.7762  1
94    0
56 13.6703  3
62    9.39729
65    8.5006
71    12.2022
57 13.3245  1
65    8.17374
58 12.1953  4
67    11.1676
68    8.61632
69    12.2851
70    12.2657
59 8.5081  4
63    7.00751
64    7.36567
65    11.9074
87    8.33799
60 6.46733  1
94    0
61 9.80331  1
62    11.4068
62 10.6969  1
94    0
63 13.6151  2
64    7.10987
71    11.9947
64 13.1442  1
65    10.8398
65 11.6063  1
94    0
66 6.58452  1
94    0
67 10.186  1
81    8.61742
68 11.9466  1
94    0
69 7.6957  1
94    0
70 13.8147  1
94    0
71 13.796  1
88    11.27
72 13.7353  1
89    8.20853
73 13.5369  1
94    0
74 12.889  1
94    0
75 10.7732  1
94    0
76 13.8641  1
89    8.23582
77 13.9575  1
81    11.7334
78 14.2624  1
94    0
79 5.25758  5
82    10.4639
83    12.3185
84    12.3745
85    12.5574
86    7.15455
80 5.85269  1
81    12.1222
81 7.79611  4
90    10.9536
91    7.9172
92    10.0021
93    10.8104
82 14.1424  1
94    0
83 14.8663  1
89    7.37629
84 7.22999  1
89    11.0427
85 12.2939  1
88    9.29786
86 8.82977  1
94    0
87 7.51778  1
94    0
88 13.2336  1
94    0
89 11.8984  1
94    0
90 7.53822  1
94    0
91 13.3004  1
94    0
92 12.1166  1
94    0
93 8.25083  1
94    0
94 0  0
