113
0 11.0732  3
1    1.11709
16    1.06439
35    0.995706
1 14.8437  10
2    0.862694
3    1.23199
4    1.23793
5    1.2573
6    0.720545
7    0.767788
8    0.922059
9    0.825834
10    1.11162
16    1.29062
2 7.15613  5
16    0.825779
27    0.883532
69    0.823582
71    0.847551
72    1.02187
3 12.0525  4
16    1.17885
27    0.939729
46    1.13172
47    1.04181
4 8.04147  8
11    0.844823
12    1.17364
13    1.04736
14    1.23501
15    1.24779
16    1.2139
27    1.14068
98    0.825779
5 14.9438  3
16    1.17166
17    0.829368
28    0.700018
6 7.48299  2
16    1.11143
45    1.22022
7 13.1201  2
44    1.22851
49    1.22776
8 11.5276  1
16    1.0409
9 6.32756  7
18    1.12315
19    0.882488
20    1.29663
21    0.848979
22    1.1872
23    1.09166
24    0.779653
10 9.34675  2
26    0.924787
67    0.89505
11 9.20606  1
35    0.974081
12 8.74645  2
16    1.28953
35    1.08398
13 7.24555  1
71    1.07642
14 12.3446  3
16    0.844218
26    0.952364
35    1.10321
15 8.99548  5
29    0.700751
30    0.703149
31    0.710987
32    0.736567
33    0.820103
16 8.05887  3
48    1.1168
49    0.861742
67    1.19803
17 5.00031  2
46    0.910486
49    1.21222
18 5.01251  2
34    1.0929
35    0.817374
19 5.05249  1
35    0.85006
20 5.18311  3
35    0.783718
69    1.09536
71    1.18253
21 5.60945  2
48    1.01116
71    1.08104
22 7.00171  2
71    1.00021
97    1.17364
23 11.5484  2
25    0.960805
46    1.19947
24 6.39531  1
48    1.09638
25 9.56801  7
50    1.17334
51    1.04639
52    1.23185
53    1.23745
54    1.25574
55    0.715455
56    0.751161
26 9.92843  1
27    0.834733
27 11.1055  1
112    0
28 14.9493  2
35    1.06633
47    1.2169
29 7.50099  2
35    1.29696
45    1.22657
30 13.179  1
112    0
31 11.7202  1
35    1.19074
32 6.95624  6
57    0.867766
58    1.24855
59    1.29198
60    0.833799
61    1.13764
62    0.929786
33 11.3997  1
47    1.18865
34 5.90976  9
36    0.754585
37    0.878954
38    1.28509
39    0.811313
40    1.06421
41    1.29002
42    0.827409
43    1.11676
44    0.861632
35 7.98257  1
112    0
36 14.7516  1
49    1.22412
37 6.85522  1
112    0
38 11.0701  1
112    0
39 14.8337  2
69    1.10427
98    1.11143
40 7.12348  2
46    0.78804
71    0.744972
41 11.946  3
48    0.795071
69    0.820853
97    1.04736
42 7.69387  1
112    0
43 13.8086  1
47    0.988198
44 13.7762  2
99    1.2139
100    1.17885
45 13.6703  1
97    0.844823
46 13.3245  1
49    1.22888
47 12.1953  3
68    0.737629
72    0.798349
97    1.24779
48 8.5081  1
70    0.79172
49 6.46733  5
73    1.15177
74    0.975948
75    1.0018
76    1.08624
77    0.761946
50 9.80331  1
112    0
51 10.6969  1
72    0.729902
52 13.6151  4
63    0.851067
64    1.19402
65    1.1139
66    0.852293
53 13.1442  9
88    0.862694
89    1.23199
90    1.23793
91    1.2573
92    0.720545
93    0.767788
94    0.922059
95    0.825834
96    1.11162
54 11.6063  6
106    1.29663
107    0.848979
108    1.1872
109    1.09166
110    0.779653
111    0.960805
55 6.58452  1
112    0
56 10.186  1
112    0
57 11.9466  2
97    1.23501
98    1.0409
58 7.6957  1
98    0.844218
59 13.8147  1
67    1.127
60 13.796  3
85    0.978841
86    1.01125
87    1.11709
61 13.7353  1
112    0
62 13.5369  1
112    0
63 12.889  1
112    0
64 10.7732  1
112    0
65 13.8641  1
112    0
66 13.9575  1
112    0
67 14.2624  1
112    0
68 5.25758  1
112    0
69 5.85269  1
112    0
70 7.79611  1
112    0
71 14.1424  5
101    1.06439
102    1.29062
103    0.829368
104    1.12315
105    0.882488
72 14.8663  1
112    0
73 7.22999  1
112    0
74 12.2939  1
112    0
75 8.82977  1
112    0
76 7.51778  1
112    0
77 13.2336  7
78    0.902997
79    0.763576
80    0.908307
81    0.780917
82    0.964943
83    0.965877
84    0.968917
78 11.8984  1
112    0
79 7.53822  1
98    1.17166
80 13.3004  1
112    0
81 12.1166  1
112    0
82 8.25083  1
112    0
83 5.62716  1
112    0
84 7.05969  1
112    0
85 11.7379  1
112    0
86 7.01422  1
112    0
87 11.5893  1
112    0
88 6.52867  1
112    0
89 10.0035  1
98    1.28953
90 11.3506  1
112    0
91 5.74953  1
112    0
92 7.45918  1
112    0
93 13.0422  1
112    0
94 11.2737  1
112    0
95 5.49837  1
112    0
96 6.63915  1
112    0
97 10.3645  1
112    0
98 12.5295  1
112    0
99 9.59914  1
112    0
100 10.0301  1
112    0
101 11.4373  1
112    0
102 6.03244  1
112    0
103 8.38328  1
112    0
104 6.0596  1
112    0
105 8.47179  1
112    0
106 6.34861  1
112    0
107 9.41572  1
112    0
108 9.43129  1
112    0
109 9.48195  1
112    0
110 9.64736  1
112    0
111 10.1875  1
112    0
112 0  0
