51
0 5.60945  5
1    12.4855
8    11.9803
9    10.0021
10    10.7642
40    10.9166
1 7.00171  10
2    12.9198
3    8.33799
4    11.3764
5    9.29786
6    8.51067
7    11.9402
8    8.9505
9    7.44972
10    10.2187
16    11.1709
2 11.5484  4
8    8.23582
9    7.9172
16    9.65877
48    7.95071
3 6.39531  7
8    11.27
9    10.8104
10    11.8253
21    11.1162
40    9.52364
43    10.929
48    11.168
4 9.56801  2
9    8.47551
10    11.5177
5 9.92843  6
8    8.52293
9    8.20853
10    7.29902
15    7.63576
45    8.27409
48    12.2776
6 11.1055  6
8    11.139
15    9.08307
41    8.34733
42    8.83532
43    9.74081
48    10.1116
7 14.9493  7
8    7.37629
9    10.9536
16    7.80917
21    7.20545
42    7.10987
43    9.95706
45    12.9002
8 7.50099  4
9    11.0427
16    9.64943
21    9.22059
43    7.36567
9 13.179  3
10    7.98349
21    8.25834
42    7.0315
10 11.7202  8
11    9.75948
12    10.018
13    10.8624
14    7.61946
15    9.02997
16    10.1125
40    9.60805
45    10.6421
11 6.95624  3
16    9.68917
45    8.17374
49    12.3745
12 11.3997  1
41    11.4068
13 5.90976  1
47    11.8865
14 7.98257  5
17    8.62694
18    12.3199
19    12.3793
21    11.7364
47    9.88198
15 14.7516  3
16    9.78841
46    11.3172
49    10.4639
16 6.85522  1
50    0
17 11.0701  2
20    12.573
48    11.7334
18 14.8337  9
22    10.4736
23    12.3501
24    12.478
25    12.8953
26    8.25779
27    11.1143
28    8.44218
29    11.7166
30    10.409
19 7.12348  3
21    7.67788
43    7.83718
46    12.2851
20 11.946  2
21    8.44823
48    12.2888
21 7.69387  1
50    0
22 13.8086  2
40    11.872
45    8.11313
23 13.7762  1
50    0
24 13.6703  4
42    7.00751
43    8.20103
45    10.8398
46    11.1676
25 13.3245  1
50    0
26 12.1953  2
43    12.9696
45    8.78954
27 8.5081  10
31    12.139
32    11.7885
33    10.6439
34    12.9062
35    8.29368
36    11.2315
37    8.82488
38    12.9663
39    8.48979
41    9.39729
28 6.46733  1
43    10.6633
29 9.80331  1
47    12.169
30 10.6969  1
40    9.24787
31 13.6151  1
50    0
32 13.1442  1
50    0
33 11.6063  2
44    8.5006
46    8.61632
34 6.58452  1
50    0
35 10.186  2
42    7.00018
45    7.54585
36 11.9466  3
40    7.79653
46    11.9947
48    8.61742
37 7.6957  2
44    11.9074
47    7.8804
38 13.8147  1
50    0
39 13.796  1
48    12.2412
40 13.7353  2
44    11.0321
46    12.2657
41 13.5369  3
46    12.2022
47    10.9638
48    12.1222
42 12.889  1
50    0
43 10.7732  1
49    12.3185
44 13.8641  2
45    12.8509
47    9.10486
45 13.9575  1
50    0
46 14.2624  1
47    10.4181
47 5.25758  1
50    0
48 5.85269  1
50    0
49 7.79611  1
50    0
50 0  0
