109
0 11.946  3
1    1.14068
2    0.939729
3    0.883532
1 7.69387  1
15    1.10321
2 13.8086  1
4    0.700751
3 13.7762  2
4    0.700018
32    1.22888
4 13.6703  7
5    0.703149
6    0.710987
7    0.736567
8    0.820103
9    1.0929
10    0.783718
15    0.817374
5 13.3245  6
11    0.974081
12    0.995706
13    1.06633
14    1.29696
15    0.85006
57    1.08104
6 12.1953  3
15    0.754585
31    1.18865
32    0.861742
7 8.5081  6
17    1.06421
18    1.29002
19    0.827409
20    1.11676
21    0.861632
31    1.2169
8 6.46733  3
15    1.19074
16    0.811313
32    0.795071
9 9.80331  2
32    1.17334
58    0.798349
10 10.6969  2
15    1.08398
32    1.01116
11 13.6151  2
31    1.09638
61    0.902997
12 13.1442  4
15    0.878954
32    1.21222
57    0.847551
58    1.07642
13 11.6063  2
32    1.1168
57    1.00021
14 6.58452  1
15    1.28509
15 10.186  1
32    1.04639
16 11.9466  2
45    1.19402
46    1.1139
17 7.6957  1
108    0
18 13.8147  1
108    0
19 13.796  1
108    0
20 13.7353  1
32    1.22776
21 13.5369  10
22    1.22851
23    1.22657
24    1.22022
25    1.19947
26    1.13172
27    0.910486
28    0.78804
29    0.988198
30    1.04181
60    1.15177
22 12.889  1
108    0
23 10.7732  1
108    0
24 13.8641  1
32    1.22412
25 13.9575  1
108    0
26 14.2624  9
62    0.763576
63    0.908307
64    0.780917
65    0.964943
66    0.965877
67    0.968917
68    0.978841
69    1.01125
70    1.11709
27 5.25758  1
108    0
28 5.85269  7
33    1.23185
34    1.23745
35    1.25574
36    0.715455
37    0.751161
38    0.867766
39    1.24855
29 7.79611  1
108    0
30 14.1424  1
57    0.744972
31 14.8663  1
108    0
32 7.22999  1
108    0
33 12.2939  2
71    0.862694
72    1.23199
34 8.82977  1
60    0.761946
35 7.51778  1
108    0
36 13.2336  1
60    0.975948
37 11.8984  1
108    0
38 7.53822  5
40    1.29198
41    0.833799
42    1.13764
43    0.929786
44    0.851067
39 13.3004  1
108    0
40 12.1166  1
60    1.08624
41 8.25083  1
59    1.02187
42 5.62716  1
108    0
43 7.05969  1
108    0
44 11.7379  1
108    0
45 7.01422  1
60    1.0018
46 11.5893  10
47    0.852293
48    1.19803
49    1.127
50    0.89505
51    0.737629
52    0.823582
53    1.10427
54    0.820853
55    1.09536
56    0.79172
47 6.52867  1
58    0.729902
48 10.0035  1
108    0
49 11.3506  1
108    0
50 5.74953  1
108    0
51 7.45918  1
58    1.18253
52 13.0422  1
108    0
53 11.2737  1
108    0
54 5.49837  1
108    0
55 6.63915  1
108    0
56 10.3645  1
108    0
57 12.5295  1
108    0
58 9.59914  1
108    0
59 10.0301  1
108    0
60 11.4373  1
108    0
61 6.03244  7
101    1.09166
102    0.779653
103    0.960805
104    0.952364
105    0.924787
106    0.834733
107    1.14068
62 8.38328  1
108    0
63 6.0596  1
108    0
64 8.47179  1
108    0
65 6.34861  9
73    1.23793
74    1.2573
75    0.720545
76    0.767788
77    0.922059
78    0.825834
79    1.11162
80    0.844823
81    1.17364
66 9.41572  1
108    0
67 9.43129  6
82    1.04736
83    1.23501
84    1.24779
85    1.28953
86    0.825779
87    1.11143
68 9.48195  1
108    0
69 9.64736  1
108    0
70 10.1875  1
108    0
71 11.9515  1
108    0
72 7.71157  1
108    0
73 13.8665  1
108    0
74 13.9654  1
108    0
75 14.2883  1
108    0
76 5.34242  1
108    0
77 6.1298  1
108    0
78 8.70098  1
108    0
79 7.09723  1
108    0
80 11.8603  1
108    0
81 7.41371  1
108    0
82 12.8939  1
108    0
83 10.7894  1
108    0
84 13.9169  10
88    0.844218
89    1.17166
90    1.0409
91    1.2139
92    1.17885
93    1.06439
94    1.29062
95    0.829368
96    1.12315
97    0.882488
85 14.1299  1
108    0
86 14.8254  1
108    0
87 7.09632  1
108    0
88 11.8572  1
108    0
89 7.40364  1
108    0
90 12.861  1
108    0
91 10.6816  3
98    1.29663
99    0.848979
100    1.1872
92 13.565  1
108    0
93 12.9809  1
108    0
94 11.0732  1
108    0
95 14.8437  1
108    0
96 7.15613  1
108    0
97 12.0525  1
108    0
98 8.04147  1
108    0
99 14.9438  1
108    0
100 7.48299  1
108    0
101 13.1201  1
108    0
102 11.5276  1
108    0
103 6.32756  1
108    0
104 9.34675  1
108    0
105 9.20606  1
108    0
106 8.74645  1
108    0
107 7.24555  1
108    0
108 0  0
