45
0 11.5276  4
1    6.08452
6    6.13881
13    6.4599
24    5.91267
1 6.32756  2
2    5.94325
6    6.12059
2 9.34675  5
3    5.4819
4    3.97536
5    5.0558
6    4.30871
24    3.72486
3 9.20606  2
6    6.06108
13    5.68818
4 8.74645  2
6    6.1444
23    5.52136
5 7.24555  4
6    5.58399
13    3.75581
23    5.40518
24    4.23775
6 12.3446  6
7    5.86671
8    5.23196
9    6.15923
10    6.18725
11    6.27871
12    3.57727
7 8.99548  1
44    0
8 8.05887  2
13    4.169
23    4.10427
9 5.00031  2
13    6.24273
23    5.00105
10 5.01251  2
13    4.33883
23    4.11791
11 5.05249  1
23    3.9586
12 5.18311  1
24    5.10936
13 5.60945  9
14    4.64893
15    4.25533
16    5.97008
17    5.56952
18    4.26147
19    5.99013
20    5.63498
21    4.47525
22    3.68815
14 7.00171  1
44    0
15 11.5484  1
44    0
16 6.39531  1
44    0
17 9.56801  1
44    0
18 9.92843  1
44    0
19 11.1055  1
24    3.64951
20 14.9493  1
24    3.99174
21 7.50099  2
23    5.47678
24    5.38211
22 13.179  1
44    0
23 11.7202  10
25    5.75886
26    4.87974
27    5.00902
28    5.43118
29    3.80973
30    4.51498
31    3.81788
32    4.54154
33    3.90458
34    4.82472
24 6.95624  1
44    0
25 11.3997  1
44    0
26 5.90976  1
44    0
27 7.98257  1
44    0
28 14.7516  1
44    0
29 6.85522  1
44    0
30 11.0701  1
44    0
31 14.8337  1
44    0
32 7.12348  5
35    4.82939
36    4.84458
37    4.89421
38    5.05626
39    5.58545
33 11.946  1
44    0
34 7.69387  1
44    0
35 13.8086  1
44    0
36 13.7762  4
40    4.31347
41    6.15996
42    6.18963
43    6.28649
37 13.6703  1
44    0
38 13.3245  1
44    0
39 12.1953  1
44    0
40 8.5081  1
44    0
41 6.46733  1
44    0
42 9.80331  1
44    0
43 10.6969  1
44    0
44 0  0
