59
0 8.70098  6
1    4.30816
2    6.14257
8    5.20907
9    6.13881
21    5.97008
22    5.63498
1 7.09723  7
3    6.13286
4    6.10109
5    5.99736
6    5.6586
7    4.55243
8    3.9402
9    4.30871
2 11.8603  2
9    3.97536
22    5.00105
3 7.41371  1
8    6.08452
4 12.8939  2
8    5.94325
9    5.58399
5 10.7894  4
8    4.94099
9    6.12059
21    4.25533
22    3.68815
6 13.9169  3
9    5.0558
22    4.11791
57    4.41244
7 14.1299  2
8    5.4819
9    6.06108
8 14.8254  4
9    6.1444
22    3.9586
31    3.81788
52    6.23898
9 7.09632  6
10    5.86671
11    5.23196
12    6.15923
21    5.56952
31    5.00902
41    6.15996
10 11.8572  9
13    6.18725
14    6.27871
15    3.57727
16    3.75581
17    4.33883
18    6.24273
19    6.4599
20    4.169
21    5.68818
11 7.40364  2
22    5.52136
52    4.12889
12 12.861  3
22    4.10427
31    5.43118
57    4.14684
13 10.6816  1
22    5.99013
14 13.565  9
23    5.40518
24    3.72486
25    4.23775
26    5.91267
27    5.38211
28    3.64951
29    3.99174
30    5.10936
31    3.80973
15 12.9809  2
31    5.75886
52    6.44763
16 11.0732  1
22    4.47525
17 14.8437  1
21    4.64893
18 7.15613  2
21    4.26147
22    5.47678
19 12.0525  1
57    6.45312
20 8.04147  7
32    4.54154
33    3.90458
34    4.82472
35    4.82939
36    4.84458
37    4.89421
38    5.05626
21 14.9438  1
58    0
22 7.48299  1
57    5.93602
23 13.1201  1
31    4.51498
24 11.5276  1
58    0
25 6.32756  1
31    4.87974
26 9.34675  1
58    0
27 9.20606  1
58    0
28 8.74645  2
39    5.58545
40    4.31347
29 7.24555  1
58    0
30 12.3446  1
57    4.2449
31 8.99548  1
57    5.61576
32 8.05887  1
58    0
33 5.00031  1
58    0
34 5.01251  1
57    5.89427
35 5.05249  1
41    6.18963
36 5.18311  1
58    0
37 5.60945  1
58    0
38 7.00171  10
42    6.28649
43    3.60273
44    3.83894
45    4.61029
46    4.12917
47    5.55808
48    4.22411
49    5.86818
50    5.23681
51    6.17507
39 11.5484  1
58    0
40 6.39531  1
58    0
41 9.56801  1
58    0
42 9.92843  1
58    0
43 11.1055  1
58    0
44 14.9493  1
58    0
45 7.50099  1
58    0
46 13.179  1
57    6.06951
47 11.7202  1
58    0
48 6.95624  1
57    6.48315
49 11.3997  1
58    0
50 5.90976  4
53    5.55716
54    4.22109
55    5.85829
56    5.20449
51 7.98257  1
58    0
52 14.7516  1
58    0
53 6.85522  1
58    0
54 11.0701  1
57    5.32196
55 14.8337  1
58    0
56 7.12348  1
58    0
57 11.946  1
58    0
58 0  0
