106
0 7.6957  5
1    12.9696
4    8.17374
21    10.1116
52    11.7364
89    8.23582
1 13.8147  4
2    8.5006
3    11.9074
4    11.0321
39    11.9803
2 13.796  4
10    11.1676
21    11.8865
86    12.2412
89    10.0021
3 13.7353  10
5    10.8398
6    7.54585
7    8.78954
8    12.8509
9    8.11313
33    11.3764
52    8.44823
73    11.1676
88    11.139
89    8.20853
4 13.5369  3
10    8.61632
21    11.168
39    11.27
5 12.889  2
21    7.95071
88    11.9402
6 10.7732  5
10    10.6421
33    8.67766
40    11.8253
51    10.1125
87    12.5574
7 13.8641  2
10    12.9002
88    8.52293
8 13.9575  3
10    8.27409
73    12.2657
87    11.3764
9 14.2624  4
33    8.33799
62    11.872
64    9.39729
73    10.6421
10 5.25758  10
11    12.2851
12    12.2657
13    12.2022
14    11.9947
15    11.3172
16    9.10486
17    7.8804
18    9.88198
19    10.4181
21    10.9638
11 5.85269  2
21    8.61742
52    9.22059
12 7.79611  5
36    11.9402
37    11.139
38    8.52293
39    8.23582
62    8.82488
13 14.1424  4
20    12.169
39    8.20853
73    11.9947
89    11.0427
14 14.8663  4
74    9.10486
75    7.8804
76    9.88198
77    10.4181
15 7.22999  1
51    8.62694
16 12.2939  5
31    7.15455
32    7.51161
39    10.9536
62    8.29368
65    7.00751
17 8.82977  2
51    9.78841
64    9.24787
18 7.51778  10
22    12.2888
23    12.2776
24    12.2412
25    12.1222
26    11.7334
27    10.4639
28    12.3185
29    12.3745
30    12.5574
40    10.0021
19 13.2336  2
51    11.1709
65    7.36567
20 11.8984  1
65    7.10987
21 7.53822  1
40    10.7642
22 13.3004  2
62    8.48979
87    12.9198
23 12.1166  3
40    10.8104
52    7.67788
62    11.7885
24 8.25083  4
34    9.29786
35    8.51067
52    11.1162
87    8.33799
25 5.62716  2
33    12.4855
65    7.0315
26 7.05969  9
55    12.478
56    12.8953
57    8.25779
58    11.1143
59    8.44218
60    11.7166
61    10.409
64    8.83532
89    7.44972
27 11.7379  1
40    10.2187
28 7.01422  10
41    11.5177
42    9.75948
43    10.018
44    10.8624
45    7.61946
46    9.02997
47    7.63576
48    9.08307
49    7.80917
50    9.64943
29 11.5893  1
63    10.9166
30 6.52867  2
33    12.9198
65    10.929
31 10.0035  1
78    12.169
32 11.3506  1
40    8.47551
33 5.74953  2
39    7.37629
40    7.98349
34 7.45918  1
52    8.25834
35 13.0422  1
39    8.9505
36 11.2737  4
52    12.573
73    8.27409
86    10.4639
87    9.29786
37 5.49837  5
39    7.9172
40    7.29902
51    9.68917
52    7.20545
88    7.37629
38 6.63915  4
39    11.0427
40    7.44972
51    9.65877
52    12.3199
39 10.3645  5
53    10.4736
54    12.3501
62    12.9062
72    11.0321
73    12.9002
40 12.5295  2
62    10.6439
86    12.1222
41 9.59914  3
64    9.60805
72    8.78954
86    11.7334
42 10.0301  1
86    12.2776
43 11.4373  1
64    8.34733
44 6.03244  2
64    9.52364
72    12.8509
45 8.38328  1
73    11.3172
46 6.0596  7
66    9.74081
67    9.95706
68    10.6633
69    12.9696
70    8.5006
71    11.9074
88    8.9505
47 8.47179  1
64    7.79653
48 6.34861  1
105    0
49 9.41572  2
52    12.3793
73    12.2851
50 9.43129  1
62    12.9663
51 9.48195  1
89    10.9536
52 9.64736  4
62    12.139
64    11.4068
86    12.3185
87    8.67766
53 10.1875  1
105    0
54 11.9515  1
73    12.2022
55 7.71157  1
72    8.11313
56 13.8665  2
65    7.83718
72    10.8398
57 13.9654  1
105    0
58 14.2883  1
105    0
59 5.34242  1
87    12.4855
60 6.1298  4
62    11.2315
65    8.20103
87    7.15455
89    7.9172
61 8.70098  1
72    8.17374
62 7.09723  1
88    11.27
63 11.8603  1
65    7.00018
64 7.41371  1
105    0
65 12.8939  1
105    0
66 10.7894  1
72    7.54585
67 13.9169  1
105    0
68 14.1299  1
105    0
69 14.8254  1
105    0
70 7.09632  1
89    10.8104
71 11.8572  1
73    8.61632
72 7.40364  1
105    0
73 12.861  1
105    0
74 10.6816  7
79    11.8865
80    10.9638
81    7.95071
82    10.1116
83    11.168
84    8.61742
85    12.2888
75 13.565  1
105    0
76 12.9809  1
105    0
77 11.0732  1
105    0
78 14.8437  1
105    0
79 7.15613  1
105    0
80 12.0525  2
87    7.51161
88    11.9803
81 8.04147  1
105    0
82 14.9438  2
86    12.3745
87    8.51067
83 7.48299  5
90    11.8253
91    10.7642
92    7.29902
93    7.98349
94    10.2187
84 13.1201  1
105    0
85 11.5276  1
105    0
86 6.32756  1
89    8.47551
87 9.34675  1
105    0
88 9.20606  1
105    0
89 8.74645  1
105    0
90 7.24555  1
105    0
91 12.3446  10
95    11.5177
96    9.75948
97    10.018
98    10.8624
99    7.61946
100    9.02997
101    7.63576
102    9.08307
103    7.80917
104    9.64943
92 8.99548  1
105    0
93 8.05887  1
105    0
94 5.00031  1
105    0
95 5.01251  1
105    0
96 5.05249  1
105    0
97 5.18311  1
105    0
98 5.60945  1
105    0
99 7.00171  1
105    0
100 11.5484  1
105    0
101 6.39531  1
105    0
102 9.56801  1
105    0
103 9.92843  1
105    0
104 11.1055  1
105    0
105 0  0
