200
0 5.00031  8
1    1.127
2    0.89505
3    0.737629
4    0.823582
5    1.10427
6    0.820853
7    1.09536
8    0.79172
1 5.01251  1
199    0
2 5.05249  4
19    1.08624
32    0.825834
45    1.12315
149    1.1139
3 5.18311  10
9    1.00021
10    1.08104
11    0.744972
12    0.847551
13    1.18253
14    1.07642
15    0.729902
16    0.798349
17    1.02187
18    1.15177
4 5.60945  2
46    0.924787
61    1.22851
5 7.00171  5
42    1.2139
43    1.17885
44    1.06439
61    1.06421
76    0.867766
6 11.5484  2
32    0.767788
46    0.952364
7 6.39531  5
47    0.939729
64    1.1168
78    0.79172
84    0.761946
160    0.798349
8 9.56801  4
19    0.763576
47    0.700018
85    0.908307
86    1.01125
9 9.92843  5
20    0.908307
21    0.780917
47    1.14068
84    0.798349
85    0.780917
10 11.1055  4
19    0.902997
63    1.2169
64    0.861742
84    1.15177
11 14.9493  2
60    0.817374
115    1.0929
12 7.50099  3
45    0.829368
77    1.1139
84    0.975948
13 13.179  4
19    0.975948
46    0.834733
84    1.08624
98    1.17166
14 11.7202  1
19    1.0018
15 6.95624  2
76    1.29198
84    1.07642
16 11.3997  5
45    1.29663
61    1.11676
77    1.127
111    0.952364
148    1.19402
17 5.90976  3
19    0.761946
46    0.779653
78    0.820853
18 7.98257  1
111    0.834733
19 14.7516  2
32    1.17364
116    1.19074
20 6.85522  10
22    0.964943
23    0.965877
24    0.968917
25    0.978841
26    1.01125
27    1.11709
28    0.862694
29    1.23199
30    1.23793
31    1.2573
21 11.0701  2
32    0.922059
60    1.08398
22 14.8337  1
45    1.09166
23 7.12348  3
32    1.11162
63    1.04181
85    0.968917
24 11.946  2
63    1.09638
160    0.847551
25 7.69387  6
92    0.844823
93    1.17364
94    1.04736
95    1.23501
96    1.24779
97    1.28953
26 13.8086  3
32    0.720545
45    1.1872
98    1.0409
27 13.7762  2
61    0.827409
98    0.844218
28 13.6703  4
72    1.23745
73    1.25574
74    0.715455
75    0.751161
29 13.3245  10
33    1.04736
34    1.23501
35    1.24779
36    1.28953
37    0.825779
38    1.11143
39    0.844218
40    1.17166
41    1.0409
45    0.882488
30 12.1953  2
32    0.844823
47    0.883532
31 8.5081  1
199    0
32 6.46733  2
60    1.10321
111    0.700751
33 9.80331  4
61    0.861632
63    0.78804
76    1.24855
85    0.902997
34 10.6969  1
199    0
35 13.6151  3
61    0.811313
116    0.817374
168    0.908307
36 13.1442  1
98    1.2139
37 11.6063  1
199    0
38 6.58452  2
62    1.13172
84    1.02187
39 10.186  1
86    0.862694
40 11.9466  3
84    1.0018
86    1.2573
115    0.820103
41 7.6957  1
47    0.700751
42 13.8147  3
45    1.29062
85    0.763576
129    1.18865
43 13.796  1
45    0.848979
44 13.7353  2
46    0.960805
78    1.09536
45 13.5369  8
48    0.703149
49    0.710987
50    0.736567
51    0.820103
52    1.0929
61    1.29002
63    1.18865
98    1.11143
46 12.889  1
60    0.878954
47 10.7732  2
61    1.28509
77    0.89505
48 13.8641  1
86    1.11709
49 13.9575  1
86    1.23199
50 14.2624  8
53    0.783718
54    0.974081
55    0.995706
56    1.06633
57    1.29696
58    0.85006
59    1.19074
62    1.19947
51 5.25758  2
60    0.754585
116    0.85006
52 5.85269  4
62    1.22022
63    0.988198
77    0.823582
160    1.18253
53 7.79611  5
87    0.720545
88    0.767788
89    0.922059
90    0.825834
91    1.11162
54 14.1424  1
129    0.988198
55 14.8663  8
65    1.22888
66    1.22776
67    1.22412
68    1.21222
69    1.17334
70    1.04639
71    1.23185
85    0.965877
56 7.22999  5
62    0.910486
64    0.795071
76    0.833799
160    1.07642
168    1.01125
57 12.2939  3
64    1.01116
77    0.737629
84    0.729902
58 8.82977  1
199    0
59 7.51778  2
61    1.22657
111    0.924787
60 13.2336  5
79    1.00021
80    1.08104
81    0.744972
82    0.847551
83    1.18253
61 11.8984  8
99    1.17885
100    1.06439
101    1.29062
102    0.829368
103    1.12315
104    0.882488
105    1.29663
106    0.848979
62 7.53822  1
115    0.974081
63 13.3004  8
177    1.17364
178    1.04736
179    1.23501
180    1.24779
181    1.28953
182    0.825779
183    1.11143
184    0.844218
64 12.1166  1
77    1.19402
65 8.25083  1
77    0.851067
66 5.62716  3
77    0.852293
98    0.825779
168    0.862694
67 7.05969  2
76    0.929786
77    1.19803
68 11.7379  2
85    0.964943
86    1.23793
69 7.01422  8
140    0.751161
141    0.867766
142    1.24855
143    1.29198
144    0.833799
145    1.13764
146    0.929786
147    0.851067
70 11.5893  2
86    0.978841
129    1.04181
71 6.52867  2
111    1.14068
139    1.23745
72 10.0035  2
76    1.13764
115    0.995706
73 11.3506  1
199    0
74 5.74953  1
160    1.00021
75 7.45918  1
77    1.10427
76 13.0422  1
199    0
77 11.2737  5
107    1.1872
108    1.09166
109    0.779653
110    0.960805
185    1.17166
78 5.49837  1
199    0
79 6.63915  2
115    1.06633
139    1.17334
80 10.3645  1
129    1.19947
81 12.5295  1
199    0
82 9.59914  1
199    0
83 10.0301  1
129    1.13172
84 11.4373  1
199    0
85 6.03244  1
199    0
86 8.38328  1
111    0.700018
87 6.0596  2
129    1.2169
168    0.968917
88 8.47179  9
130    1.09638
131    0.795071
132    1.01116
133    1.1168
134    0.861742
135    1.22888
136    1.22776
137    1.22412
138    1.21222
89 6.34861  1
116    1.10321
90 9.41572  1
199    0
91 9.43129  1
199    0
92 9.48195  8
117    0.754585
118    0.878954
119    1.28509
120    0.811313
121    1.06421
122    1.29002
123    0.827409
124    1.11676
93 9.64736  1
199    0
94 10.1875  1
199    0
95 11.9515  2
111    0.939729
116    1.08398
96 7.71157  1
199    0
97 13.8665  1
199    0
98 13.9654  1
115    0.783718
99 14.2883  1
199    0
100 5.34242  1
111    0.883532
101 6.1298  1
139    0.715455
102 8.70098  4
112    0.703149
113    0.710987
114    0.736567
168    1.11709
103 7.09723  1
199    0
104 11.8603  1
139    1.25574
105 7.41371  2
160    1.02187
185    1.06439
106 12.8939  1
199    0
107 10.7894  1
199    0
108 13.9169  1
199    0
109 14.1299  2
116    1.29696
168    0.978841
110 14.8254  1
199    0
111 7.09632  1
129    0.910486
112 11.8572  1
139    1.04639
113 7.40364  1
199    0
114 12.861  1
199    0
115 10.6816  5
125    0.861632
126    1.22851
127    1.22657
128    1.22022
185    1.2139
116 13.565  1
199    0
117 12.9809  2
129    0.78804
139    1.23185
118 11.0732  1
199    0
119 14.8437  1
199    0
120 7.15613  1
185    1.0409
121 12.0525  1
168    0.964943
122 8.04147  1
199    0
123 14.9438  1
199    0
124 7.48299  1
199    0
125 13.1201  1
199    0
126 11.5276  1
199    0
127 6.32756  1
199    0
128 9.34675  1
199    0
129 9.20606  1
199    0
130 8.74645  10
150    0.852293
151    1.19803
152    1.127
153    0.89505
154    0.737629
155    0.823582
156    1.10427
157    0.820853
158    1.09536
159    0.79172
131 7.24555  1
160    1.08104
132 12.3446  1
160    0.744972
133 8.99548  1
199    0
134 8.05887  1
199    0
135 5.00031  1
199    0
136 5.01251  1
168    0.780917
137 5.05249  1
199    0
138 5.18311  1
199    0
139 5.60945  1
199    0
140 7.00171  1
199    0
141 11.5484  1
199    0
142 6.39531  1
199    0
143 9.56801  1
199    0
144 9.92843  1
199    0
145 11.1055  1
199    0
146 14.9493  1
199    0
147 7.50099  8
169    1.23793
170    1.2573
171    0.720545
172    0.767788
173    0.922059
174    0.825834
175    1.11162
176    0.844823
148 13.179  1
160    0.729902
149 11.7202  1
199    0
150 6.95624  1
199    0
151 11.3997  7
161    1.15177
162    0.975948
163    1.0018
164    1.08624
165    0.761946
166    0.902997
167    0.763576
152 5.90976  1
185    1.17885
153 7.98257  1
199    0
154 14.7516  1
199    0
155 6.85522  1
168    1.23199
156 11.0701  1
199    0
157 14.8337  1
199    0
158 7.12348  1
199    0
159 11.946  1
199    0
160 7.69387  1
199    0
161 13.8086  1
199    0
162 13.7762  1
168    0.965877
163 13.6703  1
199    0
164 13.3245  1
199    0
165 12.1953  1
199    0
166 8.5081  1
199    0
167 6.46733  1
199    0
168 9.80331  1
199    0
169 10.6969  1
199    0
170 13.6151  1
199    0
171 13.1442  1
199    0
172 11.6063  9
190    1.29663
191    0.848979
192    1.1872
193    1.09166
194    0.779653
195    0.960805
196    0.952364
197    0.924787
198    0.834733
173 6.58452  1
199    0
174 10.186  1
199    0
175 11.9466  1
199    0
176 7.6957  1
199    0
177 13.8147  4
186    1.29062
187    0.829368
188    1.12315
189    0.882488
178 13.796  1
199    0
179 13.7353  1
199    0
180 13.5369  1
199    0
181 12.889  1
199    0
182 10.7732  1
199    0
183 13.8641  1
199    0
184 13.9575  1
199    0
185 14.2624  1
199    0
186 5.25758  1
199    0
187 5.85269  1
199    0
188 7.79611  1
199    0
189 14.1424  1
199    0
190 14.8663  1
199    0
191 7.22999  1
199    0
192 12.2939  1
199    0
193 8.82977  1
199    0
194 7.51778  1
199    0
195 13.2336  1
199    0
196 11.8984  1
199    0
197 7.53822  1
199    0
198 13.3004  1
199    0
199 0  0
