59
0 7.15613  5
1    1.22776
2    1.22412
5    1.23185
29    0.908307
47    1.06439
1 12.0525  3
17    1.19402
18    0.79172
29    0.902997
2 8.04147  3
3    1.21222
4    1.17334
17    0.852293
3 14.9438  4
5    1.04639
17    0.89505
18    0.744972
30    0.720545
4 7.48299  10
6    1.23745
7    1.25574
8    0.715455
9    0.751161
10    0.867766
11    1.24855
12    1.29198
13    0.833799
14    1.13764
17    0.737629
5 13.1201  3
18    1.08104
30    1.2573
47    0.829368
6 11.5276  2
18    1.00021
30    1.23199
7 6.32756  1
58    0
8 9.34675  3
17    1.127
18    1.09536
47    1.29062
9 9.20606  3
15    0.929786
16    0.851067
30    1.23793
10 8.74645  2
17    1.19803
30    0.862694
11 7.24555  1
17    0.823582
12 12.3446  2
18    0.820853
29    0.763576
13 8.99548  2
17    1.10427
30    1.11709
14 8.05887  1
29    0.761946
15 5.00031  2
17    1.1139
30    0.978841
16 5.01251  1
48    1.12315
17 5.05249  2
19    0.847551
20    1.18253
18 5.18311  8
31    0.767788
32    0.922059
33    0.825834
34    1.11162
35    0.844823
36    1.17364
37    1.04736
38    1.23501
19 5.60945  8
21    1.07642
22    0.729902
23    0.798349
24    1.02187
25    1.15177
26    0.975948
27    1.0018
28    1.08624
20 7.00171  1
58    0
21 11.5484  1
58    0
22 6.39531  1
29    0.780917
23 9.56801  1
58    0
24 9.92843  1
29    0.965877
25 11.1055  1
58    0
26 14.9493  1
30    0.968917
27 7.50099  2
30    1.01125
47    1.17885
28 13.179  1
29    0.964943
29 11.7202  9
49    0.882488
50    1.29663
51    0.848979
52    1.1872
53    1.09166
54    0.779653
55    0.960805
56    0.952364
57    0.924787
30 6.95624  1
58    0
31 11.3997  1
58    0
32 5.90976  1
58    0
33 7.98257  1
58    0
34 14.7516  1
58    0
35 6.85522  1
58    0
36 11.0701  1
58    0
37 14.8337  8
39    1.24779
40    1.28953
41    0.825779
42    1.11143
43    0.844218
44    1.17166
45    1.0409
46    1.2139
38 7.12348  1
58    0
39 11.946  1
58    0
40 7.69387  1
58    0
41 13.8086  1
58    0
42 13.7762  1
58    0
43 13.6703  1
58    0
44 13.3245  1
58    0
45 12.1953  1
58    0
46 8.5081  1
58    0
47 6.46733  1
58    0
48 9.80331  1
58    0
49 10.6969  1
58    0
50 13.6151  1
58    0
51 13.1442  1
58    0
52 11.6063  1
58    0
53 6.58452  1
58    0
54 10.186  1
58    0
55 11.9466  1
58    0
56 7.6957  1
58    0
57 13.8147  1
58    0
58 0  0
