43
0 5.49837  10
1    8.29368
2    11.2315
3    8.82488
4    12.9663
5    8.48979
6    11.872
7    10.9166
8    7.79653
11    7.83718
27    12.9198
1 6.63915  2
10    8.34733
27    8.33799
2 10.3645  3
10    7.00018
11    9.95706
26    12.2888
3 12.5295  1
10    7.0315
4 9.59914  4
9    9.52364
10    8.83532
11    12.9696
24    12.2851
5 10.0301  5
9    9.60805
10    9.39729
11    8.20103
24    7.8804
26    12.2412
6 11.4373  3
9    9.24787
10    7.00751
25    11.8865
7 6.03244  2
10    11.4068
11    9.74081
8 8.38328  2
10    7.10987
24    9.10486
9 6.0596  4
10    7.36567
11    10.929
25    10.9638
26    11.7334
10 8.47179  4
11    10.6633
24    11.9947
25    10.4181
27    12.4855
11 6.34861  8
12    8.5006
13    11.9074
14    11.0321
15    8.17374
16    10.8398
17    7.54585
18    8.78954
26    10.1116
12 9.41572  8
34    11.9803
35    11.27
36    8.9505
37    7.37629
38    8.23582
39    11.0427
40    8.20853
41    10.9536
13 9.43129  4
19    12.8509
20    8.11313
26    12.1222
27    10.4639
14 9.48195  2
24    12.2022
27    7.15455
15 9.64736  4
22    11.1676
23    8.61632
24    9.88198
26    7.95071
16 10.1875  6
28    11.3764
29    9.29786
30    8.51067
31    11.9402
32    11.139
33    8.52293
17 11.9515  2
21    8.27409
27    12.5574
18 7.71157  4
21    12.9002
24    12.2657
25    12.169
26    8.61742
19 13.8665  2
21    10.6421
24    11.3172
20 13.9654  1
42    0
21 14.2883  1
42    0
22 5.34242  1
27    7.51161
23 6.1298  1
27    12.3745
24 8.70098  1
26    11.168
25 7.09723  2
26    12.2776
27    12.3185
26 11.8603  1
27    8.67766
27 7.41371  1
42    0
28 12.8939  1
42    0
29 10.7894  1
42    0
30 13.9169  1
42    0
31 14.1299  1
42    0
32 14.8254  1
42    0
33 7.09632  1
42    0
34 11.8572  1
42    0
35 7.40364  1
42    0
36 12.861  1
42    0
37 10.6816  1
42    0
38 13.565  1
42    0
39 12.9809  1
42    0
40 11.0732  1
42    0
41 14.8437  1
42    0
42 0  0
