114
0 5.00031  5
1    42.2109
2    58.5829
3    52.0449
4    60.6951
46    39.586
1 5.01251  10
6    53.2196
7    64.5312
8    41.4684
9    56.1576
10    44.1244
11    64.8315
12    54.5828
20    59.5369
21    55.838
22    59.9736
2 5.05249  5
12    48.0403
14    44.1766
21    53.2104
22    45.5243
91    35.0009
3 5.18311  3
5    58.9427
12    42.449
20    43.9477
4 5.60945  3
12    46.2394
20    55.1605
23    50.558
5 7.00171  5
12    47.6182
13    46.9865
14    35.0009
20    42.503
21    43.0816
6 11.5484  2
12    59.3602
48    39.9174
7 6.39531  4
12    57.0338
20    40.8687
22    61.0109
23    60.8452
8 9.56801  5
14    35.1575
20    64.848
21    41.3704
22    39.402
46    36.8815
9 9.92843  2
12    41.7367
23    55.8399
10 11.1055  5
12    38.9827
14    35.0375
19    48.704
24    43.0871
48    53.8211
11 14.9493  2
22    56.586
23    59.4325
12 7.50099  3
14    35.5493
20    54.1992
24    61.3881
13 13.179  7
15    36.8284
16    41.0051
17    54.6451
18    39.1859
22    61.3286
23    52.0907
34    43.3883
14 11.7202  2
20    53.3166
22    61.4257
15 6.95624  3
19    49.7853
20    37.7293
81    64.8315
16 11.3997  2
21    40.5657
22    49.4099
17 5.90976  4
21    64.501
24    61.444
46    55.2136
80    58.9427
18 7.98257  1
21    64.2547
19 14.7516  2
23    39.7536
48    36.4951
20 6.85522  2
23    54.819
91    35.1575
21 11.0701  1
46    44.7525
22 14.8337  1
46    54.0518
23 7.12348  1
46    41.0427
24 11.946  10
25    61.2059
26    60.6108
27    58.6671
28    52.3196
29    61.5923
30    61.8725
46    41.1791
47    37.2486
48    42.3775
81    44.1244
25 7.69387  1
113    0
26 13.8086  7
35    62.4273
36    64.599
37    41.69
38    56.8818
39    46.4893
40    42.5533
41    59.7008
27 13.7762  4
31    62.7871
32    35.7727
33    37.5581
48    59.1267
28 13.6703  1
48    57.5886
29 13.3245  1
91    36.8284
30 12.1953  1
113    0
31 8.5081  1
113    0
32 6.46733  1
91    35.5493
33 9.80331  2
42    55.6952
48    51.0936
34 10.6969  1
43    42.6147
35 13.6151  3
46    50.0105
80    60.6951
81    56.1576
36 13.1442  1
113    0
37 11.6063  1
80    58.5829
38 6.58452  2
44    59.9013
45    56.3498
39 10.186  8
62    55.8545
63    43.1347
64    61.5996
65    61.8963
66    62.8649
67    36.0273
68    38.3894
69    46.1029
40 11.9466  1
113    0
41 7.6957  1
46    54.7678
42 13.8147  1
113    0
43 13.796  3
101    55.1605
102    40.8687
103    54.1992
44 13.7353  1
81    41.4684
45 13.5369  1
113    0
46 12.889  10
70    41.2917
71    55.5808
72    42.2411
73    58.6818
74    52.3681
75    61.7507
76    62.3898
77    64.4763
78    41.2889
79    55.5716
47 10.7732  1
113    0
48 13.8641  3
49    48.7974
50    50.0902
51    54.3118
49 13.9575  1
113    0
50 14.2624  10
52    38.0973
53    45.1498
54    38.1788
55    45.4154
56    39.0458
57    48.2472
58    48.2939
59    48.4458
60    48.9421
61    50.5626
51 5.25758  1
113    0
52 5.85269  1
113    0
53 7.79611  4
109    64.501
110    41.3704
111    55.838
112    43.0816
54 14.1424  1
113    0
55 14.8663  1
113    0
56 7.22999  1
91    44.1766
57 12.2939  1
113    0
58 8.82977  1
113    0
59 7.51778  1
113    0
60 13.2336  1
113    0
61 11.8984  1
113    0
62 7.53822  1
81    64.5312
63 13.3004  1
113    0
64 12.1166  4
87    47.6182
88    46.2394
89    41.7367
90    57.0338
65 8.25083  1
113    0
66 5.62716  1
113    0
67 7.05969  5
82    42.449
83    59.3602
84    54.5828
85    38.9827
86    48.0403
68 11.7379  1
80    42.2109
69 7.01422  1
113    0
70 11.5893  1
80    52.0449
71 6.52867  5
104    37.7293
105    43.9477
106    64.2547
107    40.5657
108    53.2104
72 10.0035  1
113    0
73 11.3506  1
113    0
74 5.74953  1
113    0
75 7.45918  1
113    0
76 13.0422  1
91    46.9865
77 11.2737  1
80    53.2196
78 5.49837  1
113    0
79 6.63915  1
113    0
80 10.3645  1
113    0
81 12.5295  1
113    0
82 9.59914  1
113    0
83 10.0301  3
98    64.848
99    42.503
100    59.5369
84 11.4373  1
113    0
85 6.03244  1
91    35.0375
86 8.38328  6
92    41.0051
93    54.6451
94    39.1859
95    48.704
96    49.7853
97    53.3166
87 6.0596  1
113    0
88 8.47179  1
113    0
89 6.34861  1
113    0
90 9.41572  1
113    0
91 9.43129  1
113    0
92 9.48195  1
113    0
93 9.64736  1
113    0
94 10.1875  1
113    0
95 11.9515  1
113    0
96 7.71157  1
113    0
97 13.8665  1
113    0
98 13.9654  1
113    0
99 14.2883  1
113    0
100 5.34242  1
113    0
101 6.1298  1
113    0
102 8.70098  1
113    0
103 7.09723  1
113    0
104 11.8603  1
113    0
105 7.41371  1
113    0
106 12.8939  1
113    0
107 10.7894  1
113    0
108 13.9169  1
113    0
109 14.1299  1
113    0
110 14.8254  1
113    0
111 7.09632  1
113    0
112 11.8572  1
113    0
113 0  0
