86
0 6.34861  10
1    10.1116
2    11.168
3    8.61742
4    12.2888
5    12.2776
6    12.2412
7    12.1222
8    11.7334
9    10.4639
10    12.3185
1 9.41572  1
18    11.3764
2 9.43129  1
65    10.6633
3 9.48195  2
25    10.7642
41    7.20545
4 9.64736  1
65    9.95706
5 10.1875  7
19    11.9803
20    11.27
21    8.9505
22    7.37629
23    8.23582
24    11.0427
39    9.78841
6 11.9515  1
25    10.8104
7 7.71157  1
18    9.29786
8 13.8665  1
17    12.9198
9 13.9654  8
11    12.3745
12    12.5574
13    7.15455
14    7.51161
15    8.67766
16    12.4855
18    8.52293
49    11.7166
10 14.2883  1
18    11.9402
11 5.34242  1
17    8.33799
12 6.1298  1
85    0
13 8.70098  1
25    7.44972
14 7.09723  1
25    10.9536
15 11.8603  5
45    11.1162
46    8.44823
47    11.7364
48    10.4736
49    12.8953
16 7.41371  2
18    11.139
25    7.9172
17 12.8939  4
18    8.51067
25    8.47551
41    12.573
64    7.00751
18 10.7894  6
26    7.98349
27    10.2187
28    11.5177
29    9.75948
30    10.018
31    10.8624
19 13.9169  3
25    10.0021
39    9.68917
65    8.20103
20 14.1299  1
64    7.0315
21 14.8254  3
25    7.29902
59    7.79653
63    8.83532
22 7.09632  1
25    8.20853
23 11.8572  1
25    11.8253
24 7.40364  1
85    0
25 12.861  9
32    7.61946
33    9.02997
34    7.63576
35    9.08307
36    7.80917
37    9.64943
38    9.65877
49    11.1143
65    12.9696
26 10.6816  2
60    9.60805
61    9.52364
27 13.565  1
85    0
28 12.9809  2
41    12.3793
59    8.48979
29 11.0732  1
64    7.10987
30 14.8437  1
65    9.74081
31 7.15613  3
49    8.44218
59    11.872
65    7.83718
32 12.0525  3
41    8.62694
49    8.25779
63    9.39729
33 8.04147  9
50    10.409
51    12.139
52    11.7885
53    10.6439
54    12.9062
55    8.29368
56    11.2315
57    8.82488
58    12.9663
34 14.9438  1
85    0
35 7.48299  1
85    0
36 13.1201  1
85    0
37 11.5276  1
39    10.1125
38 6.32756  1
85    0
39 9.34675  3
40    11.1709
41    12.3199
49    12.3501
40 9.20606  1
85    0
41 8.74645  3
42    7.67788
43    9.22059
44    8.25834
42 7.24555  1
85    0
43 12.3446  1
85    0
44 8.99548  1
49    12.478
45 8.05887  1
85    0
46 5.00031  7
78    11.1676
79    8.61632
80    12.2851
81    12.2657
82    12.2022
83    11.9947
84    11.3172
47 5.01251  1
85    0
48 5.05249  1
85    0
49 5.18311  1
85    0
50 5.60945  2
62    11.4068
65    10.929
51 7.00171  1
85    0
52 11.5484  1
59    10.9166
53 6.39531  2
62    9.24787
64    7.36567
54 9.56801  2
66    8.5006
67    11.9074
55 9.92843  1
85    0
56 11.1055  1
85    0
57 14.9493  1
64    7.00018
58 7.50099  1
62    8.34733
59 13.179  10
68    11.0321
69    8.17374
70    10.8398
71    7.54585
72    8.78954
73    12.8509
74    8.11313
75    10.6421
76    12.9002
77    8.27409
60 11.7202  1
85    0
61 6.95624  1
85    0
62 11.3997  1
85    0
63 5.90976  1
85    0
64 7.98257  1
85    0
65 14.7516  1
85    0
66 6.85522  1
85    0
67 11.0701  1
85    0
68 14.8337  1
85    0
69 7.12348  1
85    0
70 11.946  1
85    0
71 7.69387  1
85    0
72 13.8086  1
85    0
73 13.7762  1
85    0
74 13.6703  1
85    0
75 13.3245  1
85    0
76 12.1953  1
85    0
77 8.5081  1
85    0
78 6.46733  1
85    0
79 9.80331  1
85    0
80 10.6969  1
85    0
81 13.6151  1
85    0
82 13.1442  1
85    0
83 11.6063  1
85    0
84 6.58452  1
85    0
85 0  0
