53
0 5.49837  4
1    4.62394
2    4.17367
3    5.70338
18    4.08687
1 6.63915  1
3    4.69865
2 10.3645  2
16    6.4848
17    4.2503
3 12.5295  6
4    4.41766
5    3.50009
6    3.50375
7    3.51575
8    3.55493
9    3.68284
4 9.59914  1
36    6.1444
5 10.0301  2
18    5.51605
36    5.4819
6 11.4373  3
14    4.97853
15    5.33166
36    6.13881
7 6.03244  1
36    6.08452
8 8.38328  5
10    4.10051
11    5.46451
12    3.91859
13    4.8704
18    3.77293
9 6.0596  1
52    0
10 8.47179  1
36    4.30871
11 6.34861  10
21    4.05657
22    5.32104
23    6.4501
24    4.13704
25    5.5838
26    4.30816
27    6.14257
28    6.13286
29    6.10109
30    5.99736
12 9.41572  1
52    0
13 9.43129  3
31    5.6586
32    4.55243
33    3.9402
14 9.48195  2
18    5.41992
36    5.58399
15 9.64736  2
18    5.95369
36    3.97536
16 10.1875  1
52    0
17 11.9515  1
52    0
18 7.71157  2
19    4.39477
20    6.42547
19 13.8665  1
52    0
20 13.9654  9
43    6.27871
44    3.57727
45    3.75581
46    4.33883
47    6.24273
48    6.4599
49    4.169
50    5.68818
51    4.64893
21 14.2883  6
37    6.12059
38    6.06108
39    5.86671
40    5.23196
41    6.15923
42    6.18725
22 5.34242  2
34    4.94099
35    5.20907
23 6.1298  1
52    0
24 8.70098  1
52    0
25 7.09723  1
52    0
26 11.8603  1
52    0
27 7.41371  1
52    0
28 12.8939  1
36    5.0558
29 10.7894  1
52    0
30 13.9169  1
52    0
31 14.1299  1
52    0
32 14.8254  1
52    0
33 7.09632  1
52    0
34 11.8572  1
52    0
35 7.40364  1
36    5.94325
36 12.861  1
52    0
37 10.6816  1
52    0
38 13.565  1
52    0
39 12.9809  1
52    0
40 11.0732  1
52    0
41 14.8437  1
52    0
42 7.15613  1
52    0
43 12.0525  1
52    0
44 8.04147  1
52    0
45 14.9438  1
52    0
46 7.48299  1
52    0
47 13.1201  1
52    0
48 11.5276  1
52    0
49 6.32756  1
52    0
50 9.34675  1
52    0
51 9.20606  1
52    0
52 0  0
