186
0 8.5081  10
1    1.15177
2    0.975948
3    1.0018
4    1.08624
5    0.761946
6    0.902997
7    0.763576
8    1.01125
9    0.862694
24    0.834733
1 6.46733  4
8    0.964943
18    1.28953
30    0.85006
112    1.1872
2 9.80331  6
8    1.11709
10    0.767788
18    1.24779
19    1.12315
24    0.952364
146    1.01116
3 10.6969  4
8    0.978841
9    1.23199
30    1.10321
108    1.11162
4 13.6151  3
8    0.968917
9    1.2573
109    0.844823
5 13.1442  5
8    0.908307
9    1.23793
18    1.0409
19    0.829368
24    0.779653
6 11.6063  4
8    0.780917
19    1.17885
24    0.960805
25    0.700018
7 6.58452  2
8    0.965877
19    0.882488
8 10.186  3
9    0.720545
19    1.29062
30    0.754585
9 11.9466  3
18    0.825779
25    1.14068
30    0.995706
10 7.6957  4
11    0.922059
12    0.825834
13    1.11162
25    0.939729
11 13.8147  1
18    0.844218
12 13.796  5
20    1.29663
21    0.848979
22    1.1872
23    1.09166
25    0.710987
13 13.7353  6
14    0.844823
15    1.17364
16    1.04736
17    1.23501
18    1.11143
108    0.825834
14 13.5369  5
26    0.820103
27    1.0929
28    0.783718
29    0.974081
108    0.922059
15 12.889  2
19    1.06439
30    1.08398
16 10.7732  1
122    0.736567
17 13.8641  1
18    1.17166
18 13.9575  2
19    1.2139
108    1.23199
19 14.2624  1
30    1.29696
20 5.25758  4
25    0.736567
54    1.22888
110    0.844218
122    0.783718
21 5.85269  3
24    0.924787
25    0.883532
174    0.847551
22 7.79611  1
31    0.878954
23 14.1424  1
25    0.700751
24 14.8663  2
25    0.703149
30    1.19074
25 7.22999  2
30    0.817374
122    0.820103
26 12.2939  7
47    1.04181
48    1.2169
49    1.18865
50    1.09638
51    0.795071
52    1.01116
53    1.1168
27 8.82977  1
106    1.01125
28 7.51778  1
30    1.06633
29 13.2336  1
185    0
30 11.8984  1
185    0
31 7.53822  10
32    1.28509
33    0.811313
34    1.06421
35    1.29002
36    0.827409
37    1.11676
38    0.861632
39    1.22851
108    1.23793
110    1.11143
32 13.3004  4
43    1.13172
44    0.910486
45    0.78804
46    0.988198
33 12.1166  4
40    1.22657
41    1.22022
42    1.19947
107    1.11709
34 8.25083  9
128    1.19074
129    1.10321
130    0.817374
131    1.08398
132    0.754585
133    0.878954
134    1.28509
135    0.811313
136    1.06421
35 5.62716  7
55    1.22776
56    1.22412
57    1.21222
58    1.17334
59    1.04639
60    1.23185
146    1.22412
36 7.05969  6
123    0.974081
124    0.995706
125    1.06633
126    1.29696
127    0.85006
146    1.1168
37 11.7379  2
109    1.17364
146    1.22888
38 7.01422  1
185    0
39 11.5893  1
108    0.720545
40 6.52867  1
110    1.29062
41 10.0035  10
61    1.23745
62    1.25574
63    0.715455
64    0.751161
65    0.867766
66    1.24855
67    1.29198
68    0.833799
69    1.13764
70    0.929786
42 11.3506  1
185    0
43 5.74953  1
185    0
44 7.45918  1
185    0
45 13.0422  4
103    0.965877
104    0.968917
105    0.978841
109    0.825779
46 11.2737  1
185    0
47 5.49837  2
54    0.861742
145    1.18865
48 6.63915  1
110    1.17166
49 10.3645  1
145    0.988198
50 12.5295  7
96    1.08624
97    0.761946
98    0.902997
99    0.763576
100    0.908307
101    0.780917
102    0.964943
51 9.59914  1
185    0
52 10.0301  1
144    1.19947
53 11.4373  10
72    1.19402
73    1.1139
74    0.852293
75    1.19803
76    1.127
77    0.89505
78    0.737629
79    0.823582
80    1.10427
174    0.798349
54 6.03244  2
108    1.2573
110    1.2139
55 8.38328  1
109    1.24779
56 6.0596  1
185    0
57 8.47179  1
185    0
58 6.34861  2
109    1.23501
145    1.09638
59 9.41572  2
71    0.851067
145    0.795071
60 9.43129  1
112    0.848979
61 9.48195  1
185    0
62 9.64736  5
81    0.820853
82    1.09536
83    0.79172
84    1.00021
85    1.08104
63 10.1875  1
185    0
64 11.9515  1
185    0
65 7.71157  1
110    1.17885
66 13.8665  1
185    0
67 13.9654  1
110    0.829368
68 14.2883  2
122    0.700751
174    0.729902
69 5.34242  10
86    0.744972
87    0.847551
88    1.18253
89    1.07642
90    0.729902
91    0.798349
92    1.02187
93    1.15177
94    0.975948
95    1.0018
70 6.1298  1
122    1.0929
71 8.70098  1
185    0
72 7.09723  1
185    0
73 11.8603  4
164    0.89505
165    0.737629
166    0.823582
167    1.10427
74 7.41371  1
112    0.882488
75 12.8939  5
113    1.09166
114    0.779653
115    0.960805
116    0.952364
122    0.710987
76 10.7894  1
185    0
77 13.9169  1
146    1.04639
78 14.1299  6
168    0.820853
169    1.09536
170    0.79172
171    1.00021
172    1.08104
173    0.744972
79 14.8254  5
117    0.924787
118    0.834733
119    1.14068
120    0.939729
121    0.883532
80 7.09632  1
185    0
81 11.8572  1
185    0
82 7.40364  1
185    0
83 12.861  1
108    0.767788
84 10.6816  1
146    1.21222
85 13.565  1
185    0
86 12.9809  1
185    0
87 11.0732  1
185    0
88 14.8437  1
145    1.2169
89 7.15613  1
146    1.17334
90 12.0525  8
177    0.975948
178    1.0018
179    1.08624
180    0.761946
181    0.902997
182    0.763576
183    0.908307
184    0.780917
91 8.04147  1
110    1.06439
92 14.9438  1
111    1.12315
93 7.48299  9
155    0.833799
156    1.13764
157    0.929786
158    0.851067
159    1.19402
160    1.1139
161    0.852293
162    1.19803
163    1.127
94 13.1201  2
107    0.862694
146    0.861742
95 11.5276  1
185    0
96 6.32756  1
122    0.700018
97 9.34675  1
110    1.0409
98 9.20606  1
185    0
99 8.74645  1
185    0
100 7.24555  1
122    0.703149
101 12.3446  1
185    0
102 8.99548  1
185    0
103 8.05887  1
185    0
104 5.00031  1
144    0.910486
105 5.01251  1
109    1.04736
106 5.05249  1
185    0
107 5.18311  1
185    0
108 5.60945  2
109    1.28953
174    1.07642
109 7.00171  1
112    1.29663
110 11.5484  7
137    1.29002
138    0.827409
139    1.11676
140    0.861632
141    1.22851
142    1.22657
143    1.22022
111 6.39531  1
185    0
112 9.56801  1
185    0
113 9.92843  6
149    1.25574
150    0.715455
151    0.751161
152    0.867766
153    1.24855
154    1.29198
114 11.1055  1
185    0
115 14.9493  2
175    1.02187
176    1.15177
116 7.50099  1
144    1.13172
117 13.179  1
185    0
118 11.7202  1
185    0
119 6.95624  1
185    0
120 11.3997  1
185    0
121 5.90976  1
185    0
122 7.98257  1
185    0
123 14.7516  1
185    0
124 6.85522  1
185    0
125 11.0701  1
185    0
126 14.8337  1
185    0
127 7.12348  1
185    0
128 11.946  1
144    0.78804
129 7.69387  1
185    0
130 13.8086  1
185    0
131 13.7762  1
145    1.04181
132 13.6703  1
185    0
133 13.3245  1
185    0
134 12.1953  1
185    0
135 8.5081  1
185    0
136 6.46733  1
146    1.22776
137 9.80331  1
174    1.18253
138 10.6969  2
147    1.23185
148    1.23745
139 13.6151  1
185    0
140 13.1442  1
185    0
141 11.6063  1
185    0
142 6.58452  1
185    0
143 10.186  1
185    0
144 11.9466  1
185    0
145 7.6957  1
185    0
146 13.8147  1
185    0
147 13.796  1
185    0
148 13.7353  1
185    0
149 13.5369  1
185    0
150 12.889  1
185    0
151 10.7732  1
185    0
152 13.8641  1
185    0
153 13.9575  1
185    0
154 14.2624  1
185    0
155 5.25758  1
185    0
156 5.85269  1
185    0
157 7.79611  1
185    0
158 14.1424  1
185    0
159 14.8663  1
185    0
160 7.22999  1
185    0
161 12.2939  1
185    0
162 8.82977  1
185    0
163 7.51778  1
185    0
164 13.2336  1
185    0
165 11.8984  1
185    0
166 7.53822  1
185    0
167 13.3004  1
185    0
168 12.1166  1
185    0
169 8.25083  1
185    0
170 5.62716  1
185    0
171 7.05969  1
185    0
172 11.7379  1
185    0
173 7.01422  1
185    0
174 11.5893  1
185    0
175 6.52867  1
185    0
176 10.0035  1
185    0
177 11.3506  1
185    0
178 5.74953  1
185    0
179 7.45918  1
185    0
180 13.0422  1
185    0
181 11.2737  1
185    0
182 5.49837  1
185    0
183 6.63915  1
185    0
184 10.3645  1
185    0
185 0  0
