43
0 8.74645  6
1    1.09638
2    0.795071
3    1.01116
7    1.22776
11    1.23745
20    0.820853
1 7.24555  2
11    0.751161
22    1.07642
2 12.3446  2
4    1.1168
11    0.715455
3 8.99548  1
11    1.25574
4 8.05887  5
5    0.861742
6    1.22888
21    1.18253
23    1.08624
33    1.2573
5 5.00031  6
8    1.21222
9    1.17334
10    1.04639
11    1.29198
21    0.79172
22    0.729902
6 5.01251  1
7    1.22412
7 5.05249  4
11    1.24855
20    1.127
21    0.847551
23    0.975948
8 5.18311  10
12    0.833799
13    1.13764
14    0.929786
15    0.851067
16    1.19402
17    1.1139
18    0.852293
19    1.19803
23    0.902997
33    1.11162
9 5.60945  4
11    0.867766
21    0.744972
22    0.798349
23    1.02187
10 7.00171  2
11    1.23185
33    0.720545
11 11.5484  1
23    0.761946
12 6.39531  2
21    1.00021
33    1.17364
13 9.56801  2
20    0.89505
23    1.0018
14 9.92843  2
20    0.737629
21    1.08104
15 11.1055  1
23    0.763576
16 14.9493  2
20    0.823582
33    0.844823
17 7.50099  2
20    1.10427
33    0.767788
18 13.179  1
42    0
19 11.7202  2
21    1.09536
33    0.922059
20 6.95624  1
42    0
21 11.3997  1
33    1.23793
22 5.90976  1
23    1.15177
23 7.98257  9
24    0.908307
25    0.780917
26    0.964943
27    0.965877
28    0.968917
29    0.978841
30    1.01125
31    1.11709
32    0.862694
24 14.7516  1
42    0
25 6.85522  1
33    0.825834
26 11.0701  1
42    0
27 14.8337  1
42    0
28 7.12348  1
33    1.23199
29 11.946  1
42    0
30 7.69387  1
42    0
31 13.8086  8
34    1.04736
35    1.23501
36    1.24779
37    1.28953
38    0.825779
39    1.11143
40    0.844218
41    1.17166
32 13.7762  1
42    0
33 13.6703  1
42    0
34 13.3245  1
42    0
35 12.1953  1
42    0
36 8.5081  1
42    0
37 6.46733  1
42    0
38 9.80331  1
42    0
39 10.6969  1
42    0
40 13.6151  1
42    0
41 13.1442  1
42    0
42 0  0
