208
0 6.63915  10
1    5.41992
2    3.77293
3    6.42547
4    4.05657
5    6.13286
8    5.58399
9    6.18725
15    4.169
39    5.00902
78    4.64893
1 10.3645  8
3    4.39477
4    5.32104
5    4.13704
7    4.55243
8    5.4819
9    5.23196
16    4.25533
107    5.55716
2 12.5295  7
5    4.30816
6    6.10109
7    4.94099
9    6.12059
68    6.13286
106    5.86818
111    5.32196
3 9.59914  8
4    6.4501
5    6.14257
6    5.99736
7    5.94325
8    5.0558
9    6.15923
49    5.89427
107    6.44763
4 10.0301  5
5    5.5838
7    3.9402
9    5.86671
69    6.08452
164    5.75886
5 11.4373  6
6    5.6586
7    6.08452
9    6.06108
48    5.85829
68    6.10109
71    5.4819
6 6.03244  5
7    5.20907
8    3.97536
9    6.1444
105    3.83894
147    3.57727
7 8.38328  2
9    6.13881
40    4.54154
8 6.0596  6
9    4.30871
39    4.87974
43    3.60273
96    5.75886
129    4.39477
196    3.55493
9 8.47179  7
10    6.27871
11    3.57727
12    3.75581
49    5.32196
69    4.55243
96    5.00902
164    3.64951
10 6.34861  4
15    5.68818
68    4.13704
71    6.13881
143    5.4819
11 9.41572  9
13    4.33883
14    6.24273
15    6.4599
16    4.64893
68    6.4501
71    4.30871
96    3.64951
108    5.20449
148    6.24273
12 9.43129  4
48    5.86818
51    4.62394
69    5.20907
128    5.51605
13 9.48195  4
41    5.58545
48    4.22109
50    5.61576
143    5.58399
14 9.64736  1
207    0
15 10.1875  4
17    5.97008
18    5.56952
57    4.8704
195    4.17367
16 11.9515  3
42    4.31347
48    5.23681
111    6.45312
17 7.71157  10
19    4.26147
20    5.99013
21    5.63498
22    4.47525
23    3.68815
24    4.11791
25    5.52136
26    4.10427
27    5.47678
28    3.9586
18 13.8665  6
41    4.89421
48    4.12889
51    4.76182
68    4.30816
71    6.12059
106    4.12917
19 13.9654  7
29    5.00105
30    5.40518
31    3.72486
32    4.23775
96    5.10936
106    4.22411
126    3.68284
20 14.2883  2
77    6.4599
107    4.22109
21 5.34242  2
69    3.9402
144    6.13881
22 6.1298  10
79    4.25533
80    5.97008
81    5.56952
82    4.26147
83    5.99013
84    5.63498
85    4.47525
86    3.68815
87    4.11791
88    5.52136
23 8.70098  2
40    4.82472
43    3.83894
24 7.09723  1
57    3.68284
25 11.8603  1
50    4.14684
26 7.41371  3
43    6.28649
106    5.55808
164    4.87974
27 12.8939  2
48    6.44763
77    3.75581
28 10.7894  1
39    3.80973
29 13.9169  3
40    4.82939
48    6.17507
68    4.05657
30 14.1299  7
33    5.91267
34    5.38211
35    3.64951
36    3.99174
37    5.10936
38    5.75886
40    3.81788
31 14.8254  10
58    5.33166
59    6.4848
60    4.2503
61    5.95369
62    5.51605
63    4.08687
64    5.41992
65    3.77293
66    4.39477
67    6.42547
32 7.09632  5
39    5.43118
40    3.90458
47    4.22411
50    5.93602
57    3.55493
33 11.8572  8
40    4.51498
49    6.06951
57    4.97853
68    6.14257
71    6.06108
96    3.80973
128    4.2503
149    4.25533
34 7.40364  3
41    5.05626
57    4.10051
195    5.70338
35 12.861  2
48    5.55716
78    4.169
36 10.6816  3
50    5.45828
105    5.58545
107    4.12889
37 13.565  2
50    6.48315
147    6.15923
38 12.9809  1
43    6.18963
39 11.0732  6
42    6.15996
50    3.89827
51    4.80403
68    5.32104
180    3.83894
192    5.61576
40 14.8437  4
41    4.84458
57    3.91859
96    5.43118
112    4.41244
41 7.15613  5
44    4.61029
45    4.12917
46    5.55808
48    6.23898
68    5.99736
42 12.0525  2
49    6.45312
147    6.27871
43 8.04147  2
129    4.08687
164    5.10936
44 14.9438  5
48    5.20449
71    6.1444
105    4.31347
112    6.48315
147    3.75581
45 7.48299  2
57    5.46451
96    4.87974
46 13.1201  2
50    4.2449
71    5.58399
47 11.5276  3
50    4.41244
129    5.41992
195    4.76182
48 6.32756  3
68    5.5838
71    3.97536
107    6.17507
49 9.34675  1
149    5.99013
50 9.20606  3
51    4.17367
57    3.51575
148    4.64893
51 8.74645  6
52    5.70338
53    4.69865
54    4.41766
55    3.50009
56    3.50375
129    6.42547
52 7.24555  1
162    5.91267
53 12.3446  3
96    3.99174
144    6.12059
192    6.45312
54 8.99548  2
70    5.94325
143    3.97536
55 8.05887  1
78    5.68818
56 5.00031  1
207    0
57 5.01251  2
71    5.0558
77    6.24273
58 5.05249  2
69    5.6586
180    4.22411
59 5.18311  2
105    4.61029
149    5.97008
60 5.60945  1
77    3.57727
61 7.00171  10
97    4.51498
98    3.81788
99    4.54154
100    3.90458
101    4.82472
102    4.82939
103    4.84458
104    4.89421
127    3.91859
143    5.0558
62 11.5484  1
128    6.4848
63 6.39531  8
72    5.86671
73    5.23196
74    6.15923
75    6.18725
76    6.27871
105    6.28649
126    4.10051
196    3.50375
64 9.56801  1
195    4.69865
65 9.92843  1
105    5.05626
66 11.1055  1
207    0
67 14.9493  2
77    4.33883
111    4.14684
68 7.50099  1
69    4.94099
69 13.179  1
207    0
70 11.7202  1
129    6.4501
71 6.95624  1
207    0
72 11.3997  1
96    5.91267
73 5.90976  2
129    3.77293
148    4.169
74 7.98257  2
89    4.10427
144    6.06108
75 14.7516  2
109    6.06951
110    5.89427
76 6.85522  8
90    5.47678
91    3.9586
92    5.00105
93    5.40518
94    3.72486
95    4.23775
107    6.23898
165    3.80973
77 11.0701  3
145    5.86671
146    5.23196
165    5.43118
78 14.8337  1
207    0
79 7.12348  1
207    0
80 11.946  1
105    6.18963
81 7.69387  1
207    0
82 13.8086  4
113    4.2449
114    5.93602
115    5.45828
128    4.8704
83 13.7762  2
126    3.55493
147    6.18725
84 13.6703  1
207    0
85 13.3245  8
150    5.63498
151    4.47525
152    3.68815
153    4.11791
154    5.52136
155    4.10427
156    5.47678
157    3.9586
86 12.1953  1
207    0
87 8.5081  1
207    0
88 6.46733  1
207    0
89 9.80331  10
116    3.89827
117    4.80403
118    4.76182
119    4.62394
120    4.17367
121    5.70338
122    4.69865
123    4.41766
124    3.50009
125    3.50375
90 10.6969  1
207    0
91 13.6151  1
207    0
92 13.1442  1
207    0
93 11.6063  1
106    5.23681
94 6.58452  1
129    4.05657
95 10.186  2
96    5.38211
126    5.46451
96 11.9466  1
105    3.60273
97 7.6957  1
163    5.38211
98 13.8147  5
166    3.81788
167    4.54154
168    3.90458
169    4.82472
170    4.82939
99 13.796  1
207    0
100 13.7353  2
105    6.15996
144    6.1444
101 13.5369  2
108    5.85829
111    5.61576
102 12.889  1
207    0
103 10.7732  1
207    0
104 13.8641  1
148    5.68818
105 13.9575  1
207    0
106 14.2624  1
129    4.13704
107 5.25758  1
207    0
108 5.85269  1
128    5.95369
109 7.79611  1
192    4.41244
110 14.1424  1
128    5.33166
111 14.8663  9
130    5.5838
131    4.30816
132    6.14257
133    6.13286
134    6.10109
135    5.99736
136    5.6586
137    4.55243
138    3.9402
112 7.22999  2
126    3.51575
128    4.97853
113 12.2939  4
158    5.00105
159    5.40518
160    3.72486
161    4.23775
114 8.82977  1
207    0
115 7.51778  1
164    3.99174
116 13.2336  3
129    5.32104
148    6.4599
195    3.89827
117 11.8984  1
207    0
118 7.53822  2
148    4.33883
165    4.51498
119 13.3004  2
149    5.56952
180    4.61029
120 12.1166  1
207    0
121 8.25083  1
207    0
122 5.62716  1
207    0
123 7.05969  10
197    4.10051
198    5.46451
199    3.91859
200    4.8704
201    4.97853
202    5.33166
203    6.4848
204    4.2503
205    5.95369
206    5.51605
124 11.7379  1
180    4.12917
125 7.01422  1
207    0
126 11.5893  1
207    0
127 6.52867  1
196    4.41766
128 10.0035  1
142    5.94325
129 11.3506  1
195    4.62394
130 5.74953  1
207    0
131 7.45918  3
193    5.93602
194    5.45828
196    3.68284
132 13.0422  1
207    0
133 11.2737  1
207    0
134 5.49837  1
144    4.30871
135 6.63915  4
139    4.94099
140    5.20907
141    6.08452
192    4.14684
136 10.3645  1
207    0
137 12.5295  1
207    0
138 9.59914  1
207    0
139 10.0301  1
207    0
140 11.4373  1
207    0
141 6.03244  1
207    0
142 8.38328  1
207    0
143 6.0596  1
149    4.26147
144 8.47179  1
207    0
145 6.34861  1
207    0
146 9.41572  1
207    0
147 9.43129  1
164    5.00902
148 9.48195  1
207    0
149 9.64736  1
207    0
150 10.1875  1
207    0
151 11.9515  1
207    0
152 7.71157  1
207    0
153 13.8665  1
207    0
154 13.9654  1
207    0
155 14.2883  1
207    0
156 5.34242  1
207    0
157 6.1298  1
192    6.48315
158 8.70098  1
207    0
159 7.09723  1
207    0
160 11.8603  1
196    3.51575
161 7.41371  1
207    0
162 12.8939  1
207    0
163 10.7894  1
207    0
164 13.9169  1
192    4.2449
165 14.1299  1
207    0
166 14.8254  1
207    0
167 7.09632  1
207    0
168 11.8572  1
207    0
169 7.40364  9
171    4.84458
172    4.89421
173    5.05626
174    5.58545
175    4.31347
176    6.15996
177    6.18963
178    6.28649
179    3.60273
170 12.861  1
180    5.55808
171 10.6816  1
207    0
172 13.565  1
207    0
173 12.9809  1
195    4.80403
174 11.0732  1
207    0
175 14.8437  1
207    0
176 7.15613  1
207    0
177 12.0525  8
181    5.23681
182    6.17507
183    6.23898
184    6.44763
185    4.12889
186    5.55716
187    4.22109
188    5.85829
178 8.04147  1
180    5.86818
179 14.9438  1
207    0
180 7.48299  1
207    0
181 13.1201  1
207    0
182 11.5276  1
196    3.50009
183 6.32756  1
207    0
184 9.34675  1
207    0
185 9.20606  1
207    0
186 8.74645  1
192    5.32196
187 7.24555  1
207    0
188 12.3446  3
189    5.20449
190    6.06951
191    5.89427
189 8.99548  1
207    0
190 8.05887  1
207    0
191 5.00031  1
207    0
192 5.01251  1
207    0
193 5.05249  1
207    0
194 5.18311  1
207    0
195 5.60945  1
207    0
196 7.00171  1
207    0
197 11.5484  1
207    0
198 6.39531  1
207    0
199 9.56801  1
207    0
200 9.92843  1
207    0
201 11.1055  1
207    0
202 14.9493  1
207    0
203 7.50099  1
207    0
204 13.179  1
207    0
205 11.7202  1
207    0
206 6.95624  1
207    0
207 0  0
