176
0 11.7379  5
1    12.3501
10    8.82488
11    8.83532
17    9.95706
140    7.67788
1 7.01422  5
2    12.478
10    11.7885
11    10.9166
17    12.9696
24    12.2022
2 11.5893  9
3    12.8953
4    8.25779
5    11.1143
6    8.44218
7    11.7166
8    10.409
9    12.139
11    7.79653
24    11.1676
3 6.52867  2
10    8.29368
11    8.34733
4 10.0035  4
10    12.9062
11    11.4068
17    10.929
24    12.2657
5 11.3506  3
10    10.6439
11    9.24787
17    10.6633
6 5.74953  4
10    11.2315
11    9.39729
17    7.83718
19    8.78954
7 7.45918  4
10    11.872
11    9.60805
121    10.1116
141    8.44823
8 13.0422  1
10    8.48979
9 11.2737  3
10    12.9663
11    7.00018
139    9.68917
10 5.49837  1
11    9.52364
11 6.63915  8
12    7.00751
13    7.0315
14    7.10987
15    7.36567
16    8.20103
17    11.9074
19    7.54585
124    11.9402
12 10.3645  1
24    11.9947
13 12.5295  8
20    12.8509
21    8.11313
22    10.6421
23    12.9002
24    8.27409
81    7.63576
91    8.44823
120    9.10486
14 9.59914  1
18    11.0321
15 10.0301  4
17    8.5006
19    8.17374
105    9.52364
125    7.37629
16 11.4373  2
17    9.74081
105    9.60805
17 6.03244  9
67    10.0021
68    10.8104
69    7.44972
70    8.47551
71    11.8253
72    10.7642
73    7.29902
74    7.98349
75    10.2187
18 8.38328  3
19    10.8398
24    8.61632
133    11.8253
19 6.0596  1
175    0
20 8.47179  9
26    9.10486
27    7.8804
28    9.88198
29    10.4181
30    12.169
31    11.8865
32    10.9638
33    7.95071
115    12.8509
21 6.34861  4
24    12.2851
104    8.29368
115    10.6421
121    11.168
22 9.41572  1
175    0
23 9.43129  8
44    12.3745
45    12.5574
46    7.15455
47    7.51161
48    8.67766
49    12.4855
50    12.9198
120    11.3172
24 9.48195  1
25    11.3172
25 9.64736  2
91    12.3793
125    11.9803
26 10.1875  1
175    0
27 11.9515  5
51    8.33799
52    11.3764
53    9.29786
54    8.51067
125    11.27
28 7.71157  10
34    10.1116
35    11.168
36    8.61742
37    12.2888
38    12.2776
39    12.2412
40    12.1222
41    11.7334
42    10.4639
43    12.3185
29 13.8665  1
121    12.2776
30 13.9654  1
133    7.61946
31 14.2883  4
102    10.6439
103    12.9062
104    12.9663
160    9.52364
32 5.34242  7
76    11.5177
77    9.75948
78    10.018
79    10.8624
80    7.61946
113    7.0315
122    10.4639
33 6.1298  1
133    10.018
34 8.70098  4
121    12.2888
123    12.4855
124    8.51067
140    8.62694
35 7.09723  3
123    8.67766
124    8.52293
160    7.79653
36 11.8603  1
175    0
37 7.41371  1
116    12.9002
38 12.8939  2
113    9.95706
140    12.573
39 10.7894  1
175    0
40 13.9169  5
134    9.02997
135    7.63576
136    9.08307
137    7.80917
138    9.64943
41 14.1299  1
175    0
42 14.8254  6
62    8.23582
63    11.0427
64    8.20853
65    10.9536
66    7.9172
122    12.1222
43 7.09632  10
92    12.3501
93    12.478
94    12.8953
95    8.25779
96    11.1143
97    8.44218
98    11.7166
99    10.409
100    12.139
101    11.7885
44 11.8572  8
55    11.9402
56    11.139
57    8.52293
58    11.9803
59    11.27
60    8.9505
61    7.37629
125    11.0427
45 7.40364  9
152    12.139
153    11.7885
154    10.6439
155    12.9062
156    8.29368
157    11.2315
158    8.82488
159    12.9663
160    9.60805
46 12.861  3
91    11.1162
114    8.17374
140    9.22059
47 10.6816  1
91    10.4736
48 13.565  2
91    12.573
114    8.5006
49 12.9809  9
161    9.24787
162    8.34733
163    11.4068
164    9.39729
165    8.83532
166    7.00018
167    7.00751
168    7.0315
169    7.10987
50 11.0732  9
82    7.80917
83    9.64943
84    9.65877
85    9.68917
86    9.78841
87    10.1125
88    11.1709
89    8.62694
90    12.3199
51 14.8437  1
120    12.169
52 7.15613  2
113    7.83718
122    11.7334
53 12.0525  3
91    7.20545
121    7.95071
139    10.1125
54 8.04147  1
175    0
55 14.9438  2
104    8.82488
113    9.74081
56 7.48299  1
120    9.88198
57 13.1201  1
81    9.02997
58 11.5276  1
175    0
59 6.32756  4
104    8.48979
114    12.9696
123    8.33799
124    11.3764
60 9.34675  1
115    7.54585
61 9.20606  1
91    11.7364
62 8.74645  2
114    10.6633
133    11.5177
63 7.24555  1
115    8.78954
64 12.3446  7
106    9.24787
107    8.34733
108    11.4068
109    9.39729
110    8.83532
111    7.00018
112    7.00751
65 8.99548  1
175    0
66 8.05887  1
91    9.22059
67 5.00031  1
113    7.36567
68 5.01251  3
117    12.2657
118    12.2022
119    11.9947
69 5.05249  1
175    0
70 5.18311  3
145    12.478
146    12.8953
147    8.25779
71 5.60945  1
81    9.08307
72 7.00171  1
175    0
73 11.5484  2
123    12.3745
160    11.872
74 6.39531  3
91    8.25834
139    9.78841
141    11.1162
75 9.56801  2
104    11.2315
125    8.23582
76 9.92843  2
114    11.0321
116    8.27409
77 11.1055  1
175    0
78 14.9493  1
116    12.2851
79 7.50099  1
175    0
80 13.179  1
175    0
81 11.7202  1
175    0
82 6.95624  1
175    0
83 11.3997  1
123    7.51161
84 5.90976  2
91    7.67788
120    7.8804
85 7.98257  1
104    7.79653
86 14.7516  2
121    10.9638
123    12.5574
87 6.85522  2
133    7.98349
139    9.65877
88 11.0701  1
123    12.9198
89 14.8337  2
114    11.9074
140    8.25834
90 7.12348  1
120    10.4181
91 11.946  3
142    11.7364
143    10.4736
144    12.3501
92 7.69387  1
175    0
93 13.8086  1
104    11.872
94 13.7762  1
175    0
95 13.6703  1
175    0
96 13.3245  3
104    10.9166
115    8.11313
133    10.2187
97 12.1953  1
175    0
98 8.5081  1
123    12.3185
99 6.46733  1
122    12.2412
100 9.80331  1
114    10.8398
101 10.6969  1
133    10.8624
102 13.6151  1
175    0
103 13.1442  2
113    8.20103
124    9.29786
104 11.6063  1
116    11.1676
105 6.58452  1
140    11.1709
106 10.186  1
175    0
107 11.9466  1
113    10.929
108 7.6957  5
126    8.20853
127    10.9536
128    7.9172
129    10.0021
130    10.8104
109 13.8147  1
133    9.75948
110 13.796  1
113    7.10987
111 13.7353  3
120    11.8865
121    8.61742
133    10.7642
112 13.5369  4
171    8.20103
172    10.929
173    7.83718
174    9.74081
113 12.889  1
175    0
114 10.7732  2
116    8.61632
160    8.48979
115 13.8641  1
175    0
116 13.9575  1
140    12.3793
117 14.2624  1
175    0
118 5.25758  1
123    7.15455
119 5.85269  1
175    0
120 7.79611  1
125    8.9505
121 14.1424  1
175    0
122 14.8663  1
175    0
123 7.22999  2
124    11.139
140    12.3199
124 12.2939  1
175    0
125 8.82977  1
175    0
126 7.51778  1
175    0
127 13.2336  1
175    0
128 11.8984  1
175    0
129 7.53822  4
131    7.44972
132    8.47551
133    7.29902
140    7.20545
130 13.3004  1
175    0
131 12.1166  1
175    0
132 8.25083  1
175    0
133 5.62716  1
175    0
134 7.05969  1
175    0
135 11.7379  1
175    0
136 7.01422  1
175    0
137 11.5893  1
175    0
138 6.52867  1
175    0
139 10.0035  1
175    0
140 11.3506  1
160    10.9166
141 5.74953  4
148    11.1143
149    8.44218
150    11.7166
151    10.409
142 7.45918  1
175    0
143 13.0422  1
175    0
144 11.2737  1
175    0
145 5.49837  1
175    0
146 6.63915  1
175    0
147 10.3645  1
175    0
148 12.5295  1
175    0
149 9.59914  1
175    0
150 10.0301  1
170    7.36567
151 11.4373  1
175    0
152 6.03244  1
175    0
153 8.38328  1
175    0
154 6.0596  1
175    0
155 8.47179  1
175    0
156 6.34861  1
175    0
157 9.41572  1
175    0
158 9.43129  1
175    0
159 9.48195  1
175    0
160 9.64736  1
175    0
161 10.1875  1
175    0
162 11.9515  1
175    0
163 7.71157  1
175    0
164 13.8665  1
175    0
165 13.9654  1
175    0
166 14.2883  1
175    0
167 5.34242  1
175    0
168 6.1298  1
175    0
169 8.70098  1
175    0
170 7.09723  1
175    0
171 11.8603  1
175    0
172 7.41371  1
175    0
173 12.8939  1
175    0
174 10.7894  1
175    0
175 0  0
