114
0 9.48195  7
1    5.47678
2    3.9586
3    5.00105
4    5.40518
5    3.72486
6    5.91267
7    5.38211
1 9.64736  3
7    3.64951
29    6.17507
73    5.99736
2 10.1875  2
8    5.10936
29    5.55808
3 11.9515  2
6    4.23775
8    5.75886
4 7.71157  4
7    3.99174
29    4.61029
72    5.5838
98    4.47525
5 13.8665  9
10    5.00902
11    5.43118
12    3.80973
13    4.51498
14    3.81788
15    4.54154
16    3.90458
17    4.82472
18    4.82939
6 13.9654  1
113    0
7 14.2883  2
9    4.87974
73    6.10109
8 5.34242  5
34    6.06951
35    5.89427
36    5.32196
37    6.45312
38    4.14684
9 6.1298  3
76    5.20907
77    6.08452
78    5.94325
10 8.70098  4
30    4.12889
31    5.55716
32    4.22109
73    4.55243
11 7.09723  1
113    0
12 11.8603  2
33    5.85829
82    5.86671
13 7.41371  3
72    6.4501
82    6.06108
103    5.91267
14 12.8939  9
44    5.45828
45    3.89827
46    4.80403
47    4.76182
48    4.62394
49    4.17367
50    5.70338
51    4.69865
52    4.41766
15 10.7894  1
98    4.11791
16 13.9169  1
29    6.44763
17 14.1299  1
29    5.86818
18 14.8254  10
19    4.84458
20    4.89421
21    5.05626
22    5.58545
23    4.31347
24    6.15996
25    6.18963
26    6.28649
27    3.60273
28    3.83894
19 7.09632  1
29    5.23681
20 11.8572  1
103    3.72486
21 7.40364  1
113    0
22 12.861  1
113    0
23 10.6816  7
39    5.61576
40    4.41244
41    6.48315
42    4.2449
43    5.93602
72    4.05657
73    6.13286
24 13.565  1
29    4.22411
25 12.9809  1
29    6.23898
26 11.0732  1
113    0
27 14.8437  1
113    0
28 7.15613  1
29    4.12917
29 12.0525  1
113    0
30 8.04147  5
83    5.23196
84    6.15923
85    6.18725
86    6.27871
87    3.57727
31 14.9438  1
113    0
32 7.48299  2
33    5.20449
73    6.14257
33 13.1201  1
113    0
34 11.5276  1
113    0
35 6.32756  1
79    5.4819
36 9.34675  1
113    0
37 9.20606  1
73    5.6586
38 8.74645  1
113    0
39 7.24555  1
82    5.58399
40 12.3446  1
113    0
41 8.99548  10
62    4.97853
63    5.33166
64    6.4848
65    4.2503
66    5.95369
67    5.51605
68    4.08687
69    5.41992
70    3.77293
71    4.39477
42 8.05887  1
72    4.30816
43 5.00031  1
113    0
44 5.01251  1
113    0
45 5.05249  2
61    4.8704
82    6.12059
46 5.18311  8
53    3.50009
54    3.50375
55    3.51575
56    3.55493
57    3.68284
58    4.10051
59    5.46451
60    3.91859
47 5.60945  1
113    0
48 7.00171  2
82    6.13881
98    5.99013
49 11.5484  2
80    3.97536
81    5.0558
50 6.39531  1
113    0
51 9.56801  1
72    6.42547
52 9.92843  10
88    3.75581
89    4.33883
90    6.24273
91    6.4599
92    4.169
93    5.68818
94    4.64893
95    4.25533
96    5.97008
97    5.56952
53 11.1055  1
113    0
54 14.9493  1
113    0
55 7.50099  1
72    5.32104
56 13.179  2
82    6.1444
103    5.40518
57 11.7202  1
113    0
58 6.95624  1
113    0
59 11.3997  1
113    0
60 5.90976  1
82    4.30871
61 7.98257  1
113    0
62 14.7516  9
104    5.38211
105    3.64951
106    3.99174
107    5.10936
108    5.75886
109    4.87974
110    5.00902
111    5.43118
112    3.80973
63 6.85522  1
113    0
64 11.0701  1
98    5.63498
65 14.8337  1
113    0
66 7.12348  2
74    3.9402
75    4.94099
67 11.946  4
99    4.10427
100    5.47678
101    3.9586
102    5.00105
68 7.69387  1
113    0
69 13.8086  1
72    4.13704
70 13.7762  1
113    0
71 13.6703  1
113    0
72 13.3245  1
113    0
73 12.1953  1
113    0
74 8.5081  1
113    0
75 6.46733  1
98    4.26147
76 9.80331  1
113    0
77 10.6969  1
113    0
78 13.6151  1
113    0
79 13.1442  1
113    0
80 11.6063  1
113    0
81 6.58452  1
113    0
82 10.186  1
98    5.52136
83 11.9466  1
103    4.23775
84 7.6957  1
113    0
85 13.8147  1
113    0
86 13.796  1
98    3.68815
87 13.7353  1
113    0
88 13.5369  1
113    0
89 12.889  1
113    0
90 10.7732  1
113    0
91 13.8641  1
113    0
92 13.9575  1
113    0
93 14.2624  1
113    0
94 5.25758  1
113    0
95 5.85269  1
113    0
96 7.79611  1
113    0
97 14.1424  1
113    0
98 14.8663  1
113    0
99 7.22999  1
113    0
100 12.2939  1
113    0
101 8.82977  1
113    0
102 7.51778  1
113    0
103 13.2336  1
113    0
104 11.8984  1
113    0
105 7.53822  1
113    0
106 13.3004  1
113    0
107 12.1166  1
113    0
108 8.25083  1
113    0
109 5.62716  1
113    0
110 7.05969  1
113    0
111 11.7379  1
113    0
112 7.01422  1
113    0
113 0  0
