185
0 8.47179  5
1    7.0315
2    7.10987
3    7.36567
6    9.95706
47    11.27
1 6.34861  4
4    8.20103
7    12.9696
35    11.7334
167    11.9074
2 9.41572  2
5    10.929
8    10.8398
3 9.43129  4
6    9.74081
7    8.5006
47    8.52293
84    8.82488
4 9.48195  5
6    10.6633
7    11.9074
8    8.17374
85    9.24787
96    10.8398
5 9.64736  3
6    7.83718
8    7.54585
129    11.9803
6 10.1875  6
9    8.78954
10    12.8509
11    8.11313
12    10.6421
47    8.9505
96    8.17374
7 11.9515  4
8    11.0321
140    9.68917
141    12.3199
161    9.39729
8 7.71157  10
25    10.4181
26    12.169
27    11.8865
28    10.9638
29    7.95071
30    10.1116
31    11.168
32    8.61742
33    12.2888
34    12.2776
9 13.8665  5
13    12.9002
14    8.27409
15    11.1676
98    8.27409
129    11.9402
10 13.9654  1
63    10.8624
11 14.2883  9
16    8.61632
17    12.2851
18    12.2657
19    12.2022
20    11.9947
21    11.3172
22    9.10486
23    7.8804
24    9.88198
12 5.34242  7
36    10.4639
37    12.3185
38    12.3745
39    12.5574
40    7.15455
41    7.51161
140    7.63576
13 6.1298  2
85    8.34733
86    8.83532
14 8.70098  5
53    10.0021
54    10.8104
55    7.44972
140    9.02997
161    7.36567
15 7.09723  6
42    8.67766
43    12.4855
44    12.9198
62    9.75948
129    8.52293
132    8.47551
16 11.8603  1
161    7.0315
17 7.41371  1
86    7.00018
18 12.8939  7
122    7.51161
123    8.67766
124    12.4855
125    12.9198
126    8.33799
127    11.3764
128    9.29786
19 10.7894  1
84    11.7885
20 13.9169  2
47    11.9402
121    12.3185
21 14.1299  5
56    8.47551
57    11.8253
58    10.7642
59    7.29902
84    10.6439
22 14.8254  6
48    8.23582
49    11.0427
50    8.20853
51    10.9536
52    7.9172
63    7.61946
23 7.09632  2
84    12.139
86    11.4068
24 11.8572  1
150    10.6439
25 7.40364  2
63    7.63576
130    8.9505
26 12.861  3
96    12.8509
131    10.8104
141    8.62694
27 10.6816  2
47    11.139
97    10.6421
28 13.565  5
60    7.98349
61    10.2187
63    7.80917
97    8.11313
167    8.78954
29 12.9809  1
184    0
30 11.0732  4
47    9.29786
63    9.02997
86    9.39729
130    8.23582
31 14.8437  2
35    12.1222
130    7.37629
32 7.15613  2
86    7.00751
167    10.6633
33 12.0525  3
35    12.2412
84    11.2315
140    9.65877
34 8.04147  2
64    10.1125
96    11.9074
35 14.9438  1
184    0
36 7.48299  1
184    0
37 13.1201  1
63    9.08307
38 11.5276  8
87    7.0315
88    7.10987
89    7.36567
90    8.20103
91    10.929
92    7.83718
93    9.74081
94    9.95706
39 6.32756  4
45    8.33799
46    11.3764
74    11.1162
142    8.25834
40 9.34675  5
47    7.37629
63    9.68917
85    7.79653
151    8.82488
176    10.9638
41 9.20606  1
95    10.6633
42 8.74645  1
47    11.9803
43 7.24555  2
47    8.51067
143    8.44823
44 12.3446  1
62    10.018
45 8.99548  1
85    8.48979
46 8.05887  3
63    9.65877
150    8.44218
160    11.4068
47 5.00031  1
96    8.5006
48 5.01251  2
165    9.74081
166    9.95706
49 5.05249  3
96    8.78954
130    11.0427
131    10.9536
50 5.18311  1
184    0
51 5.60945  1
63    9.78841
52 7.00171  1
96    7.54585
53 11.5484  1
184    0
54 6.39531  1
74    11.7364
55 9.56801  2
63    9.64943
85    9.60805
56 9.92843  1
74    8.44823
57 11.1055  3
62    11.5177
85    11.872
161    7.10987
58 14.9493  2
96    11.0321
167    8.17374
59 7.50099  4
71    7.67788
72    9.22059
73    8.25834
141    7.20545
60 13.179  5
99    12.2851
100    12.2657
101    12.2022
102    11.9947
167    10.8398
61 11.7202  9
75    10.4736
76    12.3501
77    12.478
78    12.8953
79    8.25779
80    11.1143
81    8.44218
82    11.7166
83    10.409
62 6.95624  1
184    0
63 11.3997  1
184    0
64 5.90976  8
65    11.1709
66    8.62694
67    12.3199
68    12.3793
69    12.573
70    7.20545
121    12.5574
140    9.08307
65 7.98257  1
184    0
66 14.7516  1
85    10.9166
67 6.85522  2
132    10.7642
167    8.5006
68 11.0701  1
184    0
69 14.8337  4
111    7.95071
112    10.1116
113    11.168
114    8.61742
70 7.12348  1
184    0
71 11.946  2
84    12.9062
150    11.7166
72 7.69387  1
97    12.9002
73 13.8086  1
85    12.9663
74 13.7762  2
98    11.1676
121    12.3745
75 13.6703  1
167    12.8509
76 13.3245  1
85    9.52364
77 12.1953  1
84    8.29368
78 8.5081  2
129    11.139
141    12.3793
79 6.46733  3
98    8.61632
132    7.29902
160    8.34733
80 9.80331  1
184    0
81 10.6969  1
184    0
82 13.6151  2
142    7.67788
167    11.0321
83 13.1442  1
184    0
84 11.6063  7
115    12.2888
116    12.2776
117    12.2412
118    12.1222
119    11.7334
120    10.4639
141    11.1709
85 6.58452  1
150    10.409
86 10.186  1
184    0
87 11.9466  1
184    0
88 7.6957  1
184    0
89 13.8147  1
140    7.80917
90 13.796  1
184    0
91 13.7353  1
132    11.8253
92 13.5369  8
103    11.3172
104    9.10486
105    7.8804
106    9.88198
107    10.4181
108    12.169
109    11.8865
110    10.9638
93 12.889  1
184    0
94 10.7732  1
167    7.54585
95 13.8641  4
96    12.9696
130    8.20853
131    7.9172
140    9.64943
96 13.9575  1
150    11.1143
97 14.2624  3
129    8.51067
161    7.00751
176    12.169
98 5.25758  3
142    9.22059
168    8.11313
176    10.4181
99 5.85269  2
143    11.1162
168    12.9002
100 7.79611  1
140    10.1125
101 14.1424  1
184    0
102 14.8663  3
162    8.20103
163    10.929
164    7.83718
103 7.22999  1
132    7.44972
104 12.2939  1
131    10.0021
105 8.82977  2
121    7.15455
176    9.10486
106 7.51778  1
184    0
107 13.2336  7
133    7.98349
134    10.2187
135    11.5177
136    9.75948
137    10.018
138    10.8624
139    7.61946
108 11.8984  1
184    0
109 7.53822  8
152    12.9663
153    8.48979
154    11.872
155    10.9166
156    7.79653
157    9.60805
158    9.52364
159    9.24787
110 13.3004  1
184    0
111 12.1166  1
184    0
112 8.25083  2
140    9.78841
176    11.8865
113 5.62716  1
176    9.88198
114 7.05969  1
184    0
115 11.7379  1
184    0
116 7.01422  1
184    0
117 11.5893  1
129    11.27
118 6.52867  2
161    8.83532
168    10.6421
119 10.0035  6
144    11.7364
145    10.4736
146    12.3501
147    12.478
148    12.8953
149    8.25779
120 11.3506  1
150    12.139
121 5.74953  1
184    0
122 7.45918  1
184    0
123 13.0422  1
184    0
124 11.2737  1
184    0
125 5.49837  1
184    0
126 6.63915  7
169    8.27409
170    11.1676
171    8.61632
172    12.2851
173    12.2657
174    12.2022
175    11.9947
127 10.3645  1
184    0
128 12.5295  1
184    0
129 9.59914  1
176    7.95071
130 10.0301  1
184    0
131 11.4373  1
184    0
132 6.03244  1
184    0
133 8.38328  1
184    0
134 6.0596  1
184    0
135 8.47179  1
184    0
136 6.34861  1
184    0
137 9.41572  1
141    12.573
138 9.43129  1
184    0
139 9.48195  2
150    11.7885
167    12.9696
140 9.64736  1
184    0
141 10.1875  1
184    0
142 11.9515  1
184    0
143 7.71157  1
150    12.9062
144 13.8665  1
184    0
145 13.9654  1
150    8.29368
146 14.2883  1
184    0
147 5.34242  1
184    0
148 6.1298  1
184    0
149 8.70098  1
184    0
150 7.09723  1
151    11.2315
151 11.8603  1
176    7.8804
152 7.41371  1
184    0
153 12.8939  1
161    7.00018
154 10.7894  1
184    0
155 13.9169  1
184    0
156 14.1299  1
184    0
157 14.8254  1
184    0
158 7.09632  1
184    0
159 11.8572  7
177    10.1116
178    11.168
179    8.61742
180    12.2888
181    12.2776
182    12.2412
183    12.1222
160 7.40364  1
184    0
161 12.861  1
184    0
162 10.6816  1
184    0
163 13.565  1
184    0
164 12.9809  1
176    11.3172
165 11.0732  1
184    0
166 14.8437  1
184    0
167 7.15613  1
184    0
168 12.0525  1
184    0
169 8.04147  1
184    0
170 14.9438  1
184    0
171 7.48299  1
184    0
172 13.1201  1
184    0
173 11.5276  1
184    0
174 6.32756  1
184    0
175 9.34675  1
184    0
176 9.20606  1
184    0
177 8.74645  1
184    0
178 7.24555  1
184    0
179 12.3446  1
184    0
180 8.99548  1
184    0
181 8.05887  1
184    0
182 5.00031  1
184    0
183 5.01251  1
184    0
184 0  0
