48
0 7.71157  8
1    4.8704
2    4.97853
10    6.42547
11    4.13704
12    5.99736
16    6.12059
27    3.72486
37    3.90458
1 13.8665  1
3    5.33166
2 13.9654  5
10    3.77293
11    6.10109
15    5.94325
16    6.13881
17    5.86671
3 14.2883  8
4    6.4848
5    4.2503
6    5.95369
7    5.51605
8    4.08687
10    5.32104
16    5.0558
26    4.11791
4 5.34242  2
11    4.30816
12    4.55243
5 6.1298  2
10    4.39477
15    5.4819
6 8.70098  5
9    5.41992
10    6.4501
11    6.14257
16    5.58399
37    4.82939
7 7.09723  1
14    5.20907
8 11.8603  2
16    6.06108
26    4.47525
9 7.41371  4
10    4.05657
11    6.13286
12    5.6586
17    3.75581
10 12.8939  5
11    5.5838
12    3.9402
17    6.18725
26    3.68815
27    5.47678
11 10.7894  2
15    3.97536
26    5.63498
12 13.9169  6
13    4.94099
14    6.08452
16    6.1444
17    6.27871
26    5.52136
37    3.81788
13 14.1299  3
17    6.15923
26    4.10427
27    5.00105
14 14.8254  1
17    3.57727
15 7.09632  4
16    4.30871
17    5.23196
27    4.23775
37    4.84458
16 11.8572  9
38    4.31347
39    6.15996
40    6.18963
41    6.28649
42    3.60273
43    3.83894
44    4.61029
45    4.12917
46    5.55808
17 7.40364  10
18    4.33883
19    6.24273
20    6.4599
21    4.169
22    5.68818
23    4.64893
24    4.25533
25    5.97008
27    3.9586
37    4.51498
18 12.861  1
26    4.26147
19 10.6816  1
26    5.56952
20 13.565  1
26    5.99013
21 12.9809  1
47    0
22 11.0732  8
28    5.38211
29    3.64951
30    3.99174
31    5.10936
32    5.75886
33    4.87974
34    5.00902
35    5.43118
23 14.8437  1
37    4.82472
24 7.15613  1
47    0
25 12.0525  1
27    5.91267
26 8.04147  1
27    5.40518
27 14.9438  1
37    4.89421
28 7.48299  1
37    5.58545
29 13.1201  1
37    4.54154
30 11.5276  1
36    3.80973
31 6.32756  1
47    0
32 9.34675  1
37    5.05626
33 9.20606  1
47    0
34 8.74645  1
47    0
35 7.24555  1
47    0
36 12.3446  1
47    0
37 8.99548  1
47    0
38 8.05887  1
47    0
39 5.00031  1
47    0
40 5.01251  1
47    0
41 5.05249  1
47    0
42 5.18311  1
47    0
43 5.60945  1
47    0
44 7.00171  1
47    0
45 11.5484  1
47    0
46 6.39531  1
47    0
47 0  0
