55
0 5.18311  6
1    5.68818
9    5.47678
10    3.99174
29    4.12917
30    4.12889
31    6.06951
1 5.60945  8
2    4.64893
3    4.25533
4    5.97008
5    5.56952
6    4.26147
9    3.9586
10    3.72486
17    4.54154
2 7.00171  5
7    5.99013
8    5.63498
9    4.10427
10    3.64951
29    3.83894
3 11.5484  4
9    4.47525
10    4.23775
29    6.17507
31    5.89427
4 6.39531  2
9    4.11791
10    5.75886
5 9.56801  4
9    5.52136
10    5.91267
33    6.48315
53    3.77293
6 9.92843  3
9    5.00105
10    5.10936
30    5.55716
7 11.1055  3
9    3.68815
10    5.38211
53    5.33166
8 14.9493  7
11    4.87974
12    5.00902
13    5.43118
14    3.80973
15    4.51498
16    3.81788
53    4.08687
9 7.50099  3
10    5.40518
29    5.55808
30    6.44763
10 13.179  10
19    4.82472
20    4.82939
21    4.84458
22    4.89421
23    5.05626
24    5.58545
25    4.31347
26    6.15996
27    6.18963
28    6.28649
11 11.7202  1
54    0
12 6.95624  2
18    3.90458
34    5.45828
13 11.3997  2
30    6.23898
31    5.20449
14 5.90976  1
29    3.60273
15 7.98257  2
35    3.89827
36    4.80403
16 14.7516  1
29    5.23681
17 6.85522  2
30    4.22109
33    4.2449
18 11.0701  2
31    5.32196
32    4.14684
19 14.8337  1
29    4.22411
20 7.12348  1
31    5.85829
21 11.946  1
54    0
22 7.69387  1
33    4.41244
23 13.8086  6
45    3.51575
46    3.55493
47    3.68284
48    4.10051
49    5.46451
53    5.95369
24 13.7762  1
29    4.61029
25 13.6703  1
32    6.45312
26 13.3245  1
54    0
27 12.1953  1
53    6.4848
28 8.5081  2
29    5.86818
33    5.93602
29 6.46733  2
33    5.61576
53    5.41992
30 9.80331  1
54    0
31 10.6969  1
54    0
32 13.6151  3
50    3.91859
51    4.8704
52    4.97853
33 13.1442  9
37    4.76182
38    4.62394
39    4.17367
40    5.70338
41    4.69865
42    4.41766
43    3.50009
44    3.50375
53    4.2503
34 11.6063  1
54    0
35 6.58452  1
54    0
36 10.186  1
54    0
37 11.9466  1
54    0
38 7.6957  1
54    0
39 13.8147  1
53    5.51605
40 13.796  1
54    0
41 13.7353  1
54    0
42 13.5369  1
54    0
43 12.889  1
54    0
44 10.7732  1
54    0
45 13.8641  1
54    0
46 13.9575  1
54    0
47 14.2624  1
54    0
48 5.25758  1
54    0
49 5.85269  1
54    0
50 7.79611  1
54    0
51 14.1424  1
54    0
52 14.8663  1
54    0
53 7.22999  1
54    0
54 0  0
