44
0 7.05969  4
1    64.4763
3    42.2109
5    53.2196
34    59.4325
1 11.7379  4
2    41.2889
3    58.5829
5    64.5312
29    61.3286
2 7.01422  4
3    55.5716
5    58.9427
19    41.0051
34    52.0907
3 11.5893  2
4    52.0449
29    43.0816
4 6.52867  2
5    60.6951
20    54.6451
5 10.0035  5
6    41.4684
7    56.1576
8    44.1244
9    64.8315
20    42.503
6 11.3506  1
29    41.3704
7 5.74953  2
19    44.1766
20    48.704
8 7.45918  10
10    42.449
11    59.3602
12    54.5828
13    38.9827
14    48.0403
15    47.6182
16    46.2394
17    41.7367
18    57.0338
20    59.5369
9 13.0422  3
19    46.9865
29    61.0109
34    54.819
10 11.2737  2
19    36.8284
20    53.3166
11 5.49837  1
20    49.7853
12 6.63915  2
19    35.0009
20    39.1859
13 10.3645  2
19    35.5493
20    64.848
14 12.5295  2
19    35.0375
29    55.838
15 9.59914  2
34    39.7536
42    52.3196
16 10.0301  1
19    35.1575
17 11.4373  2
20    55.1605
35    50.558
18 6.03244  1
43    0
19 8.38328  7
21    40.8687
22    54.1992
23    37.7293
24    43.9477
25    64.2547
26    40.5657
27    53.2104
20 6.0596  1
28    64.501
21 8.47179  1
43    0
22 6.34861  3
29    59.9736
34    60.8452
35    55.8399
23 9.41572  1
43    0
24 9.43129  1
43    0
25 9.48195  1
29    61.4257
26 9.64736  1
42    61.5923
27 10.1875  4
30    56.586
31    45.5243
32    39.402
33    49.4099
28 11.9515  6
36    43.0871
37    61.444
38    61.3881
39    61.2059
40    60.6108
41    58.6671
29 7.71157  1
43    0
30 13.8665  1
43    0
31 13.9654  1
43    0
32 14.2883  1
43    0
33 5.34242  1
43    0
34 6.1298  1
43    0
35 8.70098  1
43    0
36 7.09723  1
43    0
37 11.8603  1
43    0
38 7.41371  1
43    0
39 12.8939  1
43    0
40 10.7894  1
43    0
41 13.9169  1
43    0
42 14.1299  1
43    0
43 0  0
