236
0 11.8572  3
1    5.38211
13    4.89421
57    4.30816
1 7.40364  6
2    3.64951
3    3.99174
12    4.54154
13    4.82939
71    4.10427
73    5.10936
2 12.861  4
13    6.18963
60    5.23196
203    4.2503
225    5.00105
3 10.6816  10
4    5.10936
5    5.75886
6    4.87974
7    5.00902
8    5.43118
9    3.80973
10    4.51498
11    3.81788
13    4.31347
57    6.10109
4 13.565  4
13    5.58545
55    4.2503
57    5.5838
135    6.13286
5 12.9809  1
13    5.05626
6 11.0732  3
14    3.83894
55    3.77293
136    5.99736
7 14.8437  3
14    4.61029
34    6.48315
55    4.05657
8 7.15613  2
13    3.90458
224    5.47678
9 12.0525  6
58    5.94325
59    6.13881
72    5.00105
135    5.5838
143    6.18725
206    6.13286
10 8.04147  4
13    6.15996
14    3.60273
60    6.12059
70    4.47525
11 14.9438  2
13    4.84458
70    5.99013
12 7.48299  4
13    4.82472
34    4.2449
72    3.9586
134    4.05657
13 13.1201  1
14    6.28649
14 11.5276  10
15    4.12917
16    5.55808
17    4.22411
18    5.86818
19    5.23681
20    6.17507
21    6.23898
22    6.44763
23    4.12889
24    5.55716
15 6.32756  3
59    6.1444
60    6.27871
205    6.4501
16 9.34675  4
58    5.99736
59    3.97536
61    3.57727
156    5.91267
17 9.20606  4
55    5.95369
57    6.14257
60    5.86671
70    4.26147
18 8.74645  3
55    4.39477
70    5.97008
142    6.1444
19 7.24555  9
25    4.22109
26    5.85829
27    5.20449
28    6.06951
29    5.89427
30    5.32196
31    6.45312
32    4.14684
33    5.61576
20 12.3446  2
58    3.9402
71    3.68815
21 8.99548  10
98    5.89427
99    5.32196
100    6.45312
101    4.14684
102    5.61576
103    4.41244
104    6.48315
105    4.2449
106    5.93602
221    5.63498
22 8.05887  3
205    6.14257
208    6.08452
227    3.90458
23 5.00031  8
39    4.76182
40    4.62394
41    4.17367
42    5.70338
43    4.69865
44    4.41766
76    3.90458
209    5.58399
24 5.01251  3
55    5.41992
97    4.12889
142    6.06108
25 5.05249  2
59    5.58399
71    5.47678
26 5.18311  1
58    4.55243
27 5.60945  1
235    0
28 7.00171  1
73    3.99174
29 11.5484  4
34    4.41244
73    5.75886
76    3.80973
134    6.42547
30 6.39531  1
210    6.13881
31 9.56801  6
35    5.93602
36    5.45828
37    3.89827
38    4.80403
73    3.64951
203    5.33166
32 9.92843  10
62    3.75581
63    4.33883
64    6.24273
65    6.4599
66    4.169
67    5.68818
68    4.64893
69    4.25533
142    6.12059
143    6.27871
33 11.1055  3
55    6.42547
57    4.13704
208    4.94099
34 14.9493  3
74    5.00902
75    5.43118
226    4.51498
35 7.50099  2
73    4.87974
136    4.55243
36 13.179  4
54    6.4848
58    5.20907
76    4.54154
136    5.6586
37 11.7202  4
57    6.4501
58    5.6586
70    5.63498
174    5.86818
38 6.95624  8
116    3.50009
117    3.50375
118    3.51575
119    3.55493
120    3.68284
121    4.10051
122    5.46451
123    3.91859
39 11.3997  4
71    4.11791
142    5.86671
173    4.61029
209    5.0558
40 5.90976  10
45    3.50009
46    3.50375
47    3.51575
48    3.55493
49    3.68284
50    4.10051
51    5.46451
52    3.91859
53    4.8704
55    4.08687
41 7.98257  3
73    5.38211
134    6.4501
206    6.10109
42 14.7516  2
59    5.0558
76    3.81788
43 6.85522  3
57    6.13286
58    4.94099
156    3.9586
44 11.0701  2
135    4.30816
143    4.33883
45 14.8337  1
55    5.51605
46 7.12348  3
60    6.06108
156    5.00105
208    5.4819
47 11.946  4
97    6.06951
134    4.39477
157    5.00902
226    5.00902
48 7.69387  4
54    4.97853
72    5.40518
73    4.23775
204    5.51605
49 13.8086  2
58    5.4819
97    4.22109
50 13.7762  1
54    5.33166
51 13.6703  3
142    5.58399
155    5.47678
225    5.91267
52 13.3245  1
60    6.15923
53 12.1953  6
77    4.82939
78    4.84458
79    4.89421
80    5.05626
142    6.13881
156    3.64951
54 8.5081  1
235    0
55 6.46733  1
56    5.32104
56 9.80331  1
59    4.30871
57 10.6969  3
58    6.08452
60    6.18725
143    3.57727
58 13.6151  1
135    6.14257
59 13.1442  5
70    5.56952
72    3.72486
76    4.51498
136    6.10109
221    5.99013
60 11.6063  1
235    0
61 6.58452  1
235    0
62 10.186  2
76    4.82472
97    5.85829
63 11.9466  1
235    0
64 7.6957  1
175    4.12889
65 13.8147  1
208    3.9402
66 13.796  2
73    5.91267
134    4.13704
67 13.7353  6
108    3.89827
109    4.80403
110    4.76182
111    4.62394
112    4.17367
204    5.41992
68 13.5369  1
235    0
69 12.889  1
142    3.97536
70 10.7732  1
71    5.52136
71 13.8641  1
235    0
72 13.9575  10
81    5.58545
82    4.31347
83    6.15996
84    6.18963
85    6.28649
86    3.60273
87    3.83894
88    4.61029
89    4.12917
90    5.55808
73 14.2624  2
96    6.44763
156    4.23775
74 5.25758  1
235    0
75 5.85269  1
235    0
76 7.79611  2
107    5.45828
142    4.30871
77 14.1424  1
156    5.38211
78 14.8663  1
235    0
79 7.22999  1
235    0
80 12.2939  3
158    3.81788
159    4.54154
160    3.90458
81 8.82977  1
235    0
82 7.51778  1
235    0
83 13.2336  1
156    5.10936
84 11.8984  1
157    4.87974
85 7.53822  2
154    4.47525
205    5.32104
86 13.3004  1
235    0
87 12.1166  7
91    4.22411
92    5.86818
93    5.23681
94    6.17507
95    6.23898
156    3.72486
173    5.55808
88 8.25083  4
97    5.20449
175    6.44763
221    5.56952
226    3.99174
89 5.62716  4
113    5.70338
114    4.69865
115    4.41766
209    4.30871
90 7.05969  1
235    0
91 11.7379  10
124    4.8704
125    4.97853
126    5.33166
127    6.4848
128    4.2503
129    5.95369
130    5.51605
131    4.08687
132    5.41992
133    3.77293
92 7.01422  2
205    6.42547
210    5.86671
93 11.5893  1
235    0
94 6.52867  1
204    4.08687
95 10.0035  1
97    5.55716
96 11.3506  2
221    4.26147
225    3.72486
97 5.74953  7
137    3.9402
138    4.94099
139    5.20907
140    6.08452
141    5.94325
143    6.24273
173    4.22411
98 7.45918  1
235    0
99 13.0422  1
157    3.80973
100 11.2737  1
235    0
101 5.49837  1
225    4.23775
102 6.63915  1
175    4.22109
103 10.3645  10
185    3.89827
186    4.80403
187    4.76182
188    4.62394
189    4.17367
190    5.70338
191    4.69865
192    4.41766
193    3.50009
194    3.50375
104 12.5295  10
146    5.68818
147    4.64893
148    4.25533
149    5.97008
150    5.56952
151    4.26147
152    5.99013
153    5.63498
154    3.68815
224    4.10427
105 9.59914  1
221    4.47525
106 10.0301  1
143    6.15923
107 11.4373  1
235    0
108 6.03244  2
142    5.0558
154    4.11791
109 8.38328  1
205    5.5838
110 6.0596  1
210    6.12059
111 8.47179  2
154    4.10427
210    6.15923
112 6.34861  1
143    3.75581
113 9.41572  3
144    6.4599
145    4.169
173    4.12917
114 9.43129  1
235    0
115 9.48195  1
134    5.32104
116 9.64736  1
156    3.99174
117 10.1875  9
176    5.32196
177    6.45312
178    4.14684
179    5.61576
180    4.41244
181    6.48315
182    4.2449
183    5.93602
184    5.45828
118 11.9515  1
235    0
119 7.71157  1
226    3.64951
120 13.8665  2
156    5.40518
225    5.40518
121 13.9654  9
164    4.89421
165    5.05626
166    5.58545
167    4.31347
168    6.15996
169    6.18963
170    6.28649
171    3.60273
172    3.83894
122 14.2883  1
235    0
123 5.34242  1
235    0
124 6.1298  2
143    5.23196
157    4.51498
125 8.70098  1
174    6.17507
126 7.09723  1
210    6.06108
127 11.8603  2
210    5.23196
226    5.43118
128 7.41371  1
226    5.10936
129 12.8939  3
203    6.4848
205    4.30816
206    5.99736
130 10.7894  1
175    5.89427
131 13.9169  1
235    0
132 14.1299  1
203    5.95369
133 14.8254  1
235    0
134 7.09632  1
235    0
135 11.8572  1
157    5.43118
136 7.40364  2
175    6.06951
226    5.75886
137 12.861  1
154    5.52136
138 10.6816  1
235    0
139 13.565  1
235    0
140 12.9809  2
175    5.55716
225    3.9586
141 11.0732  3
142    5.4819
175    5.85829
227    4.54154
142 14.8437  1
221    3.68815
143 7.15613  1
205    4.13704
144 12.0525  1
235    0
145 8.04147  1
235    0
146 14.9438  1
210    6.18725
147 7.48299  3
157    5.75886
204    3.77293
208    5.20907
148 13.1201  1
207    4.55243
149 11.5276  1
235    0
150 6.32756  2
174    6.23898
209    3.97536
151 9.34675  1
235    0
152 9.20606  3
161    4.82472
162    4.82939
163    4.84458
153 8.74645  1
235    0
154 7.24555  1
235    0
155 12.3446  1
235    0
156 8.99548  1
235    0
157 8.05887  1
235    0
158 5.00031  1
235    0
159 5.01251  1
235    0
160 5.05249  1
235    0
161 5.18311  1
235    0
162 5.60945  1
226    3.81788
163 7.00171  1
235    0
164 11.5484  1
175    5.20449
165 6.39531  1
235    0
166 9.56801  1
205    4.05657
167 9.92843  1
235    0
168 11.1055  1
235    0
169 14.9493  1
174    5.23681
170 7.50099  1
235    0
171 13.179  1
235    0
172 11.7202  1
235    0
173 6.95624  1
235    0
174 11.3997  1
235    0
175 5.90976  1
235    0
176 7.98257  1
221    5.97008
177 14.7516  1
235    0
178 6.85522  1
235    0
179 11.0701  1
235    0
180 14.8337  1
235    0
181 7.12348  1
235    0
182 11.946  1
210    6.1444
183 7.69387  8
195    3.51575
196    3.55493
197    3.68284
198    4.10051
199    5.46451
200    3.91859
201    4.8704
202    4.97853
184 13.8086  1
226    4.87974
185 13.7762  10
211    6.27871
212    3.57727
213    3.75581
214    4.33883
215    6.24273
216    6.4599
217    4.169
218    5.68818
219    4.64893
220    4.25533
186 13.6703  1
225    5.38211
187 13.3245  1
235    0
188 12.1953  1
235    0
189 8.5081  2
222    4.11791
223    5.52136
190 6.46733  1
235    0
191 9.80331  1
235    0
192 10.6969  7
228    4.82472
229    4.82939
230    4.84458
231    4.89421
232    5.05626
233    5.58545
234    4.31347
193 13.6151  1
235    0
194 13.1442  1
235    0
195 11.6063  1
235    0
196 6.58452  1
235    0
197 10.186  1
235    0
198 11.9466  1
235    0
199 7.6957  2
204    4.39477
208    5.94325
200 13.8147  1
207    5.6586
201 13.796  1
226    3.80973
202 13.7353  1
235    0
203 13.5369  1
235    0
204 12.889  1
235    0
205 10.7732  1
235    0
206 13.8641  1
235    0
207 13.9575  1
235    0
208 14.2624  1
235    0
209 5.25758  1
235    0
210 5.85269  1
235    0
211 7.79611  1
235    0
212 14.1424  1
235    0
213 14.8663  1
235    0
214 7.22999  1
235    0
215 12.2939  1
235    0
216 8.82977  1
235    0
217 7.51778  1
235    0
218 13.2336  1
235    0
219 11.8984  1
235    0
220 7.53822  1
235    0
221 13.3004  1
235    0
222 12.1166  1
235    0
223 8.25083  1
235    0
224 5.62716  1
235    0
225 7.05969  1
235    0
226 11.7379  1
235    0
227 7.01422  1
235    0
228 11.5893  1
235    0
229 6.52867  1
235    0
230 10.0035  1
235    0
231 11.3506  1
235    0
232 5.74953  1
235    0
233 7.45918  1
235    0
234 13.0422  1
235    0
235 0  0
