236
0 13.7762  4
1    0.779653
2    0.960805
3    0.952364
154    1.08624
1 13.6703  8
6    0.883532
7    0.700018
8    0.700751
9    0.703149
10    0.710987
20    0.811313
41    1.04639
74    1.01125
2 13.3245  3
4    0.834733
71    1.08624
200    0.795071
3 12.1953  6
4    0.924787
5    1.14068
20    0.878954
96    1.1872
153    1.08104
220    0.798349
4 8.5081  1
5    0.939729
5 6.46733  1
20    1.19074
6 9.80331  2
20    0.817374
74    1.11709
7 10.6969  7
11    0.736567
12    0.820103
13    1.0929
14    0.783718
15    0.974081
16    0.995706
184    0.700018
8 13.6151  3
20    0.754585
153    0.847551
165    1.23793
9 13.1442  2
184    1.14068
195    0.827409
10 11.6063  4
17    1.06633
18    1.29696
19    0.85006
220    1.08624
11 6.58452  3
85    1.23501
86    1.24779
87    1.28953
12 10.186  1
20    1.28509
13 11.9466  1
20    1.10321
14 7.6957  1
235    0
15 13.8147  1
186    0.783718
16 13.796  2
20    1.08398
183    0.834733
17 13.7353  7
25    0.861632
26    1.22851
27    1.22657
28    1.22022
29    1.19947
30    1.13172
182    0.924787
18 13.5369  4
21    1.06421
22    1.29002
23    0.827409
24    1.11676
19 12.889  5
41    1.21222
96    0.960805
97    0.834733
139    1.22776
142    0.715455
20 10.7732  9
42    1.23185
43    1.23745
44    1.25574
45    0.715455
46    0.751161
47    0.867766
48    1.24855
49    1.29198
73    0.902997
21 13.8641  2
139    1.23185
195    1.28509
22 13.9575  4
150    1.09536
151    0.79172
152    1.00021
153    1.18253
23 14.2624  10
88    0.825779
89    1.11143
90    0.844218
91    1.17166
92    1.0409
93    1.2139
94    1.17885
95    1.06439
139    1.04639
148    0.852293
24 5.25758  2
71    1.15177
181    0.960805
25 5.85269  2
97    0.952364
149    1.19803
26 7.79611  10
75    1.23793
76    1.2573
77    0.720545
78    0.767788
79    0.922059
80    0.825834
81    1.11162
82    0.844823
83    1.17364
84    1.04736
27 14.1424  3
41    1.22776
97    1.14068
219    0.729902
28 14.8663  9
63    0.820853
64    1.09536
65    0.79172
66    1.00021
67    1.08104
68    0.744972
69    0.847551
70    1.18253
71    0.975948
29 7.22999  1
149    1.10427
30 12.2939  10
31    0.910486
32    0.78804
33    0.988198
34    1.04181
35    1.2169
36    1.18865
37    1.09638
38    0.795071
39    1.01116
40    1.1168
31 8.82977  1
96    0.848979
32 7.51778  6
168    0.844823
169    1.17364
170    1.04736
171    1.23501
172    1.24779
173    1.28953
33 13.2336  1
235    0
34 11.8984  1
41    0.861742
35 7.53822  1
41    1.17334
36 13.3004  1
71    1.02187
37 12.1166  3
41    1.22888
74    0.908307
154    1.02187
38 8.25083  1
210    1.13764
39 5.62716  1
235    0
40 7.05969  1
41    1.22412
41 11.7379  1
184    0.710987
42 7.01422  1
220    1.15177
43 11.5893  5
59    0.89505
60    0.737629
61    0.823582
62    1.10427
74    0.978841
44 6.52867  7
120    1.06421
121    1.29002
122    0.827409
123    1.11676
124    0.861632
139    0.861742
181    0.848979
45 10.0035  1
201    1.1168
46 11.3506  9
50    0.833799
51    1.13764
52    0.929786
53    0.851067
54    1.19402
55    1.1139
56    0.852293
57    1.19803
58    1.127
47 5.74953  2
71    0.729902
96    1.12315
48 7.45918  1
235    0
49 13.0422  3
74    0.968917
140    1.23745
149    0.820853
50 11.2737  2
96    1.09166
174    0.844218
51 5.49837  5
143    1.13764
144    0.929786
145    0.851067
146    1.19402
147    1.1139
52 6.63915  1
71    1.07642
53 10.3645  5
71    1.0018
154    0.975948
166    0.720545
209    1.25574
220    1.02187
54 12.5295  2
73    0.763576
186    0.995706
55 9.59914  1
71    0.798349
56 10.0301  1
235    0
57 11.4373  1
74    1.23199
58 6.03244  2
74    0.965877
199    0.988198
59 8.38328  3
74    0.964943
96    1.29062
199    1.2169
60 6.0596  1
235    0
61 8.47179  1
235    0
62 6.34861  1
235    0
63 9.41572  2
142    0.867766
199    0.910486
64 9.43129  5
230    1.23199
231    1.23793
232    1.2573
233    0.720545
234    0.767788
65 9.48195  1
74    0.862694
66 9.64736  1
185    0.736567
67 10.1875  10
104    0.820103
105    1.0929
106    0.783718
107    0.974081
108    0.995706
109    1.06633
110    1.29696
111    0.85006
142    1.24855
181    1.1872
68 11.9515  4
72    0.761946
210    1.29198
219    1.18253
220    0.975948
69 7.71157  1
142    0.751161
70 13.8665  1
199    1.19947
71 13.9654  2
165    1.2573
167    1.11162
72 14.2883  1
74    0.780917
73 5.34242  1
200    1.01116
74 6.1298  1
235    0
75 8.70098  8
125    1.22851
126    1.22657
127    1.22022
128    1.19947
129    1.13172
130    0.910486
131    0.78804
132    0.988198
76 7.09723  2
209    0.867766
210    1.1139
77 11.8603  2
154    0.798349
195    1.06421
78 7.41371  1
235    0
79 12.8939  6
98    0.883532
99    0.700018
100    0.700751
101    0.703149
102    0.710987
103    0.736567
80 10.7894  1
96    0.779653
81 13.9169  1
199    1.18865
82 14.1299  7
112    1.19074
113    1.10321
114    0.817374
115    1.08398
116    0.754585
117    0.878954
118    1.28509
83 14.8254  2
96    1.29663
97    0.924787
84 7.09632  1
167    0.922059
85 11.8572  1
149    0.89505
86 7.40364  2
96    0.882488
153    0.729902
87 12.861  1
97    0.939729
88 10.6816  1
235    0
89 13.565  1
139    1.17334
90 12.9809  1
96    0.829368
91 11.0732  4
149    1.127
154    0.763576
199    1.04181
209    1.24855
92 14.8437  1
235    0
93 7.15613  1
235    0
94 12.0525  1
186    0.974081
95 8.04147  1
235    0
96 14.9438  1
153    1.07642
97 7.48299  1
119    0.811313
98 13.1201  1
235    0
99 11.5276  1
235    0
100 6.32756  1
141    1.25574
101 9.34675  1
139    1.22888
102 9.20606  1
186    0.820103
103 8.74645  1
184    0.939729
104 7.24555  1
235    0
105 12.3446  2
139    1.1168
181    0.779653
106 8.99548  1
166    0.767788
107 8.05887  6
134    1.2169
135    1.18865
136    1.09638
137    0.795071
138    1.01116
174    1.0409
108 5.00031  2
139    1.22412
181    1.29663
109 5.01251  1
235    0
110 5.05249  1
235    0
111 5.18311  1
154    0.761946
112 5.60945  1
235    0
113 7.00171  3
196    1.11676
197    0.861632
198    1.22851
114 11.5484  1
235    0
115 6.39531  1
184    0.883532
116 9.56801  1
235    0
117 9.92843  2
133    1.04181
210    0.929786
118 11.1055  1
235    0
119 14.9493  1
181    0.882488
120 7.50099  2
149    0.737629
154    1.0018
121 13.179  1
235    0
122 11.7202  1
142    0.833799
123 6.95624  1
219    0.744972
124 11.3997  1
199    0.78804
125 5.90976  3
154    1.15177
167    0.825834
200    1.09638
126 7.98257  3
149    0.823582
199    1.22657
220    0.902997
127 14.7516  1
209    1.23185
128 6.85522  9
221    0.908307
222    0.780917
223    0.964943
224    0.965877
225    0.968917
226    0.978841
227    1.01125
228    1.11709
229    0.862694
129 11.0701  6
175    1.2139
176    1.17885
177    1.06439
178    1.29062
179    0.829368
180    1.12315
130 14.8337  1
184    0.703149
131 7.12348  1
154    0.902997
132 11.946  2
174    0.825779
199    1.22022
133 7.69387  4
139    1.21222
174    1.17166
186    1.0929
209    0.715455
134 13.8086  1
235    0
135 13.7762  1
142    1.29198
136 13.6703  1
235    0
137 13.3245  1
235    0
138 12.1953  1
235    0
139 8.5081  8
187    1.29696
188    0.85006
189    1.19074
190    1.10321
191    0.817374
192    1.08398
193    0.754585
194    0.878954
140 6.46733  1
235    0
141 9.80331  1
235    0
142 10.6969  1
235    0
143 13.6151  1
235    0
144 13.1442  1
235    0
145 11.6063  1
235    0
146 6.58452  1
153    0.744972
147 10.186  1
195    0.811313
148 11.9466  1
235    0
149 7.6957  1
235    0
150 13.8147  3
155    0.908307
156    0.780917
157    0.964943
151 13.796  1
235    0
152 13.7353  8
158    0.965877
159    0.968917
160    0.978841
161    1.01125
162    1.11709
163    0.862694
164    1.23199
186    1.06633
153 13.5369  1
210    0.852293
154 12.889  1
235    0
155 10.7732  1
235    0
156 13.8641  1
174    1.11143
157 13.9575  1
235    0
158 14.2624  1
235    0
159 5.25758  1
235    0
160 5.85269  1
210    0.833799
161 7.79611  1
199    1.13172
162 14.1424  1
184    0.700751
163 14.8663  1
235    0
164 7.22999  1
235    0
165 12.2939  1
235    0
166 8.82977  1
182    0.952364
167 7.51778  1
219    0.847551
168 13.2336  1
181    1.09166
169 11.8984  1
235    0
170 7.53822  1
219    1.07642
171 13.3004  1
235    0
172 12.1166  1
209    1.23745
173 8.25083  1
235    0
174 5.62716  1
235    0
175 7.05969  1
235    0
176 11.7379  1
235    0
177 7.01422  1
195    1.29002
178 11.5893  1
235    0
179 6.52867  8
202    0.861742
203    1.22888
204    1.22776
205    1.22412
206    1.21222
207    1.17334
208    1.04639
220    1.0018
180 10.0035  1
210    0.851067
181 11.3506  1
235    0
182 5.74953  1
235    0
183 7.45918  1
235    0
184 13.0422  1
220    0.763576
185 11.2737  1
235    0
186 5.49837  1
235    0
187 6.63915  1
235    0
188 10.3645  1
209    0.751161
189 12.5295  1
235    0
190 9.59914  1
235    0
191 10.0301  1
235    0
192 11.4373  1
235    0
193 6.03244  1
235    0
194 8.38328  1
235    0
195 6.0596  1
235    0
196 8.47179  1
235    0
197 6.34861  1
210    1.19402
198 9.41572  8
211    1.19803
212    1.127
213    0.89505
214    0.737629
215    0.823582
216    1.10427
217    0.820853
218    1.09536
199 9.43129  1
235    0
200 9.48195  1
235    0
201 9.64736  1
235    0
202 10.1875  1
235    0
203 11.9515  1
235    0
204 7.71157  1
220    0.761946
205 13.8665  1
219    0.79172
206 13.9654  1
235    0
207 14.2883  1
235    0
208 5.34242  1
235    0
209 6.1298  1
235    0
210 8.70098  1
219    1.00021
211 7.09723  1
235    0
212 11.8603  1
219    1.08104
213 7.41371  1
235    0
214 12.8939  1
235    0
215 10.7894  1
235    0
216 13.9169  1
235    0
217 14.1299  1
235    0
218 14.8254  1
235    0
219 7.09632  1
235    0
220 11.8572  1
235    0
221 7.40364  1
235    0
222 12.861  1
235    0
223 10.6816  1
235    0
224 13.565  1
235    0
225 12.9809  1
235    0
226 11.0732  1
235    0
227 14.8437  1
235    0
228 7.15613  1
235    0
229 12.0525  1
235    0
230 8.04147  1
235    0
231 14.9438  1
235    0
232 7.48299  1
235    0
233 13.1201  1
235    0
234 11.5276  1
235    0
235 0  0
