51
0 8.5081  10
1    11.5177
2    9.75948
3    10.018
4    10.8624
8    9.08307
9    12.3793
10    12.3501
11    12.139
12    12.9062
34    11.3172
1 6.46733  7
8    7.80917
9    9.68917
10    11.7364
11    12.478
12    10.6439
18    7.00018
37    8.61742
2 9.80331  6
9    11.1709
10    8.25834
11    12.8953
35    9.10486
37    12.1222
46    8.9505
3 10.6969  6
9    9.65877
10    11.1162
11    11.7166
19    9.74081
34    11.1676
37    12.3185
4 13.6151  7
5    7.61946
6    9.02997
7    7.63576
8    9.64943
9    12.573
10    8.44823
16    9.60805
5 13.1442  5
9    10.1125
10    10.4736
11    8.25779
17    9.24787
18    8.83532
6 11.6063  8
9    8.62694
11    11.1143
16    7.79653
18    7.00751
19    9.95706
34    12.2022
37    12.2412
49    8.47551
7 6.58452  8
9    9.78841
10    7.67788
11    8.44218
12    8.29368
16    9.52364
17    11.4068
35    10.1116
37    12.5574
8 10.186  4
9    12.3199
10    9.22059
11    10.409
37    11.7334
9 11.9466  4
10    7.20545
11    11.7885
12    11.2315
18    7.36567
10 7.6957  4
12    12.9663
19    10.929
34    12.2657
46    11.9402
11 13.8147  3
12    8.82488
18    8.20103
48    10.8104
12 13.796  5
13    8.48979
14    11.872
15    10.9166
18    7.0315
46    11.9803
13 13.7353  1
48    10.0021
14 13.5369  9
20    10.6633
21    12.9696
22    8.5006
23    11.9074
24    11.0321
25    8.17374
26    10.8398
27    7.54585
28    8.78954
15 12.889  1
18    9.39729
16 10.7732  3
17    8.34733
46    8.52293
48    10.9536
17 13.8641  4
18    7.10987
34    8.61632
46    11.139
48    7.9172
18 13.9575  2
19    7.83718
35    10.4181
19 14.2624  2
34    12.2851
46    7.37629
20 5.25758  5
29    12.8509
30    8.11313
31    10.6421
32    12.9002
33    8.27409
21 5.85269  1
35    10.9638
22 7.79611  1
50    0
23 14.1424  2
35    7.8804
49    11.8253
24 14.8663  1
37    12.2776
25 7.22999  1
37    12.3745
26 12.2939  1
35    11.8865
27 8.82977  1
50    0
28 7.51778  1
35    12.169
29 13.2336  2
35    7.95071
47    8.23582
30 11.8984  1
34    11.9947
31 7.53822  1
35    9.88198
32 13.3004  1
50    0
33 12.1166  1
46    11.27
34 8.25083  3
37    10.4639
46    8.51067
48    11.0427
35 5.62716  2
36    11.168
37    12.2888
36 7.05969  8
38    7.15455
39    7.51161
40    8.67766
41    12.4855
42    12.9198
43    8.33799
44    11.3764
45    9.29786
37 11.7379  1
50    0
38 7.01422  1
50    0
39 11.5893  1
50    0
40 6.52867  1
50    0
41 10.0035  1
48    8.20853
42 11.3506  1
50    0
43 5.74953  1
50    0
44 7.45918  1
50    0
45 13.0422  1
50    0
46 11.2737  1
50    0
47 5.49837  1
49    7.44972
48 6.63915  1
50    0
49 10.3645  1
50    0
50 0  0
