205
0 14.9438  2
1    1.13764
74    1.04181
1 7.48299  7
2    0.929786
3    0.851067
4    1.19402
5    1.1139
27    1.23793
71    1.06421
124    0.995706
2 13.1201  3
28    0.720545
29    0.767788
30    0.922059
3 11.5276  4
19    1.07642
20    1.15177
75    1.01116
79    0.847551
4 6.32756  2
19    0.798349
31    1.24779
5 9.34675  3
6    0.852293
31    0.844823
78    1.127
6 9.20606  10
7    1.19803
8    1.127
9    0.89505
10    0.737629
11    0.823582
12    1.10427
13    0.820853
14    1.09536
15    0.79172
16    1.00021
7 8.74645  7
20    1.02187
27    0.978841
38    1.2139
73    1.22022
78    1.19803
101    1.23793
165    0.79172
8 7.24555  10
21    0.763576
22    0.908307
23    0.780917
24    0.964943
25    0.965877
26    0.968917
31    1.11162
79    1.08104
102    1.11143
165    0.820853
9 12.3446  2
19    0.847551
20    0.761946
10 8.99548  3
31    1.17364
79    0.820853
101    0.720545
11 8.05887  4
27    1.11709
48    0.960805
77    0.751161
168    1.0018
12 5.00031  3
20    1.0018
134    0.811313
192    0.825779
13 5.01251  2
20    0.902997
78    0.852293
14 5.05249  4
27    1.01125
73    0.861632
124    1.0929
165    0.823582
15 5.18311  2
19    0.729902
71    0.811313
16 5.60945  4
17    1.08104
18    0.744972
20    1.08624
31    0.825834
17 7.00171  2
48    0.952364
101    0.767788
18 11.5484  2
19    1.18253
75    1.17334
19 6.39531  2
20    0.975948
31    1.04736
20 9.56801  2
27    1.2573
48    0.779653
21 9.92843  3
27    1.23199
48    1.14068
101    1.2573
22 11.1055  2
71    1.29002
102    1.24779
23 14.9493  9
39    1.17885
40    1.06439
41    1.29062
42    0.829368
43    1.12315
44    0.882488
45    1.29663
46    0.848979
47    1.1872
24 7.50099  4
32    1.28953
33    0.825779
34    1.11143
35    0.844218
25 13.179  1
204    0
26 11.7202  4
27    0.862694
72    1.11676
74    0.78804
75    1.04639
27 6.95624  2
75    1.22412
102    1.17364
28 11.3997  4
36    1.17166
37    1.0409
74    1.2169
101    1.11162
29 5.90976  2
31    1.23501
109    0.829368
30 7.98257  2
102    0.825779
124    0.783718
31 14.7516  2
74    1.18865
75    1.22888
32 6.85522  3
76    1.23745
77    1.25574
79    0.823582
33 11.0701  2
74    1.09638
78    1.19402
34 14.8337  1
204    0
35 7.12348  2
73    1.22657
78    1.1139
36 11.946  3
48    0.834733
102    1.28953
195    1.1872
37 7.69387  1
78    0.89505
38 13.8086  1
74    0.795071
39 13.7762  4
48    0.924787
61    1.06633
102    1.23501
168    1.08624
40 13.6703  9
62    1.29696
63    0.85006
64    1.19074
65    1.10321
66    0.817374
67    1.08398
68    0.754585
69    0.878954
70    1.28509
41 13.3245  1
77    0.867766
42 12.1953  3
71    0.827409
75    1.1168
77    1.29198
43 8.5081  7
55    0.736567
56    0.820103
57    1.0929
58    0.783718
59    0.974081
60    0.995706
134    1.06421
44 6.46733  2
78    0.929786
79    0.737629
45 9.80331  6
49    0.939729
50    0.883532
51    0.700018
52    0.700751
53    0.703149
54    0.710987
46 10.6969  1
101    1.23199
47 13.6151  2
48    1.09166
79    1.10427
48 13.1442  2
73    1.13172
79    0.744972
49 11.6063  1
124    0.974081
50 6.58452  1
204    0
51 10.186  3
78    1.13764
111    0.882488
147    1.22776
52 11.9466  2
75    0.861742
78    0.851067
53 7.6957  6
80    1.18253
81    1.07642
82    0.729902
83    0.798349
84    1.02187
85    1.15177
54 13.8147  2
77    0.833799
195    0.829368
55 13.796  1
102    0.844218
56 13.7353  2
73    1.19947
166    0.729902
57 13.5369  1
168    1.15177
58 12.889  3
74    0.910486
165    0.89505
194    1.17885
59 10.7732  1
77    0.715455
60 13.8641  1
165    1.10427
61 13.9575  1
204    0
62 14.2624  2
74    0.988198
101    0.922059
63 5.25758  2
79    1.00021
147    1.21222
64 5.85269  1
75    1.22776
65 7.79611  2
79    0.79172
102    1.04736
66 14.1424  1
115    0.960805
67 14.8663  1
204    0
68 7.22999  2
77    1.24855
166    0.847551
69 12.2939  1
204    0
70 8.82977  3
73    1.22851
75    1.21222
79    1.09536
71 7.51778  2
134    1.28509
168    0.975948
72 13.2336  7
86    0.975948
87    1.0018
88    1.08624
89    0.761946
90    0.902997
91    0.763576
92    0.908307
73 11.8984  8
116    0.924787
117    0.834733
118    1.14068
119    0.939729
120    0.883532
121    0.700018
122    0.700751
123    0.703149
74 7.53822  1
75    1.23185
75 13.3004  7
184    0.720545
185    0.767788
186    0.922059
187    0.825834
188    1.11162
189    0.844823
190    1.17364
76 12.1166  6
103    1.17166
104    1.0409
105    1.2139
106    1.17885
107    1.06439
108    1.29062
77 8.25083  10
93    0.780917
94    0.964943
95    0.965877
96    0.968917
97    0.978841
98    1.01125
99    1.11709
100    0.862694
115    0.779653
146    1.18865
78 5.62716  1
204    0
79 7.05969  1
204    0
80 11.7379  1
204    0
81 7.01422  1
195    1.09166
82 11.5893  1
135    0.827409
83 6.52867  1
204    0
84 10.0035  10
155    1.29198
156    0.833799
157    1.13764
158    0.929786
159    0.851067
160    1.19402
161    1.1139
162    0.852293
163    1.19803
164    1.127
85 11.3506  10
136    1.11676
137    0.861632
138    1.22851
139    1.22657
140    1.22022
141    1.19947
142    1.13172
143    0.910486
146    1.2169
191    1.23501
86 5.74953  1
147    1.22888
87 7.45918  1
204    0
88 13.0422  1
101    0.844823
89 11.2737  1
192    1.11143
90 5.49837  1
195    1.12315
91 6.63915  1
147    0.861742
92 10.3645  1
147    1.22412
93 12.5295  2
147    1.01116
148    1.23185
94 9.59914  1
110    1.12315
95 10.0301  1
115    0.952364
96 11.4373  1
101    0.825834
97 6.03244  1
204    0
98 8.38328  1
204    0
99 6.0596  1
111    1.29663
100 8.47179  2
167    1.02187
191    1.24779
101 6.34861  1
204    0
102 9.41572  3
112    0.848979
113    1.1872
114    1.09166
103 9.43129  1
204    0
104 9.48195  1
204    0
105 9.64736  1
204    0
106 10.1875  1
204    0
107 11.9515  1
124    0.710987
108 7.71157  9
125    1.06633
126    1.29696
127    0.85006
128    1.19074
129    1.10321
130    0.817374
131    1.08398
132    0.754585
133    0.878954
109 13.8665  1
166    0.744972
110 13.9654  1
124    0.736567
111 14.2883  1
204    0
112 5.34242  6
196    0.924787
197    0.834733
198    1.14068
199    0.939729
200    0.883532
201    0.700018
113 6.1298  1
204    0
114 8.70098  2
124    0.820103
148    1.17334
115 7.09723  1
146    1.04181
116 11.8603  2
135    1.29002
194    1.29062
117 7.41371  2
202    0.700751
203    0.703149
118 12.8939  1
204    0
119 10.7894  1
204    0
120 13.9169  1
195    1.29663
121 14.1299  1
146    0.795071
122 14.8254  1
204    0
123 7.09632  1
192    0.844218
124 11.8572  1
204    0
125 7.40364  1
165    1.00021
126 12.861  1
146    1.09638
127 10.6816  8
176    0.968917
177    0.978841
178    1.01125
179    1.11709
180    0.862694
181    1.23199
182    1.23793
183    1.2573
128 13.565  2
148    1.04639
166    1.07642
129 12.9809  1
204    0
130 11.0732  1
165    1.08104
131 14.8437  1
195    0.882488
132 7.15613  1
204    0
133 12.0525  1
204    0
134 8.04147  1
204    0
135 14.9438  1
204    0
136 7.48299  1
204    0
137 13.1201  1
147    1.1168
138 11.5276  1
165    1.09536
139 6.32756  1
193    1.17166
140 9.34675  2
144    0.78804
145    0.988198
141 9.20606  1
204    0
142 8.74645  1
204    0
143 7.24555  1
204    0
144 12.3446  6
149    1.23745
150    1.25574
151    0.715455
152    0.751161
153    0.867766
154    1.24855
145 8.99548  1
204    0
146 8.05887  1
204    0
147 5.00031  1
204    0
148 5.01251  1
204    0
149 5.05249  1
204    0
150 5.18311  1
195    0.779653
151 5.60945  1
193    1.2139
152 7.00171  1
204    0
153 11.5484  1
195    0.848979
154 6.39531  1
204    0
155 9.56801  1
194    1.06439
156 9.92843  1
195    0.952364
157 11.1055  1
204    0
158 14.9493  1
204    0
159 7.50099  1
165    0.737629
160 13.179  1
166    1.18253
161 11.7202  1
204    0
162 6.95624  1
204    0
163 11.3997  1
204    0
164 5.90976  1
204    0
165 7.98257  1
166    0.798349
166 14.7516  1
204    0
167 6.85522  1
204    0
168 11.0701  8
169    0.761946
170    0.902997
171    0.763576
172    0.908307
173    0.780917
174    0.964943
175    0.965877
192    1.28953
169 14.8337  1
204    0
170 7.12348  1
204    0
171 11.946  1
204    0
172 7.69387  1
204    0
173 13.8086  1
204    0
174 13.7762  1
204    0
175 13.6703  1
204    0
176 13.3245  1
204    0
177 12.1953  1
204    0
178 8.5081  1
204    0
179 6.46733  1
204    0
180 9.80331  1
204    0
181 10.6969  1
204    0
182 13.6151  1
204    0
183 13.1442  1
204    0
184 11.6063  1
193    1.0409
185 6.58452  1
204    0
186 10.186  1
204    0
187 11.9466  1
204    0
188 7.6957  1
204    0
189 13.8147  1
204    0
190 13.796  1
191    1.04736
191 13.7353  1
204    0
192 13.5369  1
204    0
193 12.889  1
204    0
194 10.7732  1
195    0.960805
195 13.8641  1
204    0
196 13.9575  1
204    0
197 14.2624  1
204    0
198 5.25758  1
204    0
199 5.85269  1
204    0
200 7.79611  1
204    0
201 14.1424  1
204    0
202 14.8663  1
204    0
203 7.22999  1
204    0
204 0  0
