57
0 6.95624  2
1    3.9586
23    4.61029
1 11.3997  10
2    5.00105
3    5.40518
4    3.72486
5    4.23775
6    5.91267
7    5.38211
14    5.43118
24    6.23898
32    5.93602
44    6.4848
2 5.90976  1
32    4.41244
3 7.98257  1
32    5.32196
4 14.7516  1
32    4.2449
5 6.85522  2
15    3.81788
23    6.28649
6 11.0701  10
8    3.64951
9    3.99174
10    5.10936
11    5.75886
12    4.87974
13    5.00902
14    3.80973
24    5.86818
32    6.48315
33    5.70338
7 14.8337  1
22    6.18963
8 7.12348  3
15    3.90458
23    3.60273
24    6.44763
9 11.946  3
15    4.51498
23    4.12917
24    5.23681
10 7.69387  1
33    4.69865
11 13.8086  1
24    4.22411
12 13.7762  9
16    4.82472
17    4.82939
18    4.84458
19    4.89421
20    5.05626
21    5.58545
23    3.83894
32    5.45828
33    4.62394
13 13.6703  1
44    4.39477
14 13.3245  3
15    4.54154
32    3.89827
33    4.76182
15 12.1953  1
44    4.08687
16 8.5081  2
22    4.31347
24    6.17507
17 6.46733  9
25    4.12889
26    5.55716
27    4.22109
28    5.85829
29    5.20449
30    6.06951
31    5.89427
33    4.17367
44    5.95369
18 9.80331  2
22    6.15996
45    5.32104
19 10.6969  2
44    5.41992
45    4.05657
20 13.6151  3
23    5.55808
32    5.61576
33    3.50009
21 13.1442  1
56    0
22 11.6063  1
33    4.41766
23 6.58452  1
56    0
24 10.186  1
32    4.14684
25 11.9466  1
56    0
26 7.6957  1
33    4.80403
27 13.8147  1
56    0
28 13.796  10
46    6.4501
47    4.13704
48    5.5838
49    4.30816
50    6.14257
51    6.13286
52    6.10109
53    5.99736
54    5.6586
55    4.55243
29 13.7353  1
44    6.42547
30 13.5369  1
44    5.51605
31 12.889  2
32    6.45312
44    4.2503
32 10.7732  10
34    3.50375
35    3.51575
36    3.55493
37    3.68284
38    4.10051
39    5.46451
40    3.91859
41    4.8704
42    4.97853
43    5.33166
33 13.8641  1
56    0
34 13.9575  1
56    0
35 14.2624  1
56    0
36 5.25758  1
56    0
37 5.85269  1
44    3.77293
38 7.79611  1
56    0
39 14.1424  1
56    0
40 14.8663  1
56    0
41 7.22999  1
56    0
42 12.2939  1
56    0
43 8.82977  1
56    0
44 7.51778  1
56    0
45 13.2336  1
56    0
46 11.8984  1
56    0
47 7.53822  1
56    0
48 13.3004  1
56    0
49 12.1166  1
56    0
50 8.25083  1
56    0
51 5.62716  1
56    0
52 7.05969  1
56    0
53 11.7379  1
56    0
54 7.01422  1
56    0
55 11.5893  1
56    0
56 0  0
