193
0 13.7762  9
1    54.3118
2    38.0973
3    45.1498
4    38.1788
5    45.4154
6    39.0458
7    48.2472
8    48.2939
15    41.2889
1 13.6703  1
14    36.0273
2 13.3245  2
14    41.2917
15    62.3898
3 12.1953  5
11    50.5626
12    55.8545
13    43.1347
15    58.6818
39    54.1992
4 8.5081  3
14    46.1029
95    54.3118
187    35.1575
5 6.46733  2
15    64.4763
177    41.4684
6 9.80331  5
9    48.4458
10    48.9421
14    62.8649
34    44.1766
161    43.1347
7 10.6969  9
49    45.5243
50    39.402
51    49.4099
52    52.0907
53    60.8452
54    59.4325
55    54.819
56    39.7536
126    59.9736
8 13.6151  3
15    55.5808
102    64.8315
127    50.558
9 13.1442  5
14    38.3894
15    42.2109
38    48.704
39    59.5369
178    38.9827
10 11.6063  5
15    52.3681
27    38.9827
40    64.2547
85    55.2136
110    53.3166
11 6.58452  4
15    61.7507
101    58.9427
102    46.2394
140    44.7525
12 10.186  3
14    61.5996
15    42.2411
39    37.7293
13 11.9466  3
14    61.8963
15    55.5716
161    55.8545
14 7.6957  4
16    58.5829
17    52.0449
18    60.6951
108    35.0375
15 13.8147  5
35    35.0009
36    35.0375
37    35.1575
39    55.1605
101    64.5312
16 13.796  9
19    58.9427
20    53.2196
21    64.5312
22    41.4684
23    56.1576
24    44.1244
25    64.8315
26    42.449
38    49.7853
17 13.7353  2
38    36.8284
101    60.6951
18 13.5369  1
192    0
19 12.889  9
28    48.0403
29    47.6182
30    46.2394
31    41.7367
32    57.0338
33    46.9865
40    40.5657
94    39.9174
137    56.8818
20 10.7732  2
27    59.3602
102    54.5828
21 13.8641  3
94    53.8211
126    56.586
187    54.6451
22 13.9575  1
39    42.503
23 14.2624  2
100    42.2411
101    42.2109
24 5.25758  1
38    35.5493
25 5.85269  2
27    54.5828
100    52.3681
26 7.79611  1
137    59.7008
27 14.1424  1
99    62.8649
28 14.8663  2
95    50.0902
150    51.0936
29 7.22999  1
38    41.0051
30 12.2939  2
38    39.1859
150    53.8211
31 8.82977  6
66    61.5923
67    61.8725
68    62.7871
69    35.7727
70    37.5581
136    62.4273
32 7.51778  2
99    61.8963
126    45.5243
33 13.2336  2
39    64.848
108    35.5493
34 11.8984  2
39    53.3166
126    52.0907
35 7.53822  4
39    40.8687
40    64.501
101    41.2889
110    42.503
36 13.3004  2
38    54.6451
137    42.5533
37 12.1166  3
40    43.9477
110    54.6451
150    36.4951
38 8.25083  10
41    41.3704
42    55.838
43    43.0816
44    61.4257
45    61.3286
46    61.0109
47    59.9736
48    56.586
85    41.1791
95    38.1788
39 5.62716  5
40    53.2104
101    52.0449
102    42.449
108    35.1575
162    62.8649
40 7.05969  2
110    39.1859
127    59.4325
41 11.7379  1
161    50.5626
42 7.01422  10
76    46.4893
77    42.5533
78    59.7008
79    55.6952
80    42.6147
81    59.9013
82    56.3498
83    44.7525
84    36.8815
99    41.2917
43 11.5893  10
57    50.558
58    55.8399
59    43.0871
60    61.444
61    61.3881
62    61.2059
63    60.6108
64    58.6671
65    52.3196
162    61.8963
44 6.52867  1
140    56.3498
45 10.0035  3
94    51.0936
95    48.2472
177    56.1576
46 11.3506  9
86    41.0427
87    54.7678
88    39.586
89    50.0105
90    54.0518
91    37.2486
92    42.3775
93    59.1267
102    44.1244
47 5.74953  1
192    0
48 7.45918  1
99    61.5996
49 13.0422  1
192    0
50 11.2737  6
71    43.3883
72    62.4273
73    64.599
74    41.69
75    56.8818
95    48.4458
51 5.49837  1
101    53.2196
52 6.63915  2
126    39.402
127    61.3881
53 10.3645  2
102    38.9827
150    59.1267
54 12.5295  1
192    0
55 9.59914  5
95    48.2939
99    46.1029
100    64.4763
110    41.0051
161    48.4458
56 10.0301  1
102    48.0403
57 11.4373  2
95    39.0458
126    49.4099
58 6.03244  1
99    38.3894
59 8.38328  3
94    48.7974
100    55.5808
126    61.0109
60 6.0596  1
192    0
61 8.47179  2
102    56.1576
140    59.9013
62 6.34861  1
192    0
63 9.41572  1
109    36.8284
64 9.43129  1
100    61.7507
65 9.48195  1
192    0
66 9.64736  1
192    0
67 10.1875  1
192    0
68 11.9515  1
127    43.0871
69 7.71157  1
99    43.1347
70 13.8665  1
137    64.599
71 13.9654  1
127    61.2059
72 14.2883  1
110    49.7853
73 5.34242  6
111    59.5369
112    55.1605
113    40.8687
114    54.1992
115    37.7293
116    43.9477
74 6.1298  1
126    60.8452
75 8.70098  1
94    36.4951
76 7.09723  1
192    0
77 11.8603  3
95    38.0973
96    48.9421
101    55.5716
78 7.41371  1
192    0
79 12.8939  2
95    45.4154
100    62.3898
80 10.7894  1
192    0
81 13.9169  1
192    0
82 14.1299  6
103    41.7367
104    57.0338
105    46.9865
106    44.1766
107    35.0009
178    44.1244
83 14.8254  1
192    0
84 7.09632  2
95    45.1498
100    58.6818
85 11.8572  1
101    58.5829
86 7.40364  1
192    0
87 12.861  3
94    57.5886
102    47.6182
162    38.3894
88 10.6816  1
192    0
89 13.565  1
192    0
90 12.9809  7
170    42.2109
171    58.5829
172    52.0449
173    60.6951
174    58.9427
175    53.2196
176    64.5312
91 11.0732  1
127    55.8399
92 14.8437  1
192    0
93 7.15613  1
187    41.0051
94 12.0525  2
137    46.4893
161    61.5996
95 8.04147  4
97    50.5626
98    55.8545
102    59.3602
162    41.2917
96 14.9438  4
99    36.0273
101    41.4684
110    48.704
150    39.9174
97 7.48299  10
151    48.7974
152    50.0902
153    54.3118
154    38.0973
155    45.1498
156    38.1788
157    45.4154
158    39.0458
159    48.2472
160    48.2939
98 13.1201  1
110    64.848
99 11.5276  1
192    0
100 6.32756  1
162    55.5808
101 9.34675  8
128    60.6108
129    58.6671
130    52.3196
131    61.5923
132    61.8725
133    62.7871
134    35.7727
135    37.5581
102 9.20606  1
192    0
103 8.74645  1
192    0
104 7.24555  2
150    42.3775
162    36.0273
105 12.3446  1
192    0
106 8.99548  1
127    54.819
107 8.05887  1
169    55.5716
108 5.00031  1
136    43.3883
109 5.01251  1
192    0
110 5.05249  10
117    64.2547
118    40.5657
119    53.2104
120    64.501
121    41.3704
122    55.838
123    43.0816
124    61.4257
125    61.3286
150    57.5886
111 5.18311  1
192    0
112 5.60945  1
192    0
113 7.00171  1
192    0
114 11.5484  1
192    0
115 6.39531  2
178    64.8315
187    35.5493
116 9.56801  1
192    0
117 9.92843  1
192    0
118 11.1055  1
127    39.7536
119 14.9493  8
142    41.1791
143    55.2136
144    41.0427
145    54.7678
146    39.586
147    50.0105
148    54.0518
149    37.2486
120 7.50099  1
137    41.69
121 13.179  1
192    0
122 11.7202  1
192    0
123 6.95624  6
163    58.6818
164    52.3681
165    61.7507
166    62.3898
167    64.4763
168    41.2889
124 11.3997  2
127    61.444
161    48.9421
125 5.90976  1
192    0
126 7.98257  1
192    0
127 14.7516  1
192    0
128 6.85522  1
192    0
129 11.0701  1
187    36.8284
130 14.8337  1
192    0
131 7.12348  1
192    0
132 11.946  1
192    0
133 7.69387  1
141    36.8815
134 13.8086  1
192    0
135 13.7762  1
192    0
136 13.6703  1
192    0
137 13.3245  2
138    55.6952
139    42.6147
138 12.1953  1
192    0
139 8.5081  1
192    0
140 6.46733  1
192    0
141 9.80331  1
192    0
142 10.6969  1
192    0
143 13.6151  1
192    0
144 13.1442  1
192    0
145 11.6063  1
192    0
146 6.58452  1
192    0
147 10.186  2
162    46.1029
178    59.3602
148 11.9466  1
192    0
149 7.6957  1
192    0
150 13.8147  1
192    0
151 13.796  1
192    0
152 13.7353  1
192    0
153 13.5369  1
192    0
154 12.889  1
192    0
155 10.7732  1
192    0
156 13.8641  1
192    0
157 13.9575  1
192    0
158 14.2624  1
192    0
159 5.25758  1
162    42.2411
160 5.85269  1
192    0
161 7.79611  1
192    0
162 14.1424  1
192    0
163 14.8663  1
192    0
164 7.22999  1
192    0
165 12.2939  1
178    54.5828
166 8.82977  1
192    0
167 7.51778  1
192    0
168 13.2336  1
192    0
169 11.8984  1
192    0
170 7.53822  1
192    0
171 13.3004  1
178    42.449
172 12.1166  1
192    0
173 8.25083  1
192    0
174 5.62716  1
192    0
175 7.05969  1
187    35.0375
176 11.7379  1
192    0
177 7.01422  1
192    0
178 11.5893  8
179    48.0403
180    47.6182
181    46.2394
182    41.7367
183    57.0338
184    46.9865
185    44.1766
186    35.0009
179 6.52867  1
192    0
180 10.0035  1
192    0
181 11.3506  1
192    0
182 5.74953  1
192    0
183 7.45918  1
192    0
184 13.0422  1
192    0
185 11.2737  4
188    39.1859
189    48.704
190    49.7853
191    53.3166
186 5.49837  1
192    0
187 6.63915  1
192    0
188 10.3645  1
192    0
189 12.5295  1
192    0
190 9.59914  1
192    0
191 10.0301  1
192    0
192 0  0
