165
0 5.00031  9
1    59.9736
2    56.586
3    45.5243
4    39.402
5    49.4099
6    52.0907
10    61.2059
11    61.8725
39    45.4154
1 5.01251  3
57    54.5828
75    59.9736
121    36.8284
2 5.05249  3
10    50.558
90    59.9013
95    54.3118
3 5.18311  9
10    60.6108
11    58.6671
37    36.4951
48    42.2411
53    52.0449
90    46.4893
95    38.1788
155    58.6671
156    64.599
4 5.60945  2
7    60.8452
11    52.3196
5 7.00171  3
10    61.3881
37    50.0902
82    58.6671
6 11.5484  3
8    59.4325
10    39.7536
71    59.5369
7 6.39531  6
10    55.8399
11    61.5923
39    45.1498
42    61.8963
53    42.2109
121    44.1766
8 9.56801  7
9    54.819
10    61.444
48    61.7507
53    41.4684
64    35.0375
71    37.7293
108    41.2917
9 9.92843  5
10    43.0871
11    62.7871
39    38.1788
82    61.5923
112    56.1576
10 11.1055  8
12    35.7727
13    37.5581
14    43.3883
15    62.4273
16    64.599
17    41.69
53    60.6951
57    47.6182
11 14.9493  1
38    54.3118
12 7.50099  4
74    64.501
91    54.7678
95    38.0973
109    62.3898
13 13.179  2
53    58.9427
156    43.3883
14 11.7202  2
65    41.0051
112    41.4684
15 6.95624  9
18    56.8818
19    46.4893
20    42.5533
21    59.7008
22    55.6952
23    42.6147
24    59.9013
71    64.2547
144    45.5243
16 11.3997  4
37    39.9174
40    48.2939
90    36.8815
111    58.5829
17 5.90976  3
37    57.5886
40    48.9421
112    64.5312
18 7.98257  5
25    56.3498
26    44.7525
27    36.8815
53    58.5829
112    42.449
19 14.7516  3
65    54.6451
71    55.1605
82    61.2059
20 6.85522  2
65    35.1575
75    61.3286
21 11.0701  1
39    38.0973
22 14.8337  4
53    64.5312
91    55.2136
94    48.7974
109    41.2889
23 7.12348  2
42    62.8649
156    37.5581
24 11.946  5
43    36.0273
44    38.3894
45    46.1029
46    41.2917
47    55.5808
25 7.69387  8
28    41.1791
29    55.2136
30    41.0427
31    54.7678
32    39.586
33    50.0105
34    54.0518
35    37.2486
26 13.8086  5
42    61.5996
57    38.9827
81    55.8399
95    39.0458
155    35.7727
27 13.7762  2
80    52.0907
121    46.9865
28 13.6703  3
48    58.6818
81    60.8452
91    41.0427
29 13.3245  1
37    48.7974
30 12.1953  3
65    36.8284
75    41.3704
90    42.5533
31 8.5081  4
36    42.3775
40    48.4458
75    61.4257
155    52.3196
32 6.46733  2
53    53.2196
57    59.3602
33 9.80331  4
37    53.8211
39    48.2472
90    59.7008
120    57.0338
34 10.6969  1
39    39.0458
35 13.6151  2
36    59.1267
40    55.8545
36 13.1442  3
37    51.0936
75    61.0109
90    44.7525
37 11.6063  7
58    46.2394
59    41.7367
60    57.0338
61    46.9865
62    44.1766
63    35.0009
111    53.2196
38 6.58452  2
48    52.3681
71    43.9477
39 10.186  3
40    50.5626
41    43.1347
94    42.3775
40 11.9466  3
54    44.1244
55    64.8315
56    42.449
41 7.6957  1
90    55.6952
42 13.8147  4
82    61.3881
95    48.2472
109    61.7507
121    35.1575
43 13.796  2
53    56.1576
95    45.4154
44 13.7353  3
81    39.7536
94    57.5886
95    45.1498
45 13.5369  1
57    48.0403
46 12.889  6
66    48.704
67    49.7853
68    53.3166
69    64.848
90    42.6147
94    39.9174
47 10.7732  3
81    54.819
144    56.586
156    41.69
48 13.8641  5
49    62.3898
50    64.4763
51    41.2889
52    55.5716
91    41.1791
49 13.9575  3
65    39.1859
121    35.0009
144    61.0109
50 14.2624  9
133    37.7293
134    43.9477
135    64.2547
136    40.5657
137    53.2104
138    64.501
139    41.3704
140    55.838
155    61.8725
51 5.25758  1
164    0
52 5.85269  4
105    36.0273
106    38.3894
107    46.1029
144    59.9736
53 7.79611  2
70    42.503
94    36.4951
54 14.1424  5
76    56.586
77    45.5243
78    39.402
79    49.4099
81    43.0871
55 14.8663  1
164    0
56 7.22999  1
71    54.1992
57 12.2939  4
96    48.2939
97    48.4458
98    48.9421
99    50.5626
58 8.82977  1
82    52.3196
59 7.51778  4
87    64.599
88    41.69
89    56.8818
155    61.5923
60 13.2336  1
81    61.444
61 11.8984  2
72    40.5657
73    53.2104
62 7.53822  1
65    35.5493
63 13.3004  2
81    50.558
109    64.4763
64 12.1166  2
94    37.2486
112    44.1244
65 8.25083  1
164    0
66 5.62716  1
111    52.0449
67 7.05969  1
164    0
68 11.7379  4
83    35.7727
84    37.5581
85    43.3883
86    62.4273
69 7.01422  2
71    40.8687
82    60.6108
70 11.5893  1
164    0
71 6.52867  1
75    55.838
72 10.0035  1
156    62.4273
73 11.3506  3
75    43.0816
90    56.3498
94    53.8211
74 5.74953  1
164    0
75 7.45918  5
100    55.8545
101    43.1347
102    61.5996
103    61.8963
104    62.8649
76 13.0422  1
93    54.0518
77 11.2737  1
164    0
78 5.49837  2
81    59.4325
156    55.6952
79 6.63915  1
82    62.7871
80 10.3645  2
82    61.8725
91    39.586
81 12.5295  1
164    0
82 9.59914  6
127    64.848
128    42.503
129    59.5369
130    55.1605
131    40.8687
132    54.1992
83 10.0301  10
145    52.0907
146    60.8452
147    59.4325
148    54.819
149    39.7536
150    50.558
151    55.8399
152    43.0871
153    61.444
154    61.3881
84 11.4373  2
109    55.5716
110    42.2109
85 6.03244  1
94    59.1267
86 8.38328  1
164    0
87 6.0596  8
113    59.3602
114    54.5828
115    38.9827
116    48.0403
117    47.6182
118    46.2394
119    41.7367
121    35.5493
88 8.47179  1
164    0
89 6.34861  2
92    50.0105
121    41.0051
90 9.41572  2
94    51.0936
109    52.3681
91 9.43129  1
155    60.6108
92 9.48195  1
156    56.8818
93 9.64736  2
94    50.0902
111    60.6951
94 10.1875  1
164    0
95 11.9515  1
164    0
96 7.71157  1
164    0
97 13.8665  2
112    64.8315
121    35.0375
98 13.9654  1
109    42.2411
99 14.2883  5
122    54.6451
123    39.1859
124    48.704
125    49.7853
126    53.3166
100 5.34242  1
155    62.7871
101 6.1298  7
157    42.6147
158    59.9013
159    56.3498
160    44.7525
161    36.8815
162    41.1791
163    55.2136
102 8.70098  1
111    58.9427
103 7.09723  3
108    55.5808
109    58.6818
156    42.5533
104 11.8603  1
164    0
105 7.41371  1
164    0
106 12.8939  1
164    0
107 10.7894  1
164    0
108 13.9169  1
144    49.4099
109 14.1299  1
164    0
110 14.8254  1
164    0
111 7.09632  1
156    59.7008
112 11.8572  1
164    0
113 7.40364  1
164    0
114 12.861  1
164    0
115 10.6816  1
164    0
116 13.565  1
164    0
117 12.9809  1
164    0
118 11.0732  1
164    0
119 14.8437  1
164    0
120 7.15613  1
164    0
121 12.0525  3
141    43.0816
142    61.4257
143    61.3286
122 8.04147  1
164    0
123 14.9438  1
164    0
124 7.48299  1
164    0
125 13.1201  1
164    0
126 11.5276  1
164    0
127 6.32756  1
164    0
128 9.34675  1
164    0
129 9.20606  1
164    0
130 8.74645  1
164    0
131 7.24555  1
164    0
132 12.3446  1
164    0
133 8.99548  1
164    0
134 8.05887  1
164    0
135 5.00031  1
144    39.402
136 5.01251  1
164    0
137 5.05249  1
164    0
138 5.18311  1
164    0
139 5.60945  1
155    61.2059
140 7.00171  1
164    0
141 11.5484  1
164    0
142 6.39531  1
164    0
143 9.56801  1
164    0
144 9.92843  1
164    0
145 11.1055  1
164    0
146 14.9493  1
156    46.4893
147 7.50099  1
164    0
148 13.179  1
164    0
149 11.7202  1
164    0
150 6.95624  1
164    0
151 11.3997  1
164    0
152 5.90976  1
164    0
153 7.98257  1
164    0
154 14.7516  1
164    0
155 6.85522  1
164    0
156 11.0701  1
164    0
157 14.8337  1
164    0
158 7.12348  1
164    0
159 11.946  1
164    0
160 7.69387  1
164    0
161 13.8086  1
164    0
162 13.7762  1
164    0
163 13.6703  1
164    0
164 0  0
