98
0 7.01422  10
1    9.10486
2    7.8804
3    9.88198
4    10.4181
5    12.169
6    11.8865
7    10.9638
8    7.95071
9    10.1116
10    11.168
1 11.5893  5
11    8.61742
12    12.2888
13    12.2776
14    12.2412
35    9.75948
2 6.52867  1
36    9.08307
3 10.0035  5
15    12.1222
16    11.7334
17    10.4639
18    12.3185
34    7.29902
4 11.3506  1
34    11.5177
5 5.74953  3
25    11.3764
34    10.7642
37    11.1709
6 7.45918  1
41    9.22059
7 13.0422  3
25    8.33799
42    11.7364
87    11.168
8 11.2737  3
25    9.29786
41    8.44823
48    12.9062
9 5.49837  2
26    11.27
48    10.6439
10 6.63915  1
97    0
11 10.3645  1
26    8.52293
12 12.5295  1
42    10.4736
13 9.59914  9
19    12.3745
20    12.5574
21    7.15455
22    7.51161
23    8.67766
24    12.4855
26    11.9803
36    9.02997
47    12.139
14 10.0301  3
26    11.139
37    8.62694
59    11.4068
15 11.4373  2
25    8.51067
87    12.169
16 6.03244  2
26    11.0427
37    10.1125
17 8.38328  2
26    8.9505
34    10.2187
18 6.0596  2
26    11.9402
42    12.478
19 8.47179  3
43    8.25779
44    11.1143
45    8.44218
20 6.34861  2
36    7.80917
42    12.3501
21 9.41572  1
41    11.1162
22 9.43129  2
26    8.23582
49    8.82488
23 9.48195  4
25    12.9198
26    7.37629
48    11.7885
59    7.36567
24 9.64736  1
37    9.78841
25 10.1875  2
35    10.8624
59    7.00751
26 11.9515  7
27    8.20853
28    10.9536
29    7.9172
30    10.0021
31    10.8104
32    7.44972
33    8.47551
27 7.71157  1
87    8.61742
28 13.8665  3
34    11.8253
35    7.61946
46    11.7166
29 13.9654  5
38    12.3793
39    12.573
40    7.20545
42    12.8953
87    11.8865
30 14.2883  3
34    7.98349
37    9.68917
79    11.1676
31 5.34242  1
97    0
32 6.1298  4
50    12.9663
51    8.48979
52    11.872
53    10.9166
33 8.70098  2
35    10.018
37    9.64943
34 7.09723  1
97    0
35 11.8603  3
36    7.63576
37    9.65877
48    11.2315
36 7.41371  1
37    12.3199
37 12.8939  1
48    8.29368
38 10.7894  1
97    0
39 13.9169  1
41    7.67788
40 14.1299  2
41    8.25834
46    10.409
41 14.8254  1
97    0
42 7.09632  1
97    0
43 11.8572  7
71    10.8398
72    7.54585
73    8.78954
74    12.8509
75    8.11313
76    10.6421
79    8.61632
44 7.40364  1
70    8.17374
45 12.861  10
60    8.20103
61    10.929
62    7.83718
63    9.74081
64    9.95706
65    10.6633
66    12.9696
67    8.5006
68    11.9074
69    11.0321
46 10.6816  1
59    7.00018
47 13.565  1
97    0
48 12.9809  1
97    0
49 11.0732  1
59    9.39729
50 14.8437  6
54    7.79653
55    9.60805
56    9.52364
57    9.24787
58    8.34733
87    7.95071
51 7.15613  2
59    8.83532
79    12.2657
52 12.0525  1
59    7.0315
53 8.04147  1
97    0
54 14.9438  1
59    7.10987
55 7.48299  1
97    0
56 13.1201  1
97    0
57 11.5276  1
97    0
58 6.32756  1
97    0
59 9.34675  1
97    0
60 9.20606  1
97    0
61 8.74645  1
97    0
62 7.24555  1
97    0
63 12.3446  1
97    0
64 8.99548  1
97    0
65 8.05887  1
97    0
66 5.00031  1
97    0
67 5.01251  2
77    12.9002
78    8.27409
68 5.05249  7
80    12.2022
81    11.9947
82    11.3172
83    9.10486
84    7.8804
85    9.88198
86    10.4181
69 5.18311  1
97    0
70 5.60945  1
97    0
71 7.00171  1
97    0
72 11.5484  1
97    0
73 6.39531  1
97    0
74 9.56801  1
97    0
75 9.92843  1
97    0
76 11.1055  1
97    0
77 14.9493  1
79    12.2851
78 7.50099  1
97    0
79 13.179  1
97    0
80 11.7202  1
97    0
81 6.95624  1
87    10.1116
82 11.3997  1
97    0
83 5.90976  1
97    0
84 7.98257  1
97    0
85 14.7516  1
87    10.9638
86 6.85522  9
88    12.2888
89    12.2776
90    12.2412
91    12.1222
92    11.7334
93    10.4639
94    12.3185
95    12.3745
96    12.5574
87 11.0701  1
97    0
88 14.8337  1
97    0
89 7.12348  1
97    0
90 11.946  1
97    0
91 7.69387  1
97    0
92 13.8086  1
97    0
93 13.7762  1
97    0
94 13.6703  1
97    0
95 13.3245  1
97    0
96 12.1953  1
97    0
97 0  0
