111
0 7.40364  10
1    0.908307
2    0.780917
3    0.964943
4    0.965877
5    0.968917
6    0.978841
7    1.23199
14    1.28953
102    1.04736
108    0.939729
1 12.861  3
6    1.11709
19    1.06439
102    1.17364
2 10.6816  10
20    1.29062
21    0.829368
22    1.12315
23    0.882488
24    1.29663
25    0.848979
26    1.1872
27    1.09166
28    0.779653
29    0.960805
3 13.565  5
7    0.862694
13    1.17364
14    1.23501
18    1.17885
97    0.968917
4 12.9809  2
14    1.04736
54    1.22851
5 11.0732  6
6    1.01125
7    1.23793
13    0.844823
14    0.825779
18    1.2139
54    1.19947
6 14.8437  1
110    0
7 7.15613  3
8    1.2573
9    0.720545
10    0.767788
8 12.0525  5
11    0.922059
12    0.825834
14    1.11143
47    0.754585
104    1.0409
9 8.04147  3
15    0.844218
16    1.17166
17    1.0409
10 14.9438  1
14    1.24779
11 7.48299  1
110    0
12 13.1201  2
13    1.11162
47    1.28509
13 11.5276  2
104    1.11143
108    0.834733
14 6.32756  1
110    0
15 9.34675  1
55    1.18865
16 9.20606  9
30    0.952364
31    0.924787
32    0.834733
33    1.14068
34    0.939729
35    0.883532
36    0.700018
54    0.910486
97    0.862694
17 8.74645  1
55    0.795071
18 7.24555  1
110    0
19 12.3446  1
110    0
20 8.99548  1
97    1.23199
21 8.05887  2
47    1.19074
55    1.2169
22 5.00031  1
110    0
23 5.01251  3
54    0.78804
55    1.04181
108    1.14068
24 5.05249  1
102    0.922059
25 5.18311  1
109    0.783718
26 5.60945  1
109    1.0929
27 7.00171  3
47    1.29696
54    1.22022
102    1.23501
28 11.5484  1
110    0
29 6.39531  2
55    0.988198
108    0.883532
30 9.56801  1
104    1.12315
31 9.92843  4
47    1.10321
96    1.0018
102    0.825834
107    1.09166
32 11.1055  1
110    0
33 14.9493  1
55    1.09638
34 7.50099  10
37    0.700751
38    0.703149
39    0.710987
40    0.736567
41    0.820103
42    1.0929
43    0.783718
44    0.974081
45    0.995706
46    1.06633
35 13.179  5
71    1.24855
72    1.29198
73    0.833799
74    1.13764
75    0.929786
36 11.7202  5
66    1.23745
67    1.25574
68    0.715455
69    0.751161
70    0.867766
37 6.95624  1
110    0
38 11.3997  1
108    0.700018
39 5.90976  2
47    0.817374
96    0.798349
40 7.98257  2
47    0.878954
54    1.22657
41 14.7516  1
97    0.965877
42 6.85522  1
102    0.844823
43 11.0701  1
96    1.08624
44 14.8337  3
47    1.08398
96    1.15177
97    0.964943
45 7.12348  7
48    0.811313
49    1.06421
50    1.29002
51    0.827409
52    1.11676
53    0.861632
106    0.848979
46 11.946  3
47    0.85006
54    1.13172
108    0.710987
47 7.69387  10
56    1.01116
57    1.1168
58    0.861742
59    1.22888
60    1.22776
61    1.22412
62    1.21222
63    1.17334
64    1.04639
65    1.23185
48 13.8086  1
110    0
49 13.7762  1
110    0
50 13.6703  1
110    0
51 13.3245  1
97    0.908307
52 12.1953  1
97    0.978841
53 8.5081  1
110    0
54 6.46733  1
96    0.761946
55 9.80331  1
110    0
56 10.6969  1
110    0
57 13.6151  1
102    1.11162
58 13.1442  1
110    0
59 11.6063  7
76    0.851067
77    1.19402
78    1.1139
79    0.852293
80    1.19803
81    1.127
82    0.89505
60 6.58452  1
103    1.28953
61 10.186  1
96    0.902997
62 11.9466  1
110    0
63 7.6957  1
97    0.780917
64 13.8147  6
92    0.847551
93    1.18253
94    1.07642
95    0.729902
96    0.975948
104    0.829368
65 13.796  4
98    1.23793
99    1.2573
100    0.720545
101    0.767788
66 13.7353  1
103    0.825779
67 13.5369  1
108    0.700751
68 12.889  1
110    0
69 10.7732  1
110    0
70 13.8641  1
110    0
71 13.9575  1
104    1.06439
72 14.2624  1
110    0
73 5.25758  9
83    0.737629
84    0.823582
85    1.10427
86    0.820853
87    1.09536
88    0.79172
89    1.00021
90    1.08104
91    0.744972
74 5.85269  1
110    0
75 7.79611  1
110    0
76 14.1424  1
107    0.779653
77 14.8663  1
110    0
78 7.22999  1
110    0
79 12.2939  1
107    0.924787
80 8.82977  1
102    1.24779
81 7.51778  4
104    1.2139
106    1.1872
108    0.736567
109    0.820103
82 13.2336  1
110    0
83 11.8984  1
106    1.29663
84 7.53822  1
110    0
85 13.3004  1
110    0
86 12.1166  1
110    0
87 8.25083  1
110    0
88 5.62716  1
110    0
89 7.05969  1
104    1.17885
90 11.7379  2
96    0.763576
104    0.844218
91 7.01422  1
110    0
92 11.5893  2
96    1.02187
97    1.11709
93 6.52867  1
107    0.952364
94 10.0035  1
110    0
95 11.3506  1
108    0.703149
96 5.74953  2
97    1.01125
104    1.17166
97 7.45918  1
110    0
98 13.0422  1
110    0
99 11.2737  1
110    0
100 5.49837  1
110    0
101 6.63915  1
104    1.29062
102 10.3645  1
110    0
103 12.5295  1
110    0
104 9.59914  1
105    0.882488
105 10.0301  1
107    0.960805
106 11.4373  1
110    0
107 6.03244  1
110    0
108 8.38328  1
110    0
109 6.0596  1
110    0
110 0  0
