54
0 8.38328  1
1    0.736567
1 6.0596  10
2    0.820103
3    1.0929
4    0.783718
5    0.974081
6    0.995706
7    1.06633
8    1.29696
9    0.85006
38    1.17334
41    1.13764
2 8.47179  1
42    1.19803
3 6.34861  1
53    0
4 9.41572  1
53    0
5 9.43129  1
10    1.19074
6 9.48195  1
53    0
7 9.64736  6
21    1.11676
22    0.861632
23    1.22851
24    1.22657
25    1.22022
38    0.715455
8 10.1875  3
26    0.78804
38    1.21222
42    0.820853
9 11.9515  10
11    1.10321
12    0.817374
13    1.08398
14    0.754585
15    0.878954
16    1.28509
17    0.811313
18    1.06421
19    1.29002
20    0.827409
10 7.71157  1
53    0
11 13.8665  1
53    0
12 13.9654  1
38    1.25574
13 14.2883  1
38    1.23185
14 5.34242  1
26    1.13172
15 6.1298  7
31    1.09638
32    0.795071
33    1.01116
34    1.1168
35    0.861742
36    1.22888
37    1.22776
16 8.70098  1
53    0
17 7.09723  1
26    1.19947
18 11.8603  2
38    0.751161
41    1.1139
19 7.41371  2
39    0.867766
40    1.24855
20 12.8939  1
38    1.04639
21 10.7894  3
38    1.23745
41    1.29198
42    0.737629
22 13.9169  1
26    0.910486
23 14.1299  1
42    1.10427
24 14.8254  4
27    0.988198
28    1.04181
29    1.2169
30    1.18865
25 7.09632  2
38    1.22412
42    0.823582
26 11.8572  1
41    1.19402
27 7.40364  1
41    0.929786
28 12.861  10
43    1.09536
44    0.79172
45    1.00021
46    1.08104
47    0.744972
48    0.847551
49    1.18253
50    1.07642
51    0.729902
52    0.798349
29 10.6816  1
53    0
30 13.565  1
53    0
31 12.9809  1
41    0.851067
32 11.0732  1
53    0
33 14.8437  1
53    0
34 7.15613  1
42    0.852293
35 12.0525  1
53    0
36 8.04147  1
42    1.127
37 14.9438  1
53    0
38 7.48299  1
53    0
39 13.1201  1
41    0.833799
40 11.5276  1
42    0.89505
41 6.32756  1
53    0
42 9.34675  1
53    0
43 9.20606  1
53    0
44 8.74645  1
53    0
45 7.24555  1
53    0
46 12.3446  1
53    0
47 8.99548  1
53    0
48 8.05887  1
53    0
49 5.00031  1
53    0
50 5.01251  1
53    0
51 5.05249  1
53    0
52 5.18311  1
53    0
53 0  0
