209
0 8.99548  10
1    0.79172
2    1.00021
3    1.08104
4    0.744972
5    0.847551
6    1.18253
7    1.07642
8    0.729902
9    0.798349
10    0.902997
1 8.05887  2
12    0.862694
13    0.844823
2 5.00031  4
10    1.02187
11    1.11709
13    1.23199
14    1.23501
3 5.01251  6
10    0.761946
13    1.17364
24    0.779653
31    0.820103
75    0.763576
100    1.2139
4 5.05249  7
10    1.15177
11    0.780917
13    0.767788
38    1.08398
109    0.939729
115    1.10321
190    1.06439
5 5.18311  5
10    1.0018
13    0.720545
14    1.04736
24    1.29663
31    0.710987
6 5.60945  7
10    0.763576
11    1.01125
13    0.922059
14    1.28953
25    0.924787
97    1.28953
109    0.700018
7 7.00171  7
10    0.975948
11    0.965877
13    1.11162
14    0.825779
67    1.10427
75    0.902997
207    1.06633
8 11.5484  5
10    1.08624
11    0.968917
13    1.2573
56    0.861742
67    0.823582
9 6.39531  8
10    0.908307
11    0.964943
13    1.23793
14    1.24779
24    1.1872
38    0.817374
56    1.1168
100    0.829368
10 9.56801  2
11    0.978841
190    1.17166
11 9.92843  3
13    0.825834
24    0.960805
197    0.924787
12 11.1055  4
14    1.11143
24    1.09166
39    0.811313
207    0.995706
13 14.9493  8
41    1.11676
42    0.861632
43    1.22851
44    1.22657
45    1.22022
46    1.19947
47    1.13172
168    1.07642
14 7.50099  10
15    0.844218
16    1.17166
17    1.0409
18    1.2139
19    1.17885
20    1.06439
21    1.29062
22    0.829368
23    1.12315
56    1.22888
15 13.179  5
24    0.848979
38    1.19074
56    1.17334
65    1.19402
67    0.820853
16 11.7202  3
24    0.882488
25    0.952364
68    1.00021
17 6.95624  2
25    0.834733
56    1.21222
18 11.3997  6
26    1.14068
27    0.939729
28    0.883532
29    0.700018
30    0.700751
38    0.878954
19 5.90976  1
208    0
20 7.98257  1
208    0
21 14.7516  6
32    1.0929
33    0.783718
34    0.974081
35    0.995706
36    1.06633
37    1.29696
22 6.85522  1
31    0.736567
23 11.0701  3
31    0.703149
38    1.10321
98    1.11143
24 14.8337  1
197    0.960805
25 7.12348  4
198    0.834733
199    1.14068
200    0.939729
201    0.883532
26 11.946  7
48    0.910486
49    0.78804
50    0.988198
51    1.04181
52    1.2169
53    1.18865
54    1.09638
27 7.69387  2
38    0.85006
67    1.09536
28 13.8086  1
65    0.833799
29 13.7762  1
208    0
30 13.6703  1
65    0.851067
31 13.3245  4
38    0.754585
65    1.13764
66    0.852293
67    0.89505
32 12.1953  7
69    1.07642
70    0.729902
71    0.798349
72    1.02187
73    1.15177
74    0.975948
166    0.820853
33 8.5081  2
40    1.29002
109    0.710987
34 6.46733  2
56    1.04639
168    0.975948
35 9.80331  2
57    1.23185
58    1.23745
36 10.6969  3
38    1.28509
40    1.06421
109    0.883532
37 13.6151  1
68    0.847551
38 13.1442  1
40    0.827409
39 11.6063  1
56    1.22776
40 6.58452  1
208    0
41 10.186  2
56    1.22412
184    1.23501
42 11.9466  1
208    0
43 7.6957  2
55    0.795071
197    0.952364
44 13.8147  3
68    1.18253
98    0.825779
109    0.703149
45 13.796  5
56    1.01116
68    1.08104
113    0.974081
114    1.29696
178    0.978841
46 13.7353  2
65    1.1139
100    1.29062
47 13.5369  2
75    1.0018
100    1.29663
48 12.889  2
75    1.08624
110    0.736567
49 10.7732  7
153    0.867766
154    1.24855
155    1.29198
156    0.833799
157    1.13764
158    0.929786
159    0.851067
50 13.8641  3
62    0.867766
63    1.24855
64    1.29198
51 13.9575  4
59    1.25574
60    0.715455
61    0.751161
66    1.127
52 14.2624  1
208    0
53 5.25758  2
75    0.761946
110    0.820103
54 5.85269  8
101    0.848979
102    1.1872
103    1.09166
104    0.779653
105    0.960805
106    0.952364
107    0.924787
108    0.834733
55 7.79611  1
208    0
56 14.1424  4
120    0.811313
121    1.06421
122    1.29002
123    0.827409
57 14.8663  7
82    1.01125
83    1.11709
84    0.862694
85    1.23199
86    1.23793
87    1.2573
88    0.720545
58 7.22999  7
76    0.908307
77    0.780917
78    0.964943
79    0.965877
80    0.968917
81    0.978841
100    1.17885
59 12.2939  1
208    0
60 8.82977  1
67    0.737629
61 7.51778  3
68    0.79172
99    1.17166
166    1.09536
62 13.2336  2
66    1.19803
184    0.922059
63 11.8984  2
65    0.929786
100    0.882488
64 7.53822  3
68    0.744972
166    0.737629
167    0.847551
65 13.3004  1
208    0
66 12.1166  3
100    1.06439
184    0.767788
190    1.0409
67 8.25083  7
160    1.19402
161    1.1139
162    0.852293
163    1.19803
164    1.127
165    0.89505
168    1.18253
68 5.62716  1
208    0
69 7.05969  7
144    1.22412
145    1.21222
146    1.17334
147    1.04639
148    1.23185
149    1.23745
150    1.25574
70 11.7379  1
207    1.29696
71 7.01422  1
208    0
72 11.5893  4
116    1.08398
117    0.754585
118    0.878954
119    1.28509
73 6.52867  1
99    1.0409
74 10.0035  1
208    0
75 11.3506  1
208    0
76 5.74953  1
208    0
77 7.45918  1
113    0.995706
78 13.0422  2
184    0.844823
190    0.829368
79 11.2737  1
208    0
80 5.49837  1
109    0.700751
81 6.63915  1
208    0
82 10.3645  3
111    1.0929
112    0.783718
168    1.02187
83 12.5295  1
184    1.17364
84 9.59914  1
100    1.12315
85 10.0301  9
135    1.2169
136    1.18865
137    1.09638
138    0.795071
139    1.01116
140    1.1168
141    0.861742
142    1.22888
143    1.22776
86 11.4373  1
208    0
87 6.03244  9
89    0.767788
90    0.922059
91    0.825834
92    1.11162
93    0.844823
94    1.17364
95    1.04736
96    1.23501
168    0.798349
88 8.38328  1
115    0.817374
89 6.0596  3
202    0.700018
203    0.700751
207    1.0929
90 8.47179  2
97    1.24779
98    0.844218
91 6.34861  1
166    0.823582
92 9.41572  1
184    0.720545
93 9.43129  1
208    0
94 9.48195  1
208    0
95 9.64736  1
208    0
96 10.1875  1
208    0
97 11.9515  1
208    0
98 7.71157  1
168    1.0018
99 13.8665  3
181    1.23199
182    1.23793
183    1.2573
100 13.9654  1
184    0.825834
101 14.2883  2
115    0.85006
166    0.744972
102 5.34242  1
114    1.06633
103 6.1298  2
179    1.11709
180    0.862694
104 8.70098  1
109    1.14068
105 7.09723  1
208    0
106 11.8603  1
208    0
107 7.41371  1
168    0.729902
108 12.8939  1
115    1.19074
109 10.7894  1
208    0
110 13.9169  1
124    1.11676
111 14.1299  1
208    0
112 14.8254  4
186    1.28953
187    0.825779
188    1.11143
189    0.844218
113 7.09632  1
208    0
114 11.8572  1
208    0
115 7.40364  1
208    0
116 12.861  1
208    0
117 10.6816  1
208    0
118 13.565  3
204    0.703149
205    0.710987
206    0.736567
119 12.9809  10
125    0.861632
126    1.22851
127    1.22657
128    1.22022
129    1.19947
130    1.13172
131    0.910486
132    0.78804
133    0.988198
134    1.04181
120 11.0732  1
208    0
121 14.8437  1
208    0
122 7.15613  1
208    0
123 12.0525  1
208    0
124 8.04147  1
208    0
125 14.9438  1
208    0
126 7.48299  1
208    0
127 13.1201  1
208    0
128 11.5276  1
208    0
129 6.32756  2
166    0.79172
190    1.2139
130 9.34675  1
208    0
131 9.20606  1
177    0.968917
132 8.74645  1
208    0
133 7.24555  1
208    0
134 12.3446  3
169    1.08624
170    0.761946
190    1.29062
135 8.99548  1
208    0
136 8.05887  6
171    0.902997
172    0.763576
173    0.908307
174    0.780917
175    0.964943
176    0.965877
137 5.00031  1
208    0
138 5.01251  1
166    1.10427
139 5.05249  1
168    1.15177
140 5.18311  1
208    0
141 5.60945  1
207    0.783718
142 7.00171  1
184    1.11162
143 11.5484  1
208    0
144 6.39531  1
208    0
145 9.56801  1
208    0
146 9.92843  1
208    0
147 11.1055  2
151    0.715455
152    0.751161
148 14.9493  1
208    0
149 7.50099  1
208    0
150 13.179  1
208    0
151 11.7202  1
190    1.12315
152 6.95624  1
208    0
153 11.3997  1
166    1.00021
154 5.90976  1
208    0
155 7.98257  1
208    0
156 14.7516  1
208    0
157 6.85522  1
207    0.974081
158 11.0701  1
208    0
159 14.8337  1
208    0
160 7.12348  2
166    1.08104
207    0.820103
161 11.946  1
208    0
162 7.69387  1
208    0
163 13.8086  1
208    0
164 13.7762  1
184    1.04736
165 13.6703  1
208    0
166 13.3245  1
208    0
167 12.1953  1
208    0
168 8.5081  1
178    1.01125
169 6.46733  1
208    0
170 9.80331  1
208    0
171 10.6969  1
208    0
172 13.6151  1
208    0
173 13.1442  1
208    0
174 11.6063  1
185    1.24779
175 6.58452  1
208    0
176 10.186  1
208    0
177 11.9466  1
208    0
178 7.6957  1
190    1.17885
179 13.8147  1
208    0
180 13.796  1
208    0
181 13.7353  1
208    0
182 13.5369  1
208    0
183 12.889  1
208    0
184 10.7732  1
208    0
185 13.8641  1
208    0
186 13.9575  1
208    0
187 14.2624  2
195    1.09166
196    0.779653
188 5.25758  4
191    0.882488
192    1.29663
193    0.848979
194    1.1872
189 5.85269  1
208    0
190 7.79611  1
208    0
191 14.1424  1
208    0
192 14.8663  1
208    0
193 7.22999  1
208    0
194 12.2939  1
208    0
195 8.82977  1
208    0
196 7.51778  1
208    0
197 13.2336  1
208    0
198 11.8984  1
208    0
199 7.53822  1
208    0
200 13.3004  1
208    0
201 12.1166  1
208    0
202 8.25083  1
208    0
203 5.62716  1
208    0
204 7.05969  1
208    0
205 11.7379  1
208    0
206 7.01422  1
208    0
207 11.5893  1
208    0
208 0  0
