61
0 7.45918  8
1    3.50009
2    3.50375
3    3.51575
4    3.55493
5    3.68284
6    4.10051
7    5.46451
8    3.91859
1 13.0422  2
26    6.10109
29    6.12059
2 11.2737  3
9    5.33166
28    6.1444
39    3.68815
3 5.49837  2
26    5.99736
39    4.47525
4 6.63915  4
9    4.97853
28    4.30871
30    6.27871
47    5.38211
5 10.3645  6
12    5.95369
13    5.51605
14    4.08687
15    5.41992
27    3.97536
39    5.63498
6 12.5295  2
10    6.4848
11    4.2503
7 9.59914  1
60    0
8 10.0301  2
9    4.8704
30    6.15923
9 11.4373  2
26    3.9402
27    5.4819
10 6.03244  2
30    6.18725
39    5.56952
11 8.38328  10
17    4.39477
18    6.42547
19    4.05657
20    5.32104
21    6.4501
22    4.13704
23    5.5838
24    4.30816
25    6.14257
26    6.08452
12 6.0596  1
54    5.58545
13 8.47179  3
26    5.6586
39    5.99013
48    3.99174
14 6.34861  3
16    3.77293
30    6.06108
40    4.11791
15 9.41572  2
27    5.0558
30    5.23196
16 9.43129  1
60    0
17 9.48195  5
41    5.47678
42    3.9586
43    5.00105
44    5.40518
45    3.72486
18 9.64736  1
26    5.94325
19 10.1875  2
28    5.58399
40    4.10427
20 11.9515  1
60    0
21 7.71157  2
26    5.20907
48    5.75886
22 13.8665  1
26    6.13286
23 13.9654  2
26    4.55243
30    5.86671
24 14.2883  3
26    4.94099
30    3.57727
39    5.97008
25 5.34242  2
28    6.13881
48    4.87974
26 6.1298  1
60    0
27 8.70098  1
48    5.43118
28 7.09723  7
31    3.75581
32    4.33883
33    6.24273
34    6.4599
35    4.169
36    5.68818
37    4.64893
29 11.8603  1
39    4.26147
30 7.41371  2
46    4.23775
48    3.81788
31 12.8939  2
40    5.52136
47    3.64951
32 10.7894  1
60    0
33 13.9169  1
38    4.25533
34 14.1299  4
50    4.82939
51    4.84458
52    4.89421
53    5.05626
35 14.8254  1
60    0
36 7.09632  1
60    0
37 11.8572  1
60    0
38 7.40364  1
60    0
39 12.861  1
60    0
40 10.6816  2
48    5.10936
49    3.90458
41 13.565  5
55    4.31347
56    6.15996
57    6.18963
58    6.28649
59    3.60273
42 12.9809  2
47    5.91267
48    5.00902
43 11.0732  2
48    4.54154
49    4.82472
44 14.8437  1
60    0
45 7.15613  1
60    0
46 12.0525  1
48    3.80973
47 8.04147  1
48    4.51498
48 14.9438  1
60    0
49 7.48299  1
60    0
50 13.1201  1
60    0
51 11.5276  1
60    0
52 6.32756  1
60    0
53 9.34675  1
60    0
54 9.20606  1
60    0
55 8.74645  1
60    0
56 7.24555  1
60    0
57 12.3446  1
60    0
58 8.99548  1
60    0
59 8.05887  1
60    0
60 0  0
