60
0 11.7379  9
1    3.89827
2    4.80403
3    4.76182
4    4.62394
5    4.69865
7    3.55493
15    4.05657
25    6.08452
26    3.97536
1 7.01422  5
5    4.17367
6    3.50009
7    3.68284
26    5.86671
49    5.00902
2 11.5893  2
7    3.91859
49    4.51498
3 6.52867  2
5    5.70338
26    5.58399
4 10.0035  5
6    3.50375
7    3.51575
14    5.41992
15    6.4501
25    5.4819
5 11.3506  3
6    4.41766
7    5.46451
26    6.13881
6 5.74953  4
7    4.10051
15    5.32104
48    4.23775
49    5.10936
7 7.45918  8
8    4.8704
9    4.97853
10    5.33166
11    6.4848
12    4.2503
13    5.95369
14    5.51605
26    4.30871
8 13.0422  1
15    5.5838
9 11.2737  4
14    4.08687
15    4.30816
26    6.12059
47    5.00105
10 5.49837  2
15    4.39477
54    6.15996
11 6.63915  3
15    4.13704
26    5.0558
47    4.10427
12 10.3645  1
26    6.1444
13 12.5295  1
14    3.77293
14 9.59914  2
15    6.42547
48    3.64951
15 10.0301  5
16    6.14257
17    6.13286
18    6.10109
19    5.99736
49    4.87974
16 11.4373  1
59    0
17 6.03244  5
20    5.6586
21    4.55243
22    3.9402
23    4.94099
24    5.20907
18 8.38328  1
49    4.54154
19 6.0596  4
27    5.23196
28    6.15923
47    3.72486
48    5.38211
20 8.47179  1
59    0
21 6.34861  1
25    5.94325
22 9.41572  10
29    6.18725
30    6.27871
31    3.57727
32    3.75581
33    4.33883
34    6.24273
35    6.4599
36    4.169
37    5.68818
38    4.64893
23 9.43129  1
49    5.43118
24 9.48195  1
26    6.06108
25 9.64736  1
59    0
26 10.1875  2
47    3.9586
54    4.31347
27 11.9515  1
54    5.05626
28 7.71157  1
49    3.90458
29 13.8665  1
54    6.28649
30 13.9654  1
59    0
31 14.2883  1
59    0
32 5.34242  1
59    0
33 6.1298  1
59    0
34 8.70098  4
50    4.82472
51    4.82939
52    4.84458
53    4.89421
35 7.09723  9
39    4.25533
40    5.97008
41    5.56952
42    4.26147
43    5.99013
44    5.63498
45    4.47525
46    3.68815
48    3.99174
36 11.8603  1
59    0
37 7.41371  1
47    5.40518
38 12.8939  1
47    4.11791
39 10.7894  1
59    0
40 13.9169  2
49    3.81788
54    5.58545
41 14.1299  4
55    3.60273
56    3.83894
57    4.61029
58    4.12917
42 14.8254  1
59    0
43 7.09632  1
48    5.91267
44 11.8572  2
47    5.52136
49    5.75886
45 7.40364  1
47    5.47678
46 12.861  1
49    3.80973
47 10.6816  1
54    6.18963
48 13.565  1
59    0
49 12.9809  1
59    0
50 11.0732  1
59    0
51 14.8437  1
59    0
52 7.15613  1
59    0
53 12.0525  1
59    0
54 8.04147  1
59    0
55 14.9438  1
59    0
56 7.48299  1
59    0
57 13.1201  1
59    0
58 11.5276  1
59    0
59 0  0
