51
0 13.565  4
1    0.910486
2    0.78804
19    1.29198
32    0.798349
1 12.9809  4
2    0.988198
19    0.715455
20    0.851067
33    0.780917
2 11.0732  7
3    1.04181
4    1.2169
5    1.18865
6    1.09638
7    0.795071
8    1.01116
35    1.23199
3 14.8437  1
20    1.13764
4 7.15613  4
19    1.24855
20    1.127
24    1.10427
33    0.908307
5 12.0525  3
21    0.89505
22    0.737629
23    0.823582
6 8.04147  2
20    1.19402
33    0.763576
7 14.9438  10
9    1.1168
10    0.861742
11    1.22888
12    1.22776
13    1.22412
14    1.21222
15    1.17334
16    1.04639
17    1.23185
18    1.23745
8 7.48299  9
37    0.767788
38    0.922059
39    0.825834
40    1.11162
41    0.844823
42    1.17364
43    1.04736
44    1.23501
45    1.24779
9 13.1201  3
20    0.852293
24    0.820853
33    0.761946
10 11.5276  3
20    1.19803
24    1.09536
33    0.978841
11 6.32756  7
25    1.00021
26    1.08104
27    0.744972
28    0.847551
29    1.18253
30    1.07642
31    0.729902
12 9.34675  1
20    0.929786
13 9.20606  1
50    0
14 8.74645  1
50    0
15 7.24555  2
19    1.25574
35    1.2573
16 12.3446  2
19    0.867766
20    0.833799
17 8.99548  3
19    0.751161
20    1.1139
35    0.862694
18 8.05887  1
24    0.79172
19 5.00031  1
33    0.965877
20 5.01251  1
50    0
21 5.05249  1
33    0.964943
22 5.18311  1
50    0
23 5.60945  1
35    1.23793
24 7.00171  2
32    1.15177
33    0.902997
25 11.5484  1
50    0
26 6.39531  1
32    0.975948
27 9.56801  1
50    0
28 9.92843  2
32    1.0018
33    0.968917
29 11.1055  4
46    1.28953
47    0.825779
48    1.11143
49    0.844218
30 14.9493  2
32    1.02187
33    1.08624
31 7.50099  1
50    0
32 13.179  2
34    1.01125
35    1.11709
33 11.7202  1
50    0
34 6.95624  1
50    0
35 11.3997  1
36    0.720545
36 5.90976  1
50    0
37 7.98257  1
50    0
38 14.7516  1
50    0
39 6.85522  1
50    0
40 11.0701  1
50    0
41 14.8337  1
50    0
42 7.12348  1
50    0
43 11.946  1
50    0
44 7.69387  1
50    0
45 13.8086  1
50    0
46 13.7762  1
50    0
47 13.6703  1
50    0
48 13.3245  1
50    0
49 12.1953  1
50    0
50 0  0
