190
0 7.12348  10
1    1.07642
2    0.729902
3    0.798349
4    1.02187
5    1.15177
6    0.975948
24    1.04736
60    0.861742
66    1.24855
141    0.861742
1 11.946  4
24    0.844823
35    0.882488
55    1.06421
176    0.960805
2 7.69387  1
189    0
3 13.8086  2
24    1.17364
129    0.811313
4 13.7762  2
37    0.703149
99    1.23199
5 13.6703  5
25    1.28953
35    0.779653
56    0.78804
140    0.795071
170    1.2573
6 13.3245  10
7    1.0018
8    1.08624
9    0.761946
10    0.902997
11    0.763576
12    0.908307
13    0.780917
34    1.29062
37    0.700751
71    1.19803
7 12.1953  4
24    1.11162
61    1.04639
72    0.823582
103    1.23501
8 8.5081  10
26    0.825779
27    1.11143
28    0.844218
29    1.17166
30    1.0409
31    1.2139
32    1.17885
33    1.06439
35    1.29663
36    1.14068
9 6.46733  3
24    0.922059
36    0.952364
56    1.22657
10 9.80331  10
38    0.736567
39    0.820103
40    1.0929
41    0.783718
42    0.974081
43    0.995706
44    1.06633
45    1.29696
46    0.85006
47    1.19074
11 10.6969  10
14    0.964943
15    0.965877
16    0.968917
17    0.978841
18    1.01125
19    1.11709
20    0.862694
21    1.23199
22    1.23793
143    1.23745
12 13.6151  6
24    0.825834
34    0.829368
35    1.09166
66    0.833799
140    1.09638
159    0.79172
13 13.1442  1
119    0.952364
14 11.6063  3
55    1.29002
60    1.18865
66    0.867766
15 6.58452  2
24    1.24779
37    0.883532
16 10.186  7
24    1.23501
56    1.22022
60    1.22888
99    1.23793
141    1.22888
177    0.700751
178    0.710987
17 11.9466  2
60    1.01116
128    0.85006
18 7.6957  3
24    0.767788
55    0.827409
128    1.19074
19 13.8147  3
37    0.700018
161    1.08624
174    1.2139
20 13.796  2
34    1.12315
56    1.13172
21 13.7353  2
99    1.2573
103    1.24779
22 13.5369  3
23    1.2573
60    1.21222
161    0.761946
23 12.889  4
24    0.720545
71    0.852293
129    1.28509
174    1.0409
24 10.7732  1
189    0
25 13.8641  4
57    0.988198
58    1.04181
59    1.2169
176    0.952364
26 13.9575  2
35    1.1872
163    0.780917
27 14.2624  1
36    0.834733
28 5.25758  2
37    0.939729
119    0.883532
29 5.85269  1
189    0
30 7.79611  2
35    0.848979
60    1.09638
31 14.1424  3
36    0.924787
37    0.710987
56    0.910486
32 14.8663  1
60    0.795071
33 7.22999  2
55    1.11676
159    1.10427
34 12.2939  3
35    0.960805
82    1.07642
128    1.10321
35 8.82977  9
105    0.825779
106    1.11143
107    0.844218
108    1.17166
109    1.0409
110    1.2139
111    1.17885
112    1.06439
113    1.29062
36 7.51778  2
60    1.22776
160    1.18253
37 13.2336  7
48    1.10321
49    0.817374
50    1.08398
51    0.754585
52    0.878954
53    1.28509
54    0.811313
38 11.8984  1
189    0
39 7.53822  2
60    1.22412
173    1.28953
40 13.3004  1
189    0
41 12.1166  3
119    0.834733
159    0.820853
175    0.829368
42 8.25083  2
118    0.848979
128    1.29696
43 5.62716  4
55    0.861632
143    1.04639
160    0.798349
162    0.763576
44 7.05969  1
189    0
45 11.7379  3
99    0.720545
119    0.924787
172    1.23501
46 7.01422  4
114    0.829368
115    1.12315
116    0.882488
117    1.29663
47 11.5893  1
56    1.19947
48 6.52867  2
72    0.89505
129    1.06421
49 10.0035  7
60    1.1168
72    0.737629
128    1.06633
140    1.2169
143    1.17334
170    0.720545
172    1.04736
50 11.3506  1
189    0
51 5.74953  2
56    1.22851
102    1.11162
52 7.45918  1
189    0
53 13.0422  2
66    1.29198
159    0.823582
54 11.2737  8
92    0.780917
93    0.964943
94    0.965877
95    0.968917
96    0.978841
97    1.01125
98    1.11709
161    0.975948
55 5.49837  3
99    0.767788
119    1.14068
175    0.882488
56 6.63915  4
62    1.23185
63    1.23745
64    1.25574
65    0.715455
57 10.3645  4
67    1.13764
68    0.929786
69    0.851067
70    1.19402
58 12.5295  2
99    0.862694
103    0.844823
59 9.59914  1
119    0.939729
60 10.0301  1
61    1.17334
61 11.4373  4
66    0.751161
129    1.08398
159    1.00021
176    1.1872
62 6.03244  2
103    1.04736
118    1.1872
63 8.38328  3
82    0.729902
160    0.729902
178    1.0929
64 6.0596  1
189    0
65 8.47179  1
177    0.939729
66 6.34861  3
72    1.127
91    0.908307
140    1.04181
67 9.41572  10
73    1.10427
74    0.820853
75    1.09536
76    0.79172
77    1.00021
78    1.08104
79    0.744972
80    0.847551
81    1.18253
175    1.29663
68 9.43129  1
172    1.24779
69 9.48195  4
71    1.1139
103    1.17364
161    1.02187
163    0.964943
70 9.64736  1
189    0
71 10.1875  1
189    0
72 11.9515  1
119    0.700018
73 7.71157  1
177    0.700018
74 13.8665  1
178    0.736567
75 13.9654  8
83    0.798349
84    1.02187
85    1.15177
86    0.975948
87    1.0018
88    1.08624
89    0.761946
90    0.902997
76 14.2883  2
100    0.922059
101    0.825834
77 5.34242  1
189    0
78 6.1298  9
150    0.833799
151    1.13764
152    0.929786
153    0.851067
154    1.19402
155    1.1139
156    0.852293
157    1.19803
158    1.127
79 8.70098  1
104    1.28953
80 7.09723  1
141    1.1168
81 11.8603  3
91    0.763576
160    0.744972
174    1.29062
82 7.41371  1
189    0
83 12.8939  1
189    0
84 10.7894  1
189    0
85 13.9169  1
119    0.960805
86 14.1299  1
189    0
87 14.8254  1
189    0
88 7.09632  2
162    0.908307
163    0.968917
89 11.8572  1
177    1.14068
90 7.40364  2
159    0.89505
160    1.08104
91 12.861  1
189    0
92 10.6816  1
141    1.01116
93 13.565  8
120    0.700751
121    0.703149
122    0.710987
123    0.736567
124    0.820103
125    1.0929
126    0.783718
127    0.974081
94 12.9809  4
129    0.878954
142    1.22412
175    1.12315
176    1.09166
95 11.0732  1
189    0
96 14.8437  1
189    0
97 7.15613  1
173    1.11143
98 12.0525  1
189    0
99 8.04147  1
178    0.703149
100 14.9438  1
189    0
101 7.48299  1
189    0
102 13.1201  1
118    1.09166
103 11.5276  3
128    0.995706
160    0.847551
170    0.767788
104 6.32756  1
189    0
105 9.34675  1
189    0
106 9.20606  1
129    0.754585
107 8.74645  1
189    0
108 7.24555  1
189    0
109 12.3446  1
129    0.817374
110 8.99548  10
130    0.827409
131    1.11676
132    0.861632
133    1.22851
134    1.22657
135    1.22022
136    1.19947
137    1.13172
138    0.910486
139    0.78804
111 8.05887  6
144    1.25574
145    0.715455
146    0.751161
147    0.867766
148    1.24855
149    1.29198
112 5.00031  1
189    0
113 5.01251  1
189    0
114 5.05249  1
189    0
115 5.18311  1
173    0.825779
116 5.60945  3
118    0.779653
172    1.17364
176    0.779653
117 7.00171  10
179    0.783718
180    0.974081
181    0.995706
182    1.06633
183    1.29696
184    0.85006
185    1.19074
186    1.10321
187    0.817374
188    1.08398
118 11.5484  1
177    0.883532
119 6.39531  2
162    0.902997
177    0.834733
120 9.56801  2
143    1.23185
174    1.06439
121 9.92843  1
189    0
122 11.1055  1
129    1.29002
123 14.9493  1
143    1.21222
124 7.50099  1
189    0
125 13.179  1
163    0.965877
126 11.7202  3
140    1.18865
159    0.737629
173    0.844218
127 6.95624  1
189    0
128 11.3997  1
189    0
129 5.90976  1
189    0
130 7.98257  1
189    0
131 14.7516  1
171    1.11162
132 6.85522  2
161    1.15177
178    0.820103
133 11.0701  1
189    0
134 14.8337  1
189    0
135 7.12348  1
189    0
136 11.946  1
140    0.988198
137 7.69387  1
170    0.825834
138 13.8086  1
142    1.22776
139 13.7762  1
189    0
140 13.6703  1
189    0
141 13.3245  1
172    0.844823
142 12.1953  1
159    1.09536
143 8.5081  1
189    0
144 6.46733  1
189    0
145 9.80331  1
189    0
146 10.6969  1
189    0
147 13.6151  1
173    1.17166
148 13.1442  1
189    0
149 11.6063  1
160    1.07642
150 6.58452  1
189    0
151 10.186  1
189    0
152 11.9466  1
189    0
153 7.6957  1
189    0
154 13.8147  1
174    1.17885
155 13.796  1
189    0
156 13.7353  1
161    1.0018
157 13.5369  1
189    0
158 12.889  1
189    0
159 10.7732  1
189    0
160 13.8641  1
189    0
161 13.9575  6
164    0.978841
165    1.01125
166    1.11709
167    0.862694
168    1.23199
169    1.23793
162 14.2624  1
189    0
163 5.25758  1
189    0
164 5.85269  1
175    0.848979
165 7.79611  1
170    0.922059
166 14.1424  1
176    0.924787
167 14.8663  1
189    0
168 7.22999  1
189    0
169 12.2939  1
189    0
170 8.82977  1
189    0
171 7.51778  1
189    0
172 13.2336  1
189    0
173 11.8984  1
189    0
174 7.53822  1
189    0
175 13.3004  1
189    0
176 12.1166  1
189    0
177 8.25083  1
189    0
178 5.62716  1
189    0
179 7.05969  1
189    0
180 11.7379  1
189    0
181 7.01422  1
189    0
182 11.5893  1
189    0
183 6.52867  1
189    0
184 10.0035  1
189    0
185 11.3506  1
189    0
186 5.74953  1
189    0
187 7.45918  1
189    0
188 13.0422  1
189    0
189 0  0
