124
0 6.46733  9
1    8.11313
2    10.6421
3    12.9002
4    8.27409
5    11.1676
6    8.61632
7    12.2851
8    12.2657
10    9.10486
1 9.80331  3
11    7.95071
35    7.98349
69    9.95706
2 10.6969  4
10    7.8804
11    10.4181
18    8.67766
47    7.67788
3 13.6151  4
11    11.168
35    7.29902
68    8.83532
80    11.1676
4 13.1442  4
11    12.2888
18    8.33799
34    10.8104
93    9.29786
5 11.6063  3
9    12.2022
11    10.9638
47    9.22059
6 6.58452  6
10    11.3172
11    10.1116
47    8.62694
67    9.60805
68    7.36567
69    9.74081
7 10.186  3
9    11.9947
10    9.88198
11    12.2776
8 11.9466  4
11    11.8865
48    8.44823
69    10.6633
92    12.5574
9 7.6957  4
11    8.61742
34    8.47551
35    11.5177
67    7.79653
10 13.8147  3
11    12.169
18    7.15455
93    12.9198
11 13.796  10
12    12.2412
13    12.1222
14    11.7334
15    10.4639
16    12.3185
17    12.3745
18    11.3764
47    12.3793
68    8.20103
69    12.9696
12 13.7353  2
18    12.9198
34    10.7642
13 13.5369  3
18    7.51161
47    7.20545
92    12.2412
14 12.889  1
68    7.10987
15 10.7732  3
36    10.018
68    11.4068
69    7.83718
16 13.8641  2
18    12.5574
67    9.24787
17 13.9575  1
18    12.4855
18 14.2624  8
19    9.29786
20    8.51067
21    11.9402
22    11.139
23    8.52293
24    11.9803
25    11.27
68    7.00018
19 5.25758  1
47    12.3199
20 5.85269  1
94    8.9505
21 7.79611  1
123    0
22 14.1424  1
123    0
23 14.8663  1
123    0
24 7.22999  2
34    11.8253
93    11.9402
25 12.2939  9
26    8.9505
27    7.37629
28    8.23582
29    11.0427
30    8.20853
31    10.9536
32    7.9172
33    10.0021
47    12.573
26 8.82977  1
35    10.2187
27 7.51778  1
123    0
28 13.2336  1
69    10.929
29 11.8984  1
92    12.1222
30 7.53822  4
35    9.75948
81    9.10486
92    11.7334
112    9.08307
31 13.3004  1
92    8.67766
32 12.1166  1
34    7.44972
33 8.25083  10
57    11.7166
58    10.409
59    12.139
60    11.7885
61    10.6439
62    12.9062
63    8.29368
64    11.2315
65    8.82488
66    12.9663
34 5.62716  1
94    8.23582
35 7.05969  10
37    10.8624
38    7.61946
39    9.02997
40    7.63576
41    9.08307
42    7.80917
43    9.64943
44    9.65877
45    9.68917
46    9.78841
36 11.7379  1
81    9.88198
37 7.01422  9
49    11.7364
50    10.4736
51    12.3501
52    12.478
53    12.8953
54    8.25779
55    11.1143
56    8.44218
80    12.2022
38 11.5893  1
47    11.1709
39 6.52867  1
92    10.4639
40 10.0035  2
48    8.25834
67    9.52364
41 11.3506  3
48    11.1162
67    10.9166
68    7.0315
42 5.74953  2
47    10.1125
94    11.0427
43 7.45918  1
123    0
44 13.0422  1
123    0
45 11.2737  1
80    8.61632
46 5.49837  2
70    11.9074
93    8.52293
47 6.63915  1
93    12.4855
48 10.3645  1
123    0
49 12.5295  1
123    0
50 9.59914  2
67    11.872
93    11.3764
51 10.0301  1
68    7.00751
52 11.4373  1
123    0
53 6.03244  10
82    10.4181
83    12.169
84    11.8865
85    10.9638
86    7.95071
87    10.1116
88    11.168
89    8.61742
90    12.2888
91    12.2776
54 8.38328  2
81    7.8804
94    7.37629
55 6.0596  1
123    0
56 8.47179  1
67    8.34733
57 6.34861  1
123    0
58 9.41572  1
123    0
59 9.43129  1
112    7.63576
60 9.48195  1
80    12.2657
61 9.64736  1
123    0
62 10.1875  1
94    11.27
63 11.9515  2
67    8.48979
69    8.5006
64 7.71157  4
71    11.0321
72    8.17374
73    10.8398
93    8.51067
65 13.8665  1
68    9.39729
66 13.9654  1
123    0
67 14.2883  7
74    7.54585
75    8.78954
76    12.8509
77    8.11313
78    10.6421
79    12.9002
93    11.139
68 5.34242  2
80    11.3172
92    7.51161
69 6.1298  1
123    0
70 8.70098  10
95    8.20853
96    10.9536
97    7.9172
98    10.0021
99    10.8104
100    7.44972
101    8.47551
102    11.8253
103    10.7642
104    7.29902
71 7.09723  1
80    11.9947
72 11.8603  1
123    0
73 7.41371  1
80    12.2851
74 12.8939  1
92    12.3745
75 10.7894  1
123    0
76 13.9169  1
93    8.33799
77 14.1299  1
123    0
78 14.8254  7
105    7.98349
106    10.2187
107    11.5177
108    9.75948
109    10.018
110    10.8624
111    7.61946
79 7.09632  2
80    8.27409
94    11.9803
80 11.8572  1
123    0
81 7.40364  1
123    0
82 12.861  1
92    12.3185
83 10.6816  1
123    0
84 13.565  1
92    7.15455
85 12.9809  1
123    0
86 11.0732  1
123    0
87 14.8437  1
123    0
88 7.15613  1
123    0
89 12.0525  1
112    9.02997
90 8.04147  1
123    0
91 14.9438  1
123    0
92 7.48299  1
123    0
93 13.1201  1
123    0
94 11.5276  1
123    0
95 6.32756  1
123    0
96 9.34675  1
123    0
97 9.20606  1
123    0
98 8.74645  1
123    0
99 7.24555  1
123    0
100 12.3446  1
123    0
101 8.99548  1
123    0
102 8.05887  10
113    7.80917
114    9.64943
115    9.65877
116    9.68917
117    9.78841
118    10.1125
119    11.1709
120    8.62694
121    12.3199
122    12.3793
103 5.00031  1
123    0
104 5.01251  1
123    0
105 5.05249  1
123    0
106 5.18311  1
123    0
107 5.60945  1
123    0
108 7.00171  1
123    0
109 11.5484  1
123    0
110 6.39531  1
123    0
111 9.56801  1
123    0
112 9.92843  1
123    0
113 11.1055  1
123    0
114 14.9493  1
123    0
115 7.50099  1
123    0
116 13.179  1
123    0
117 11.7202  1
123    0
118 6.95624  1
123    0
119 11.3997  1
123    0
120 5.90976  1
123    0
121 7.98257  1
123    0
122 14.7516  1
123    0
123 0  0
