54
0 14.8663  7
1    61.7507
2    64.4763
9    58.9427
10    48.0403
17    35.1575
18    49.7853
46    42.5533
1 7.22999  3
2    62.3898
10    44.1244
19    64.2547
2 12.2939  10
3    41.2889
4    55.5716
5    42.2109
6    58.5829
7    52.0449
8    60.6951
9    64.5312
10    54.5828
17    41.0051
18    59.5369
3 8.82977  4
10    64.8315
19    40.5657
21    55.838
22    45.5243
4 7.51778  1
10    42.449
5 13.2336  3
10    47.6182
21    61.4257
46    56.8818
6 11.8984  6
9    53.2196
10    59.3602
18    53.3166
19    40.8687
21    61.3286
22    59.9736
7 7.53822  1
10    41.4684
8 13.3004  2
10    38.9827
17    35.0375
9 12.1166  2
10    56.1576
17    39.1859
10 8.25083  8
11    46.2394
12    41.7367
13    57.0338
14    46.9865
15    44.1766
16    35.0009
17    48.704
18    55.1605
11 5.62716  3
18    42.503
19    54.1992
22    61.0109
12 7.05969  2
17    54.6451
19    53.2104
13 11.7379  1
18    64.848
14 7.01422  2
17    35.5493
22    56.586
15 11.5893  2
17    36.8284
21    41.3704
16 6.52867  2
20    64.501
46    55.6952
17 10.0035  2
19    43.9477
46    41.69
18 11.3506  2
19    37.7293
21    43.0816
19 5.74953  1
53    0
20 7.45918  1
32    43.0871
21 13.0422  1
53    0
22 11.2737  9
23    39.402
24    49.4099
25    52.0907
26    60.8452
27    59.4325
28    54.819
29    39.7536
30    50.558
31    55.8399
23 5.49837  9
33    61.444
34    61.3881
35    61.2059
36    60.6108
37    58.6671
38    52.3196
39    61.5923
40    61.8725
41    62.7871
24 6.63915  1
53    0
25 10.3645  1
53    0
26 12.5295  1
53    0
27 9.59914  1
53    0
28 10.0301  1
53    0
29 11.4373  1
53    0
30 6.03244  6
47    44.7525
48    36.8815
49    41.1791
50    55.2136
51    41.0427
52    54.7678
31 8.38328  1
53    0
32 6.0596  1
46    46.4893
33 8.47179  1
53    0
34 6.34861  1
53    0
35 9.41572  1
53    0
36 9.43129  5
42    35.7727
43    37.5581
44    43.3883
45    62.4273
46    59.7008
37 9.48195  1
53    0
38 9.64736  1
53    0
39 10.1875  1
53    0
40 11.9515  1
53    0
41 7.71157  1
53    0
42 13.8665  1
46    56.3498
43 13.9654  1
46    64.599
44 14.2883  1
46    42.6147
45 5.34242  1
46    59.9013
46 6.1298  1
53    0
47 8.70098  1
53    0
48 7.09723  1
53    0
49 11.8603  1
53    0
50 7.41371  1
53    0
51 12.8939  1
53    0
52 10.7894  1
53    0
53 0  0
