102
0 11.2737  5
1    61.3881
9    37.5581
11    36.8815
13    51.0936
38    59.3602
1 5.49837  8
2    61.2059
3    60.6108
9    64.599
11    55.2136
12    41.0427
13    50.0902
40    44.1766
78    42.5533
2 6.63915  5
9    62.4273
11    56.3498
36    42.2109
42    53.3166
78    56.8818
3 10.3645  10
4    58.6671
5    52.3196
6    61.5923
7    61.8725
8    62.7871
9    41.69
11    59.9013
13    59.1267
40    48.0403
43    37.7293
4 12.5295  4
9    43.3883
10    56.8818
11    59.7008
13    37.2486
5 9.59914  5
11    42.5533
12    54.0518
36    61.7507
40    41.7367
42    41.0051
6 10.0301  3
11    41.1791
13    57.5886
78    41.69
7 11.4373  4
11    42.6147
12    54.7678
13    48.7974
43    54.1992
8 6.03244  5
9    35.7727
11    55.6952
12    50.0105
13    36.4951
43    64.848
9 8.38328  3
10    46.4893
13    39.9174
37    53.2196
10 6.0596  3
11    44.7525
12    39.586
13    53.8211
11 8.47179  1
13    42.3775
12 6.34861  2
37    58.5829
40    46.2394
13 9.41572  9
14    54.3118
15    38.0973
16    45.1498
17    38.1788
18    45.4154
19    39.0458
20    48.2472
37    58.9427
43    43.9477
14 9.43129  8
21    48.2939
22    48.4458
23    48.9421
24    50.5626
25    55.8545
26    43.1347
27    61.5996
28    61.8963
15 9.48195  1
37    56.1576
16 9.64736  1
40    57.0338
17 10.1875  1
42    39.1859
18 11.9515  3
36    58.6818
40    47.6182
41    35.1575
19 7.71157  2
38    42.449
67    61.2059
20 13.8665  1
36    52.3681
21 13.9654  1
101    0
22 14.2883  2
42    35.5493
43    55.1605
23 5.34242  2
42    36.8284
43    59.5369
24 6.1298  9
29    62.8649
30    36.0273
31    38.3894
32    46.1029
33    41.2917
34    55.5808
35    42.2411
37    60.6951
43    42.503
25 8.70098  1
36    64.4763
26 7.09723  1
38    64.8315
27 11.8603  2
36    41.2889
37    52.0449
28 7.41371  1
101    0
29 12.8939  2
37    44.1244
78    42.6147
30 10.7894  2
40    38.9827
42    49.7853
31 13.9169  6
36    55.5716
37    64.5312
39    54.5828
40    35.0009
42    54.6451
43    40.8687
32 14.1299  2
36    62.3898
41    35.0375
33 14.8254  1
67    61.3881
34 7.09632  1
37    41.4684
35 11.8572  1
42    48.704
36 7.40364  8
56    39.402
57    49.4099
58    52.0907
59    60.8452
60    59.4325
61    54.819
62    39.7536
63    50.558
37 12.861  1
40    46.9865
38 10.6816  1
43    64.2547
39 13.565  1
101    0
40 12.9809  4
51    61.3286
52    61.0109
53    59.9736
54    56.586
41 11.0732  7
44    40.5657
45    53.2104
46    64.501
47    41.3704
48    55.838
49    43.0816
50    61.4257
42 14.8437  1
101    0
43 7.15613  1
67    60.6108
44 12.0525  4
64    55.8399
65    43.0871
66    61.444
78    59.7008
45 8.04147  2
99    50.0902
100    54.3118
46 14.9438  9
84    55.2136
85    41.0427
86    54.7678
87    39.586
88    50.0105
89    54.0518
90    37.2486
91    42.3775
92    59.1267
47 7.48299  1
101    0
48 13.1201  1
55    45.5243
49 11.5276  1
101    0
50 6.32756  1
101    0
51 9.34675  1
101    0
52 9.20606  1
101    0
53 8.74645  1
101    0
54 7.24555  1
101    0
55 12.3446  5
73    35.7727
74    37.5581
75    43.3883
76    62.4273
77    64.599
56 8.99548  5
68    58.6671
69    52.3196
70    61.5923
71    61.8725
72    62.7871
57 8.05887  1
101    0
58 5.00031  1
101    0
59 5.01251  1
101    0
60 5.05249  1
78    46.4893
61 5.18311  1
101    0
62 5.60945  1
101    0
63 7.00171  1
101    0
64 11.5484  1
101    0
65 6.39531  1
101    0
66 9.56801  1
101    0
67 9.92843  1
101    0
68 11.1055  1
101    0
69 14.9493  1
101    0
70 7.50099  1
101    0
71 13.179  1
101    0
72 11.7202  1
101    0
73 6.95624  1
78    55.6952
74 11.3997  1
101    0
75 5.90976  5
79    59.9013
80    56.3498
81    44.7525
82    36.8815
83    41.1791
76 7.98257  1
101    0
77 14.7516  1
101    0
78 6.85522  6
93    53.8211
94    36.4951
95    39.9174
96    51.0936
97    57.5886
98    48.7974
79 11.0701  1
101    0
80 14.8337  1
101    0
81 7.12348  1
101    0
82 11.946  1
101    0
83 7.69387  1
101    0
84 13.8086  1
101    0
85 13.7762  1
101    0
86 13.6703  1
101    0
87 13.3245  1
101    0
88 12.1953  1
101    0
89 8.5081  1
101    0
90 6.46733  1
101    0
91 9.80331  1
101    0
92 10.6969  1
101    0
93 13.6151  1
101    0
94 13.1442  1
101    0
95 11.6063  1
101    0
96 6.58452  1
101    0
97 10.186  1
101    0
98 11.9466  1
101    0
99 7.6957  1
101    0
100 13.8147  1
101    0
101 0  0
