87
0 5.62716  10
1    3.77293
2    4.39477
3    6.42547
4    4.05657
5    5.32104
6    6.4501
7    4.13704
8    5.5838
18    6.12059
19    3.57727
1 7.05969  1
86    0
2 11.7379  10
20    4.64893
21    4.25533
22    5.97008
23    5.56952
24    4.26147
25    5.99013
26    5.63498
27    4.47525
28    3.68815
56    6.45312
3 7.01422  3
18    6.06108
19    3.75581
45    5.43118
4 11.5893  2
17    5.58399
56    6.06951
5 6.52867  1
17    5.94325
6 10.0035  2
17    5.4819
56    4.12889
7 11.3506  10
9    4.30816
10    6.14257
11    6.13286
12    6.10109
13    5.99736
14    5.6586
15    4.55243
16    3.9402
17    3.97536
19    6.4599
8 5.74953  1
17    5.0558
9 7.45918  3
17    6.08452
19    5.68818
54    6.18963
10 13.0422  1
19    4.33883
11 11.2737  2
18    6.1444
19    6.15923
12 5.49837  1
19    6.18725
13 6.63915  3
18    5.86671
19    6.24273
65    5.70338
14 10.3645  3
18    5.23196
55    6.17507
56    6.44763
15 12.5295  3
17    4.94099
19    4.169
45    4.51498
16 9.59914  4
17    5.20907
18    6.13881
19    6.27871
56    5.20449
17 10.0301  1
18    4.30871
18 11.4373  7
29    4.11791
30    5.52136
31    4.10427
32    5.47678
33    3.9586
34    5.00105
35    5.40518
19 6.03244  1
86    0
20 8.38328  1
86    0
21 6.0596  2
54    6.28649
55    5.86818
22 8.47179  1
56    5.32196
23 6.34861  1
86    0
24 9.41572  2
45    3.80973
54    3.60273
25 9.43129  2
45    5.00902
56    5.55716
26 9.48195  1
73    5.46451
27 9.64736  10
37    4.23775
38    5.91267
39    5.38211
40    3.64951
41    3.99174
42    5.10936
43    5.75886
44    4.87974
54    5.58545
56    4.22109
28 10.1875  9
46    3.81788
47    4.54154
48    3.90458
49    4.82472
50    4.82939
51    4.84458
52    4.89421
53    5.05626
56    5.85829
29 11.9515  1
86    0
30 7.71157  1
54    3.83894
31 13.8665  1
54    4.12917
32 13.9654  1
36    3.72486
33 14.2883  4
57    4.14684
58    5.61576
59    4.41244
60    6.48315
34 5.34242  1
86    0
35 6.1298  1
86    0
36 8.70098  1
86    0
37 7.09723  2
54    5.55808
56    5.89427
38 11.8603  1
86    0
39 7.41371  1
86    0
40 12.8939  1
54    4.31347
41 10.7894  1
54    4.61029
42 13.9169  1
86    0
43 14.1299  1
86    0
44 14.8254  1
54    6.15996
45 7.09632  1
55    4.22411
46 11.8572  7
66    4.69865
67    4.41766
68    3.50009
69    3.50375
70    3.51575
71    3.55493
72    3.68284
47 7.40364  1
86    0
48 12.861  1
55    6.23898
49 10.6816  1
86    0
50 13.565  4
61    4.2449
62    5.93602
63    5.45828
64    3.89827
51 12.9809  1
86    0
52 11.0732  2
74    3.91859
75    4.8704
53 14.8437  1
86    0
54 7.15613  1
55    5.23681
55 12.0525  1
65    4.80403
56 8.04147  1
86    0
57 14.9438  1
65    4.76182
58 7.48299  1
86    0
59 13.1201  1
65    4.17367
60 11.5276  1
65    4.62394
61 6.32756  1
86    0
62 9.34675  1
86    0
63 9.20606  1
86    0
64 8.74645  1
86    0
65 7.24555  1
86    0
66 12.3446  1
86    0
67 8.99548  1
86    0
68 8.05887  1
86    0
69 5.00031  1
86    0
70 5.01251  1
73    4.10051
71 5.05249  1
86    0
72 5.18311  1
86    0
73 5.60945  1
86    0
74 7.00171  10
76    4.97853
77    5.33166
78    6.4848
79    4.2503
80    5.95369
81    5.51605
82    4.08687
83    5.41992
84    3.77293
85    4.39477
75 11.5484  1
86    0
76 6.39531  1
86    0
77 9.56801  1
86    0
78 9.92843  1
86    0
79 11.1055  1
86    0
80 14.9493  1
86    0
81 7.50099  1
86    0
82 13.179  1
86    0
83 11.7202  1
86    0
84 6.95624  1
86    0
85 11.3997  1
86    0
86 0  0
