170
0 13.8641  6
1    9.75948
2    10.018
3    10.8624
4    7.61946
5    9.02997
15    8.25834
1 13.9575  1
15    12.3793
2 14.2624  2
15    9.22059
20    8.25779
3 5.25758  2
14    8.62694
15    7.67788
4 5.85269  7
6    7.63576
7    9.08307
8    7.80917
9    9.64943
15    12.573
20    11.7166
158    8.17374
5 7.79611  5
10    9.65877
11    9.68917
12    9.78841
13    10.1125
15    12.3199
6 14.1424  2
15    11.1162
120    8.25834
7 14.8663  10
22    11.7885
23    10.6439
24    12.9062
25    8.29368
26    11.2315
27    8.82488
28    12.9663
29    8.48979
30    11.872
107    10.2187
8 7.22999  2
15    7.20545
158    11.0321
9 12.2939  1
107    9.75948
10 8.82977  2
14    11.1709
31    9.60805
11 7.51778  9
33    11.4068
34    9.39729
35    8.83532
36    7.00018
37    7.00751
38    7.0315
39    7.10987
40    7.36567
41    8.20103
12 13.2336  1
169    0
13 11.8984  1
20    12.8953
14 7.53822  7
16    8.44823
17    11.7364
18    10.4736
19    12.3501
20    11.1143
21    12.139
32    8.34733
15 13.3004  1
20    12.478
16 12.1166  4
20    8.44218
21    10.409
31    9.52364
118    8.62694
17 8.25083  2
156    8.5006
157    11.9074
18 5.62716  1
169    0
19 7.05969  1
118    10.1125
20 11.7379  1
120    7.67788
21 7.01422  8
52    10.8398
53    7.54585
54    8.78954
55    12.8509
56    8.11313
57    10.6421
58    12.9002
158    8.11313
22 11.5893  1
32    9.24787
23 6.52867  1
106    7.9172
24 10.0035  1
118    11.1709
25 11.3506  1
169    0
26 5.74953  1
31    10.9166
27 7.45918  1
31    7.79653
28 13.0422  9
64    12.2022
65    11.9947
66    11.3172
67    9.10486
68    7.8804
69    9.88198
70    10.4181
71    12.169
72    11.8865
29 11.2737  1
169    0
30 5.49837  9
77    8.61742
78    12.2888
79    12.2776
80    12.2412
81    12.1222
82    11.7334
83    10.4639
84    12.3185
107    11.5177
31 6.63915  1
107    7.98349
32 10.3645  1
169    0
33 12.5295  1
169    0
34 9.59914  10
42    10.929
43    7.83718
44    9.74081
45    9.95706
46    10.6633
47    12.9696
48    8.5006
49    11.9074
50    11.0321
51    8.17374
35 10.0301  1
169    0
36 11.4373  10
131    8.29368
132    11.2315
133    8.82488
134    12.9663
135    8.48979
136    11.872
137    10.9166
138    7.79653
139    9.60805
158    10.6421
37 6.03244  4
73    10.9638
74    7.95071
75    10.1116
76    11.168
38 8.38328  1
169    0
39 6.0596  1
169    0
40 8.47179  3
59    8.27409
60    11.1676
61    8.61632
41 6.34861  1
106    10.0021
42 9.41572  1
169    0
43 9.43129  1
120    9.22059
44 9.48195  1
169    0
45 9.64736  1
121    8.44823
46 10.1875  1
169    0
47 11.9515  1
155    10.6633
48 7.71157  9
108    10.8624
109    7.61946
110    9.02997
111    7.63576
112    9.08307
113    7.80917
114    9.64943
115    9.65877
116    9.68917
49 13.8665  1
107    10.018
50 13.9654  1
121    11.7364
51 14.2883  2
62    12.2851
63    12.2657
52 5.34242  1
169    0
53 6.1298  1
158    10.8398
54 8.70098  1
169    0
55 7.09723  1
119    12.3793
56 11.8603  1
169    0
57 7.41371  1
169    0
58 12.8939  1
169    0
59 10.7894  5
95    8.51067
96    11.9402
97    11.139
121    12.478
158    8.27409
60 13.9169  5
164    7.8804
165    9.88198
166    10.4181
167    12.169
168    11.8865
61 14.1299  1
169    0
62 14.8254  1
169    0
63 7.09632  1
169    0
64 11.8572  1
169    0
65 7.40364  1
169    0
66 12.861  1
169    0
67 10.6816  1
169    0
68 13.565  1
107    7.29902
69 12.9809  10
85    12.3745
86    12.5574
87    7.15455
88    7.51161
89    8.67766
90    12.4855
91    12.9198
92    8.33799
93    11.3764
94    9.29786
70 11.0732  1
169    0
71 14.8437  1
169    0
72 7.15613  1
169    0
73 12.0525  1
169    0
74 8.04147  1
169    0
75 14.9438  1
125    8.44218
76 7.48299  1
169    0
77 13.1201  2
120    7.20545
121    10.4736
78 11.5276  1
119    12.3199
79 6.32756  1
163    9.10486
80 9.34675  2
107    11.8253
121    12.3501
81 9.20606  1
169    0
82 8.74645  1
169    0
83 7.24555  1
121    11.1162
84 12.3446  1
158    12.9002
85 8.99548  1
169    0
86 8.05887  1
106    10.9536
87 5.00031  1
169    0
88 5.01251  1
169    0
89 5.05249  1
107    10.7642
90 5.18311  1
169    0
91 5.60945  1
169    0
92 7.00171  9
98    8.52293
99    11.9803
100    11.27
101    8.9505
102    7.37629
103    8.23582
104    11.0427
105    8.20853
163    12.2022
93 11.5484  1
169    0
94 6.39531  1
169    0
95 9.56801  1
169    0
96 9.92843  1
106    10.8104
97 11.1055  1
169    0
98 14.9493  1
155    12.9696
99 7.50099  1
163    11.9947
100 13.179  1
169    0
101 11.7202  1
169    0
102 6.95624  1
169    0
103 11.3997  1
107    8.47551
104 5.90976  1
169    0
105 7.98257  1
107    7.44972
106 14.7516  1
169    0
107 6.85522  1
169    0
108 11.0701  1
169    0
109 14.8337  5
126    10.409
127    12.139
128    11.7885
129    10.6439
130    12.9062
110 7.12348  1
158    7.54585
111 11.946  1
169    0
112 7.69387  1
158    8.78954
113 13.8086  1
169    0
114 13.7762  1
117    9.78841
115 13.6703  1
169    0
116 13.3245  1
120    12.573
117 12.1953  1
169    0
118 8.5081  3
122    12.8953
123    8.25779
124    11.1143
119 6.46733  1
169    0
120 9.80331  10
145    8.83532
146    7.00018
147    7.00751
148    7.0315
149    7.10987
150    7.36567
151    8.20103
152    10.929
153    7.83718
154    9.74081
121 10.6969  1
169    0
122 13.6151  1
169    0
123 13.1442  1
169    0
124 11.6063  1
125    11.7166
125 6.58452  1
169    0
126 10.186  1
169    0
127 11.9466  1
169    0
128 7.6957  1
163    11.3172
129 13.8147  1
169    0
130 13.796  1
169    0
131 13.7353  1
169    0
132 13.5369  1
169    0
133 12.889  1
169    0
134 10.7732  1
169    0
135 13.8641  1
169    0
136 13.9575  1
169    0
137 14.2624  5
140    9.52364
141    9.24787
142    8.34733
143    11.4068
144    9.39729
138 5.25758  1
169    0
139 5.85269  1
169    0
140 7.79611  1
158    12.8509
141 14.1424  1
169    0
142 14.8663  1
169    0
143 7.22999  1
169    0
144 12.2939  1
169    0
145 8.82977  1
169    0
146 7.51778  1
169    0
147 13.2336  1
155    9.95706
148 11.8984  4
159    11.1676
160    8.61632
161    12.2851
162    12.2657
149 7.53822  1
169    0
150 13.3004  1
169    0
151 12.1166  1
169    0
152 8.25083  1
169    0
153 5.62716  1
169    0
154 7.05969  1
169    0
155 11.7379  1
169    0
156 7.01422  1
169    0
157 11.5893  1
169    0
158 6.52867  1
169    0
159 10.0035  1
169    0
160 11.3506  1
169    0
161 5.74953  1
169    0
162 7.45918  1
169    0
163 13.0422  1
169    0
164 11.2737  1
169    0
165 5.49837  1
169    0
166 6.63915  1
169    0
167 10.3645  1
169    0
168 12.5295  1
169    0
169 0  0
