177
0 6.58452  5
1    39.9174
4    48.7974
11    62.8649
37    42.503
121    64.2547
1 10.186  6
2    51.0936
4    50.0902
17    62.3898
37    40.8687
63    54.7678
93    61.7507
2 11.9466  5
3    57.5886
4    54.3118
11    36.0273
17    52.0449
61    41.69
3 7.6957  7
4    38.0973
11    48.4458
17    41.2889
37    59.5369
61    46.4893
93    58.6818
148    50.5626
4 13.8147  10
5    45.1498
6    38.1788
7    45.4154
8    39.0458
9    48.2472
10    48.2939
11    48.9421
17    52.3681
61    64.599
128    52.0907
5 13.796  4
11    55.8545
38    43.9477
62    56.3498
129    61.2059
6 13.7353  4
11    61.8963
17    58.6818
95    41.2889
121    55.1605
7 13.5369  5
11    61.5996
35    35.0375
38    64.2547
62    59.9013
146    51.0936
8 12.889  3
11    50.5626
17    58.5829
38    64.501
9 10.7732  3
11    43.1347
35    35.1575
146    53.8211
10 13.8641  6
12    38.3894
13    46.1029
14    41.2917
15    55.5808
16    42.2411
95    60.6951
11 13.9575  6
17    61.7507
38    43.0816
61    56.8818
63    39.586
161    58.9427
166    35.1575
12 14.2624  10
18    60.6951
19    58.9427
20    53.2196
21    64.5312
22    41.4684
23    56.1576
24    44.1244
25    64.8315
26    42.449
168    49.7853
13 5.25758  2
17    42.2109
62    42.5533
14 5.85269  1
121    40.5657
15 7.79611  1
17    64.4763
16 14.1424  4
17    55.5716
36    48.704
38    40.5657
95    53.2196
17 14.8663  1
176    0
18 7.22999  1
36    64.848
19 12.2939  1
124    61.0109
20 8.82977  3
35    36.8284
166    36.8284
167    48.704
21 7.51778  2
62    55.6952
63    37.2486
22 13.2336  2
38    53.2104
94    64.4763
23 11.8984  2
36    53.3166
95    42.2109
24 7.53822  1
121    53.2104
25 13.3004  2
36    39.1859
62    36.8815
26 12.1166  9
27    59.3602
28    54.5828
29    38.9827
30    48.0403
31    47.6182
32    46.2394
33    41.7367
34    57.0338
35    46.9865
27 8.25083  4
36    54.6451
37    54.1992
61    62.4273
123    43.0816
28 5.62716  9
35    35.5493
36    41.0051
37    37.7293
38    61.4257
62    44.7525
121    54.1992
147    38.1788
164    44.1244
166    35.0009
29 7.05969  1
38    41.3704
30 11.7379  3
35    35.0009
61    61.8725
63    42.3775
31 7.01422  1
95    52.0449
32 11.5893  4
36    49.7853
96    41.4684
130    64.599
165    59.3602
33 6.52867  3
35    44.1766
37    55.1605
38    55.838
34 10.0035  1
176    0
35 11.3506  10
39    61.3286
40    61.0109
41    59.9736
42    56.586
43    45.5243
44    39.402
45    49.4099
46    52.0907
47    60.8452
164    56.1576
36 5.74953  1
121    40.8687
37 7.45918  4
61    35.7727
63    41.1791
96    42.449
166    57.0338
38 13.0422  1
62    59.7008
39 11.2737  9
48    59.4325
49    54.819
50    39.7536
51    50.558
52    55.8399
53    43.0871
54    61.444
55    61.3881
56    61.2059
40 5.49837  1
176    0
41 6.63915  1
147    39.0458
42 10.3645  2
62    42.6147
129    43.0871
43 12.5295  2
96    64.5312
130    37.5581
44 9.59914  1
63    41.0427
45 10.0301  2
96    44.1244
146    48.7974
46 11.4373  10
65    36.4951
66    39.9174
67    51.0936
68    57.5886
69    48.7974
70    50.0902
71    54.3118
72    38.0973
137    41.1791
147    48.2939
47 6.03244  1
129    55.8399
48 8.38328  1
61    43.3883
49 6.0596  1
77    48.2472
50 8.47179  7
57    60.6108
58    58.6671
59    52.3196
60    61.5923
63    55.2136
130    43.3883
137    42.6147
51 6.34861  1
64    53.8211
52 9.41572  2
61    62.7871
63    59.1267
53 9.43129  1
129    60.6108
54 9.48195  2
61    37.5581
146    59.1267
55 9.64736  1
128    54.819
56 10.1875  2
63    50.0105
123    61.3286
57 11.9515  1
168    42.503
58 7.71157  1
164    64.8315
59 13.8665  2
63    54.0518
166    44.1766
60 13.9654  1
176    0
61 14.2883  1
128    39.7536
62 5.34242  1
176    0
63 6.1298  3
97    59.3602
98    54.5828
165    41.7367
64 8.70098  8
105    46.9865
106    44.1766
107    35.0009
108    35.0375
109    35.1575
110    35.5493
146    57.5886
147    45.4154
65 7.09723  5
73    45.1498
74    38.1788
75    45.4154
76    39.0458
130    62.4273
66 11.8603  10
78    48.2939
79    48.4458
80    48.9421
81    50.5626
82    55.8545
83    43.1347
84    61.5996
85    61.8963
86    62.8649
87    36.0273
67 7.41371  1
176    0
68 12.8939  1
176    0
69 10.7894  3
121    64.501
128    49.4099
169    54.1992
70 13.9169  1
176    0
71 14.1299  1
176    0
72 14.8254  2
95    58.9427
129    50.558
73 7.09632  2
162    53.2196
163    64.5312
74 11.8572  6
88    38.3894
89    46.1029
90    41.2917
91    55.5808
92    42.2411
166    35.0375
75 7.40364  3
93    62.3898
129    61.5923
167    54.6451
76 12.861  1
161    41.2889
77 10.6816  2
146    39.9174
161    42.2109
78 13.565  1
129    52.3196
79 12.9809  2
129    58.6671
164    41.4684
80 11.0732  2
96    56.1576
166    41.0051
81 14.8437  1
128    60.8452
82 7.15613  1
176    0
83 12.0525  1
176    0
84 8.04147  7
99    38.9827
100    48.0403
101    47.6182
102    46.2394
103    41.7367
104    57.0338
165    38.9827
85 14.9438  1
95    55.5716
86 7.48299  2
96    64.8315
128    59.4325
87 13.1201  1
128    39.402
88 11.5276  1
166    46.9865
89 6.32756  2
165    54.5828
169    40.8687
90 9.34675  2
161    60.6951
168    59.5369
91 9.20606  2
121    37.7293
145    42.3775
92 8.74645  1
93    52.3681
93 7.24555  1
95    58.5829
94 12.3446  1
148    55.8545
95 8.99548  2
130    62.7871
165    48.0403
96 8.05887  1
176    0
97 5.00031  10
111    36.8284
112    41.0051
113    54.6451
114    39.1859
115    48.704
116    49.7853
117    53.3166
118    64.848
119    42.503
120    59.5369
98 5.01251  1
146    36.4951
99 5.05249  1
176    0
100 5.18311  4
125    59.9736
126    56.586
127    45.5243
161    58.5829
101 5.60945  1
176    0
102 7.00171  1
168    64.848
103 11.5484  2
137    44.7525
147    48.2472
104 6.39531  1
176    0
105 9.56801  1
146    38.0973
106 9.92843  2
121    43.9477
122    55.838
107 11.1055  1
165    47.6182
108 14.9493  2
147    48.9421
167    39.1859
109 7.50099  1
122    41.3704
110 13.179  2
130    61.8725
161    64.4763
111 11.7202  1
176    0
112 6.95624  1
130    35.7727
113 11.3997  1
176    0
114 5.90976  1
176    0
115 7.98257  2
129    61.3881
137    36.8815
116 14.7516  1
129    61.444
117 6.85522  1
176    0
118 11.0701  1
137    59.9013
119 14.8337  1
176    0
120 7.12348  8
138    55.2136
139    41.0427
140    54.7678
141    39.586
142    50.0105
143    54.0518
144    37.2486
146    50.0902
121 11.946  1
123    61.4257
122 7.69387  5
156    42.2411
157    58.6818
158    52.3681
159    61.7507
160    62.3898
123 13.8086  1
176    0
124 13.7762  1
176    0
125 13.6703  1
137    56.3498
126 13.3245  1
164    42.449
127 12.1953  1
176    0
128 8.5081  6
170    37.7293
171    43.9477
172    64.2547
173    40.5657
174    53.2104
175    64.501
129 6.46733  7
131    41.69
132    56.8818
133    46.4893
134    42.5533
135    59.7008
136    55.6952
148    43.1347
130 9.80331  2
147    45.1498
166    35.5493
131 10.6969  1
176    0
132 13.6151  1
146    54.3118
133 13.1442  1
176    0
134 11.6063  1
161    52.0449
135 6.58452  1
176    0
136 10.186  1
176    0
137 11.9466  1
176    0
138 7.6957  7
149    61.8963
150    62.8649
151    36.0273
152    38.3894
153    46.1029
154    41.2917
155    55.5808
139 13.8147  1
176    0
140 13.796  1
147    48.4458
141 13.7353  1
176    0
142 13.5369  1
176    0
143 12.889  1
176    0
144 10.7732  1
176    0
145 13.8641  1
176    0
146 13.9575  1
148    61.5996
147 14.2624  1
176    0
148 5.25758  1
176    0
149 5.85269  1
176    0
150 7.79611  1
176    0
151 14.1424  1
168    53.3166
152 14.8663  1
176    0
153 7.22999  1
161    55.5716
154 12.2939  1
176    0
155 8.82977  1
176    0
156 7.51778  1
176    0
157 13.2336  1
165    46.2394
158 11.8984  1
176    0
159 7.53822  1
176    0
160 13.3004  1
176    0
161 12.1166  1
176    0
162 8.25083  1
176    0
163 5.62716  1
176    0
164 7.05969  1
176    0
165 11.7379  1
168    55.1605
166 7.01422  1
176    0
167 11.5893  1
176    0
168 6.52867  1
176    0
169 10.0035  1
176    0
170 11.3506  1
176    0
171 5.74953  1
176    0
172 7.45918  1
176    0
173 13.0422  1
176    0
174 11.2737  1
176    0
175 5.49837  1
176    0
176 0  0
