54
0 6.39531  4
1    1.19402
2    0.852293
3    1.19803
25    0.978841
1 9.56801  2
2    1.1139
3    1.127
2 9.92843  1
3    0.89505
3 11.1055  3
4    0.737629
11    1.08104
25    0.965877
4 14.9493  8
5    0.823582
6    1.10427
7    0.820853
8    1.09536
9    0.79172
10    1.00021
11    1.07642
25    1.01125
5 7.50099  3
12    0.729902
13    0.798349
14    1.02187
6 13.179  1
11    0.847551
7 11.7202  1
24    0.964943
8 6.95624  2
11    1.18253
26    0.862694
9 11.3997  1
53    0
10 5.90976  1
11    0.744972
11 7.98257  1
53    0
12 14.7516  1
53    0
13 6.85522  7
15    1.15177
16    0.975948
17    1.0018
18    1.08624
19    0.761946
20    0.902997
25    1.11709
14 11.0701  1
53    0
15 14.8337  1
53    0
16 7.12348  1
53    0
17 11.946  8
27    1.23199
28    1.23793
29    1.2573
30    0.720545
31    0.767788
32    0.922059
33    0.825834
34    1.11162
18 7.69387  1
53    0
19 13.8086  1
53    0
20 13.7762  3
21    0.763576
22    0.908307
23    0.780917
21 13.6703  1
53    0
22 13.3245  1
53    0
23 12.1953  1
53    0
24 8.5081  1
25    0.968917
25 6.46733  1
53    0
26 9.80331  1
53    0
27 10.6969  1
53    0
28 13.6151  1
53    0
29 13.1442  1
53    0
30 11.6063  1
53    0
31 6.58452  1
53    0
32 10.186  9
44    1.17166
45    1.0409
46    1.2139
47    1.17885
48    1.06439
49    1.29062
50    0.829368
51    1.12315
52    0.882488
33 11.9466  8
35    0.844823
36    1.17364
37    1.04736
38    1.23501
39    1.24779
40    1.28953
41    0.825779
42    1.11143
34 7.6957  1
53    0
35 13.8147  1
53    0
36 13.796  1
53    0
37 13.7353  1
43    0.844218
38 13.5369  1
53    0
39 12.889  1
53    0
40 10.7732  1
53    0
41 13.8641  1
53    0
42 13.9575  1
53    0
43 14.2624  1
53    0
44 5.25758  1
53    0
45 5.85269  1
53    0
46 7.79611  1
53    0
47 14.1424  1
53    0
48 14.8663  1
53    0
49 7.22999  1
53    0
50 12.2939  1
53    0
51 8.82977  1
53    0
52 7.51778  1
53    0
53 0  0
