54
0 14.8337  5
1    0.847551
2    1.18253
11    0.761946
14    0.825834
15    1.11143
1 7.12348  5
13    1.23199
15    1.11162
24    1.1872
25    0.700018
28    1.28509
2 11.946  10
3    1.07642
4    0.729902
5    0.798349
6    1.02187
7    1.15177
8    0.975948
9    1.0018
10    1.08624
11    0.908307
12    0.964943
3 7.69387  6
11    0.780917
12    0.978841
25    1.09166
28    1.29002
50    1.1139
52    1.19803
4 13.8086  4
11    0.763576
14    0.720545
27    0.974081
28    1.11676
5 13.7762  6
11    0.902997
13    1.23793
14    0.922059
15    0.844218
28    0.827409
52    0.823582
6 13.6703  4
12    0.968917
15    1.24779
25    0.924787
52    0.737629
7 13.3245  1
27    0.817374
8 12.1953  4
12    1.11709
15    0.844823
26    0.736567
27    0.995706
9 8.5081  4
12    1.01125
25    1.14068
28    1.06421
42    1.04639
10 6.46733  6
12    0.965877
14    1.2573
15    1.04736
26    0.820103
28    1.22851
42    1.17334
11 9.80331  4
12    0.862694
14    0.767788
15    1.17364
19    1.17885
12 10.6969  4
15    1.28953
24    1.29663
25    0.960805
42    1.22888
13 13.6151  4
15    0.825779
26    0.783718
27    0.85006
28    0.811313
14 13.1442  2
15    1.23501
49    0.833799
15 11.6063  5
16    1.17166
17    1.0409
18    1.2139
42    1.22776
49    0.851067
16 6.58452  3
27    1.19074
28    0.861632
52    0.820853
17 10.186  1
26    0.710987
18 11.9466  3
19    1.06439
25    0.883532
26    0.703149
19 7.6957  6
20    1.29062
21    0.829368
22    1.12315
23    0.882488
25    0.952364
42    1.1168
20 13.8147  3
24    0.848979
25    0.939729
28    0.754585
21 13.796  3
25    0.779653
27    1.10321
49    1.24855
22 13.7353  1
27    1.29696
23 13.5369  1
25    0.834733
24 12.889  2
26    1.0929
27    1.08398
25 10.7732  2
26    0.700751
42    1.22412
26 13.8641  2
27    1.06633
28    0.878954
27 13.9575  3
42    0.861742
50    1.19402
52    1.00021
28 14.2624  6
29    1.22657
30    1.22022
31    1.19947
32    1.13172
42    1.21222
49    1.29198
29 5.25758  1
53    0
30 5.85269  1
53    0
31 7.79611  2
33    0.910486
52    1.10427
32 14.1424  1
49    0.929786
33 14.8663  8
34    0.78804
35    0.988198
36    1.04181
37    1.2169
38    1.18865
39    1.09638
40    0.795071
41    1.01116
34 7.22999  1
52    0.89505
35 12.2939  1
53    0
36 8.82977  7
43    1.23185
44    1.23745
45    1.25574
46    0.715455
47    0.751161
48    0.867766
52    1.127
37 7.51778  1
52    0.79172
38 13.2336  1
53    0
39 11.8984  1
49    1.13764
40 7.53822  1
53    0
41 13.3004  1
53    0
42 12.1166  1
53    0
43 8.25083  1
52    1.09536
44 5.62716  1
53    0
45 7.05969  1
53    0
46 11.7379  1
53    0
47 7.01422  1
53    0
48 11.5893  1
51    0.852293
49 6.52867  1
53    0
50 10.0035  1
53    0
51 11.3506  1
53    0
52 5.74953  1
53    0
53 0  0
