59
0 5.62716  6
1    42.449
2    59.3602
3    54.5828
23    55.1605
25    37.7293
46    42.5533
1 7.05969  3
22    42.503
25    40.5657
46    62.7871
2 11.7379  10
9    57.0338
10    46.9865
11    44.1766
12    35.0009
13    35.0375
14    35.1575
15    35.5493
16    36.8284
17    41.0051
29    56.586
3 7.01422  5
4    38.9827
5    48.0403
6    47.6182
7    46.2394
8    41.7367
4 11.5893  3
26    53.2104
27    64.501
28    41.3704
5 6.52867  1
22    64.848
6 10.0035  1
46    43.3883
7 11.3506  1
47    59.7008
8 5.74953  2
25    64.2547
37    50.558
9 7.45918  1
46    41.69
10 13.0422  1
24    54.1992
11 11.2737  1
58    0
12 5.49837  2
29    45.5243
46    64.599
13 6.63915  4
18    54.6451
19    39.1859
20    48.704
21    49.7853
14 10.3645  1
29    61.3286
15 12.5295  1
23    59.5369
16 9.59914  3
23    40.8687
29    61.0109
46    46.4893
17 10.0301  1
29    61.4257
18 11.4373  1
58    0
19 6.03244  2
22    53.3166
25    43.9477
20 8.38328  1
58    0
21 6.0596  1
29    43.0816
22 8.47179  1
58    0
23 6.34861  1
58    0
24 9.41572  1
58    0
25 9.43129  1
29    59.9736
26 9.48195  7
30    39.402
31    49.4099
32    52.0907
33    60.8452
34    59.4325
35    54.819
36    39.7536
27 9.64736  1
58    0
28 10.1875  2
29    55.838
37    43.0871
29 11.9515  1
37    55.8399
30 7.71157  1
58    0
31 13.8665  9
38    61.444
39    61.3881
40    61.2059
41    60.6108
42    58.6671
43    52.3196
44    61.5923
45    61.8725
46    37.5581
32 13.9654  1
58    0
33 14.2883  1
46    62.4273
34 5.34242  1
58    0
35 6.1298  1
58    0
36 8.70098  1
46    35.7727
37 7.09723  1
58    0
38 11.8603  1
58    0
39 7.41371  1
58    0
40 12.8939  1
58    0
41 10.7894  1
58    0
42 13.9169  1
58    0
43 14.1299  1
58    0
44 14.8254  1
46    56.8818
45 7.09632  1
58    0
46 11.8572  1
58    0
47 7.40364  10
48    55.6952
49    42.6147
50    59.9013
51    56.3498
52    44.7525
53    36.8815
54    41.1791
55    55.2136
56    41.0427
57    54.7678
48 12.861  1
58    0
49 10.6816  1
58    0
50 13.565  1
58    0
51 12.9809  1
58    0
52 11.0732  1
58    0
53 14.8437  1
58    0
54 7.15613  1
58    0
55 12.0525  1
58    0
56 8.04147  1
58    0
57 14.9438  1
58    0
58 0  0
