195
0 6.34861  8
1    11.9074
2    11.0321
3    8.17374
8    10.6421
17    10.9638
18    7.51161
35    7.9172
44    10.018
1 9.41572  2
8    8.61632
18    12.3185
2 9.43129  10
4    10.8398
5    7.54585
6    8.78954
7    12.8509
8    11.1676
17    12.2888
18    10.4639
132    7.63576
141    8.20103
168    10.9536
3 9.48195  2
8    12.2851
17    8.61742
4 9.64736  6
8    12.2657
17    7.95071
18    12.5574
35    10.9536
130    10.7642
135    8.44823
5 10.1875  3
8    8.11313
138    9.60805
142    9.74081
6 11.9515  8
8    8.27409
18    12.1222
45    9.68917
125    8.20853
131    10.8624
137    8.82488
153    12.2851
159    10.1116
7 7.71157  4
8    12.9002
17    11.8865
124    8.52293
136    12.139
8 13.8665  10
9    12.2022
10    11.9947
11    11.3172
12    9.10486
13    7.8804
14    9.88198
15    10.4181
18    12.3745
56    8.44823
133    9.65877
9 13.9654  6
17    11.168
18    11.7334
35    8.20853
44    9.02997
136    10.409
139    9.39729
10 14.2883  4
16    12.169
44    7.61946
160    12.3185
161    11.9402
11 5.34242  4
17    10.1116
18    7.15455
44    9.75948
184    12.8953
12 6.1298  2
56    11.1162
169    10.2187
13 8.70098  1
194    0
14 7.09723  1
194    0
15 11.8603  4
18    12.2776
35    10.0021
161    8.67766
183    11.1162
16 7.41371  10
19    8.67766
20    12.4855
21    12.9198
22    8.33799
23    11.3764
24    9.29786
25    8.51067
26    11.9402
100    11.9947
169    7.98349
17 12.8939  1
18    12.2412
18 10.7894  10
36    7.44972
37    8.47551
38    11.8253
39    10.7642
40    7.29902
41    7.98349
42    10.2187
43    11.5177
44    10.8624
100    11.3172
19 13.9169  2
152    8.27409
183    9.22059
20 14.1299  3
45    9.78841
134    7.20545
184    11.7166
21 14.8254  6
66    11.7885
67    10.6439
68    12.9062
69    8.29368
70    11.2315
91    12.8509
22 7.09632  6
94    8.27409
95    11.1676
96    8.61632
97    12.2851
98    12.2657
99    12.2022
23 11.8572  8
27    11.139
28    8.52293
29    11.9803
30    11.27
31    8.9505
32    7.37629
33    8.23582
34    11.0427
24 7.40364  2
44    9.08307
133    11.1709
25 12.861  1
91    8.17374
26 10.6816  2
90    9.95706
161    7.15455
27 13.565  7
144    8.5006
145    11.9074
146    11.0321
147    8.17374
148    10.8398
149    7.54585
150    8.78954
28 12.9809  1
107    8.61742
29 11.0732  3
45    9.65877
133    7.80917
171    7.63576
30 14.8437  1
194    0
31 7.15613  8
48    8.62694
49    12.3199
50    12.3793
51    12.573
52    7.20545
53    7.67788
54    9.22059
55    8.25834
32 12.0525  3
133    12.3199
135    11.1143
183    8.44823
33 8.04147  2
44    7.63576
124    11.9803
34 14.9438  3
35    10.8104
44    7.80917
91    11.0321
35 7.48299  2
151    12.8509
168    10.0021
36 13.1201  1
89    8.20103
37 11.5276  3
91    10.8398
133    10.1125
136    11.7166
38 6.32756  1
194    0
39 9.34675  9
58    12.478
59    12.8953
60    8.25779
61    11.1143
62    8.44218
63    11.7166
64    10.409
65    12.139
125    10.9536
40 9.20606  1
185    10.6439
41 8.74645  1
194    0
42 7.24555  3
141    7.10987
143    10.6633
184    8.25779
43 12.3446  3
44    9.64943
135    8.44218
184    12.139
44 8.99548  2
46    10.1125
47    11.1709
45 8.05887  4
125    8.23582
133    9.08307
141    7.0315
152    12.9002
46 5.00031  3
131    7.61946
161    12.4855
183    11.7364
47 5.01251  1
134    8.25834
48 5.05249  2
153    11.1676
161    12.9198
49 5.18311  2
57    12.3501
131    9.75948
50 5.60945  2
125    11.0427
130    10.2187
51 7.00171  2
56    11.7364
90    10.6633
52 11.5484  3
56    10.4736
136    11.7885
143    12.9696
53 6.39531  1
161    8.51067
54 9.56801  4
87    7.10987
88    7.36567
100    9.10486
160    10.4639
55 9.92843  9
78    9.52364
79    9.24787
80    8.34733
81    11.4068
82    9.39729
83    8.83532
84    7.00018
85    7.00751
86    7.0315
56 11.1055  1
124    11.9402
57 14.9493  2
107    11.168
151    8.11313
58 7.50099  3
131    10.018
143    9.95706
160    12.1222
59 13.179  3
100    9.88198
137    8.48979
168    7.9172
60 11.7202  1
91    11.9074
61 6.95624  10
71    8.82488
72    12.9663
73    8.48979
74    11.872
75    10.9166
76    7.79653
77    9.60805
124    11.139
135    8.25779
160    12.5574
62 11.3997  1
160    12.2776
63 5.90976  2
130    11.8253
141    10.929
64 7.98257  7
117    8.67766
118    12.4855
119    12.9198
120    8.33799
121    11.3764
122    9.29786
123    8.51067
65 14.7516  1
137    8.29368
66 6.85522  4
89    9.74081
134    9.22059
138    8.34733
184    12.3501
67 11.0701  2
133    9.78841
161    7.51161
68 14.8337  1
107    12.2776
69 7.12348  2
92    10.6421
169    7.29902
70 11.946  1
194    0
71 7.69387  1
194    0
72 13.8086  3
91    7.54585
138    9.52364
141    7.36567
73 13.7762  1
90    12.9696
74 13.6703  5
91    8.78954
100    7.8804
135    11.7364
137    10.6439
153    12.2022
75 13.3245  3
91    8.11313
132    9.02997
139    7.00018
76 12.1953  1
194    0
77 8.5081  8
110    11.7334
111    10.4639
112    12.3185
113    12.3745
114    12.5574
115    7.15455
116    7.51161
170    10.018
78 6.46733  1
194    0
79 9.80331  2
93    12.9002
124    11.27
80 10.6969  1
194    0
81 13.6151  3
89    10.929
135    12.478
183    8.25834
82 13.1442  1
194    0
83 11.6063  3
90    8.5006
153    8.61632
159    11.8865
84 6.58452  1
194    0
85 10.186  1
89    7.83718
86 11.9466  1
137    10.9166
87 7.6957  1
159    8.61742
88 13.8147  10
101    10.4181
102    12.169
103    11.8865
104    10.9638
105    7.95071
106    10.1116
135    12.3501
159    11.168
168    8.20853
171    7.80917
89 13.796  2
152    10.6421
161    9.29786
90 13.7353  2
124    7.37629
153    12.2657
91 13.5369  1
194    0
92 12.889  1
107    12.2888
93 10.7732  1
194    0
94 13.8641  1
185    11.7885
95 13.9575  4
176    10.1125
177    11.1709
178    8.62694
179    12.3199
96 14.2624  1
160    12.3745
97 5.25758  1
194    0
98 5.85269  1
194    0
99 7.79611  1
154    11.9947
100 14.1424  3
130    7.29902
138    7.79653
159    10.9638
101 14.8663  6
162    11.139
163    8.52293
164    11.9803
165    11.27
166    8.9505
167    7.37629
102 7.22999  2
133    8.62694
135    12.8953
103 12.2939  3
135    11.1162
138    9.24787
169    9.75948
104 8.82977  5
108    12.2412
109    12.1222
130    8.47551
134    12.3793
169    8.47551
105 7.51778  1
159    12.2888
106 13.2336  1
194    0
107 11.8984  2
133    9.64943
160    11.7334
108 7.53822  1
194    0
109 13.3004  1
171    9.08307
110 12.1166  2
124    8.9505
184    12.478
111 8.25083  1
159    12.169
112 5.62716  1
160    12.2412
113 7.05969  1
137    12.9663
114 11.7379  1
137    12.9062
115 7.01422  1
194    0
116 11.5893  1
194    0
117 6.52867  5
126    7.9172
127    10.0021
128    10.8104
129    7.44972
168    11.0427
118 10.0035  1
194    0
119 11.3506  1
169    10.7642
120 5.74953  4
155    11.3172
156    9.10486
157    7.8804
158    9.88198
121 7.45918  1
135    10.4736
122 13.0422  1
130    11.5177
123 11.2737  2
183    10.4736
184    10.409
124 5.49837  1
194    0
125 6.63915  1
133    9.68917
126 10.3645  1
194    0
127 12.5295  3
137    11.872
138    11.4068
182    7.67788
128 9.59914  1
137    11.2315
129 10.0301  2
130    7.98349
139    8.83532
130 11.4373  1
168    10.8104
131 6.03244  1
134    7.67788
132 8.38328  1
194    0
133 6.0596  1
134    12.573
134 8.47179  1
161    8.33799
135 6.34861  2
141    7.83718
170    10.8624
136 9.41572  1
194    0
137 9.43129  1
194    0
138 9.48195  1
168    8.23582
139 9.64736  2
140    7.00751
170    7.61946
140 10.1875  1
159    10.4181
141 11.9515  1
194    0
142 7.71157  1
194    0
143 13.8665  1
161    11.3764
144 13.9654  8
186    12.9062
187    8.29368
188    11.2315
189    8.82488
190    12.9663
191    8.48979
192    11.872
193    10.9166
145 14.2883  1
184    8.44218
146 5.34242  1
194    0
147 6.1298  1
194    0
148 8.70098  1
194    0
149 7.09723  1
194    0
150 11.8603  1
194    0
151 7.41371  1
194    0
152 12.8939  1
194    0
153 10.7894  1
159    7.95071
154 13.9169  1
194    0
155 14.1299  2
180    12.3793
181    12.573
156 14.8254  1
169    7.44972
157 7.09632  1
169    11.5177
158 11.8572  1
194    0
159 7.40364  1
171    9.02997
160 12.861  1
169    11.8253
161 10.6816  1
194    0
162 13.565  1
194    0
163 12.9809  1
194    0
164 11.0732  1
194    0
165 14.8437  1
184    11.1143
166 7.15613  4
172    9.64943
173    9.65877
174    9.68917
175    9.78841
167 12.0525  1
194    0
168 8.04147  1
194    0
169 14.9438  1
194    0
170 7.48299  1
194    0
171 13.1201  1
194    0
172 11.5276  1
194    0
173 6.32756  1
194    0
174 9.34675  1
194    0
175 9.20606  1
194    0
176 8.74645  1
194    0
177 7.24555  1
182    7.20545
178 12.3446  1
194    0
179 8.99548  1
194    0
180 8.05887  1
194    0
181 5.00031  1
194    0
182 5.01251  1
194    0
183 5.05249  1
194    0
184 5.18311  1
194    0
185 5.60945  1
194    0
186 7.00171  1
194    0
187 11.5484  1
194    0
188 6.39531  1
194    0
189 9.56801  1
194    0
190 9.92843  1
194    0
191 11.1055  1
194    0
192 14.9493  1
194    0
193 7.50099  1
194    0
194 0  0
