51
0 8.99548  10
1    61.5923
2    61.8725
3    62.7871
4    35.7727
5    37.5581
6    43.3883
7    62.4273
8    64.599
9    41.69
10    56.8818
1 8.05887  1
22    36.4951
2 5.00031  1
19    41.1791
3 5.01251  3
21    50.0105
22    51.0936
46    58.6818
4 5.05249  1
50    0
5 5.18311  1
11    46.4893
6 5.60945  1
50    0
7 7.00171  8
12    42.5533
13    59.7008
14    55.6952
15    42.6147
16    59.9013
17    56.3498
18    44.7525
21    42.3775
8 11.5484  1
50    0
9 6.39531  1
50    0
10 9.56801  1
50    0
11 9.92843  1
19    36.8815
12 11.1055  2
19    55.2136
22    53.8211
13 14.9493  1
19    41.0427
14 7.50099  2
21    37.2486
22    39.9174
15 13.179  7
33    48.2939
34    48.4458
35    48.9421
36    50.5626
37    55.8545
38    43.1347
39    61.5996
16 11.7202  4
29    38.1788
30    45.4154
31    39.0458
32    48.2472
17 6.95624  6
23    57.5886
24    48.7974
25    50.0902
26    54.3118
27    38.0973
28    45.1498
18 11.3997  1
21    39.586
19 5.90976  2
20    54.7678
21    59.1267
20 7.98257  1
21    54.0518
21 14.7516  1
50    0
22 6.85522  1
50    0
23 11.0701  1
50    0
24 14.8337  1
50    0
25 7.12348  1
50    0
26 11.946  6
40    61.8963
41    62.8649
42    36.0273
43    38.3894
44    46.1029
45    41.2917
27 7.69387  1
50    0
28 13.8086  3
47    52.3681
48    61.7507
49    62.3898
29 13.7762  1
50    0
30 13.6703  1
50    0
31 13.3245  1
50    0
32 12.1953  1
50    0
33 8.5081  1
50    0
34 6.46733  1
50    0
35 9.80331  1
50    0
36 10.6969  1
50    0
37 13.6151  1
50    0
38 13.1442  1
50    0
39 11.6063  1
46    55.5808
40 6.58452  1
50    0
41 10.186  1
46    42.2411
42 11.9466  1
50    0
43 7.6957  1
50    0
44 13.8147  1
50    0
45 13.796  1
50    0
46 13.7353  1
50    0
47 13.5369  1
50    0
48 12.889  1
50    0
49 10.7732  1
50    0
50 0  0
