50
0 9.80331  1
1    4.87974
1 10.6969  6
2    5.00902
3    5.43118
4    3.80973
5    4.51498
6    3.81788
28    4.12889
2 13.6151  1
49    0
3 13.1442  9
7    4.54154
8    3.90458
9    4.82472
10    4.82939
11    4.84458
12    4.89421
13    5.05626
14    5.58545
15    4.31347
4 11.6063  1
49    0
5 6.58452  8
29    5.85829
30    5.20449
31    6.06951
32    5.89427
33    5.32196
34    6.45312
35    4.14684
36    5.61576
6 10.186  1
49    0
7 11.9466  1
49    0
8 7.6957  1
49    0
9 13.8147  1
49    0
10 13.796  1
49    0
11 13.7353  1
39    4.2449
12 13.5369  1
49    0
13 12.889  10
16    6.15996
17    6.18963
18    6.28649
19    3.60273
20    3.83894
21    4.61029
22    4.12917
23    5.55808
24    4.22411
25    5.86818
14 10.7732  1
49    0
15 13.8641  1
49    0
16 13.9575  1
49    0
17 14.2624  2
28    6.44763
39    5.93602
18 5.25758  1
49    0
19 5.85269  1
28    6.23898
20 7.79611  2
40    5.45828
41    3.89827
21 14.1424  1
28    4.22109
22 14.8663  1
49    0
23 7.22999  1
49    0
24 12.2939  1
28    5.55716
25 8.82977  2
26    5.23681
27    6.17507
26 7.51778  1
49    0
27 13.2336  1
49    0
28 11.8984  7
42    4.80403
43    4.76182
44    4.62394
45    4.17367
46    5.70338
47    4.69865
48    4.41766
29 7.53822  1
49    0
30 13.3004  1
49    0
31 12.1166  1
49    0
32 8.25083  2
37    4.41244
38    6.48315
33 5.62716  1
49    0
34 7.05969  1
49    0
35 11.7379  1
49    0
36 7.01422  1
49    0
37 11.5893  1
49    0
38 6.52867  1
49    0
39 10.0035  1
49    0
40 11.3506  1
49    0
41 5.74953  1
49    0
42 7.45918  1
49    0
43 13.0422  1
49    0
44 11.2737  1
49    0
45 5.49837  1
49    0
46 6.63915  1
49    0
47 10.3645  1
49    0
48 12.5295  1
49    0
49 0  0
