119
0 13.7762  4
1    1.06633
2    1.29696
21    1.04181
23    1.18865
1 13.6703  4
2    0.85006
28    0.852293
64    1.1872
66    0.820103
2 13.3245  10
3    1.19074
4    1.10321
5    0.817374
6    1.08398
7    0.754585
8    0.878954
9    1.28509
10    0.811313
11    1.06421
12    1.29002
3 12.1953  2
13    0.827409
74    1.19074
4 8.5081  3
13    1.11676
25    1.24855
39    0.908307
5 6.46733  8
31    0.729902
32    0.798349
33    1.02187
34    1.15177
35    0.975948
36    1.0018
37    1.08624
38    0.761946
6 9.80331  2
30    0.744972
83    1.22851
7 10.6969  4
24    1.21222
29    1.127
30    0.847551
66    0.736567
8 13.6151  5
23    1.1168
24    1.17334
25    0.867766
27    0.833799
29    0.79172
9 13.1442  5
13    0.861632
23    0.795071
27    0.851067
29    1.00021
39    0.763576
10 11.6063  5
22    1.2169
23    1.22888
29    0.89505
30    1.08104
63    0.844218
11 6.58452  9
14    1.22851
15    1.22657
16    1.22022
17    1.19947
18    1.13172
19    0.910486
20    0.78804
25    0.715455
27    1.13764
12 10.186  4
21    0.988198
23    1.09638
25    1.23745
29    0.737629
13 11.9466  2
25    0.751161
30    1.07642
14 7.6957  1
30    1.18253
15 13.8147  2
23    1.01116
27    0.929786
16 13.796  2
23    0.861742
29    1.09536
17 13.7353  1
23    1.22412
18 13.5369  10
40    0.964943
41    0.965877
42    0.968917
43    0.978841
44    1.01125
45    1.11709
46    0.862694
47    1.23199
48    1.23793
49    1.2573
19 12.889  2
25    1.23185
63    1.0409
20 10.7732  2
23    1.22776
25    1.25574
21 13.8641  1
29    0.820853
22 13.9575  1
26    1.29198
23 14.2624  3
24    1.04639
27    1.1139
29    1.10427
24 5.25758  1
64    1.29663
25 5.85269  1
29    0.823582
26 7.79611  4
27    1.19402
63    1.06439
65    1.14068
83    0.827409
27 14.1424  3
28    1.19803
39    0.902997
65    0.924787
28 14.8663  1
64    0.848979
29 7.22999  1
67    1.0929
30 12.2939  1
63    1.29062
31 8.82977  1
39    0.780917
32 7.51778  1
118    0
33 13.2336  7
56    1.17364
57    1.04736
58    1.23501
59    1.24779
60    1.28953
61    0.825779
62    1.11143
34 11.8984  1
65    0.952364
35 7.53822  1
118    0
36 13.3004  1
65    0.939729
37 12.1166  1
65    0.960805
38 8.25083  2
65    0.834733
74    1.10321
39 5.62716  1
63    1.12315
40 7.05969  1
118    0
41 11.7379  1
118    0
42 7.01422  8
75    0.817374
76    1.08398
77    0.754585
78    0.878954
79    1.28509
80    0.811313
81    1.06421
82    1.29002
43 11.5893  1
63    1.17885
44 6.52867  1
118    0
45 10.0035  6
50    0.720545
51    0.767788
52    0.922059
53    0.825834
54    1.11162
55    0.844823
46 11.3506  1
66    0.700018
47 5.74953  1
63    0.829368
48 7.45918  1
118    0
49 13.0422  1
118    0
50 11.2737  6
68    0.783718
69    0.974081
70    0.995706
71    1.06633
72    1.29696
73    0.85006
51 5.49837  1
66    0.703149
52 6.63915  2
63    1.2139
83    0.861632
53 10.3645  1
118    0
54 12.5295  8
94    1.09638
95    0.795071
96    1.01116
97    1.1168
98    0.861742
99    1.22888
100    1.22776
101    1.22412
55 9.59914  1
66    0.710987
56 10.0301  1
118    0
57 11.4373  2
63    0.882488
65    0.779653
58 6.03244  1
118    0
59 8.38328  1
63    1.17166
60 6.0596  1
66    0.883532
61 8.47179  1
64    1.09166
62 6.34861  1
118    0
63 9.41572  1
66    0.700751
64 9.43129  1
118    0
65 9.48195  1
118    0
66 9.64736  1
83    1.11676
67 10.1875  1
118    0
68 11.9515  1
118    0
69 7.71157  1
118    0
70 13.8665  1
118    0
71 13.9654  10
84    1.22657
85    1.22022
86    1.19947
87    1.13172
88    0.910486
89    0.78804
90    0.988198
91    1.04181
92    1.2169
93    1.18865
72 14.2883  1
118    0
73 5.34242  1
118    0
74 6.1298  1
118    0
75 8.70098  1
118    0
76 7.09723  1
118    0
77 11.8603  1
118    0
78 7.41371  1
118    0
79 12.8939  1
118    0
80 10.7894  1
118    0
81 13.9169  1
118    0
82 14.1299  1
118    0
83 14.8254  1
118    0
84 7.09632  1
118    0
85 11.8572  1
118    0
86 7.40364  1
118    0
87 12.861  1
118    0
88 10.6816  1
118    0
89 13.565  6
102    1.21222
103    1.17334
104    1.04639
105    1.23185
106    1.23745
107    1.25574
90 12.9809  1
118    0
91 11.0732  1
118    0
92 14.8437  1
118    0
93 7.15613  1
118    0
94 12.0525  1
118    0
95 8.04147  1
118    0
96 14.9438  1
118    0
97 7.48299  10
108    0.715455
109    0.751161
110    0.867766
111    1.24855
112    1.29198
113    0.833799
114    1.13764
115    0.929786
116    0.851067
117    1.19402
98 13.1201  1
118    0
99 11.5276  1
118    0
100 6.32756  1
118    0
101 9.34675  1
118    0
102 9.20606  1
118    0
103 8.74645  1
118    0
104 7.24555  1
118    0
105 12.3446  1
118    0
106 8.99548  1
118    0
107 8.05887  1
118    0
108 5.00031  1
118    0
109 5.01251  1
118    0
110 5.05249  1
118    0
111 5.18311  1
118    0
112 5.60945  1
118    0
113 7.00171  1
118    0
114 11.5484  1
118    0
115 6.39531  1
118    0
116 9.56801  1
118    0
117 9.92843  1
118    0
118 0  0
