115
0 6.58452  10
1    3.77293
2    4.39477
3    6.42547
4    4.05657
5    5.5838
6    6.14257
7    4.94099
11    6.12059
12    6.15923
15    5.99013
1 10.186  8
5    4.30816
6    5.99736
7    5.20907
11    6.1444
12    3.75581
17    5.43118
20    4.54154
36    4.22109
2 11.9466  4
5    4.13704
7    5.6586
11    4.30871
20    3.90458
3 7.6957  6
5    6.4501
7    6.08452
11    6.13881
12    5.23196
15    5.52136
21    4.31347
4 13.8147  9
5    5.32104
6    6.13286
7    4.55243
12    6.06108
15    4.10427
16    3.9586
17    5.75886
36    4.12889
52    5.33166
5 13.796  8
6    6.10109
12    5.86671
13    5.97008
16    5.00105
17    4.87974
20    4.82939
21    5.58545
95    5.75886
6 13.7353  8
7    3.9402
11    5.58399
12    4.33883
15    4.47525
17    3.64951
20    4.82472
21    4.89421
52    4.8704
7 13.5369  7
8    5.94325
9    5.4819
10    3.97536
12    6.18725
13    4.25533
15    5.63498
17    5.00902
8 12.889  4
12    6.24273
13    6.4599
16    5.40518
36    5.85829
9 10.7732  6
11    5.0558
12    6.27871
13    5.68818
15    3.68815
16    5.91267
95    3.64951
10 13.8641  3
12    3.57727
16    3.72486
95    5.38211
11 13.9575  4
13    4.64893
16    5.47678
17    3.99174
52    5.46451
12 14.2624  4
13    4.169
15    4.11791
16    4.23775
20    4.84458
13 5.25758  5
14    5.56952
15    4.26147
17    3.80973
51    4.69865
84    6.24273
14 5.85269  2
17    5.38211
64    4.30816
15 7.79611  2
17    5.10936
95    5.10936
16 14.1424  2
21    5.05626
52    3.91859
17 14.8663  2
18    4.51498
19    3.81788
18 7.22999  4
38    5.32196
52    4.2503
64    6.14257
74    5.4819
19 12.2939  2
37    6.06951
95    3.80973
20 8.82977  2
22    6.15996
23    6.18963
21 7.51778  7
39    4.14684
40    5.61576
41    4.41244
42    6.48315
43    4.2449
44    5.93602
45    5.45828
22 13.2336  1
94    5.47678
23 11.8984  7
24    6.28649
25    3.60273
26    3.83894
27    4.61029
28    4.12917
51    3.50009
84    4.64893
24 7.53822  3
36    5.20449
51    3.55493
84    5.68818
25 13.3004  2
52    6.4848
63    5.5838
26 12.1166  1
114    0
27 8.25083  2
51    4.41766
74    5.0558
28 5.62716  8
29    5.55808
30    4.22411
31    5.86818
32    5.23681
33    6.17507
34    6.23898
35    6.44763
64    6.13286
29 7.05969  1
38    6.45312
30 11.7379  1
94    4.23775
31 7.01422  8
55    5.41992
56    3.77293
57    4.39477
58    6.42547
59    4.05657
60    5.32104
61    6.4501
62    4.13704
32 11.5893  1
52    4.10051
33 6.52867  2
36    5.55716
52    4.97853
34 10.0035  2
38    5.89427
95    5.43118
35 11.3506  2
51    3.50375
52    5.95369
36 5.74953  1
114    0
37 7.45918  1
74    6.1444
38 13.0422  1
53    5.51605
39 11.2737  6
46    3.89827
47    4.80403
48    4.76182
49    4.62394
50    4.17367
74    3.97536
40 5.49837  1
54    4.08687
41 6.63915  2
51    3.51575
84    4.33883
42 10.3645  1
77    6.06108
43 12.5295  1
114    0
44 9.59914  1
94    5.91267
45 10.0301  9
65    6.10109
66    5.99736
67    5.6586
68    4.55243
69    3.9402
70    4.94099
71    5.20907
72    6.08452
73    5.94325
46 11.4373  2
52    3.68284
94    5.00105
47 6.03244  1
94    3.72486
48 8.38328  1
114    0
49 6.0596  1
51    5.70338
50 8.47179  1
114    0
51 6.34861  1
114    0
52 9.41572  1
114    0
53 9.43129  1
114    0
54 9.48195  1
114    0
55 9.64736  2
84    4.169
94    5.40518
56 10.1875  1
114    0
57 11.9515  9
96    4.51498
97    3.81788
98    4.54154
99    3.90458
100    4.82472
101    4.82939
102    4.84458
103    4.89421
104    5.05626
58 7.71157  6
78    5.86671
79    5.23196
80    6.15923
81    6.18725
82    6.27871
83    3.57727
59 13.8665  1
114    0
60 13.9654  1
114    0
61 14.2883  1
95    4.87974
62 5.34242  2
75    6.13881
76    6.12059
63 6.1298  1
114    0
64 8.70098  9
105    5.58545
106    4.31347
107    6.15996
108    6.18963
109    6.28649
110    3.60273
111    3.83894
112    4.61029
113    4.12917
65 7.09723  1
74    4.30871
66 11.8603  1
114    0
67 7.41371  1
114    0
68 12.8939  1
114    0
69 10.7894  1
114    0
70 13.9169  1
114    0
71 14.1299  1
114    0
72 14.8254  1
114    0
73 7.09632  2
74    5.58399
93    4.11791
74 11.8572  1
114    0
75 7.40364  2
84    6.4599
95    3.99174
76 12.861  2
84    3.75581
94    4.10427
77 10.6816  1
114    0
78 13.565  1
114    0
79 12.9809  1
114    0
80 11.0732  1
95    5.00902
81 14.8437  8
85    4.25533
86    5.97008
87    5.56952
88    4.26147
89    5.99013
90    5.63498
91    4.47525
92    3.68815
82 7.15613  1
114    0
83 12.0525  1
114    0
84 8.04147  1
94    5.52136
85 14.9438  1
114    0
86 7.48299  1
94    3.9586
87 13.1201  1
114    0
88 11.5276  1
114    0
89 6.32756  1
114    0
90 9.34675  1
114    0
91 9.20606  1
114    0
92 8.74645  1
114    0
93 7.24555  1
114    0
94 12.3446  1
114    0
95 8.99548  1
114    0
96 8.05887  1
114    0
97 5.00031  1
114    0
98 5.01251  1
114    0
99 5.05249  1
114    0
100 5.18311  1
114    0
101 5.60945  1
114    0
102 7.00171  1
114    0
103 11.5484  1
114    0
104 6.39531  1
114    0
105 9.56801  1
114    0
106 9.92843  1
114    0
107 11.1055  1
114    0
108 14.9493  1
114    0
109 7.50099  1
114    0
110 13.179  1
114    0
111 11.7202  1
114    0
112 6.95624  1
114    0
113 11.3997  1
114    0
114 0  0
