111
0 7.22999  10
1    9.10486
2    7.8804
3    9.88198
4    10.4181
5    12.169
6    11.8865
7    10.9638
8    7.95071
9    12.2888
11    12.5574
1 12.2939  1
10    12.2412
2 8.82977  2
10    12.2776
13    9.29786
3 7.51778  6
9    10.1116
11    11.7334
23    10.0021
33    12.573
83    10.1116
85    12.4855
4 13.2336  6
9    11.168
11    7.15455
12    8.33799
23    7.44972
61    10.929
85    12.9198
5 11.8984  7
11    7.51161
12    12.4855
21    11.0427
22    8.20853
24    10.2187
45    10.409
85    8.33799
6 7.53822  5
9    8.61742
10    12.1222
11    12.3185
24    11.8253
33    8.62694
7 13.3004  4
11    10.4639
23    10.8104
24    8.47551
45    10.6439
8 12.1166  7
14    8.51067
15    11.9402
16    11.139
17    8.52293
62    9.95706
67    8.27409
85    7.51161
9 8.25083  5
11    12.3745
12    12.9198
21    7.37629
61    7.36567
67    12.8509
10 5.62716  4
12    8.67766
24    10.7642
63    11.9074
96    10.2187
11 7.05969  3
13    11.3764
24    9.75948
61    7.00751
12 11.7379  4
18    11.9803
19    11.27
20    8.9505
33    11.1709
13 7.01422  10
25    10.018
26    10.8624
27    7.61946
28    9.02997
29    7.63576
30    9.08307
31    7.80917
32    9.64943
45    12.139
62    10.6633
14 11.5893  1
21    8.23582
15 6.52867  3
24    7.98349
33    10.1125
45    8.44218
16 10.0035  10
68    11.1676
69    8.61632
70    12.2851
71    12.2657
72    12.2022
73    11.9947
74    11.3172
75    9.10486
76    7.8804
96    9.75948
17 11.3506  6
33    12.3199
45    11.7166
61    9.74081
62    12.9696
67    7.54585
84    12.1222
18 5.74953  2
22    10.9536
61    7.10987
19 7.45918  1
96    7.98349
20 13.0422  4
22    7.9172
24    11.5177
45    8.29368
95    7.44972
21 11.2737  2
33    9.68917
96    10.018
22 5.49837  6
46    11.2315
47    8.82488
48    12.9663
49    8.48979
50    11.872
51    10.9166
23 6.63915  4
24    7.29902
33    12.3793
45    8.25779
94    11.0427
24 10.3645  1
85    12.5574
25 12.5295  1
83    8.61742
26 9.59914  1
67    8.11313
27 10.0301  6
34    7.20545
35    7.67788
36    9.22059
37    8.25834
38    11.1162
94    8.23582
28 11.4373  1
110    0
29 6.03244  1
33    9.65877
30 8.38328  1
85    12.3745
31 6.0596  2
33    9.78841
61    8.20103
32 8.47179  1
110    0
33 6.34861  1
95    10.0021
34 9.41572  1
110    0
35 9.43129  1
45    11.1143
36 9.48195  1
67    8.78954
37 9.64736  1
110    0
38 10.1875  7
39    8.44823
40    11.7364
41    10.4736
42    12.3501
43    12.478
44    12.8953
67    10.6421
39 11.9515  9
52    7.79653
53    9.60805
54    9.52364
55    9.24787
56    8.34733
57    11.4068
58    9.39729
59    8.83532
60    7.00018
40 7.71157  4
106    11.1709
107    8.62694
108    12.3199
109    12.3793
41 13.8665  1
95    10.8104
42 13.9654  1
61    7.0315
43 14.2883  2
45    12.9062
95    7.9172
44 5.34242  2
45    11.7885
84    11.7334
45 6.1298  1
110    0
46 8.70098  1
110    0
47 7.09723  1
95    11.8253
48 11.8603  1
110    0
49 7.41371  1
110    0
50 12.8939  1
110    0
51 10.7894  2
83    11.168
94    8.9505
52 13.9169  1
85    7.15455
53 14.1299  1
83    12.2888
54 14.8254  4
102    9.65877
103    9.68917
104    9.78841
105    10.1125
55 7.09632  2
63    8.5006
96    7.61946
56 11.8572  3
94    7.37629
95    8.47551
96    7.29902
57 7.40364  1
61    7.83718
58 12.861  1
110    0
59 10.6816  1
110    0
60 13.565  1
84    10.4639
61 12.9809  5
97    9.02997
98    7.63576
99    9.08307
100    7.80917
101    9.64943
62 11.0732  3
64    11.0321
65    8.17374
66    10.8398
63 14.8437  1
67    12.9002
64 7.15613  1
96    10.7642
65 12.0525  1
85    8.67766
66 8.04147  1
110    0
67 14.9438  1
110    0
68 7.48299  1
110    0
69 13.1201  7
77    9.88198
78    10.4181
79    12.169
80    11.8865
81    10.9638
82    7.95071
85    12.3185
70 11.5276  1
110    0
71 6.32756  1
110    0
72 9.34675  1
110    0
73 9.20606  1
94    10.9536
74 8.74645  1
94    8.20853
75 7.24555  1
110    0
76 12.3446  1
83    12.2776
77 8.99548  1
110    0
78 8.05887  1
110    0
79 5.00031  1
110    0
80 5.01251  1
83    12.2412
81 5.05249  1
110    0
82 5.18311  1
110    0
83 5.60945  1
110    0
84 7.00171  8
86    11.3764
87    9.29786
88    8.51067
89    11.9402
90    11.139
91    8.52293
92    11.9803
93    11.27
85 11.5484  1
110    0
86 6.39531  1
110    0
87 9.56801  1
110    0
88 9.92843  1
110    0
89 11.1055  1
110    0
90 14.9493  1
110    0
91 7.50099  1
96    11.5177
92 13.179  1
110    0
93 11.7202  1
96    10.8624
94 6.95624  1
110    0
95 11.3997  1
110    0
96 5.90976  1
110    0
97 7.98257  1
110    0
98 14.7516  1
110    0
99 6.85522  1
110    0
100 11.0701  1
110    0
101 14.8337  1
110    0
102 7.12348  1
110    0
103 11.946  1
110    0
104 7.69387  1
110    0
105 13.8086  1
110    0
106 13.7762  1
110    0
107 13.6703  1
110    0
108 13.3245  1
110    0
109 12.1953  1
110    0
110 0  0
