90
0 10.6969  6
1    1.29663
2    0.848979
3    1.09166
14    0.736567
48    1.18253
66    1.17166
1 13.6151  5
2    1.1872
14    1.0929
23    1.29002
47    0.820853
68    1.29663
2 13.1442  10
5    0.960805
6    0.952364
7    0.924787
8    0.834733
9    1.14068
10    0.939729
11    0.883532
12    0.700018
13    0.703149
23    0.861632
3 11.6063  2
4    0.779653
67    1.2139
4 6.58452  8
15    1.06633
16    1.29696
17    0.85006
18    1.19074
19    1.10321
20    0.817374
21    1.08398
22    0.754585
5 10.186  3
14    0.995706
24    0.988198
47    1.10427
6 11.9466  3
14    0.783718
24    1.22022
53    0.965877
7 7.6957  3
23    1.06421
24    1.18865
65    0.825779
8 13.8147  4
23    1.22657
43    1.1139
47    1.00021
66    0.844218
9 13.796  3
23    0.878954
24    1.04181
43    1.127
10 13.7353  4
24    0.910486
48    0.798349
53    0.780917
65    1.24779
11 13.5369  6
13    0.710987
14    0.974081
24    0.78804
43    1.19803
47    0.847551
54    1.23793
12 12.889  2
13    0.700751
23    1.28509
13 10.7732  5
14    0.820103
23    1.22851
25    0.795071
43    0.851067
66    1.11143
14 13.8641  4
24    1.19947
43    0.852293
54    0.862694
67    1.12315
15 13.9575  10
55    1.2573
56    0.720545
57    0.767788
58    0.922059
59    0.825834
60    1.11162
61    0.844823
62    1.17364
63    1.04736
64    1.23501
16 14.2624  2
23    0.811313
53    0.908307
17 5.25758  1
23    1.11676
18 5.85269  1
89    0
19 7.79611  2
24    1.13172
43    1.19402
20 14.1424  3
24    1.09638
43    0.929786
67    1.06439
21 14.8663  1
25    1.1168
22 7.22999  4
23    0.827409
24    1.2169
25    1.01116
68    0.952364
23 12.2939  1
48    1.02187
24 8.82977  7
36    0.715455
37    0.751161
38    0.867766
39    1.24855
40    1.29198
41    0.833799
42    1.13764
25 7.51778  10
26    0.861742
27    1.22888
28    1.22776
29    1.22412
30    1.21222
31    1.17334
32    1.04639
33    1.23185
34    1.23745
35    1.25574
26 13.2336  2
47    0.79172
67    1.29062
27 11.8984  2
47    0.744972
67    0.882488
28 7.53822  3
44    0.89505
45    0.737629
46    0.823582
29 13.3004  1
89    0
30 12.1166  1
54    1.01125
31 8.25083  1
89    0
32 5.62716  1
89    0
33 7.05969  1
65    1.28953
34 11.7379  1
89    0
35 7.01422  1
89    0
36 11.5893  1
47    1.09536
37 6.52867  1
47    1.08104
38 10.0035  2
54    1.23199
68    0.834733
39 11.3506  6
49    1.15177
50    0.975948
51    1.0018
52    1.08624
54    0.978841
67    0.829368
40 5.74953  1
89    0
41 7.45918  1
89    0
42 13.0422  2
48    1.07642
68    0.779653
43 11.2737  2
54    0.968917
68    1.1872
44 5.49837  1
48    0.729902
45 6.63915  1
89    0
46 10.3645  1
68    0.924787
47 12.5295  2
53    0.964943
54    1.11709
48 9.59914  1
53    0.902997
49 10.0301  1
89    0
50 11.4373  1
68    1.09166
51 6.03244  1
53    0.761946
52 8.38328  1
53    0.763576
53 6.0596  1
89    0
54 8.47179  1
89    0
55 6.34861  1
89    0
56 9.41572  1
89    0
57 9.43129  1
67    1.17885
58 9.48195  1
89    0
59 9.64736  4
69    1.14068
70    0.939729
71    0.883532
72    0.700018
60 10.1875  1
89    0
61 11.9515  1
67    1.0409
62 7.71157  1
89    0
63 13.8665  1
68    0.960805
64 13.9654  1
89    0
65 14.2883  1
89    0
66 5.34242  1
68    0.848979
67 6.1298  1
89    0
68 8.70098  1
89    0
69 7.09723  6
73    0.700751
74    0.703149
75    0.710987
76    0.736567
77    0.820103
78    1.0929
70 11.8603  10
79    0.783718
80    0.974081
81    0.995706
82    1.06633
83    1.29696
84    0.85006
85    1.19074
86    1.10321
87    0.817374
88    1.08398
71 7.41371  1
89    0
72 12.8939  1
89    0
73 10.7894  1
89    0
74 13.9169  1
89    0
75 14.1299  1
89    0
76 14.8254  1
89    0
77 7.09632  1
89    0
78 11.8572  1
89    0
79 7.40364  1
89    0
80 12.861  1
89    0
81 10.6816  1
89    0
82 13.565  1
89    0
83 12.9809  1
89    0
84 11.0732  1
89    0
85 14.8437  1
89    0
86 7.15613  1
89    0
87 12.0525  1
89    0
88 8.04147  1
89    0
89 0  0
