51
0 13.8147  9
1    4.84458
2    4.89421
3    5.05626
4    5.58545
5    4.31347
6    6.15996
7    6.18963
8    6.28649
27    5.70338
1 13.796  2
8    5.55808
43    6.4501
2 13.7353  1
8    4.22411
3 13.5369  1
8    4.61029
4 12.889  2
8    3.60273
28    3.50375
5 10.7732  1
50    0
6 13.8641  2
8    3.83894
28    3.50009
7 13.9575  2
8    4.12917
43    6.13286
8 14.2624  3
9    5.86818
10    5.23681
43    4.30816
9 5.25758  7
16    4.22109
17    5.85829
18    5.20449
19    6.06951
20    5.89427
27    4.17367
42    3.77293
10 5.85269  5
11    6.17507
12    6.23898
13    6.44763
14    4.12889
15    5.55716
11 7.79611  1
50    0
12 14.1424  1
27    4.69865
13 14.8663  1
42    6.42547
14 7.22999  3
21    6.45312
27    4.76182
42    5.41992
15 12.2939  5
22    4.14684
23    5.61576
24    4.41244
25    6.48315
26    4.2449
16 8.82977  2
27    4.62394
28    4.41766
17 7.51778  2
27    3.89827
43    6.10109
18 13.2336  1
27    5.45828
19 11.8984  2
21    5.32196
42    4.39477
20 7.53822  1
50    0
21 13.3004  1
50    0
22 12.1166  2
27    5.93602
44    5.99736
23 8.25083  1
50    0
24 5.62716  5
45    3.9402
46    4.94099
47    5.20907
48    6.08452
49    5.94325
25 7.05969  1
50    0
26 11.7379  1
27    4.80403
27 7.01422  1
50    0
28 11.5893  4
29    3.51575
30    3.55493
31    3.68284
32    4.10051
29 6.52867  1
44    4.55243
30 10.0035  1
41    5.51605
31 11.3506  10
33    5.46451
34    3.91859
35    4.8704
36    4.97853
37    5.33166
38    6.4848
39    4.2503
40    5.95369
42    4.08687
43    5.32104
32 5.74953  1
43    6.14257
33 7.45918  1
50    0
34 13.0422  1
50    0
35 11.2737  1
50    0
36 5.49837  2
43    5.5838
44    5.6586
37 6.63915  1
43    4.05657
38 10.3645  1
50    0
39 12.5295  1
43    4.13704
40 9.59914  1
50    0
41 10.0301  1
50    0
42 11.4373  1
50    0
43 6.03244  1
50    0
44 8.38328  1
50    0
45 6.0596  1
50    0
46 8.47179  1
50    0
47 6.34861  1
50    0
48 9.41572  1
50    0
49 9.43129  1
50    0
50 0  0
