196
0 9.56801  4
1    55.2136
14    48.7974
15    39.0458
141    56.586
1 9.92843  4
2    41.0427
3    54.7678
4    39.586
90    56.3498
2 11.1055  6
14    38.0973
15    48.2939
16    61.5996
24    52.0449
59    55.838
109    45.4154
3 14.9493  10
5    50.0105
6    54.0518
7    37.2486
8    42.3775
9    59.1267
10    53.8211
11    36.4951
12    39.9174
13    51.0936
14    54.3118
4 7.50099  3
15    38.1788
26    41.4684
133    42.503
5 13.179  3
14    50.0902
15    48.2472
130    42.449
6 11.7202  3
15    48.9421
16    38.3894
23    58.5829
7 6.95624  10
17    46.1029
18    41.2917
19    55.5808
20    42.2411
21    58.6818
22    52.3681
26    53.2196
27    64.8315
39    35.1575
59    41.3704
8 11.3997  3
16    43.1347
23    42.2109
83    56.8818
9 5.90976  4
15    45.1498
16    62.8649
23    55.5716
25    60.6951
10 7.98257  2
16    55.8545
132    35.0375
11 14.7516  3
15    45.4154
23    62.3898
59    59.9736
12 6.85522  8
15    48.4458
16    36.0273
23    64.4763
26    56.1576
132    35.1575
173    39.586
177    61.5996
180    46.1029
13 11.0701  3
14    57.5886
16    61.8963
23    41.2889
14 14.8337  3
16    50.5626
90    44.7525
177    39.0458
15 7.12348  1
195    0
16 11.946  3
40    36.8284
91    41.1791
109    48.9421
17 7.69387  10
30    54.5828
31    38.9827
32    48.0403
33    47.6182
34    46.2394
35    41.7367
36    57.0338
37    46.9865
38    44.1766
176    45.4154
18 13.8086  3
23    61.7507
25    58.9427
59    39.402
19 13.7762  2
26    64.5312
141    59.9736
20 13.6703  1
39    35.0375
21 13.3245  1
59    61.3286
22 12.1953  2
27    44.1244
39    35.5493
23 8.5081  2
59    61.4257
135    64.501
24 6.46733  1
195    0
25 9.80331  1
180    38.3894
26 10.6969  3
28    42.449
29    59.3602
131    46.9865
27 13.6151  1
195    0
28 13.1442  1
83    41.69
29 11.6063  7
102    57.5886
103    48.7974
104    50.0902
105    54.3118
106    38.0973
107    45.1498
108    38.1788
30 6.58452  2
39    35.0009
141    49.4099
31 10.186  1
100    36.4951
32 11.9466  1
173    54.0518
33 7.6957  1
195    0
34 13.8147  3
56    40.5657
57    53.2104
58    64.501
35 13.796  4
59    45.5243
135    53.2104
175    54.3118
176    38.1788
36 13.7353  1
195    0
37 13.5369  3
46    53.3166
47    64.848
48    42.503
38 12.889  2
110    36.0273
135    43.9477
39 10.7732  5
41    41.0051
42    54.6451
43    39.1859
44    48.704
45    49.7853
40 13.8641  1
59    61.0109
41 13.9575  3
60    49.4099
61    52.0907
62    60.8452
42 14.2624  2
63    59.4325
173    55.2136
43 5.25758  1
195    0
44 5.85269  1
195    0
45 7.79611  1
195    0
46 14.1424  10
64    54.819
65    39.7536
66    50.558
67    55.8399
68    43.0871
69    61.444
70    61.3881
71    61.2059
72    60.6108
73    58.6671
47 14.8663  7
49    59.5369
50    55.1605
51    40.8687
52    54.1992
53    37.7293
54    43.9477
177    55.8545
48 7.22999  1
195    0
49 12.2939  1
195    0
50 8.82977  1
59    43.0816
51 7.51778  1
55    64.2547
52 13.2336  2
59    56.586
130    54.5828
53 11.8984  1
174    39.9174
54 7.53822  1
195    0
55 13.3004  1
195    0
56 12.1166  1
173    36.8815
57 8.25083  1
130    47.6182
58 5.62716  1
109    48.4458
59 7.05969  1
195    0
60 11.7379  1
195    0
61 7.01422  2
110    62.8649
111    55.5808
62 11.5893  9
74    52.3196
75    61.5923
76    61.8725
77    62.7871
78    35.7727
79    37.5581
80    43.3883
81    62.4273
82    64.599
63 6.52867  1
195    0
64 10.0035  2
110    43.1347
174    57.5886
65 11.3506  1
133    49.7853
66 5.74953  1
173    41.1791
67 7.45918  2
101    51.0936
110    61.8963
68 13.0422  1
195    0
69 11.2737  2
178    62.8649
179    36.0273
70 5.49837  1
110    61.5996
71 6.63915  7
84    46.4893
85    42.5533
86    59.7008
87    55.6952
88    42.6147
89    59.9013
111    46.1029
72 10.3645  2
133    48.704
134    40.8687
73 12.5295  1
173    50.0105
74 9.59914  1
195    0
75 10.0301  1
131    57.0338
76 11.4373  2
91    36.8815
174    51.0936
77 6.03244  1
195    0
78 8.38328  1
100    39.9174
79 6.0596  1
195    0
80 8.47179  2
109    39.0458
135    40.5657
81 6.34861  1
109    50.5626
82 9.41572  10
92    55.2136
93    41.0427
94    54.7678
95    39.586
96    50.0105
97    54.0518
98    37.2486
99    42.3775
100    53.8211
141    52.0907
83 9.43129  1
176    45.1498
84 9.48195  1
195    0
85 9.64736  1
109    55.8545
86 10.1875  1
195    0
87 11.9515  4
111    38.3894
130    38.9827
132    36.8284
174    48.7974
88 7.71157  1
133    64.848
89 13.8665  9
162    64.599
163    41.69
164    56.8818
165    46.4893
166    42.5533
167    59.7008
168    55.6952
169    42.6147
170    59.9013
90 13.9654  1
131    46.2394
91 14.2883  2
100    59.1267
109    48.2472
92 5.34242  7
117    64.4763
118    41.2889
119    55.5716
120    42.2109
121    58.5829
122    52.0449
132    41.0051
93 6.1298  1
133    59.5369
94 8.70098  1
195    0
95 7.09723  2
111    41.2917
132    54.6451
96 11.8603  1
195    0
97 7.41371  1
131    41.7367
98 12.8939  1
109    48.2939
99 10.7894  7
123    60.6951
124    58.9427
125    53.2196
126    64.5312
127    41.4684
128    56.1576
129    44.1244
100 13.9169  1
195    0
101 14.1299  1
174    53.8211
102 14.8254  1
195    0
103 7.09632  4
113    58.6818
114    52.3681
115    61.7507
116    62.3898
104 11.8572  2
112    42.2411
152    60.6108
105 7.40364  1
195    0
106 12.861  1
195    0
107 10.6816  1
174    59.1267
108 13.565  1
134    55.1605
109 12.9809  2
130    48.0403
177    61.8963
110 11.0732  1
195    0
111 14.8437  1
141    39.402
112 7.15613  1
131    35.0009
113 12.0525  1
195    0
114 8.04147  1
173    41.0427
115 14.9438  10
142    60.8452
143    59.4325
144    54.819
145    39.7536
146    50.558
147    55.8399
148    43.0871
149    61.444
150    61.3881
151    61.2059
116 7.48299  1
195    0
117 13.1201  1
130    64.8315
118 11.5276  1
132    39.1859
119 6.32756  1
135    64.2547
120 9.34675  1
131    44.1766
121 9.20606  2
130    59.3602
176    38.0973
122 8.74645  1
135    37.7293
123 7.24555  1
141    45.5243
124 12.3446  1
195    0
125 8.99548  1
141    61.0109
126 8.05887  1
133    53.3166
127 5.00031  2
132    35.5493
135    54.1992
128 5.01251  1
195    0
129 5.05249  1
195    0
130 5.18311  1
195    0
131 5.60945  1
177    48.2939
132 7.00171  1
195    0
133 11.5484  7
136    41.3704
137    55.838
138    43.0816
139    61.4257
140    61.3286
173    37.2486
174    36.4951
134 6.39531  1
195    0
135 9.56801  1
177    48.2472
136 9.92843  1
195    0
137 11.1055  10
153    58.6671
154    52.3196
155    61.5923
156    61.8725
157    62.7871
158    35.7727
159    37.5581
160    43.3883
161    62.4273
173    54.7678
138 14.9493  1
195    0
139 7.50099  1
195    0
140 13.179  4
181    41.2917
182    55.5808
183    42.2411
184    58.6818
141 11.7202  1
195    0
142 6.95624  1
177    43.1347
143 11.3997  1
195    0
144 5.90976  1
195    0
145 7.98257  7
185    52.3681
186    61.7507
187    62.3898
188    64.4763
189    41.2889
190    55.5716
191    42.2109
146 14.7516  1
195    0
147 6.85522  1
177    50.5626
148 11.0701  1
195    0
149 14.8337  1
195    0
150 7.12348  1
195    0
151 11.946  1
195    0
152 7.69387  2
171    56.3498
172    44.7525
153 13.8086  1
195    0
154 13.7762  1
195    0
155 13.6703  1
195    0
156 13.3245  1
177    48.4458
157 12.1953  3
192    58.5829
193    52.0449
194    60.6951
158 8.5081  2
175    50.0902
177    48.9421
159 6.46733  1
195    0
160 9.80331  1
195    0
161 10.6969  1
195    0
162 13.6151  1
195    0
163 13.1442  1
195    0
164 11.6063  1
174    42.3775
165 6.58452  1
195    0
166 10.186  1
195    0
167 11.9466  1
195    0
168 7.6957  1
195    0
169 13.8147  1
195    0
170 13.796  1
195    0
171 13.7353  1
195    0
172 13.5369  1
195    0
173 12.889  1
195    0
174 10.7732  1
195    0
175 13.8641  1
195    0
176 13.9575  1
195    0
177 14.2624  1
195    0
178 5.25758  1
195    0
179 5.85269  1
195    0
180 7.79611  1
195    0
181 14.1424  1
195    0
182 14.8663  1
195    0
183 7.22999  1
195    0
184 12.2939  1
195    0
185 8.82977  1
195    0
186 7.51778  1
195    0
187 13.2336  1
195    0
188 11.8984  1
195    0
189 7.53822  1
195    0
190 13.3004  1
195    0
191 12.1166  1
195    0
192 8.25083  1
195    0
193 5.62716  1
195    0
194 7.05969  1
195    0
195 0  0
