51
0 14.8337  2
1    5.00105
2    3.72486
1 7.12348  2
2    5.40518
3    4.23775
2 11.946  1
50    0
3 7.69387  4
4    5.91267
5    5.38211
6    3.64951
7    3.99174
4 13.8086  10
8    5.10936
9    5.75886
10    4.87974
11    5.00902
12    5.43118
13    3.80973
14    4.51498
15    3.81788
16    4.54154
17    3.90458
5 13.7762  6
44    5.93602
45    5.45828
46    3.89827
47    4.80403
48    4.76182
49    4.62394
6 13.6703  1
50    0
7 13.3245  1
50    0
8 12.1953  1
50    0
9 8.5081  1
42    6.45312
10 6.46733  1
50    0
11 9.80331  1
50    0
12 10.6969  7
35    5.23681
36    6.17507
37    6.23898
38    6.44763
39    4.12889
40    5.55716
41    4.22109
13 13.6151  1
42    5.89427
14 13.1442  1
18    4.82472
15 11.6063  6
19    4.82939
20    4.84458
21    4.89421
22    5.05626
23    5.58545
24    4.31347
16 6.58452  1
42    5.61576
17 10.186  1
50    0
18 11.9466  1
42    5.85829
19 7.6957  1
42    4.41244
20 13.8147  1
42    6.48315
21 13.796  1
50    0
22 13.7353  10
25    6.15996
26    6.18963
27    6.28649
28    3.60273
29    3.83894
30    4.61029
31    4.12917
32    5.55808
33    4.22411
34    5.86818
23 13.5369  1
50    0
24 12.889  1
50    0
25 10.7732  1
50    0
26 13.8641  1
42    5.32196
27 13.9575  1
50    0
28 14.2624  1
50    0
29 5.25758  1
50    0
30 5.85269  1
50    0
31 7.79611  1
50    0
32 14.1424  1
50    0
33 14.8663  1
42    4.14684
34 7.22999  1
50    0
35 12.2939  1
50    0
36 8.82977  1
42    5.20449
37 7.51778  1
50    0
38 13.2336  1
42    6.06951
39 11.8984  1
50    0
40 7.53822  1
50    0
41 13.3004  1
43    4.2449
42 12.1166  1
50    0
43 8.25083  1
50    0
44 5.62716  1
50    0
45 7.05969  1
50    0
46 11.7379  1
50    0
47 7.01422  1
50    0
48 11.5893  1
50    0
49 6.52867  1
50    0
50 0  0
