187
0 12.5295  8
1    57.0338
2    46.9865
19    64.2547
44    55.6952
45    41.1791
46    50.0105
80    48.0403
172    61.444
1 9.59914  4
2    44.1766
43    56.8818
66    61.5996
99    64.2547
2 10.0301  8
3    35.0009
4    35.0375
5    35.1575
6    35.5493
7    36.8284
8    41.0051
9    54.6451
10    39.1859
3 11.4373  7
20    43.0816
21    61.4257
22    61.3286
23    61.0109
24    59.9736
25    56.586
102    59.9736
4 6.03244  7
11    48.704
12    49.7853
13    53.3166
14    64.848
45    55.2136
76    60.6951
111    61.8725
5 8.38328  3
19    54.1992
26    52.0907
170    59.4325
6 6.0596  4
19    64.501
45    36.8815
46    37.2486
119    48.2472
7 8.47179  4
26    45.5243
46    54.0518
66    41.2917
94    49.7853
8 6.34861  9
15    42.503
16    59.5369
17    55.1605
18    40.8687
19    43.9477
26    49.4099
99    43.9477
119    48.2939
184    36.8815
9 9.41572  2
26    60.8452
45    44.7525
10 9.43129  4
19    55.838
66    36.0273
145    54.6451
185    54.0518
11 9.48195  3
19    37.7293
79    64.8315
140    56.1576
12 9.64736  3
19    53.2104
79    42.449
112    62.4273
13 10.1875  2
76    53.2196
118    54.3118
14 11.9515  4
113    59.7008
114    55.6952
115    42.6147
118    42.3775
15 7.71157  2
19    40.5657
102    52.0907
16 13.8665  4
43    43.3883
80    46.2394
140    42.449
154    37.7293
17 13.9654  2
19    41.3704
26    39.402
18 14.2883  1
119    45.4154
19 5.34242  10
27    59.4325
28    54.819
29    39.7536
30    50.558
31    55.8399
32    43.0871
33    61.444
34    61.3881
35    61.2059
36    60.6108
20 6.1298  1
186    0
21 8.70098  4
37    58.6671
46    39.586
139    60.6951
154    40.5657
22 7.09723  4
45    56.3498
79    44.1244
117    41.0427
139    64.5312
23 11.8603  4
43    42.5533
45    59.9013
80    47.6182
117    39.586
24 7.41371  4
43    59.7008
46    42.3775
99    40.5657
112    41.69
25 12.8939  2
65    43.1347
139    52.0449
26 10.7894  8
38    61.5923
39    61.8725
40    62.7871
41    35.7727
42    37.5581
118    39.9174
174    37.5581
184    54.7678
27 13.9169  2
37    52.3196
145    35.0375
28 14.1299  10
47    36.4951
48    39.9174
49    51.0936
50    57.5886
51    48.7974
52    50.0902
53    54.3118
54    38.0973
55    45.1498
56    38.1788
29 14.8254  2
46    53.8211
66    46.1029
30 7.09632  2
44    42.6147
184    41.1791
31 11.8572  10
87    35.1575
88    35.5493
89    36.8284
90    41.0051
91    54.6451
92    39.1859
93    48.704
117    37.2486
118    36.4951
140    54.5828
32 7.40364  2
43    46.4893
172    60.6108
33 12.861  1
43    64.599
34 10.6816  2
43    41.69
112    56.8818
35 13.565  1
116    59.9013
36 12.9809  1
43    62.4273
37 11.0732  1
119    48.4458
38 14.8437  1
186    0
39 7.15613  8
81    41.7367
82    57.0338
83    46.9865
84    44.1766
85    35.0009
86    35.0375
116    56.3498
119    39.0458
40 12.0525  2
138    42.2109
140    59.3602
41 8.04147  1
46    59.1267
42 14.9438  2
45    54.7678
172    61.2059
43 7.48299  3
75    52.0449
102    45.5243
112    64.599
44 13.1201  3
45    41.0427
111    60.6108
116    44.7525
45 11.5276  1
66    55.5808
46 6.32756  2
139    41.4684
145    39.1859
47 9.34675  8
57    45.4154
58    39.0458
59    48.2472
60    48.2939
61    48.4458
62    48.9421
63    50.5626
64    55.8545
48 9.20606  2
80    54.5828
102    49.4099
49 8.74645  2
102    59.4325
145    36.8284
50 7.24555  2
99    64.501
112    37.5581
51 12.3446  3
66    62.8649
75    42.2109
111    61.5923
52 8.99548  1
94    64.848
53 8.05887  4
66    61.8963
97    55.1605
117    36.8815
185    36.4951
54 5.00031  8
130    42.2411
131    58.6818
132    52.3681
133    61.7507
134    62.3898
135    64.4763
136    41.2889
137    55.5716
55 5.01251  2
99    54.1992
154    64.2547
56 5.05249  3
77    64.5312
78    41.4684
139    58.9427
57 5.18311  2
66    38.3894
99    41.3704
58 5.60945  1
186    0
59 7.00171  4
95    42.503
96    59.5369
112    43.3883
172    61.5923
60 11.5484  1
186    0
61 6.39531  1
117    41.1791
62 9.56801  1
186    0
63 9.92843  2
111    35.7727
171    55.8399
64 11.1055  7
164    56.586
165    45.5243
166    39.402
167    49.4099
168    52.0907
169    60.8452
185    59.1267
65 14.9493  8
67    42.2411
68    58.6818
69    52.3681
70    61.7507
71    62.3898
72    64.4763
73    41.2889
74    55.5716
66 7.50099  1
186    0
67 13.179  1
79    59.3602
68 11.7202  1
186    0
69 6.95624  2
79    56.1576
145    35.0009
70 11.3997  2
75    58.5829
102    56.586
71 5.90976  2
102    61.0109
118    50.0902
72 7.98257  1
119    38.1788
73 14.7516  1
76    58.9427
74 6.85522  2
80    38.9827
140    44.1244
75 11.0701  1
119    45.1498
76 14.8337  1
98    40.8687
77 7.12348  2
99    53.2104
102    39.402
78 11.946  1
99    37.7293
79 7.69387  2
111    52.3196
185    42.3775
80 13.8086  10
103    54.819
104    39.7536
105    50.558
106    55.8399
107    43.0871
108    61.444
109    61.3881
110    61.2059
112    42.5533
119    50.5626
81 13.7762  1
186    0
82 13.6703  3
102    60.8452
117    54.0518
140    48.0403
83 13.3245  1
117    54.7678
84 12.1953  2
118    48.7974
140    38.9827
85 8.5081  1
186    0
86 6.46733  1
140    64.8315
87 9.80331  2
94    53.3166
112    46.4893
88 10.6969  1
185    37.2486
89 13.6151  1
145    35.5493
90 13.1442  1
186    0
91 11.6063  1
99    55.838
92 6.58452  3
117    55.2136
118    57.5886
154    54.1992
93 10.186  1
154    43.9477
94 11.9466  3
100    61.4257
101    61.3286
118    53.8211
95 7.6957  9
175    62.4273
176    64.599
177    41.69
178    56.8818
179    46.4893
180    42.5533
181    59.7008
182    55.6952
183    42.6147
96 13.8147  1
186    0
97 13.796  1
184    56.3498
98 13.7353  3
99    43.0816
111    58.6671
172    58.6671
99 13.5369  1
186    0
100 12.889  1
145    35.1575
101 10.7732  9
155    53.2104
156    64.501
157    41.3704
158    55.838
159    43.0816
160    61.4257
161    61.3286
162    61.0109
163    59.9736
102 13.8641  1
111    62.7871
103 13.9575  2
118    51.0936
138    58.5829
104 14.2624  1
186    0
105 5.25758  8
146    48.704
147    49.7853
148    53.3166
149    64.848
150    42.503
151    59.5369
152    55.1605
153    40.8687
106 5.85269  1
186    0
107 7.79611  2
117    50.0105
139    53.2196
108 14.1424  1
172    52.3196
109 14.8663  10
120    55.8545
121    43.1347
122    61.5996
123    61.8963
124    62.8649
125    36.0273
126    38.3894
127    46.1029
128    41.2917
129    55.5808
110 7.22999  1
186    0
111 12.2939  1
119    38.0973
112 8.82977  4
141    41.7367
142    57.0338
143    46.9865
144    44.1766
113 7.51778  1
174    35.7727
114 13.2336  2
145    41.0051
172    61.3881
115 11.8984  1
186    0
116 7.53822  3
118    59.1267
119    48.9421
140    47.6182
117 13.3004  1
186    0
118 12.1166  1
186    0
119 8.25083  1
186    0
120 5.62716  1
184    50.0105
121 7.05969  1
186    0
122 11.7379  1
186    0
123 7.01422  1
171    43.0871
124 11.5893  1
186    0
125 6.52867  1
186    0
126 10.0035  1
186    0
127 11.3506  1
186    0
128 5.74953  1
186    0
129 7.45918  1
186    0
130 13.0422  1
186    0
131 11.2737  1
140    46.2394
132 5.49837  1
186    0
133 6.63915  1
186    0
134 10.3645  1
186    0
135 12.5295  1
186    0
136 9.59914  1
173    61.8725
137 10.0301  1
186    0
138 11.4373  1
186    0
139 6.03244  1
184    59.9013
140 8.38328  1
186    0
141 6.0596  1
174    43.3883
142 8.47179  1
186    0
143 6.34861  1
186    0
144 9.41572  1
186    0
145 9.43129  1
186    0
146 9.48195  1
186    0
147 9.64736  1
186    0
148 10.1875  1
186    0
149 11.9515  1
171    39.7536
150 7.71157  1
184    39.586
151 13.8665  1
186    0
152 13.9654  1
186    0
153 14.2883  1
186    0
154 5.34242  1
186    0
155 6.1298  1
186    0
156 8.70098  1
186    0
157 7.09723  1
186    0
158 11.8603  1
171    50.558
159 7.41371  1
186    0
160 12.8939  1
186    0
161 10.7894  1
186    0
162 13.9169  1
174    62.7871
163 14.1299  1
186    0
164 14.8254  1
186    0
165 7.09632  1
186    0
166 11.8572  1
186    0
167 7.40364  1
171    54.819
168 12.861  1
184    41.0427
169 10.6816  1
186    0
170 13.565  1
186    0
171 12.9809  1
186    0
172 11.0732  1
186    0
173 14.8437  1
186    0
174 7.15613  1
186    0
175 12.0525  1
186    0
176 8.04147  1
185    53.8211
177 14.9438  1
186    0
178 7.48299  1
186    0
179 13.1201  1
184    44.7525
180 11.5276  1
186    0
181 6.32756  1
184    55.2136
182 9.34675  1
186    0
183 9.20606  1
186    0
184 8.74645  1
186    0
185 7.24555  1
186    0
186 0  0
