64
0 8.82977  8
1    5.61576
2    4.41244
3    6.48315
6    4.62394
14    4.08687
16    5.6586
17    4.55243
23    4.25533
1 7.51778  7
5    4.80403
6    4.17367
14    5.95369
16    6.4501
17    6.08452
26    5.91267
54    5.32196
2 13.2336  6
3    4.2449
5    3.89827
6    5.70338
13    4.97853
16    6.10109
24    3.68815
3 11.8984  7
4    5.93602
5    5.45828
15    4.39477
16    5.5838
17    4.94099
18    6.1444
20    6.27871
4 7.53822  6
5    4.76182
6    4.41766
14    6.4848
15    6.42547
17    5.4819
52    6.44763
5 13.3004  4
6    4.69865
13    3.91859
17    3.97536
18    4.30871
6 12.1166  10
7    3.50009
8    3.50375
9    3.51575
10    3.55493
11    3.68284
15    5.32104
17    5.20907
22    4.64893
23    4.26147
26    3.99174
7 8.25083  3
14    5.33166
16    4.13704
21    4.169
8 5.62716  3
13    4.8704
15    4.05657
53    5.20449
9 7.05969  6
12    4.10051
14    5.51605
20    3.75581
23    5.99013
24    4.10427
26    3.64951
10 11.7379  6
14    5.41992
16    4.30816
19    5.23196
20    3.57727
24    5.63498
26    4.23775
11 7.01422  5
14    4.2503
18    6.12059
19    6.18725
25    3.9586
54    4.41244
12 11.5893  5
13    5.46451
17    3.9402
18    6.06108
24    4.11791
26    5.00105
13 6.52867  6
14    3.77293
16    6.13286
17    5.58399
19    6.15923
21    6.24273
26    5.38211
14 10.0035  5
16    5.99736
17    5.0558
19    5.86671
21    6.4599
24    5.52136
15 11.3506  6
16    6.14257
17    5.94325
18    6.13881
25    5.47678
53    4.22109
54    6.45312
16 5.74953  2
26    5.40518
38    4.89421
17 7.45918  3
20    4.33883
26    3.72486
53    5.85829
18 13.0422  2
22    5.68818
23    5.97008
19 11.2737  1
63    0
20 5.49837  1
46    3.83894
21 6.63915  2
23    5.56952
24    4.47525
22 10.3645  1
27    5.75886
23 12.5295  1
52    5.23681
24 9.59914  1
26    5.10936
25 10.0301  1
53    5.55716
26 11.4373  10
28    4.87974
29    5.00902
30    5.43118
31    3.80973
32    4.51498
33    3.81788
34    4.54154
35    3.90458
36    4.82472
37    4.82939
27 6.03244  1
52    6.23898
28 8.38328  1
54    4.14684
29 6.0596  1
63    0
30 8.47179  7
39    5.05626
40    5.58545
41    4.31347
42    6.15996
43    6.18963
44    6.28649
45    3.60273
31 6.34861  1
63    0
32 9.41572  1
38    4.84458
33 9.43129  1
54    6.48315
34 9.48195  1
52    4.12889
35 9.64736  1
54    4.2449
36 10.1875  1
52    6.17507
37 11.9515  1
63    0
38 7.71157  1
63    0
39 13.8665  1
54    5.93602
40 13.9654  1
53    6.06951
41 14.2883  5
47    4.61029
48    4.12917
49    5.55808
50    4.22411
51    5.86818
42 5.34242  1
63    0
43 6.1298  8
55    5.45828
56    3.89827
57    4.80403
58    4.76182
59    4.62394
60    4.17367
61    5.70338
62    4.69865
44 8.70098  1
54    5.89427
45 7.09723  1
63    0
46 11.8603  1
63    0
47 7.41371  1
54    5.61576
48 12.8939  1
63    0
49 10.7894  1
63    0
50 13.9169  1
63    0
51 14.1299  1
63    0
52 14.8254  1
63    0
53 7.09632  1
63    0
54 11.8572  1
63    0
55 7.40364  1
63    0
56 12.861  1
63    0
57 10.6816  1
63    0
58 13.565  1
63    0
59 12.9809  1
63    0
60 11.0732  1
63    0
61 14.8437  1
63    0
62 7.15613  1
63    0
63 0  0
