108
0 8.05887  4
1    1.17364
16    1.14068
28    1.29002
61    1.11709
1 5.00031  2
2    1.04736
16    0.939729
2 5.01251  6
3    1.23501
15    1.1872
16    0.700018
30    1.22851
32    0.988198
48    1.02187
3 5.05249  9
4    1.24779
5    1.28953
6    0.825779
7    1.11143
8    0.844218
9    1.17166
10    1.0409
28    0.878954
42    0.852293
4 5.18311  6
15    0.882488
16    0.924787
33    1.22888
60    1.01125
73    0.882488
96    0.85006
5 5.60945  8
11    1.2139
12    1.17885
13    1.06439
14    1.29062
15    0.779653
16    0.952364
28    1.28509
32    1.2169
6 7.00171  3
16    0.834733
32    0.78804
42    1.1139
7 11.5484  3
15    0.848979
33    1.09638
41    0.867766
8 6.39531  5
15    1.09166
16    0.960805
31    1.22022
32    0.910486
42    0.89505
9 9.56801  2
17    0.700751
61    1.2573
10 9.92843  6
15    1.29663
31    1.22657
32    1.04181
42    1.127
61    0.922059
73    0.829368
11 11.1055  3
15    0.829368
41    1.13764
73    0.848979
12 14.9493  3
57    0.965877
58    0.968917
59    0.978841
13 7.50099  3
16    0.883532
17    0.736567
42    1.10427
14 13.179  4
15    1.12315
17    0.710987
42    0.823582
48    1.15177
15 11.7202  2
28    0.754585
41    0.929786
16 6.95624  1
17    0.703149
17 11.3997  10
18    0.820103
19    1.0929
20    0.783718
21    0.974081
22    0.995706
23    1.06633
24    1.29696
25    0.85006
26    1.19074
28    0.827409
18 5.90976  1
33    1.22412
19 7.98257  2
27    1.10321
33    1.1168
20 14.7516  5
28    0.817374
30    0.861632
32    1.19947
33    1.22776
41    0.851067
21 6.85522  2
28    1.08398
48    0.975948
22 11.0701  4
29    1.11676
33    1.01116
41    1.19402
48    1.07642
23 14.8337  1
34    1.17334
24 7.12348  5
43    0.79172
44    1.00021
45    1.08104
46    0.744972
47    0.847551
25 11.946  3
32    1.18865
42    0.820853
61    1.23793
26 7.69387  1
28    1.06421
27 13.8086  2
28    0.811313
33    1.21222
28 13.7762  1
33    0.795071
29 13.6703  2
42    1.19803
48    0.729902
30 13.3245  1
32    1.13172
31 12.1953  6
35    1.04639
36    1.23185
37    1.23745
41    1.24855
42    0.737629
61    1.11162
32 8.5081  2
33    0.861742
48    0.798349
33 6.46733  2
41    0.833799
72    1.2139
34 9.80331  8
88    0.736567
89    0.820103
90    1.0929
91    0.783718
92    0.974081
93    0.995706
94    1.06633
95    1.29696
35 10.6969  1
61    1.23199
36 13.6151  3
38    1.25574
39    0.715455
40    0.751161
37 13.1442  1
107    0
38 11.6063  1
41    1.29198
39 6.58452  2
42    1.09536
73    1.17885
40 10.186  2
61    0.825834
74    1.1872
41 11.9466  1
107    0
42 7.6957  1
107    0
43 13.8147  4
53    0.763576
54    0.908307
55    0.780917
56    0.964943
44 13.796  2
48    1.18253
61    0.720545
45 13.7353  1
73    1.12315
46 13.5369  1
107    0
47 12.889  1
107    0
48 10.7732  4
49    1.0018
50    1.08624
51    0.761946
52    0.902997
49 13.8641  1
107    0
50 13.9575  1
107    0
51 14.2624  2
61    0.862694
73    1.29663
52 5.25758  1
73    1.29062
53 5.85269  10
62    0.844823
63    1.17364
64    1.04736
65    1.23501
66    1.24779
67    1.28953
68    0.825779
69    1.11143
70    0.844218
71    1.17166
54 7.79611  10
78    0.952364
79    0.924787
80    0.834733
81    1.14068
82    0.939729
83    0.883532
84    0.700018
85    0.700751
86    0.703149
87    0.710987
55 14.1424  1
107    0
56 14.8663  1
107    0
57 7.22999  10
97    1.10321
98    0.817374
99    1.08398
100    0.754585
101    0.878954
102    1.28509
103    0.811313
104    1.06421
105    1.29002
106    0.827409
58 12.2939  1
72    1.0409
59 8.82977  1
61    0.767788
60 7.51778  1
107    0
61 13.2336  1
107    0
62 11.8984  1
107    0
63 7.53822  1
107    0
64 13.3004  1
107    0
65 12.1166  1
107    0
66 8.25083  1
107    0
67 5.62716  1
107    0
68 7.05969  1
107    0
69 11.7379  1
107    0
70 7.01422  1
107    0
71 11.5893  1
73    1.06439
72 6.52867  1
107    0
73 10.0035  1
107    0
74 11.3506  3
75    1.09166
76    0.779653
77    0.960805
75 5.74953  1
107    0
76 7.45918  1
107    0
77 13.0422  1
107    0
78 11.2737  1
107    0
79 5.49837  1
107    0
80 6.63915  1
107    0
81 10.3645  1
107    0
82 12.5295  1
107    0
83 9.59914  1
96    1.19074
84 10.0301  1
107    0
85 11.4373  1
107    0
86 6.03244  1
107    0
87 8.38328  1
107    0
88 6.0596  1
107    0
89 8.47179  1
107    0
90 6.34861  1
107    0
91 9.41572  1
107    0
92 9.43129  1
107    0
93 9.48195  1
107    0
94 9.64736  1
107    0
95 10.1875  1
107    0
96 11.9515  1
107    0
97 7.71157  1
107    0
98 13.8665  1
107    0
99 13.9654  1
107    0
100 14.2883  1
107    0
101 5.34242  1
107    0
102 6.1298  1
107    0
103 8.70098  1
107    0
104 7.09723  1
107    0
105 11.8603  1
107    0
106 7.41371  1
107    0
107 0  0
