182
0 7.6957  10
1    3.81788
2    4.54154
3    3.90458
4    4.82472
5    4.82939
6    4.84458
7    4.89421
8    5.05626
9    5.58545
10    4.31347
1 13.8147  4
11    4.61029
18    6.06951
25    3.50009
160    3.64951
2 13.796  4
11    4.12917
18    5.85829
25    3.51575
49    6.13881
3 13.7353  4
11    3.83894
18    6.44763
20    4.14684
96    6.45312
4 13.5369  4
18    5.89427
20    5.93602
24    4.69865
48    4.55243
5 12.889  5
11    6.28649
19    5.32196
48    5.20907
49    5.0558
88    4.89421
6 10.7732  3
11    3.60273
18    5.55716
90    4.22411
7 13.8641  3
24    4.17367
48    5.99736
88    5.43118
8 13.9575  3
11    6.18963
24    4.62394
48    4.94099
9 14.2624  5
11    6.15996
18    4.22109
20    6.45312
89    3.60273
91    5.55716
10 5.25758  8
12    5.55808
13    4.22411
14    5.86818
15    5.23681
16    6.17507
17    6.23898
20    4.2449
133    5.0558
11 5.85269  3
24    5.70338
89    4.31347
170    5.23681
12 7.79611  1
20    6.48315
13 14.1424  3
18    5.20449
91    6.44763
133    3.97536
14 14.8663  3
18    4.12889
89    6.18963
159    5.38211
15 7.22999  6
21    5.45828
22    3.89827
23    4.80403
24    4.76182
25    3.50375
49    6.12059
16 12.2939  2
49    5.94325
96    4.14684
17 8.82977  2
20    5.61576
25    3.55493
18 7.51778  2
20    4.41244
91    5.23681
19 13.2336  2
85    5.10936
86    5.75886
20 11.8984  5
24    4.41766
48    6.14257
133    5.58399
161    4.54154
174    5.89427
21 7.53822  10
38    5.41992
39    3.77293
40    4.39477
41    6.42547
42    4.05657
43    5.32104
44    6.4501
45    4.13704
46    5.5838
47    4.30816
22 13.3004  3
36    5.51605
37    4.08687
97    4.62394
23 12.1166  3
98    4.17367
99    5.70338
100    4.69865
24 8.25083  7
59    6.24273
60    6.4599
61    4.169
62    5.68818
63    4.64893
64    4.25533
97    5.45828
25 5.62716  10
26    3.68284
27    4.10051
28    5.46451
29    3.91859
30    4.8704
31    4.97853
32    5.33166
33    6.4848
34    4.2503
35    5.95369
26 7.05969  10
50    6.06108
51    5.86671
52    5.23196
53    6.15923
54    6.18725
55    6.27871
56    3.57727
57    3.75581
58    4.33883
88    3.90458
27 11.7379  2
88    4.82939
160    5.10936
28 7.01422  2
90    5.55808
174    6.06951
29 11.5893  2
88    3.81788
161    3.90458
30 6.52867  1
181    0
31 10.0035  1
181    0
32 11.3506  1
48    5.6586
33 5.74953  1
108    4.2503
34 7.45918  3
49    5.58399
90    4.12917
97    4.41244
35 13.0422  1
89    3.83894
36 11.2737  2
97    3.89827
105    3.91859
37 5.49837  1
49    4.30871
38 6.63915  1
48    6.10109
39 10.3645  9
74    4.10427
75    5.47678
76    3.9586
77    5.00105
78    5.40518
79    3.72486
91    4.22109
108    5.95369
170    5.86818
40 12.5295  4
48    6.08452
49    3.97536
91    5.85829
174    4.14684
41 9.59914  1
159    5.91267
42 10.0301  1
104    3.51575
43 11.4373  2
48    6.13286
161    5.75886
44 6.03244  1
161    3.81788
45 8.38328  1
159    5.47678
46 6.0596  3
48    3.9402
89    6.28649
171    5.55716
47 8.47179  1
49    5.4819
48 6.34861  3
49    6.1444
89    4.61029
105    5.46451
49 9.41572  6
80    4.23775
81    5.91267
82    5.38211
83    3.64951
84    3.99174
91    6.17507
50 9.43129  1
88    4.84458
51 9.48195  3
116    5.32104
117    6.4501
118    4.13704
52 9.64736  2
159    3.72486
169    5.55808
53 10.1875  1
89    6.15996
54 11.9515  1
181    0
55 7.71157  1
133    6.13881
56 13.8665  1
181    0
57 13.9654  1
97    6.48315
58 14.2883  10
65    5.97008
66    5.56952
67    4.26147
68    5.99013
69    5.63498
70    4.47525
71    3.68815
72    4.11791
73    5.52136
88    4.54154
59 5.34242  1
89    5.58545
60 6.1298  2
88    3.80973
97    4.2449
61 8.70098  1
91    4.12889
62 7.09723  2
107    5.33166
170    6.17507
63 11.8603  1
181    0
64 7.41371  3
89    5.05626
161    5.43118
170    6.44763
65 12.8939  1
181    0
66 10.7894  3
101    4.41766
102    3.50009
103    3.50375
67 13.9169  1
181    0
68 14.1299  1
133    6.1444
69 14.8254  1
87    5.00902
70 7.09632  1
104    3.55493
71 11.8572  1
176    5.45828
72 7.40364  2
97    5.93602
140    6.27871
73 12.861  4
87    4.87974
88    4.51498
162    4.82472
176    4.76182
74 10.6816  1
181    0
75 13.565  1
181    0
76 12.9809  1
159    3.9586
77 11.0732  1
181    0
78 14.8437  9
150    5.56952
151    4.26147
152    5.99013
153    5.63498
154    4.47525
155    3.68815
156    4.11791
157    5.52136
158    4.10427
79 7.15613  4
88    4.82472
97    4.76182
108    6.4848
140    3.57727
80 12.0525  1
90    5.86818
81 8.04147  2
97    5.61576
174    5.61576
82 14.9438  2
105    4.10051
133    4.30871
83 7.48299  1
106    4.97853
84 13.1201  1
159    5.00105
85 11.5276  1
181    0
86 6.32756  1
181    0
87 9.34675  1
105    3.68284
88 9.20606  2
91    6.23898
106    4.8704
89 8.74645  6
127    3.9402
128    4.94099
129    5.20907
130    6.08452
131    5.94325
132    5.4819
90 7.24555  1
181    0
91 12.3446  4
92    5.20449
93    6.06951
94    5.89427
95    5.32196
92 8.99548  1
181    0
93 8.05887  1
181    0
94 5.00031  1
181    0
95 5.01251  1
181    0
96 5.05249  1
97    4.80403
97 5.18311  1
181    0
98 5.60945  1
181    0
99 7.00171  4
177    4.62394
178    4.17367
179    5.70338
180    4.69865
100 11.5484  1
181    0
101 6.39531  2
162    4.84458
170    6.23898
102 9.56801  8
109    5.51605
110    4.08687
111    5.41992
112    3.77293
113    4.39477
114    6.42547
115    4.05657
174    5.32196
103 9.92843  1
181    0
104 11.1055  1
181    0
105 14.9493  1
181    0
106 7.50099  1
160    3.99174
107 13.179  1
162    5.58545
108 11.7202  1
181    0
109 6.95624  1
181    0
110 11.3997  1
181    0
111 5.90976  1
161    5.00902
112 7.98257  1
181    0
113 14.7516  1
176    4.80403
114 6.85522  8
119    5.5838
120    4.30816
121    6.14257
122    6.13286
123    6.10109
124    5.99736
125    5.6586
126    4.55243
115 11.0701  1
169    4.22411
116 14.8337  1
161    4.51498
117 7.12348  1
176    3.89827
118 11.946  1
181    0
119 7.69387  1
162    5.05626
120 13.8086  1
181    0
121 13.7762  1
181    0
122 13.6703  1
181    0
123 13.3245  1
181    0
124 12.1953  8
134    6.12059
135    6.06108
136    5.86671
137    5.23196
138    6.15923
139    6.18725
149    5.97008
176    5.93602
125 8.5081  1
181    0
126 6.46733  1
181    0
127 9.80331  1
181    0
128 10.6969  1
181    0
129 13.6151  1
181    0
130 13.1442  1
181    0
131 11.6063  1
181    0
132 6.58452  1
174    6.45312
133 10.186  1
181    0
134 11.9466  1
161    4.87974
135 7.6957  1
162    4.89421
136 13.8147  8
141    3.75581
142    4.33883
143    6.24273
144    6.4599
145    4.169
146    5.68818
147    4.64893
148    4.25533
137 13.796  1
181    0
138 13.7353  1
181    0
139 13.5369  1
181    0
140 12.889  1
181    0
141 10.7732  1
181    0
142 13.8641  1
181    0
143 13.9575  1
161    3.80973
144 14.2624  1
175    4.41244
145 5.25758  1
162    6.15996
146 5.85269  1
162    4.82939
147 7.79611  1
181    0
148 14.1424  1
162    4.31347
149 14.8663  1
181    0
150 7.22999  6
163    6.18963
164    6.28649
165    3.60273
166    3.83894
167    4.61029
168    4.12917
151 12.2939  3
172    5.85829
173    5.20449
176    4.2449
152 8.82977  1
181    0
153 7.51778  1
181    0
154 13.2336  1
159    5.40518
155 11.8984  1
181    0
156 7.53822  1
181    0
157 13.3004  1
171    4.12889
158 12.1166  1
159    4.23775
159 8.25083  1
176    6.48315
160 5.62716  1
181    0
161 7.05969  1
181    0
162 11.7379  1
181    0
163 7.01422  1
181    0
164 11.5893  1
181    0
165 6.52867  1
181    0
166 10.0035  1
181    0
167 11.3506  1
181    0
168 5.74953  1
181    0
169 7.45918  1
181    0
170 13.0422  1
171    4.22109
171 11.2737  1
181    0
172 5.49837  1
181    0
173 6.63915  1
181    0
174 10.3645  1
181    0
175 12.5295  1
181    0
176 9.59914  1
181    0
177 10.0301  1
181    0
178 11.4373  1
181    0
179 6.03244  1
181    0
180 8.38328  1
181    0
181 0  0
