48
0 11.0732  5
1    11.3172
2    9.10486
3    9.88198
4    10.4181
30    7.98349
1 14.8437  7
2    7.8804
4    10.9638
14    12.3185
15    12.4855
16    11.3764
30    11.8253
31    9.75948
2 7.15613  2
4    11.8865
16    12.9198
3 12.0525  4
4    12.169
14    10.4639
15    8.67766
16    11.9402
4 8.04147  8
5    7.95071
6    10.1116
7    11.168
8    8.61742
9    12.2888
10    12.2776
11    12.2412
12    12.1222
5 14.9438  1
16    8.51067
6 7.48299  1
47    0
7 13.1201  2
13    11.7334
14    7.51161
8 11.5276  1
14    12.3745
9 6.32756  1
16    8.33799
10 9.34675  10
17    8.52293
18    11.9803
19    11.27
20    8.9505
21    7.37629
22    8.23582
23    11.0427
24    8.20853
30    10.2187
31    10.018
11 9.20606  1
14    12.5574
12 8.74645  1
16    11.139
13 7.24555  1
14    7.15455
14 12.3446  1
47    0
15 8.99548  1
16    9.29786
16 8.05887  1
47    0
17 5.00031  1
47    0
18 5.01251  5
25    10.9536
26    7.9172
27    10.0021
28    10.8104
29    7.44972
19 5.05249  1
30    8.47551
20 5.18311  1
47    0
21 5.60945  1
47    0
22 7.00171  5
32    7.61946
33    9.02997
34    7.63576
35    9.08307
36    7.80917
23 11.5484  1
47    0
24 6.39531  1
30    7.29902
25 9.56801  1
31    10.8624
26 9.92843  1
30    10.7642
27 11.1055  1
47    0
28 14.9493  1
31    11.5177
29 7.50099  1
47    0
30 13.179  1
47    0
31 11.7202  1
47    0
32 6.95624  1
47    0
33 11.3997  1
47    0
34 5.90976  1
47    0
35 7.98257  1
47    0
36 14.7516  10
37    9.64943
38    9.65877
39    9.68917
40    9.78841
41    10.1125
42    11.1709
43    8.62694
44    12.3199
45    12.3793
46    12.573
37 6.85522  1
47    0
38 11.0701  1
47    0
39 14.8337  1
47    0
40 7.12348  1
47    0
41 11.946  1
47    0
42 7.69387  1
47    0
43 13.8086  1
47    0
44 13.7762  1
47    0
45 13.6703  1
47    0
46 13.3245  1
47    0
47 0  0
