52
0 5.60945  4
1    64.599
2    41.69
3    56.8818
35    64.4763
1 7.00171  3
33    62.8649
35    58.6818
45    46.2394
2 11.5484  10
4    46.4893
5    42.5533
6    59.7008
7    55.6952
8    42.6147
9    59.9013
10    56.3498
11    44.7525
12    36.8815
13    41.1791
3 6.39531  1
51    0
4 9.56801  1
51    0
5 9.92843  4
22    59.1267
32    48.9421
33    43.1347
34    42.2411
6 11.1055  1
35    52.0449
7 14.9493  2
33    61.5996
50    35.0009
8 7.50099  9
14    55.2136
15    41.0427
16    54.7678
17    39.586
18    50.0105
19    54.0518
20    37.2486
21    42.3775
34    55.5808
9 13.179  1
32    38.1788
10 11.7202  2
32    48.2472
33    36.0273
11 6.95624  1
45    54.5828
12 11.3997  2
32    48.2939
34    38.3894
13 5.90976  1
35    55.5716
14 7.98257  8
23    53.8211
24    36.4951
25    39.9174
26    51.0936
27    57.5886
28    48.7974
29    50.0902
30    54.3118
15 14.7516  1
51    0
16 6.85522  1
32    39.0458
17 11.0701  1
51    0
18 14.8337  1
51    0
19 7.12348  1
51    0
20 11.946  9
36    60.6951
37    58.9427
38    53.2196
39    64.5312
40    41.4684
41    56.1576
42    44.1244
43    64.8315
44    42.449
21 7.69387  2
35    58.5829
45    38.9827
22 13.8086  1
33    61.8963
23 13.7762  1
32    45.1498
24 13.6703  2
31    38.0973
35    42.2109
25 13.3245  3
32    48.4458
33    55.8545
45    47.6182
26 12.1953  1
51    0
27 8.5081  1
35    62.3898
28 6.46733  1
51    0
29 9.80331  4
46    41.7367
47    57.0338
48    46.9865
49    44.1766
30 10.6969  2
35    41.2889
45    48.0403
31 13.6151  3
32    45.4154
34    41.2917
50    35.1575
32 13.1442  1
33    50.5626
33 11.6063  3
34    46.1029
35    61.7507
50    35.0375
34 6.58452  1
35    52.3681
35 10.186  1
51    0
36 11.9466  1
50    41.0051
37 7.6957  1
51    0
38 13.8147  1
51    0
39 13.796  1
51    0
40 13.7353  1
45    59.3602
41 13.5369  1
50    36.8284
42 12.889  1
51    0
43 10.7732  1
51    0
44 13.8641  1
51    0
45 13.9575  1
51    0
46 14.2624  1
51    0
47 5.25758  1
50    35.5493
48 5.85269  1
51    0
49 7.79611  1
51    0
50 14.1424  1
51    0
51 0  0
