94
0 14.2883  10
1    5.68818
2    4.64893
3    4.25533
4    5.97008
5    5.56952
6    4.26147
7    5.99013
8    5.63498
9    4.47525
48    4.2449
1 5.34242  2
80    5.00105
81    5.40518
2 6.1298  1
65    6.18725
3 8.70098  1
46    5.55808
4 7.09723  2
65    5.86671
92    3.81788
5 11.8603  2
10    3.68815
65    6.15923
6 7.41371  2
45    4.61029
47    6.45312
7 12.8939  2
50    3.50009
53    4.8704
8 10.7894  1
54    4.39477
9 13.9169  10
11    4.11791
12    5.52136
13    4.10427
14    5.47678
15    3.9586
16    5.00105
17    5.40518
18    3.72486
19    4.23775
20    5.91267
10 14.1299  4
53    5.46451
54    4.2503
61    4.55243
92    4.54154
11 14.8254  7
38    5.05626
39    5.58545
40    4.31347
41    6.15996
42    6.18963
43    6.28649
46    6.44763
12 7.09632  10
21    5.38211
22    3.64951
23    3.99174
24    5.10936
25    5.75886
26    4.87974
27    5.00902
28    5.43118
29    3.80973
30    4.51498
13 11.8572  5
55    6.42547
56    4.05657
57    5.32104
58    6.4501
59    4.13704
14 7.40364  4
45    4.12917
47    4.22109
49    4.76182
60    6.14257
15 12.861  2
49    3.89827
54    4.97853
16 10.6816  1
46    5.23681
17 13.565  2
54    5.95369
61    4.94099
18 12.9809  1
46    5.86818
19 11.0732  1
61    5.6586
20 14.8437  2
49    4.17367
53    3.91859
21 7.15613  3
50    3.51575
64    3.97536
66    6.4599
22 12.0525  2
54    6.4848
62    6.08452
23 8.04147  1
66    4.64893
24 14.9438  3
47    5.20449
66    4.33883
92    3.80973
25 7.48299  9
31    3.81788
32    4.54154
33    3.90458
34    4.82472
35    4.82939
36    4.84458
37    4.89421
66    3.57727
92    4.82939
26 13.1201  3
46    4.22411
48    5.61576
49    5.93602
27 11.5276  4
47    5.89427
49    5.70338
61    5.99736
66    5.68818
28 6.32756  2
46    6.23898
48    4.41244
29 9.34675  3
50    4.69865
54    5.33166
60    6.13286
30 9.20606  1
64    4.30871
31 8.74645  2
44    3.60273
54    5.41992
32 7.24555  1
45    3.83894
33 12.3446  2
64    6.1444
65    5.23196
34 8.99548  2
46    4.12889
49    4.80403
35 8.05887  2
47    5.55716
63    5.4819
36 5.00031  4
47    5.32196
48    4.14684
54    4.08687
60    6.10109
37 5.01251  2
49    4.62394
54    3.77293
38 5.05249  2
48    6.48315
66    6.27871
39 5.18311  1
47    6.06951
40 5.60945  3
46    6.17507
63    5.94325
64    6.13881
41 7.00171  2
47    5.85829
65    6.06108
42 11.5484  1
49    5.45828
43 6.39531  2
50    3.50375
64    5.58399
44 9.56801  1
66    6.24273
45 9.92843  1
60    4.30816
46 11.1055  2
50    4.41766
61    5.20907
47 14.9493  5
51    3.55493
52    3.68284
54    5.51605
60    5.5838
92    4.82472
48 7.50099  1
93    0
49 13.179  1
53    4.10051
50 11.7202  1
93    0
51 6.95624  1
64    5.0558
52 11.3997  1
66    4.169
53 5.90976  1
93    0
54 7.98257  1
93    0
55 14.7516  1
67    4.25533
56 6.85522  6
68    5.97008
69    5.56952
70    4.26147
71    5.99013
72    5.63498
73    4.47525
57 11.0701  1
93    0
58 14.8337  1
61    3.9402
59 7.12348  1
93    0
60 11.946  1
93    0
61 7.69387  1
93    0
62 13.8086  1
64    6.12059
63 13.7762  1
93    0
64 13.6703  1
66    3.75581
65 13.3245  1
93    0
66 12.1953  1
93    0
67 8.5081  1
93    0
68 6.46733  1
92    5.43118
69 9.80331  3
89    5.75886
90    4.87974
91    5.00902
70 10.6969  1
92    4.51498
71 13.6151  6
74    3.68815
75    4.11791
76    5.52136
77    4.10427
78    5.47678
79    3.9586
72 13.1442  1
93    0
73 11.6063  1
92    4.89421
74 6.58452  1
93    0
75 10.186  1
93    0
76 11.9466  7
82    3.72486
83    4.23775
84    5.91267
85    5.38211
86    3.64951
87    3.99174
88    5.10936
77 7.6957  1
93    0
78 13.8147  1
93    0
79 13.796  1
92    3.90458
80 13.7353  1
93    0
81 13.5369  1
93    0
82 12.889  1
93    0
83 10.7732  1
93    0
84 13.8641  1
93    0
85 13.9575  1
92    4.84458
86 14.2624  1
93    0
87 5.25758  1
93    0
88 5.85269  1
93    0
89 7.79611  1
93    0
90 14.1424  1
93    0
91 14.8663  1
93    0
92 7.22999  1
93    0
93 0  0
