98
0 12.9809  3
1    7.98349
2    10.2187
3    10.018
1 11.0732  3
2    11.5177
3    9.75948
29    12.9062
2 14.8437  7
4    10.8624
5    7.61946
6    9.02997
7    7.63576
8    9.08307
9    7.80917
29    11.7885
3 7.15613  2
17    7.20545
30    11.872
4 12.0525  8
19    11.1162
20    8.44823
21    11.7364
22    10.4736
23    12.3501
24    12.478
25    12.8953
31    9.24787
5 8.04147  3
16    12.3793
18    9.22059
29    11.7166
6 14.9438  10
10    9.64943
11    9.65877
12    9.68917
13    9.78841
14    10.1125
15    11.1709
18    7.67788
29    8.82488
30    9.60805
31    9.52364
7 7.48299  1
76    12.5574
8 13.1201  5
41    8.20103
42    10.929
43    7.83718
44    9.74081
76    12.3745
9 11.5276  2
16    12.3199
89    7.9172
10 6.32756  3
16    8.62694
29    11.2315
30    8.48979
11 9.34675  1
97    0
12 9.20606  1
18    8.25834
13 8.74645  2
29    8.29368
45    10.6633
14 7.24555  1
16    12.573
15 12.3446  1
29    12.9663
16 8.99548  9
80    11.9402
81    11.139
82    8.52293
83    11.9803
84    11.27
85    8.9505
86    7.37629
87    8.23582
88    11.0427
17 8.05887  1
32    8.34733
18 5.00031  2
29    12.139
45    12.9696
19 5.01251  1
97    0
20 5.05249  2
29    10.409
45    9.95706
21 5.18311  1
97    0
22 5.60945  1
97    0
23 7.00171  1
30    10.9166
24 11.5484  3
26    8.25779
27    11.1143
28    8.44218
25 6.39531  2
39    7.10987
40    7.36567
26 9.56801  3
29    10.6439
45    8.5006
89    7.44972
27 9.92843  1
97    0
28 11.1055  7
33    11.4068
34    9.39729
35    8.83532
36    7.00018
37    7.00751
38    7.0315
89    10.9536
29 14.9493  1
30    7.79653
30 7.50099  1
97    0
31 13.179  1
97    0
32 11.7202  7
59    11.3172
60    9.10486
61    7.8804
62    9.88198
63    10.4181
64    12.169
65    11.8865
33 6.95624  1
45    11.9074
34 11.3997  1
45    8.17374
35 5.90976  10
49    8.11313
50    10.6421
51    12.9002
52    8.27409
53    11.1676
54    8.61632
55    12.2851
56    12.2657
57    12.2022
58    11.9947
36 7.98257  1
97    0
37 14.7516  1
97    0
38 6.85522  1
97    0
39 11.0701  1
97    0
40 14.8337  1
97    0
41 7.12348  3
45    10.8398
66    10.9638
76    12.4855
42 11.946  1
76    7.15455
43 7.69387  3
46    7.54585
47    8.78954
48    12.8509
44 13.8086  1
45    11.0321
45 13.7762  1
97    0
46 13.6703  2
74    12.1222
75    11.7334
47 13.3245  1
97    0
48 12.1953  1
97    0
49 8.5081  1
76    12.9198
50 6.46733  1
97    0
51 9.80331  1
97    0
52 10.6969  1
97    0
53 13.6151  1
97    0
54 13.1442  1
97    0
55 11.6063  7
67    7.95071
68    10.1116
69    11.168
70    8.61742
71    12.2888
72    12.2776
73    12.2412
56 6.58452  1
97    0
57 10.186  1
89    8.47551
58 11.9466  1
76    8.33799
59 7.6957  1
97    0
60 13.8147  2
76    12.3185
89    10.8104
61 13.796  1
97    0
62 13.7353  1
97    0
63 13.5369  1
97    0
64 12.889  1
76    10.4639
65 10.7732  1
76    8.67766
66 13.8641  1
97    0
67 13.9575  1
97    0
68 14.2624  1
76    7.51161
69 5.25758  1
97    0
70 5.85269  1
97    0
71 7.79611  3
77    11.3764
78    9.29786
79    8.51067
72 14.1424  1
89    11.8253
73 14.8663  1
97    0
74 7.22999  1
97    0
75 12.2939  1
89    8.20853
76 8.82977  1
89    10.0021
77 7.51778  1
97    0
78 13.2336  1
97    0
79 11.8984  1
97    0
80 7.53822  1
97    0
81 13.3004  1
97    0
82 12.1166  7
90    10.7642
91    7.29902
92    7.98349
93    10.2187
94    11.5177
95    9.75948
96    10.018
83 8.25083  1
97    0
84 5.62716  1
97    0
85 7.05969  1
97    0
86 11.7379  1
97    0
87 7.01422  1
97    0
88 11.5893  1
97    0
89 6.52867  1
97    0
90 10.0035  1
97    0
91 11.3506  1
97    0
92 5.74953  1
97    0
93 7.45918  1
97    0
94 13.0422  1
97    0
95 11.2737  1
97    0
96 5.49837  1
97    0
97 0  0
