97
0 13.3245  9
1    1.1872
2    0.779653
3    0.924787
4    0.834733
5    0.700018
22    1.06421
24    0.910486
46    0.89505
65    1.2139
1 12.1953  7
2    1.09166
3    0.960805
5    1.14068
19    0.817374
23    1.29002
24    1.22022
64    1.23501
2 8.5081  4
3    0.952364
5    0.883532
50    0.79172
51    0.798349
3 6.46733  5
5    0.700751
24    1.19947
33    0.715455
51    1.15177
64    0.825779
4 9.80331  3
5    0.939729
51    0.975948
65    1.0409
5 10.6969  6
6    0.703149
7    0.710987
8    0.736567
9    0.820103
10    1.0929
22    1.28509
6 13.6151  3
33    1.17334
65    1.06439
73    0.960805
7 13.1442  3
25    1.18865
26    1.09638
27    0.795071
8 11.6063  9
11    0.783718
12    0.974081
13    0.995706
14    1.06633
15    1.29696
16    0.85006
17    1.19074
18    1.10321
50    1.00021
9 6.58452  2
47    1.10427
48    0.820853
10 10.186  2
23    0.861632
24    0.988198
11 11.9466  2
24    1.04181
51    1.02187
12 7.6957  2
23    1.22657
24    1.2169
13 13.8147  3
23    1.11676
33    1.04639
51    1.07642
14 13.796  5
20    1.08398
21    0.754585
33    1.25574
51    1.08624
88    1.28509
15 13.7353  2
23    1.22851
50    1.08104
16 13.5369  3
22    0.878954
24    1.13172
33    0.751161
17 12.889  2
23    0.827409
73    0.779653
18 10.7732  2
33    1.21222
64    1.24779
19 13.8641  1
96    0
20 13.9575  3
33    1.23745
65    1.29062
73    1.14068
21 14.2624  4
22    0.811313
33    1.22412
46    0.737629
51    0.729902
22 5.25758  2
24    0.78804
33    1.23185
23 5.85269  2
46    0.823582
88    0.817374
24 7.79611  2
63    0.825834
89    0.861632
25 14.1424  7
28    1.01116
29    1.1168
30    0.861742
31    1.22888
32    1.22776
63    1.23793
88    1.08398
26 14.8663  9
37    0.833799
38    1.13764
39    0.929786
40    0.851067
41    1.19402
42    1.1139
43    0.852293
44    1.19803
45    1.127
27 7.22999  2
49    1.09536
64    1.28953
28 12.2939  1
96    0
29 8.82977  1
51    1.0018
30 7.51778  1
73    0.924787
31 13.2336  2
51    0.761946
64    1.04736
32 11.8984  1
96    0
33 7.53822  4
34    0.867766
35    1.24855
36    1.29198
51    0.902997
34 13.3004  1
64    1.17364
35 12.1166  3
50    0.847551
63    1.2573
73    0.883532
36 8.25083  1
88    1.29002
37 5.62716  2
65    1.17885
73    0.700018
38 7.05969  5
59    1.01125
60    1.11709
61    0.862694
62    1.23199
64    0.844823
39 11.7379  1
50    1.18253
40 7.01422  5
78    0.820103
79    1.0929
80    0.783718
81    0.974081
82    0.995706
41 11.5893  7
52    0.763576
53    0.908307
54    0.780917
55    0.964943
56    0.965877
57    0.968917
58    0.978841
42 6.52867  1
96    0
43 10.0035  1
88    1.06421
44 11.3506  2
50    0.744972
73    0.952364
45 5.74953  7
66    0.829368
67    1.12315
68    0.882488
69    1.29663
70    0.848979
71    1.1872
72    1.09166
46 7.45918  1
63    0.767788
47 13.0422  1
96    0
48 11.2737  1
65    1.17166
49 5.49837  1
88    0.878954
50 6.63915  1
63    1.11162
51 10.3645  1
96    0
52 12.5295  1
63    0.720545
53 9.59914  1
63    0.922059
54 10.0301  1
64    1.11143
55 11.4373  1
96    0
56 6.03244  1
73    0.834733
57 8.38328  1
87    1.10321
58 6.0596  1
96    0
59 8.47179  1
96    0
60 6.34861  1
64    0.844218
61 9.41572  1
96    0
62 9.43129  1
96    0
63 9.48195  1
96    0
64 9.64736  2
73    0.939729
88    0.827409
65 10.1875  1
96    0
66 11.9515  4
74    0.700751
75    0.703149
76    0.710987
77    0.736567
67 7.71157  1
96    0
68 13.8665  1
96    0
69 13.9654  1
96    0
70 14.2883  1
88    0.811313
71 5.34242  5
83    1.06633
84    1.29696
85    0.85006
86    1.19074
89    1.22657
72 6.1298  1
96    0
73 8.70098  1
96    0
74 7.09723  1
96    0
75 11.8603  1
96    0
76 7.41371  1
96    0
77 12.8939  1
96    0
78 10.7894  1
96    0
79 13.9169  1
96    0
80 14.1299  1
89    1.11676
81 14.8254  1
96    0
82 7.09632  1
88    0.754585
83 11.8572  1
96    0
84 7.40364  1
89    1.22851
85 12.861  1
96    0
86 10.6816  1
96    0
87 13.565  1
96    0
88 12.9809  1
96    0
89 11.0732  6
90    1.22022
91    1.19947
92    1.13172
93    0.910486
94    0.78804
95    0.988198
90 14.8437  1
96    0
91 7.15613  1
96    0
92 12.0525  1
96    0
93 8.04147  1
96    0
94 14.9438  1
96    0
95 7.48299  1
96    0
96 0  0
