106
0 10.6816  7
1    38.0973
2    45.1498
3    38.1788
9    55.8545
10    52.3681
28    54.6451
51    36.8815
1 13.565  5
9    61.5996
10    64.4763
15    59.3602
51    41.1791
52    55.2136
2 12.9809  8
4    45.4154
5    39.0458
6    48.2472
7    48.2939
8    48.4458
9    43.1347
10    42.2411
11    58.5829
3 11.0732  4
9    61.8963
10    41.2889
11    55.5716
15    42.449
4 14.8437  7
9    36.0273
10    58.6818
11    64.5312
44    61.0109
46    58.6671
47    61.8725
99    59.5369
5 7.15613  4
9    50.5626
10    46.1029
11    42.2109
65    41.2889
6 12.0525  4
9    62.8649
10    62.3898
28    48.704
54    51.0936
7 8.04147  5
9    48.9421
10    55.5808
11    52.0449
15    54.5828
56    48.9421
8 14.9438  6
9    38.3894
10    61.7507
11    60.6951
15    38.9827
28    64.848
51    59.7008
9 7.48299  4
10    41.2917
11    58.9427
45    49.4099
55    38.0973
10 13.1201  5
11    53.2196
28    39.1859
46    50.558
47    61.5923
55    50.0902
11 11.5276  6
12    41.4684
13    56.1576
15    48.0403
45    45.5243
46    43.0871
56    61.8963
12 6.32756  1
14    44.1244
13 9.34675  5
15    64.8315
28    53.3166
46    52.3196
55    39.0458
99    40.8687
14 9.20606  3
47    37.5581
51    59.9013
80    54.5828
15 8.74645  10
16    47.6182
17    46.2394
18    41.7367
19    57.0338
20    46.9865
21    44.1766
22    35.0009
23    35.0375
24    35.1575
25    35.5493
16 7.24555  5
33    54.1992
34    37.7293
35    43.9477
47    35.7727
80    38.9827
17 12.3446  2
27    41.0051
48    56.8818
18 8.99548  5
28    49.7853
44    59.9736
51    42.6147
53    54.7678
56    61.5996
19 8.05887  4
26    36.8284
45    52.0907
54    59.1267
56    55.8545
20 5.00031  1
46    61.3881
21 5.01251  5
29    42.503
30    59.5369
31    55.1605
32    40.8687
55    45.1498
22 5.05249  1
65    61.7507
23 5.18311  1
105    0
24 5.60945  2
45    59.4325
55    38.1788
25 7.00171  1
45    39.7536
26 11.5484  8
37    40.5657
38    53.2104
39    64.501
40    41.3704
41    55.838
42    43.0816
43    61.4257
56    62.8649
27 6.39531  2
45    54.819
56    48.2939
28 9.56801  2
46    60.6108
52    41.0427
29 9.92843  5
46    61.2059
48    41.69
53    42.3775
54    39.9174
56    50.5626
30 11.1055  1
47    62.7871
31 14.9493  1
54    53.8211
32 7.50099  4
49    46.4893
50    42.5533
54    57.5886
55    54.3118
33 13.179  1
47    62.4273
34 11.7202  2
44    56.586
53    37.2486
35 6.95624  4
36    64.2547
46    61.444
47    64.599
99    54.1992
36 11.3997  2
46    55.8399
56    48.2472
37 5.90976  2
45    60.8452
51    56.3498
38 7.98257  1
55    45.4154
39 14.7516  2
47    43.3883
51    55.6952
40 6.85522  1
105    0
41 11.0701  2
44    61.3286
53    54.0518
42 14.8337  1
45    39.402
43 7.12348  1
53    39.586
44 11.946  8
57    36.0273
58    38.3894
59    46.1029
60    41.2917
61    55.5808
62    42.2411
63    58.6818
64    52.3681
45 7.69387  1
51    44.7525
46 13.8086  1
105    0
47 13.7762  2
54    36.4951
65    62.3898
48 13.6703  1
105    0
49 13.3245  5
100    64.2547
101    40.5657
102    53.2104
103    64.501
104    41.3704
50 12.1953  2
53    50.0105
56    48.4458
51 8.5081  1
105    0
52 6.46733  1
105    0
53 9.80331  1
55    48.7974
54 10.6969  1
56    43.1347
55 13.6151  1
105    0
56 13.1442  8
81    48.0403
82    47.6182
83    46.2394
84    41.7367
85    57.0338
86    46.9865
87    44.1766
88    35.0009
57 11.6063  1
105    0
58 6.58452  1
105    0
59 10.186  1
65    64.4763
60 11.9466  1
105    0
61 7.6957  1
105    0
62 13.8147  1
98    64.848
63 13.796  1
105    0
64 13.7353  7
74    41.4684
75    56.1576
76    44.1244
77    64.8315
78    42.449
79    59.3602
99    43.9477
65 13.5369  8
66    55.5716
67    42.2109
68    58.5829
69    52.0449
70    60.6951
71    58.9427
72    53.2196
73    64.5312
66 12.889  1
105    0
67 10.7732  1
105    0
68 13.8641  1
105    0
69 13.9575  1
105    0
70 14.2624  1
105    0
71 5.25758  1
105    0
72 5.85269  1
105    0
73 7.79611  1
105    0
74 14.1424  1
105    0
75 14.8663  1
105    0
76 7.22999  9
89    35.0375
90    35.1575
91    35.5493
92    36.8284
93    41.0051
94    54.6451
95    39.1859
96    48.704
97    49.7853
77 12.2939  1
99    37.7293
78 8.82977  1
105    0
79 7.51778  1
105    0
80 13.2336  1
105    0
81 11.8984  1
105    0
82 7.53822  1
105    0
83 13.3004  1
98    42.503
84 12.1166  1
105    0
85 8.25083  1
105    0
86 5.62716  1
105    0
87 7.05969  1
105    0
88 11.7379  1
105    0
89 7.01422  1
105    0
90 11.5893  1
105    0
91 6.52867  1
105    0
92 10.0035  1
98    53.3166
93 11.3506  1
105    0
94 5.74953  1
105    0
95 7.45918  1
105    0
96 13.0422  1
105    0
97 11.2737  1
99    55.1605
98 5.49837  1
105    0
99 6.63915  1
105    0
100 10.3645  1
105    0
101 12.5295  1
105    0
102 9.59914  1
105    0
103 10.0301  1
105    0
104 11.4373  1
105    0
105 0  0
