220
0 14.8254  10
1    0.851067
2    1.19402
3    1.1139
4    0.852293
5    1.19803
6    1.127
7    0.89505
8    0.737629
9    0.823582
16    0.798349
1 7.09632  3
10    1.10427
14    0.744972
83    0.867766
2 11.8572  2
15    0.847551
21    0.862694
3 7.40364  3
10    1.09536
82    1.04639
96    0.902997
4 12.861  7
10    0.820853
16    0.729902
20    1.01125
21    0.767788
44    0.834733
45    0.700018
96    0.964943
5 10.6816  4
16    1.15177
19    0.964943
21    1.2573
45    0.700751
6 13.565  4
11    0.79172
12    1.00021
13    1.08104
44    0.952364
7 12.9809  2
16    1.02187
84    1.127
8 11.0732  2
16    1.18253
18    0.780917
9 14.8437  4
18    0.761946
84    0.737629
95    1.08624
161    1.25574
10 7.15613  1
18    0.902997
11 12.0525  1
18    1.08624
12 8.04147  6
18    0.908307
19    0.978841
21    1.11709
119    0.882488
144    0.827409
161    0.715455
13 14.9438  3
16    1.07642
45    0.710987
96    0.780917
14 7.48299  3
16    0.975948
17    1.0018
19    0.968917
15 13.1201  1
219    0
16 11.5276  2
18    0.763576
19    0.965877
17 6.32756  10
22    0.922059
23    0.825834
24    1.11162
25    0.844823
26    1.17364
27    1.04736
28    1.23501
45    0.939729
119    1.12315
144    0.811313
18 9.34675  3
21    0.720545
83    0.851067
119    1.09166
19 9.20606  2
21    1.23793
44    0.779653
20 8.74645  4
21    1.23199
45    0.883532
73    0.988198
112    0.825779
21 7.24555  10
29    1.24779
30    1.28953
31    0.825779
32    1.11143
33    0.844218
34    1.17166
35    1.0409
36    1.2139
44    0.960805
112    1.11143
22 12.3446  2
83    0.929786
161    1.21222
23 8.99548  7
212    1.09166
213    0.779653
214    0.960805
215    0.952364
216    0.924787
217    0.834733
218    1.14068
24 8.05887  2
44    1.09166
82    1.23185
25 5.00031  2
73    1.2169
132    0.783718
26 5.01251  9
74    1.09638
75    0.795071
76    1.01116
77    1.1168
78    0.861742
79    1.22888
80    1.22776
81    1.22412
96    0.968917
27 5.05249  8
37    1.17885
38    1.06439
39    1.29062
40    0.829368
41    1.12315
42    0.882488
43    1.29663
82    1.21222
28 5.18311  3
44    0.848979
73    0.78804
119    1.29062
29 5.60945  2
133    0.974081
185    0.908307
30 7.00171  1
172    1.09536
31 11.5484  2
84    1.19803
144    1.06421
32 6.39531  1
96    1.11709
33 9.56801  1
219    0
34 9.92843  7
46    0.736567
47    0.820103
48    1.0929
49    0.783718
50    0.974081
51    0.995706
52    1.06633
35 11.1055  3
44    0.924787
96    0.978841
185    0.964943
36 14.9493  1
219    0
37 7.50099  5
60    0.878954
61    1.28509
62    0.811313
63    1.06421
84    1.00021
38 13.179  1
84    0.89505
39 11.7202  2
45    0.703149
83    0.833799
40 6.95624  3
44    1.1872
83    1.1139
84    1.10427
41 11.3997  4
71    1.19947
72    1.13172
82    0.751161
83    0.852293
42 5.90976  1
84    1.09536
43 7.98257  1
44    1.14068
44 14.7516  3
82    1.25574
84    0.823582
185    0.902997
45 6.85522  1
83    1.13764
46 11.0701  6
106    0.844823
107    1.17364
108    1.04736
109    1.23501
110    1.24779
111    1.28953
47 14.8337  1
219    0
48 7.12348  2
95    1.0018
96    0.965877
49 11.946  1
219    0
50 7.69387  6
64    1.29002
65    0.827409
66    1.11676
67    0.861632
68    1.22851
69    1.22657
51 13.8086  8
53    1.29696
54    0.85006
55    1.19074
56    1.10321
57    0.817374
58    1.08398
59    0.754585
171    0.737629
52 13.7762  1
82    0.715455
53 13.6703  1
219    0
54 13.3245  4
70    1.22022
96    0.763576
144    1.28509
173    0.744972
55 12.1953  1
95    0.761946
56 8.5081  5
115    1.0409
116    1.2139
117    1.17885
118    1.06439
171    0.852293
57 6.46733  1
84    0.79172
58 9.80331  2
73    1.04181
83    1.19402
59 10.6969  1
83    1.29198
60 13.6151  9
97    0.862694
98    1.23199
99    1.23793
100    1.2573
101    0.720545
102    0.767788
103    0.922059
104    0.825834
105    1.11162
61 13.1442  2
73    0.910486
161    1.23185
62 11.6063  2
73    1.18865
161    1.04639
63 6.58452  1
161    1.17334
64 10.186  1
219    0
65 11.9466  1
219    0
66 7.6957  1
96    0.908307
67 13.8147  4
153    1.18865
154    1.09638
155    0.795071
156    1.01116
68 13.796  1
83    1.24855
69 13.7353  6
120    0.779653
121    0.960805
122    0.952364
123    0.924787
124    0.834733
131    0.820103
70 13.5369  3
84    0.820853
171    1.127
172    1.10427
71 12.889  1
82    1.23745
72 10.7732  2
82    1.17334
172    0.820853
73 13.8641  1
219    0
74 13.9575  1
161    1.22412
75 14.2624  1
119    1.29663
76 5.25758  1
219    0
77 5.85269  1
219    0
78 7.79611  1
96    1.01125
79 14.1424  10
85    1.08104
86    0.744972
87    0.847551
88    1.18253
89    1.07642
90    0.729902
91    0.798349
92    1.02187
93    1.15177
94    0.975948
80 14.8663  1
219    0
81 7.22999  2
113    0.844218
114    1.17166
82 12.2939  1
119    1.1872
83 8.82977  1
219    0
84 7.51778  9
174    0.847551
175    1.18253
176    1.07642
177    0.729902
178    0.798349
179    1.02187
180    1.15177
181    0.975948
185    0.978841
85 13.2336  2
131    1.0929
211    1.12315
86 11.8984  1
219    0
87 7.53822  1
219    0
88 13.3004  8
125    1.14068
126    0.939729
127    0.883532
128    0.700018
129    0.700751
130    0.703149
131    0.710987
171    0.89505
89 12.1166  1
219    0
90 8.25083  1
219    0
91 5.62716  1
219    0
92 7.05969  1
219    0
93 11.7379  1
131    0.736567
94 7.01422  2
119    0.829368
144    1.22851
95 11.5893  1
219    0
96 6.52867  10
134    0.995706
135    1.06633
136    1.29696
137    0.85006
138    1.19074
139    1.10321
140    0.817374
141    1.08398
142    0.754585
143    0.878954
97 10.0035  1
185    0.965877
98 11.3506  1
185    1.11709
99 5.74953  1
161    1.23745
100 7.45918  1
171    1.1139
101 13.0422  1
219    0
102 11.2737  1
219    0
103 5.49837  1
219    0
104 6.63915  1
144    1.22657
105 10.3645  1
219    0
106 12.5295  1
219    0
107 9.59914  1
219    0
108 10.0301  1
144    0.861632
109 11.4373  1
219    0
110 6.03244  5
157    1.1168
158    0.861742
159    1.22888
160    1.22776
211    0.882488
111 8.38328  1
219    0
112 6.0596  1
219    0
113 8.47179  1
119    0.848979
114 6.34861  1
219    0
115 9.41572  1
172    0.79172
116 9.43129  1
219    0
117 9.48195  1
219    0
118 9.64736  1
144    1.29002
119 10.1875  1
219    0
120 11.9515  1
219    0
121 7.71157  1
219    0
122 13.8665  1
219    0
123 13.9654  1
219    0
124 14.2883  1
219    0
125 5.34242  1
219    0
126 6.1298  1
219    0
127 8.70098  1
219    0
128 7.09723  10
193    0.825834
194    1.11162
195    0.844823
196    1.17364
197    1.04736
198    1.23501
199    1.24779
200    1.28953
201    0.825779
202    1.11143
129 11.8603  1
219    0
130 7.41371  1
185    0.968917
131 12.8939  1
219    0
132 10.7894  1
185    0.763576
133 13.9169  1
219    0
134 14.1299  2
144    1.11676
172    1.08104
135 14.8254  3
182    1.0018
183    1.08624
184    0.761946
136 7.09632  1
219    0
137 11.8572  1
219    0
138 7.40364  9
145    1.22022
146    1.19947
147    1.13172
148    0.910486
149    0.78804
150    0.988198
151    1.04181
152    1.2169
172    0.823582
139 12.861  1
219    0
140 10.6816  1
219    0
141 13.565  1
219    0
142 12.9809  1
219    0
143 11.0732  1
219    0
144 14.8437  1
171    1.19803
145 7.15613  1
219    0
146 12.0525  1
219    0
147 8.04147  1
185    1.01125
148 14.9438  1
219    0
149 7.48299  1
219    0
150 13.1201  1
219    0
151 11.5276  1
219    0
152 6.32756  9
162    0.751161
163    0.867766
164    1.24855
165    1.29198
166    0.833799
167    1.13764
168    0.929786
169    0.851067
170    1.19402
153 9.34675  8
186    0.862694
187    1.23199
188    1.23793
189    1.2573
190    0.720545
191    0.767788
192    0.922059
211    1.29663
154 9.20606  1
185    0.780917
155 8.74645  1
219    0
156 7.24555  1
219    0
157 12.3446  1
219    0
158 8.99548  1
219    0
159 8.05887  1
219    0
160 5.00031  1
219    0
161 5.01251  1
219    0
162 5.05249  1
211    1.1872
163 5.18311  1
219    0
164 5.60945  1
219    0
165 7.00171  1
219    0
166 11.5484  1
219    0
167 6.39531  1
219    0
168 9.56801  1
219    0
169 9.92843  1
219    0
170 11.1055  1
172    1.00021
171 14.9493  1
219    0
172 7.50099  1
219    0
173 13.179  1
219    0
174 11.7202  1
219    0
175 6.95624  1
219    0
176 11.3997  1
219    0
177 5.90976  1
219    0
178 7.98257  1
219    0
179 14.7516  1
219    0
180 6.85522  1
219    0
181 11.0701  1
219    0
182 14.8337  1
219    0
183 7.12348  1
219    0
184 11.946  1
219    0
185 7.69387  2
208    1.06439
209    1.29062
186 13.8086  1
219    0
187 13.7762  1
219    0
188 13.6703  1
219    0
189 13.3245  1
219    0
190 12.1953  1
219    0
191 8.5081  1
219    0
192 6.46733  1
219    0
193 9.80331  5
203    0.844218
204    1.17166
205    1.0409
206    1.2139
207    1.17885
194 10.6969  1
219    0
195 13.6151  1
219    0
196 13.1442  1
219    0
197 11.6063  1
219    0
198 6.58452  1
219    0
199 10.186  1
219    0
200 11.9466  1
219    0
201 7.6957  1
219    0
202 13.8147  1
219    0
203 13.796  1
219    0
204 13.7353  1
219    0
205 13.5369  1
219    0
206 12.889  1
219    0
207 10.7732  1
219    0
208 13.8641  1
210    0.829368
209 13.9575  1
219    0
210 14.2624  1
211    0.848979
211 5.25758  1
219    0
212 5.85269  1
219    0
213 7.79611  1
219    0
214 14.1424  1
219    0
215 14.8663  1
219    0
216 7.22999  1
219    0
217 12.2939  1
219    0
218 8.82977  1
219    0
219 0  0
