86
0 8.99548  3
1    5.00902
26    6.45312
71    4.30871
1 8.05887  6
2    5.43118
3    3.80973
4    4.51498
5    3.81788
6    4.54154
7    3.90458
2 5.00031  10
8    4.82472
9    4.82939
10    4.84458
11    4.89421
12    5.05626
13    5.58545
14    4.31347
15    6.15996
16    6.18963
17    6.28649
3 5.01251  3
27    5.93602
28    5.45828
29    3.89827
4 5.05249  1
71    6.13881
5 5.18311  1
26    6.48315
6 5.60945  2
46    6.4848
47    4.2503
7 7.00171  1
25    4.22109
8 11.5484  5
35    3.50009
36    3.50375
37    3.51575
38    3.55493
39    3.68284
9 6.39531  1
25    4.12889
10 9.56801  3
25    6.17507
26    5.32196
69    5.94325
11 9.92843  2
25    5.85829
32    4.17367
12 11.1055  6
18    3.60273
19    3.83894
20    4.61029
21    4.12917
22    5.55808
23    4.22411
13 14.9493  1
32    5.70338
14 7.50099  2
24    5.86818
26    4.2449
15 13.179  2
25    5.55716
26    5.61576
16 11.7202  1
25    6.44763
17 6.95624  4
30    4.80403
31    4.76182
45    5.33166
69    5.4819
18 11.3997  1
24    5.23681
19 5.90976  1
85    0
20 7.98257  2
26    6.06951
69    6.08452
21 14.7516  2
25    6.23898
71    5.58399
22 6.85522  2
26    4.41244
48    5.51605
23 11.0701  2
26    5.89427
32    4.62394
24 14.8337  1
26    4.14684
25 7.12348  2
26    5.20449
71    6.1444
26 11.946  1
85    0
27 7.69387  1
85    0
28 13.8086  1
85    0
29 13.7762  8
56    6.4501
57    4.13704
58    5.5838
59    4.30816
60    6.14257
61    6.13286
62    6.10109
63    5.99736
30 13.6703  2
33    4.69865
34    4.41766
31 13.3245  1
85    0
32 12.1953  1
85    0
33 8.5081  1
48    5.95369
34 6.46733  1
71    6.12059
35 9.80331  1
85    0
36 10.6969  1
85    0
37 13.6151  1
85    0
38 13.1442  1
85    0
39 11.6063  5
40    4.10051
41    5.46451
42    3.91859
43    4.8704
44    4.97853
40 6.58452  1
85    0
41 10.186  1
85    0
42 11.9466  1
85    0
43 7.6957  7
49    4.08687
50    5.41992
51    3.77293
52    4.39477
53    6.42547
54    4.05657
55    5.32104
44 13.8147  1
85    0
45 13.796  1
85    0
46 13.7353  1
85    0
47 13.5369  1
85    0
48 12.889  1
85    0
49 10.7732  1
69    3.97536
50 13.8641  1
85    0
51 13.9575  1
85    0
52 14.2624  5
64    5.6586
65    4.55243
66    3.9402
67    4.94099
68    5.20907
53 5.25758  1
85    0
54 5.85269  1
85    0
55 7.79611  1
85    0
56 14.1424  1
85    0
57 14.8663  1
85    0
58 7.22999  1
85    0
59 12.2939  1
85    0
60 8.82977  5
72    6.06108
73    5.86671
74    5.23196
75    6.15923
76    6.18725
61 7.51778  1
85    0
62 13.2336  1
85    0
63 11.8984  8
77    6.27871
78    3.57727
79    3.75581
80    4.33883
81    6.24273
82    6.4599
83    4.169
84    5.68818
64 7.53822  1
85    0
65 13.3004  1
70    5.0558
66 12.1166  1
85    0
67 8.25083  1
85    0
68 5.62716  1
85    0
69 7.05969  1
85    0
70 11.7379  1
85    0
71 7.01422  1
85    0
72 11.5893  1
85    0
73 6.52867  1
85    0
74 10.0035  1
85    0
75 11.3506  1
85    0
76 5.74953  1
85    0
77 7.45918  1
85    0
78 13.0422  1
85    0
79 11.2737  1
85    0
80 5.49837  1
85    0
81 6.63915  1
85    0
82 10.3645  1
85    0
83 12.5295  1
85    0
84 9.59914  1
85    0
85 0  0
