88
0 5.85269  10
1    36.8284
2    41.0051
3    54.6451
4    39.1859
5    49.7853
7    55.1605
8    55.838
60    58.9427
73    54.1992
84    60.8452
1 7.79611  5
5    53.3166
7    37.7293
8    53.2104
12    45.5243
13    54.819
2 14.1424  5
7    54.1992
12    59.9736
14    39.7536
57    36.0273
82    59.9736
3 14.8663  5
5    64.848
7    40.8687
8    64.2547
12    52.0907
60    58.5829
4 7.22999  6
5    48.704
6    42.503
7    59.5369
8    64.501
12    61.0109
41    42.3775
5 12.2939  5
8    40.5657
14    55.8399
15    61.2059
42    36.4951
73    53.3166
6 8.82977  5
7    43.9477
12    49.4099
30    42.5533
72    35.1575
82    49.4099
7 7.51778  4
8    41.3704
41    54.0518
59    42.2109
84    39.7536
8 13.2336  6
9    43.0816
10    61.4257
11    61.3286
57    46.1029
59    41.2889
60    60.6951
9 11.8984  3
12    39.402
13    59.4325
14    50.558
10 7.53822  2
30    55.6952
42    53.8211
11 13.3004  3
12    56.586
14    43.0871
84    54.819
12 12.1166  3
13    60.8452
14    61.444
41    37.2486
13 8.25083  4
14    61.3881
30    42.6147
59    61.7507
60    52.0449
14 5.62716  3
16    60.6108
17    58.6671
60    53.2196
15 7.05969  10
18    52.3196
19    61.5923
20    61.8725
21    62.7871
22    35.7727
23    37.5581
24    43.3883
25    62.4273
26    64.599
27    41.69
16 11.7379  2
30    59.7008
59    62.3898
17 7.01422  2
28    56.8818
73    64.848
18 11.5893  2
54    48.9421
71    44.1766
19 6.52867  1
87    0
20 10.0035  1
54    43.1347
21 11.3506  1
72    54.6451
22 5.74953  2
42    39.9174
73    55.1605
23 7.45918  1
82    56.586
24 13.0422  1
29    46.4893
25 11.2737  10
43    57.5886
44    48.7974
45    50.0902
46    54.3118
47    38.0973
48    45.1498
49    38.1788
50    45.4154
51    39.0458
52    48.2472
26 5.49837  1
83    52.0907
27 6.63915  1
87    0
28 10.3645  10
31    59.9013
32    56.3498
33    44.7525
34    36.8815
35    41.1791
36    55.2136
37    41.0427
38    54.7678
39    39.586
40    50.0105
29 12.5295  3
42    51.0936
72    35.5493
73    37.7293
30 9.59914  1
87    0
31 10.0301  2
60    64.5312
72    49.7853
32 11.4373  1
57    38.3894
33 6.03244  1
87    0
34 8.38328  8
74    43.9477
75    64.2547
76    40.5657
77    53.2104
78    64.501
79    41.3704
80    55.838
81    43.0816
35 6.0596  1
59    55.5716
36 8.47179  1
87    0
37 6.34861  2
41    59.1267
57    42.2411
38 9.41572  1
71    35.0009
39 9.43129  1
54    50.5626
40 9.48195  1
87    0
41 9.64736  1
57    41.2917
42 10.1875  3
59    64.4763
73    42.503
84    59.4325
43 11.9515  2
54    48.4458
60    56.1576
44 7.71157  1
87    0
45 13.8665  1
58    58.6818
46 13.9654  1
73    40.8687
47 14.2883  1
60    41.4684
48 5.34242  1
54    55.8545
49 6.1298  2
53    48.2939
57    55.5808
50 8.70098  1
57    62.8649
51 7.09723  1
60    44.1244
52 11.8603  1
87    0
53 7.41371  3
55    61.5996
56    61.8963
58    52.3681
54 12.8939  1
72    48.704
55 10.7894  1
87    0
56 13.9169  2
72    36.8284
82    39.402
57 14.1299  10
61    42.449
62    59.3602
63    54.5828
64    38.9827
65    48.0403
66    47.6182
67    46.2394
68    41.7367
69    57.0338
70    46.9865
58 14.8254  1
60    64.8315
59 7.09632  1
72    35.0375
60 11.8572  1
87    0
61 7.40364  1
82    45.5243
62 12.861  2
85    50.558
86    55.8399
63 10.6816  1
73    59.5369
64 13.565  1
87    0
65 12.9809  1
87    0
66 11.0732  1
87    0
67 14.8437  1
72    41.0051
68 7.15613  1
72    39.1859
69 12.0525  1
87    0
70 8.04147  1
87    0
71 14.9438  1
87    0
72 7.48299  1
82    61.3286
73 13.1201  1
87    0
74 11.5276  1
87    0
75 6.32756  1
87    0
76 9.34675  1
87    0
77 9.20606  1
82    61.0109
78 8.74645  1
87    0
79 7.24555  1
87    0
80 12.3446  1
87    0
81 8.99548  1
82    61.4257
82 8.05887  1
87    0
83 5.00031  1
87    0
84 5.01251  1
87    0
85 5.05249  1
87    0
86 5.18311  1
87    0
87 0  0
