53
0 6.39531  10
1    4.25533
2    5.97008
3    5.56952
4    4.26147
5    5.99013
6    5.63498
7    4.47525
8    3.68815
9    4.11791
10    5.52136
1 9.56801  3
28    4.82472
29    4.82939
30    4.84458
2 9.92843  1
52    0
3 11.1055  1
52    0
4 14.9493  1
52    0
5 7.50099  1
52    0
6 13.179  1
21    5.75886
7 11.7202  1
52    0
8 6.95624  1
52    0
9 11.3997  7
31    4.89421
32    5.05626
33    5.58545
34    4.31347
35    6.15996
36    6.18963
37    6.28649
10 5.90976  10
11    4.10427
12    5.47678
13    3.9586
14    5.00105
15    5.40518
16    3.72486
17    4.23775
18    5.91267
19    5.38211
20    3.64951
11 7.98257  1
52    0
12 14.7516  1
21    4.87974
13 6.85522  1
21    5.10936
14 11.0701  1
52    0
15 14.8337  1
21    3.99174
16 7.12348  1
52    0
17 11.946  1
21    5.00902
18 7.69387  1
52    0
19 13.8086  1
22    5.43118
20 13.7762  10
42    5.55808
43    4.22411
44    5.86818
45    5.23681
46    6.17507
47    6.23898
48    6.44763
49    4.12889
50    5.55716
51    4.22109
21 13.6703  5
23    3.80973
24    4.51498
25    3.81788
26    4.54154
27    3.90458
22 13.3245  1
52    0
23 12.1953  1
52    0
24 8.5081  1
52    0
25 6.46733  1
52    0
26 9.80331  1
52    0
27 10.6969  1
52    0
28 13.6151  4
38    3.60273
39    3.83894
40    4.61029
41    4.12917
29 13.1442  1
52    0
30 11.6063  1
52    0
31 6.58452  1
52    0
32 10.186  1
52    0
33 11.9466  1
52    0
34 7.6957  1
52    0
35 13.8147  1
52    0
36 13.796  1
52    0
37 13.7353  1
52    0
38 13.5369  1
52    0
39 12.889  1
52    0
40 10.7732  1
52    0
41 13.8641  1
52    0
42 13.9575  1
52    0
43 14.2624  1
52    0
44 5.25758  1
52    0
45 5.85269  1
52    0
46 7.79611  1
52    0
47 14.1424  1
52    0
48 14.8663  1
52    0
49 7.22999  1
52    0
50 12.2939  1
52    0
51 8.82977  1
52    0
52 0  0
