200
0 13.6151  8
1    12.573
2    7.20545
3    7.67788
4    9.22059
5    8.25834
23    9.52364
24    10.929
55    7.9172
1 13.1442  1
6    11.1162
2 11.6063  6
7    11.7364
36    8.11313
40    11.8865
53    12.9198
88    8.25779
188    11.1143
3 6.58452  5
6    8.44823
22    9.60805
23    9.39729
24    7.10987
39    9.88198
4 10.186  5
7    12.3501
17    10.6439
24    7.00751
39    11.9947
116    11.9074
5 11.9466  3
7    10.4736
17    11.2315
23    8.34733
6 7.6957  5
18    8.82488
19    12.9663
20    8.48979
21    11.872
133    12.1222
7 13.8147  10
8    12.478
9    12.8953
10    8.25779
11    11.1143
12    8.44218
13    11.7166
14    10.409
15    12.139
16    11.7885
24    7.0315
8 13.796  2
36    11.1676
55    11.0427
9 13.7353  4
17    12.9062
39    11.3172
55    11.8253
168    9.08307
10 13.5369  4
22    10.9166
24    8.20103
36    12.8509
52    12.4855
11 12.889  5
17    8.29368
22    7.79653
23    9.24787
36    8.61632
55    10.9536
12 10.7732  2
24    8.83532
36    8.27409
13 13.8641  3
24    7.36567
55    8.20853
88    12.8953
14 13.9575  1
199    0
15 14.2624  2
40    10.1116
189    8.29368
16 5.25758  1
51    7.51161
17 5.85269  3
39    7.8804
53    8.33799
55    10.0021
18 7.79611  1
24    7.00018
19 14.1424  10
25    7.83718
26    9.74081
27    9.95706
28    10.6633
29    12.9696
30    8.5006
31    11.9074
32    11.0321
33    8.17374
36    10.6421
20 14.8663  2
40    11.168
54    11.9803
21 7.22999  2
23    11.4068
55    10.8104
22 12.2939  2
40    7.95071
53    11.3764
23 8.82977  2
40    10.4181
53    8.51067
24 7.51778  2
36    12.9002
51    7.15455
25 13.2336  2
40    10.9638
168    7.80917
26 11.8984  4
41    8.61742
42    12.2888
43    12.2776
44    12.2412
27 7.53822  1
199    0
28 13.3004  1
199    0
29 12.1166  4
34    10.8398
35    7.54585
53    11.139
189    11.2315
30 8.25083  3
55    8.47551
116    10.6633
121    12.2851
31 5.62716  3
39    9.10486
158    8.47551
188    8.44218
32 7.05969  4
36    12.2851
53    11.9402
54    11.27
188    8.25779
33 11.7379  3
37    12.2657
38    12.2022
54    8.23582
34 7.01422  3
36    8.78954
115    8.20103
116    9.74081
35 11.5893  2
55    7.44972
190    9.60805
36 6.52867  2
53    9.29786
117    10.8398
37 10.0035  3
40    12.169
133    11.7334
136    12.3745
38 11.3506  1
116    12.9696
39 5.74953  7
69    9.64943
70    9.65877
71    9.68917
72    9.78841
73    10.1125
74    11.1709
75    8.62694
40 7.45918  4
117    8.11313
121    11.1676
168    7.63576
190    9.52364
41 13.0422  7
45    12.1222
46    11.7334
47    10.4639
48    12.3185
49    12.3745
50    12.5574
54    7.37629
42 11.2737  1
54    8.52293
43 5.49837  1
199    0
44 6.63915  2
88    12.478
115    7.36567
45 10.3645  1
121    8.61632
46 12.5295  1
54    8.9505
47 9.59914  1
199    0
48 10.0301  1
199    0
49 11.4373  1
199    0
50 6.03244  1
51    8.67766
51 8.38328  1
158    10.8104
52 6.0596  3
130    11.8865
131    10.9638
132    7.95071
53 8.47179  9
159    10.7642
160    7.29902
161    7.98349
162    10.2187
163    11.5177
164    9.75948
165    10.018
166    10.8624
167    7.61946
54 6.34861  4
56    10.7642
57    7.29902
58    7.98349
59    10.2187
55 9.41572  6
102    11.872
103    10.9166
104    7.79653
105    9.60805
106    9.52364
107    9.24787
56 9.43129  2
115    7.10987
190    10.9166
57 9.48195  2
147    11.139
148    8.52293
58 9.64736  1
199    0
59 10.1875  10
60    11.5177
61    9.75948
62    10.018
63    10.8624
64    7.61946
65    9.02997
66    7.63576
67    9.08307
68    7.80917
116    9.95706
60 11.9515  1
199    0
61 7.71157  1
199    0
62 13.8665  7
81    9.22059
82    8.25834
83    11.1162
84    8.44823
85    11.7364
86    10.4736
87    12.3501
63 13.9654  1
116    7.83718
64 14.2883  1
199    0
65 5.34242  1
189    11.7885
66 6.1298  1
199    0
67 8.70098  1
168    9.65877
68 7.09723  1
199    0
69 11.8603  8
122    12.2022
123    11.9947
124    11.3172
125    9.10486
126    7.8804
127    9.88198
128    10.4181
129    12.169
70 7.41371  1
199    0
71 12.8939  5
76    12.3199
77    12.3793
78    12.573
79    7.20545
80    7.67788
72 10.7894  1
133    12.2412
73 13.9169  1
199    0
74 14.1299  8
89    11.1143
90    8.44218
91    11.7166
92    10.409
93    12.139
94    11.7885
95    10.6439
96    12.9062
75 14.8254  7
108    8.34733
109    11.4068
110    9.39729
111    8.83532
112    7.00018
113    7.00751
114    7.0315
76 7.09632  1
199    0
77 11.8572  1
117    8.17374
78 7.40364  1
199    0
79 12.861  1
199    0
80 10.6816  1
199    0
81 13.565  1
121    12.2657
82 12.9809  1
199    0
83 11.0732  1
199    0
84 14.8437  1
133    8.61742
85 7.15613  2
158    11.8253
190    9.24787
86 12.0525  1
117    12.8509
87 8.04147  1
133    12.2776
88 14.9438  1
199    0
89 7.48299  1
199    0
90 13.1201  1
199    0
91 11.5276  1
116    10.929
92 6.32756  1
116    11.0321
93 9.34675  3
185    12.3501
186    12.478
187    12.8953
94 9.20606  3
118    10.6421
119    12.9002
120    8.27409
95 8.74645  1
199    0
96 7.24555  5
97    8.29368
98    11.2315
99    8.82488
100    12.9663
101    8.48979
97 12.3446  1
199    0
98 8.99548  1
188    10.409
99 8.05887  1
199    0
100 5.00031  1
168    9.64943
101 5.01251  1
199    0
102 5.05249  2
116    8.5006
133    12.2888
103 5.18311  1
117    7.54585
104 5.60945  1
199    0
105 7.00171  1
199    0
106 11.5484  1
199    0
107 6.39531  1
199    0
108 9.56801  10
137    7.15455
138    7.51161
139    8.67766
140    12.4855
141    12.9198
142    8.33799
143    11.3764
144    9.29786
145    8.51067
146    11.9402
109 9.92843  1
117    8.78954
110 11.1055  1
158    10.0021
111 14.9493  1
199    0
112 7.50099  3
134    10.4639
135    12.3185
188    11.7166
113 13.179  10
149    11.9803
150    11.27
151    8.9505
152    7.37629
153    8.23582
154    11.0427
155    8.20853
156    10.9536
157    7.9172
189    12.9663
114 11.7202  5
169    9.68917
170    9.78841
171    10.1125
172    11.1709
173    8.62694
115 6.95624  2
133    10.1116
136    12.5574
116 11.3997  1
199    0
117 5.90976  1
199    0
118 7.98257  1
199    0
119 14.7516  1
189    12.9062
120 6.85522  1
199    0
121 11.0701  1
199    0
122 14.8337  1
199    0
123 7.12348  1
199    0
124 11.946  1
199    0
125 7.69387  1
189    10.6439
126 13.8086  1
199    0
127 13.7762  1
199    0
128 13.6703  1
199    0
129 13.3245  1
199    0
130 12.1953  1
199    0
131 8.5081  1
133    11.168
132 6.46733  1
199    0
133 9.80331  1
199    0
134 10.6969  1
199    0
135 13.6151  5
174    12.3199
175    12.3793
176    12.573
177    7.20545
178    7.67788
136 13.1442  1
199    0
137 11.6063  1
199    0
138 6.58452  1
199    0
139 10.186  1
168    9.02997
140 11.9466  1
199    0
141 7.6957  8
191    8.34733
192    11.4068
193    9.39729
194    8.83532
195    7.00018
196    7.00751
197    7.0315
198    7.10987
142 13.8147  1
199    0
143 13.796  1
199    0
144 13.7353  1
199    0
145 13.5369  1
199    0
146 12.889  1
199    0
147 10.7732  1
199    0
148 13.8641  1
199    0
149 13.9575  1
199    0
150 14.2624  1
199    0
151 5.25758  1
199    0
152 5.85269  1
199    0
153 7.79611  1
199    0
154 14.1424  1
199    0
155 14.8663  1
199    0
156 7.22999  1
158    7.44972
157 12.2939  1
189    11.872
158 8.82977  1
199    0
159 7.51778  1
199    0
160 13.2336  1
199    0
161 11.8984  1
199    0
162 7.53822  1
199    0
163 13.3004  1
199    0
164 12.1166  1
199    0
165 8.25083  1
199    0
166 5.62716  1
189    8.48979
167 7.05969  1
199    0
168 11.7379  1
199    0
169 7.01422  1
199    0
170 11.5893  1
199    0
171 6.52867  6
179    9.22059
180    8.25834
181    11.1162
182    8.44823
183    11.7364
184    10.4736
172 10.0035  1
199    0
173 11.3506  1
199    0
174 5.74953  1
199    0
175 7.45918  1
199    0
176 13.0422  1
199    0
177 11.2737  1
199    0
178 5.49837  1
199    0
179 6.63915  1
189    8.82488
180 10.3645  1
199    0
181 12.5295  1
199    0
182 9.59914  1
199    0
183 10.0301  1
199    0
184 11.4373  1
199    0
185 6.03244  1
199    0
186 8.38328  1
199    0
187 6.0596  2
188    12.139
190    7.79653
188 8.47179  1
199    0
189 6.34861  1
199    0
190 9.41572  1
199    0
191 9.43129  1
199    0
192 9.48195  1
199    0
193 9.64736  1
199    0
194 10.1875  1
199    0
195 11.9515  1
199    0
196 7.71157  1
199    0
197 13.8665  1
199    0
198 13.9654  1
199    0
199 0  0
