97
0 12.0525  2
1    48.7974
2    54.3118
1 8.04147  2
2    50.0902
51    39.1859
2 14.9438  7
3    38.0973
4    45.1498
5    38.1788
6    45.4154
7    39.0458
8    48.2472
51    48.704
3 7.48299  1
51    41.0051
4 13.1201  1
96    0
5 11.5276  1
96    0
6 6.32756  9
9    48.2939
10    48.4458
11    48.9421
12    50.5626
13    55.8545
14    43.1347
15    61.5996
16    61.8963
17    62.8649
7 9.34675  1
96    0
8 9.20606  1
61    61.4257
9 8.74645  1
96    0
10 7.24555  1
96    0
11 12.3446  8
52    49.7853
53    53.3166
54    64.848
55    42.503
56    59.5369
57    55.1605
58    40.8687
59    54.1992
12 8.99548  1
96    0
13 8.05887  1
34    58.9427
14 5.00031  5
91    56.8818
92    46.4893
93    42.5533
94    59.7008
95    55.6952
15 5.01251  1
28    64.4763
16 5.05249  1
60    37.7293
17 5.18311  9
18    36.0273
19    38.3894
20    46.1029
21    41.2917
22    55.5808
23    42.2411
24    58.6818
25    52.3681
26    61.7507
18 5.60945  3
27    62.3898
34    53.2196
60    64.2547
19 7.00171  1
96    0
20 11.5484  8
35    64.5312
36    41.4684
37    56.1576
38    44.1244
39    64.8315
40    42.449
41    59.3602
42    54.5828
21 6.39531  1
60    40.5657
22 9.56801  1
50    36.8284
23 9.92843  7
43    38.9827
44    48.0403
45    47.6182
46    46.2394
47    41.7367
48    57.0338
49    46.9865
24 11.1055  5
29    41.2889
30    55.5716
31    42.2109
32    58.5829
33    52.0449
25 14.9493  1
61    55.838
26 7.50099  1
50    44.1766
27 13.179  1
96    0
28 11.7202  1
96    0
29 6.95624  1
96    0
30 11.3997  2
34    60.6951
61    61.3286
31 5.90976  1
60    41.3704
32 7.98257  1
96    0
33 14.7516  1
96    0
34 6.85522  1
96    0
35 11.0701  1
50    35.1575
36 14.8337  1
96    0
37 7.12348  10
71    54.819
72    39.7536
73    50.558
74    55.8399
75    43.0871
76    61.444
77    61.3881
78    61.2059
79    60.6108
80    58.6671
38 11.946  3
62    61.0109
63    59.9736
64    56.586
39 7.69387  1
96    0
40 13.8086  5
65    45.5243
66    39.402
67    49.4099
68    52.0907
69    60.8452
41 13.7762  8
82    61.5923
83    61.8725
84    62.7871
85    35.7727
86    37.5581
87    43.3883
88    62.4273
89    64.599
42 13.6703  2
50    35.0375
61    43.0816
43 13.3245  2
50    35.0009
60    64.501
44 12.1953  1
96    0
45 8.5081  1
96    0
46 6.46733  1
96    0
47 9.80331  1
96    0
48 10.6969  1
96    0
49 13.6151  2
50    35.5493
51    54.6451
50 13.1442  1
96    0
51 11.6063  1
96    0
52 6.58452  1
60    43.9477
53 10.186  1
96    0
54 11.9466  1
96    0
55 7.6957  1
96    0
56 13.8147  1
96    0
57 13.796  1
96    0
58 13.7353  1
60    53.2104
59 13.5369  1
96    0
60 12.889  1
70    59.4325
61 10.7732  1
96    0
62 13.8641  1
96    0
63 13.9575  1
96    0
64 14.2624  1
96    0
65 5.25758  1
96    0
66 5.85269  1
96    0
67 7.79611  1
96    0
68 14.1424  1
96    0
69 14.8663  1
96    0
70 7.22999  1
90    41.69
71 12.2939  1
96    0
72 8.82977  1
81    52.3196
73 7.51778  1
96    0
74 13.2336  1
96    0
75 11.8984  1
96    0
76 7.53822  1
96    0
77 13.3004  1
96    0
78 12.1166  1
96    0
79 8.25083  1
96    0
80 5.62716  1
96    0
81 7.05969  1
96    0
82 11.7379  1
96    0
83 7.01422  1
96    0
84 11.5893  1
96    0
85 6.52867  1
96    0
86 10.0035  1
96    0
87 11.3506  1
96    0
88 5.74953  1
96    0
89 7.45918  1
96    0
90 13.0422  1
96    0
91 11.2737  1
96    0
92 5.49837  1
96    0
93 6.63915  1
96    0
94 10.3645  1
96    0
95 12.5295  1
96    0
96 0  0
