117
0 13.7353  5
1    4.30816
2    6.14257
3    6.13286
4    6.10109
5    5.99736
1 13.5369  10
46    3.90458
47    4.82472
48    4.82939
49    4.84458
50    4.89421
51    5.05626
52    5.58545
53    4.31347
54    6.15996
99    5.47678
2 12.889  3
6    5.6586
7    4.55243
55    4.61029
3 10.7732  2
69    4.76182
80    5.99736
4 13.8641  10
28    6.24273
29    6.4599
30    4.169
31    5.68818
32    4.64893
33    4.25533
34    5.97008
35    5.56952
69    3.51575
100    5.38211
5 13.9575  1
44    3.99174
6 14.2624  6
8    3.9402
9    4.94099
10    5.20907
11    6.08452
12    5.94325
13    5.4819
7 5.25758  10
20    5.86671
21    5.23196
22    6.15923
23    6.18725
24    6.27871
25    3.57727
26    3.75581
27    4.33883
45    5.75886
56    4.22411
8 5.85269  2
42    4.10427
100    3.99174
9 7.79611  3
19    6.13881
83    4.30871
84    6.15923
10 14.1424  2
19    6.06108
45    4.54154
11 14.8663  1
101    3.81788
12 7.22999  7
14    3.97536
15    5.0558
16    5.58399
17    4.30871
18    6.1444
69    4.62394
80    4.13704
13 12.2939  4
55    6.18963
63    4.14684
79    6.42547
83    5.58399
14 8.82977  5
19    6.12059
42    5.00105
70    3.68284
84    6.27871
99    3.72486
15 7.51778  1
57    6.44763
16 13.2336  3
80    6.10109
100    5.91267
101    4.51498
17 11.8984  1
63    6.48315
18 7.53822  1
116    0
19 13.3004  2
79    4.05657
99    5.40518
20 12.1166  2
44    3.64951
55    5.55808
21 8.25083  3
42    5.52136
69    5.70338
70    4.10051
22 5.62716  10
36    4.26147
37    5.99013
38    5.63498
39    4.47525
40    3.68815
41    4.11791
44    5.91267
45    5.43118
57    6.17507
100    5.10936
23 7.05969  1
81    4.55243
24 11.7379  1
84    3.75581
25 7.01422  6
58    5.85829
59    5.20449
60    6.06951
61    5.89427
62    5.32196
69    3.50375
26 11.5893  1
116    0
27 6.52867  1
106    4.89421
28 10.0035  3
45    4.87974
55    3.60273
79    5.51605
29 11.3506  1
83    6.12059
30 5.74953  2
82    3.9402
101    5.43118
31 7.45918  2
42    3.9586
43    3.72486
32 13.0422  3
45    4.51498
55    6.28649
82    6.08452
33 11.2737  6
64    4.2449
65    5.93602
66    5.45828
67    3.89827
68    4.80403
106    4.84458
34 5.49837  3
45    5.00902
79    3.77293
83    5.86671
35 6.63915  7
71    5.46451
72    3.91859
73    4.8704
74    4.97853
75    5.33166
76    6.4848
77    4.2503
36 10.3645  2
43    5.40518
69    4.41766
37 12.5295  1
100    4.23775
38 9.59914  3
42    5.47678
44    4.23775
57    5.23681
39 10.0301  2
57    4.12889
63    6.45312
40 11.4373  3
44    5.38211
80    5.32104
83    6.06108
41 6.03244  2
80    5.5838
84    6.24273
42 8.38328  1
44    5.10936
43 6.0596  1
45    3.80973
44 8.47179  5
45    3.81788
57    5.55716
69    4.17367
80    6.13286
84    6.18725
45 6.34861  1
116    0
46 9.41572  2
80    6.14257
82    4.94099
47 9.43129  3
55    4.12917
57    6.23898
80    6.4501
48 9.48195  2
69    4.69865
100    5.00902
49 9.64736  2
57    4.22109
78    5.95369
50 10.1875  2
80    5.6586
100    3.64951
51 11.9515  6
85    4.169
86    5.68818
87    4.64893
88    4.25533
89    5.97008
90    5.56952
52 7.71157  2
63    5.61576
69    3.55493
53 13.8665  2
57    5.86818
82    5.4819
54 13.9654  2
55    3.83894
79    5.41992
55 14.2883  1
83    6.1444
56 5.34242  3
63    4.41244
83    5.0558
101    3.80973
57 6.1298  1
116    0
58 8.70098  1
116    0
59 7.09723  1
79    4.39477
60 11.8603  1
82    5.20907
61 7.41371  1
116    0
62 12.8939  9
91    4.26147
92    5.99013
93    5.63498
94    4.47525
95    3.68815
96    4.11791
97    5.52136
98    4.10427
100    5.75886
63 10.7894  1
82    5.94325
64 13.9169  1
106    5.58545
65 14.1299  2
83    6.13881
84    4.33883
66 14.8254  1
116    0
67 7.09632  1
69    3.50009
68 11.8572  1
84    3.57727
69 7.40364  9
107    4.31347
108    6.15996
109    6.18963
110    6.28649
111    3.60273
112    3.83894
113    4.61029
114    4.12917
115    5.55808
70 12.861  2
80    4.30816
99    5.00105
71 10.6816  1
116    0
72 13.565  2
79    4.08687
84    6.4599
73 12.9809  1
116    0
74 11.0732  1
83    3.97536
75 14.8437  1
84    5.23196
76 7.15613  1
116    0
77 12.0525  1
116    0
78 8.04147  1
116    0
79 14.9438  1
116    0
80 7.48299  4
102    4.54154
103    3.90458
104    4.82472
105    4.82939
81 13.1201  1
116    0
82 11.5276  1
116    0
83 6.32756  1
116    0
84 9.34675  1
116    0
85 9.20606  1
99    3.9586
86 8.74645  1
106    5.05626
87 7.24555  1
116    0
88 12.3446  1
100    4.87974
89 8.99548  1
116    0
90 8.05887  1
116    0
91 5.00031  1
116    0
92 5.01251  1
116    0
93 5.05249  1
116    0
94 5.18311  1
116    0
95 5.60945  1
116    0
96 7.00171  1
116    0
97 11.5484  1
116    0
98 6.39531  1
116    0
99 9.56801  1
116    0
100 9.92843  1
116    0
101 11.1055  1
116    0
102 14.9493  1
116    0
103 7.50099  1
116    0
104 13.179  1
116    0
105 11.7202  1
116    0
106 6.95624  1
116    0
107 11.3997  1
116    0
108 5.90976  1
116    0
109 7.98257  1
116    0
110 14.7516  1
116    0
111 6.85522  1
116    0
112 11.0701  1
116    0
113 14.8337  1
116    0
114 7.12348  1
116    0
115 11.946  1
116    0
116 0  0
