55
0 8.04147  1
1    0.861742
1 14.9438  10
2    1.22888
3    1.22776
4    1.22412
5    1.21222
6    1.17334
7    1.04639
8    1.23185
9    1.23745
10    1.25574
12    1.29198
2 7.48299  1
54    0
3 13.1201  1
35    0.965877
4 11.5276  1
21    1.127
5 6.32756  1
54    0
6 9.34675  2
12    1.24855
24    0.729902
7 9.20606  3
15    0.929786
16    0.851067
35    1.11709
8 8.74645  2
21    0.737629
42    1.17364
9 7.24555  1
24    1.07642
10 12.3446  6
11    0.715455
12    0.867766
21    0.89505
24    0.744972
35    0.968917
42    1.23501
11 8.99548  1
12    0.751161
12 8.05887  4
13    0.833799
14    1.13764
24    0.847551
43    1.28953
13 5.00031  4
17    1.19402
18    1.1139
19    0.852293
20    1.19803
14 5.01251  1
24    1.18253
15 5.05249  10
25    0.798349
26    1.02187
27    1.15177
28    0.975948
29    1.0018
30    1.08624
31    0.761946
32    0.902997
33    0.763576
34    0.908307
16 5.18311  1
21    0.820853
17 5.60945  1
35    0.978841
18 7.00171  1
21    1.10427
19 11.5484  1
21    0.823582
20 6.39531  3
22    1.09536
23    0.79172
24    1.00021
21 9.56801  3
24    1.08104
35    0.780917
42    1.24779
22 9.92843  2
40    0.922059
41    0.825834
23 11.1055  1
54    0
24 14.9493  1
54    0
25 7.50099  1
35    1.23199
26 13.179  1
54    0
27 11.7202  1
35    1.01125
28 6.95624  1
54    0
29 11.3997  1
35    0.964943
30 5.90976  2
35    0.862694
42    0.844823
31 7.98257  3
36    1.23793
37    1.2573
38    0.720545
32 14.7516  1
54    0
33 6.85522  2
39    0.767788
42    1.11162
34 11.0701  1
54    0
35 14.8337  1
43    0.825779
36 7.12348  1
54    0
37 11.946  1
54    0
38 7.69387  1
54    0
39 13.8086  1
42    1.04736
40 13.7762  1
54    0
41 13.6703  10
44    1.11143
45    0.844218
46    1.17166
47    1.0409
48    1.2139
49    1.17885
50    1.06439
51    1.29062
52    0.829368
53    1.12315
42 13.3245  1
54    0
43 12.1953  1
54    0
44 8.5081  1
54    0
45 6.46733  1
54    0
46 9.80331  1
54    0
47 10.6969  1
54    0
48 13.6151  1
54    0
49 13.1442  1
54    0
50 11.6063  1
54    0
51 6.58452  1
54    0
52 10.186  1
54    0
53 11.9466  1
54    0
54 0  0
