120
0 14.9438  2
1    5.23681
53    5.20907
1 7.48299  2
2    6.17507
3    6.23898
2 13.1201  1
3    6.44763
3 11.5276  1
4    4.12889
4 6.32756  8
5    5.55716
6    4.22109
7    5.85829
8    5.20449
9    6.06951
10    5.89427
11    5.32196
12    6.45312
5 9.34675  1
119    0
6 9.20606  1
72    5.56952
7 8.74645  2
16    6.48315
72    5.97008
8 7.24555  1
119    0
9 12.3446  3
13    4.14684
14    5.61576
15    4.41244
10 8.99548  10
17    4.2449
18    5.93602
19    5.45828
20    3.89827
21    4.80403
22    4.76182
23    4.62394
24    4.17367
71    5.68818
115    5.70338
11 8.05887  7
35    3.91859
36    4.8704
37    4.97853
38    5.33166
39    6.4848
40    4.2503
41    5.95369
12 5.00031  10
25    5.70338
26    4.69865
27    4.41766
28    3.50009
29    3.50375
30    3.51575
31    3.55493
32    3.68284
33    4.10051
34    5.46451
13 5.01251  1
119    0
14 5.05249  1
119    0
15 5.18311  1
53    3.9402
16 5.60945  2
53    6.10109
82    5.91267
17 7.00171  1
114    4.17367
18 11.5484  2
110    4.14684
112    5.45828
19 6.39531  1
119    0
20 9.56801  1
53    6.14257
21 9.92843  1
53    4.55243
22 11.1055  1
119    0
23 14.9493  2
72    4.25533
105    4.61029
24 7.50099  5
42    5.51605
43    4.08687
44    5.41992
45    3.77293
56    3.97536
25 13.179  6
47    4.05657
48    5.32104
49    6.4501
50    4.13704
51    5.5838
52    4.30816
26 11.7202  1
106    5.86818
27 6.95624  1
53    5.99736
28 11.3997  1
53    4.94099
29 5.90976  2
117    5.46451
118    3.91859
30 7.98257  1
119    0
31 14.7516  1
119    0
32 6.85522  7
64    5.23196
65    6.15923
66    6.18725
67    6.27871
68    3.57727
69    3.75581
70    4.33883
33 11.0701  3
71    4.169
72    5.63498
115    3.50375
34 14.8337  1
72    4.26147
35 7.12348  2
46    6.42547
53    5.6586
36 11.946  1
113    4.62394
37 7.69387  1
110    5.20449
38 13.8086  7
57    5.58399
58    4.30871
59    6.1444
60    6.13881
61    6.12059
62    6.06108
63    5.86671
39 13.7762  2
46    4.39477
53    6.13286
40 13.6703  3
71    6.4599
105    3.60273
115    4.69865
41 13.3245  1
111    6.48315
42 12.1953  1
112    3.89827
43 8.5081  1
71    6.24273
44 6.46733  2
82    4.23775
115    4.41766
45 9.80331  1
119    0
46 10.6969  1
53    6.08452
47 13.6151  1
119    0
48 13.1442  2
56    5.0558
116    3.68284
49 11.6063  1
71    4.64893
50 6.58452  2
54    5.94325
55    5.4819
51 10.186  1
119    0
52 11.9466  1
119    0
53 7.6957  1
119    0
54 13.8147  1
93    3.81788
55 13.796  3
107    6.44763
108    4.12889
109    5.55716
56 13.7353  1
119    0
57 13.5369  1
72    5.99013
58 12.889  2
82    3.72486
115    3.50009
59 10.7732  2
110    6.45312
116    4.10051
60 13.8641  1
111    4.41244
61 13.9575  1
119    0
62 14.2624  1
119    0
63 5.25758  1
119    0
64 5.85269  1
106    6.17507
65 7.79611  10
83    5.38211
84    3.64951
85    3.99174
86    5.10936
87    5.75886
88    4.87974
89    5.00902
90    5.43118
91    3.80973
92    4.51498
66 14.1424  1
112    4.76182
67 14.8663  1
119    0
68 7.22999  1
112    5.93602
69 12.2939  9
73    4.47525
74    3.68815
75    4.11791
76    5.52136
77    4.10427
78    5.47678
79    3.9586
80    5.00105
81    5.40518
70 8.82977  1
119    0
71 7.51778  1
110    5.32196
72 13.2336  1
119    0
73 11.8984  1
110    5.89427
74 7.53822  1
110    5.85829
75 13.3004  1
119    0
76 12.1166  2
105    6.28649
111    5.61576
77 8.25083  1
119    0
78 5.62716  1
119    0
79 7.05969  1
119    0
80 11.7379  1
119    0
81 7.01422  1
119    0
82 11.5893  2
94    4.54154
115    3.55493
83 6.52867  1
115    3.51575
84 10.0035  1
105    3.83894
85 11.3506  1
119    0
86 5.74953  1
106    5.55808
87 7.45918  1
119    0
88 13.0422  2
105    4.12917
110    6.06951
89 11.2737  2
106    4.22411
111    4.2449
90 5.49837  1
119    0
91 6.63915  1
119    0
92 10.3645  1
119    0
93 12.5295  10
95    3.90458
96    4.82472
97    4.82939
98    4.84458
99    4.89421
100    5.05626
101    5.58545
102    4.31347
103    6.15996
104    6.18963
94 9.59914  1
106    6.23898
95 10.0301  1
119    0
96 11.4373  1
119    0
97 6.03244  1
106    5.23681
98 8.38328  1
119    0
99 6.0596  1
119    0
100 8.47179  1
119    0
101 6.34861  1
110    4.22109
102 9.41572  1
119    0
103 9.43129  1
112    4.80403
104 9.48195  1
119    0
105 9.64736  1
119    0
106 10.1875  1
119    0
107 11.9515  1
119    0
108 7.71157  1
119    0
109 13.8665  1
119    0
110 13.9654  1
119    0
111 14.2883  1
119    0
112 5.34242  1
119    0
113 6.1298  1
119    0
114 8.70098  1
119    0
115 7.09723  1
119    0
116 11.8603  1
119    0
117 7.41371  1
119    0
118 12.8939  1
119    0
119 0  0
