114
0 8.38328  10
1    5.63498
2    4.47525
3    3.68815
4    4.11791
5    5.52136
6    4.10427
7    5.47678
8    3.9586
9    5.00105
10    5.40518
1 6.0596  2
66    4.55243
71    5.4819
2 8.47179  6
11    5.91267
16    3.80973
24    4.89421
55    3.68284
94    3.80973
102    4.31347
3 6.34861  8
17    4.51498
18    3.81788
19    4.54154
20    3.90458
21    4.82472
22    4.82939
23    4.84458
24    3.83894
4 9.41572  3
11    3.72486
16    4.87974
72    4.30871
5 9.43129  1
16    5.43118
6 9.48195  1
113    0
7 9.64736  4
11    4.23775
24    6.15996
25    4.61029
55    3.50009
8 10.1875  1
55    3.55493
9 11.9515  3
11    5.38211
24    3.60273
57    6.42547
10 7.71157  3
16    5.00902
24    5.58545
66    5.6586
11 13.8665  4
12    3.64951
13    3.99174
14    5.10936
15    5.75886
12 13.9654  1
24    4.31347
13 14.2883  2
24    6.28649
73    3.57727
14 5.34242  6
88    3.72486
89    4.23775
90    5.91267
91    5.38211
92    3.64951
93    3.99174
15 6.1298  6
26    4.12917
27    5.55808
28    4.22411
29    5.86818
30    5.23681
31    6.17507
16 8.70098  2
24    6.18963
56    4.97853
17 7.09723  1
24    5.05626
18 11.8603  1
66    6.10109
19 7.41371  2
33    6.44763
102    5.05626
20 12.8939  1
55    4.69865
21 10.7894  1
113    0
22 13.9169  3
85    3.9586
86    5.00105
87    5.40518
23 14.1299  1
57    5.51605
24 14.8254  5
55    3.50375
57    4.39477
72    6.12059
73    4.25533
94    5.43118
25 7.09632  1
113    0
26 11.8572  2
33    4.12889
57    5.41992
27 7.40364  5
34    5.55716
35    4.22109
36    5.85829
37    5.20449
71    5.0558
28 12.861  1
55    4.10051
29 10.6816  4
44    4.41244
45    6.48315
46    4.2449
47    5.93602
30 13.565  8
58    4.05657
59    5.32104
60    6.4501
61    4.13704
62    5.5838
63    4.30816
64    6.14257
65    6.13286
31 12.9809  2
32    6.23898
56    3.91859
32 11.0732  2
56    5.33166
72    6.13881
33 14.8437  1
113    0
34 7.15613  1
113    0
35 12.0525  8
48    5.45828
49    3.89827
50    4.80403
51    4.76182
52    4.62394
53    4.17367
54    5.70338
57    5.95369
36 8.04147  1
72    6.18725
37 14.9438  6
38    6.06951
39    5.89427
40    5.32196
41    6.45312
42    4.14684
43    5.61576
38 7.48299  1
56    5.46451
39 13.1201  1
73    4.169
40 11.5276  1
57    4.08687
41 6.32756  2
72    6.15923
73    6.27871
42 9.34675  2
66    3.9402
73    5.68818
43 9.20606  2
56    6.4848
72    5.23196
44 8.74645  4
57    3.77293
66    5.99736
72    6.06108
94    5.75886
45 7.24555  1
56    4.2503
46 12.3446  2
55    4.41766
73    4.64893
47 8.99548  3
71    3.97536
73    6.24273
102    5.58545
48 8.05887  1
113    0
49 5.00031  1
71    5.58399
50 5.01251  9
74    5.97008
75    5.56952
76    4.26147
77    5.99013
78    5.63498
79    4.47525
80    3.68815
81    4.11791
94    5.00902
51 5.05249  1
113    0
52 5.18311  1
113    0
53 5.60945  1
113    0
54 7.00171  1
55    3.51575
55 11.5484  1
56    4.8704
56 6.39531  5
96    4.54154
97    3.90458
98    4.82472
99    4.82939
100    4.84458
57 9.56801  1
113    0
58 9.92843  2
73    3.75581
94    4.51498
59 11.1055  1
113    0
60 14.9493  3
82    5.52136
83    4.10427
84    5.47678
61 7.50099  2
72    5.86671
73    6.4599
62 13.179  1
113    0
63 11.7202  1
95    3.81788
64 6.95624  5
67    4.94099
68    5.20907
69    6.08452
70    5.94325
73    4.33883
65 11.3997  10
103    6.28649
104    3.60273
105    3.83894
106    4.61029
107    4.12917
108    5.55808
109    4.22411
110    5.86818
111    5.23681
112    6.17507
66 5.90976  2
72    6.1444
101    4.89421
67 7.98257  1
113    0
68 14.7516  1
113    0
69 6.85522  1
113    0
70 11.0701  1
113    0
71 14.8337  1
102    6.15996
72 7.12348  1
113    0
73 11.946  1
113    0
74 7.69387  1
113    0
75 13.8086  1
113    0
76 13.7762  1
113    0
77 13.6703  1
113    0
78 13.3245  1
113    0
79 12.1953  1
94    5.10936
80 8.5081  1
113    0
81 6.46733  1
113    0
82 9.80331  1
113    0
83 10.6969  1
113    0
84 13.6151  1
94    4.87974
85 13.1442  1
113    0
86 11.6063  1
113    0
87 6.58452  1
113    0
88 10.186  1
113    0
89 11.9466  1
113    0
90 7.6957  1
113    0
91 13.8147  1
113    0
92 13.796  1
113    0
93 13.7353  1
113    0
94 13.5369  1
113    0
95 12.889  1
113    0
96 10.7732  1
113    0
97 13.8641  1
113    0
98 13.9575  1
113    0
99 14.2624  1
113    0
100 5.25758  1
113    0
101 5.85269  1
102    6.18963
102 7.79611  1
113    0
103 14.1424  1
113    0
104 14.8663  1
113    0
105 7.22999  1
113    0
106 12.2939  1
113    0
107 8.82977  1
113    0
108 7.51778  1
113    0
109 13.2336  1
113    0
110 11.8984  1
113    0
111 7.53822  1
113    0
112 13.3004  1
113    0
113 0  0
