202
0 5.05249  4
1    11.0427
29    7.67788
162    10.8104
166    10.4736
1 5.18311  7
2    8.20853
3    10.9536
4    7.9172
5    10.0021
6    10.8104
7    7.44972
161    8.23582
2 5.60945  3
29    12.8953
65    10.8398
122    11.4068
3 7.00171  10
21    9.08307
22    7.80917
23    9.64943
24    9.65877
25    9.68917
26    9.78841
65    11.1676
122    8.83532
162    7.98349
191    10.6421
4 11.5484  1
201    0
5 6.39531  1
160    11.9402
6 9.56801  3
29    12.3501
76    11.8865
103    9.02997
7 9.92843  6
8    8.47551
9    11.8253
10    10.7642
11    7.29902
12    7.98349
34    10.6439
8 11.1055  2
28    7.20545
89    8.33799
9 14.9493  1
29    8.44823
10 7.50099  10
13    10.2187
14    11.5177
15    9.75948
16    10.018
17    10.8624
18    7.61946
19    9.02997
20    7.63576
27    12.573
64    11.9074
11 13.179  5
27    12.3199
34    10.409
65    12.8509
107    12.8953
122    9.24787
12 11.7202  2
34    11.7885
191    12.8509
13 6.95624  2
76    10.1116
164    9.78841
14 11.3997  3
29    10.4736
64    8.17374
90    11.9803
15 5.90976  4
72    7.8804
73    9.88198
74    10.4181
75    12.169
16 7.98257  3
51    7.00018
52    7.00751
65    7.54585
17 14.7516  1
65    8.11313
18 6.85522  6
29    11.1162
65    8.78954
89    12.9198
162    7.44972
165    9.22059
171    11.7166
19 11.0701  3
27    8.62694
29    9.22059
34    12.139
20 14.8337  4
27    12.3793
89    12.4855
94    10.0021
165    12.3793
21 7.12348  6
30    8.25779
31    11.1143
32    8.44218
33    11.7166
76    10.9638
171    11.7885
22 11.946  3
27    10.1125
29    12.478
104    12.573
23 7.69387  2
29    8.25834
105    7.67788
24 13.8086  2
89    9.29786
103    9.65877
25 13.7762  2
66    12.2851
107    11.1143
26 13.6703  5
27    11.1709
29    11.7364
65    8.61632
67    12.2657
172    11.872
27 13.3245  10
35    12.9062
36    8.29368
37    11.2315
38    8.82488
39    12.9663
40    8.48979
41    11.872
42    10.9166
43    7.79653
44    9.60805
28 12.1953  2
90    11.27
103    7.80917
29 8.5081  7
95    10.7642
96    7.29902
97    7.98349
98    10.2187
99    11.5177
100    9.75948
101    10.018
30 6.46733  4
104    12.3199
139    9.10486
161    10.9536
162    10.2187
31 9.80331  3
104    11.1709
123    7.00751
139    8.61632
32 10.6969  1
191    8.11313
33 13.6151  1
89    11.9402
34 13.1442  1
165    8.25834
35 11.6063  3
49    9.39729
50    8.83532
171    8.29368
36 6.58452  1
201    0
37 10.186  3
102    10.8624
138    11.1676
164    9.68917
38 11.9466  1
164    9.02997
39 7.6957  2
65    10.6421
161    8.9505
40 13.8147  1
122    8.34733
41 13.796  1
201    0
42 13.7353  10
78    12.2888
79    12.2776
80    12.2412
81    12.1222
82    11.7334
83    10.4639
84    12.3185
85    12.3745
86    12.5574
87    7.15455
43 13.5369  6
45    9.52364
46    9.24787
47    8.34733
48    11.4068
123    7.10987
161    11.27
44 12.889  4
107    11.7166
139    12.2022
160    11.9803
172    7.79653
45 10.7732  6
124    8.20103
125    10.929
126    7.83718
127    9.74081
165    12.3199
166    8.44823
46 13.8641  4
53    7.0315
54    7.10987
55    7.36567
64    11.0321
47 13.9575  2
90    8.9505
107    10.409
48 14.2624  2
138    10.6421
163    11.5177
49 5.25758  1
89    11.3764
50 5.85269  9
108    12.139
109    11.7885
110    10.6439
111    12.9062
112    8.29368
113    11.2315
114    8.82488
115    12.9663
160    11.3764
51 7.79611  10
56    8.20103
57    10.929
58    7.83718
59    9.74081
60    9.95706
61    10.6633
62    12.9696
63    8.5006
94    10.9536
123    7.36567
52 14.1424  2
88    7.51161
162    11.8253
53 14.8663  1
201    0
54 7.22999  2
107    8.44218
190    10.8398
55 12.2939  3
106    12.3501
138    8.11313
190    11.9074
56 8.82977  2
65    12.9002
105    8.25834
57 7.51778  1
103    9.68917
58 13.2336  2
76    11.168
106    12.478
59 11.8984  2
147    8.61742
148    12.2888
60 7.53822  4
65    8.27409
123    7.0315
162    8.47551
165    7.67788
61 13.3004  1
94    10.8104
62 12.1166  4
94    7.9172
103    9.64943
159    12.4855
171    8.44218
63 8.25083  4
68    12.2022
69    11.9947
70    11.3172
71    9.10486
64 5.62716  6
116    8.48979
117    11.872
118    10.9166
119    7.79653
120    9.60805
121    9.52364
65 7.05969  2
94    8.47551
171    11.2315
66 11.7379  1
201    0
67 7.01422  1
201    0
68 11.5893  10
128    9.95706
129    10.6633
130    12.9696
131    8.5006
132    11.9074
133    11.0321
134    8.17374
135    10.8398
136    7.54585
162    7.29902
69 6.52867  1
76    7.95071
70 10.0035  1
201    0
71 11.3506  7
173    9.24787
174    8.34733
175    11.4068
176    9.39729
177    8.83532
178    7.00018
179    7.00751
72 5.74953  1
105    11.1162
73 7.45918  3
77    8.61742
138    12.9002
171    10.409
74 13.0422  1
94    7.44972
75 11.2737  1
89    8.67766
76 5.49837  1
102    7.61946
77 6.63915  2
104    12.3793
106    8.44823
78 10.3645  4
91    8.23582
92    11.0427
93    8.20853
104    10.1125
79 12.5295  3
90    7.37629
94    11.8253
106    10.4736
80 9.59914  1
171    12.9062
81 10.0301  2
89    8.51067
165    12.573
82 11.4373  1
89    8.52293
83 6.03244  2
107    8.25779
122    9.39729
84 8.38328  1
103    9.78841
85 6.0596  1
139    7.8804
86 8.47179  1
201    0
87 6.34861  1
139    11.9947
88 9.41572  2
89    11.139
172    9.60805
89 9.43129  2
103    9.08307
163    7.61946
90 9.48195  3
122    7.00018
161    7.9172
164    11.1709
91 9.64736  2
137    8.78954
160    11.139
92 10.1875  1
201    0
93 11.9515  2
161    11.0427
165    8.62694
94 7.71157  1
105    9.22059
95 13.8665  2
104    8.62694
139    12.2851
96 13.9654  1
164    10.1125
97 14.2883  1
105    7.20545
98 5.34242  1
201    0
99 6.1298  4
139    9.88198
163    10.8624
164    9.64943
172    9.52364
100 8.70098  1
201    0
101 7.09723  1
103    7.63576
102 11.8603  1
159    12.9198
103 7.41371  2
138    8.27409
191    7.54585
104 12.8939  1
106    11.7364
105 10.7894  1
191    12.9002
106 13.9169  1
201    0
107 14.1299  2
164    9.08307
190    11.0321
108 14.8254  1
201    0
109 7.09632  1
201    0
110 11.8572  1
172    8.48979
111 7.40364  1
160    9.29786
112 12.861  1
201    0
113 10.6816  1
201    0
114 13.565  1
201    0
115 12.9809  1
201    0
116 11.0732  2
139    12.2657
166    11.7364
117 14.8437  7
140    10.4181
141    12.169
142    11.8865
143    10.9638
144    7.95071
145    10.1116
146    11.168
118 7.15613  1
201    0
119 12.0525  10
149    12.2776
150    12.2412
151    12.1222
152    11.7334
153    10.4639
154    12.3185
155    12.3745
156    12.5574
157    7.15455
158    7.51161
120 8.04147  5
167    12.3501
168    12.478
169    12.8953
170    8.25779
171    10.6439
121 14.9438  1
201    0
122 7.48299  2
137    12.8509
163    9.75948
123 13.1201  1
201    0
124 11.5276  1
161    7.37629
125 6.32756  1
201    0
126 9.34675  1
201    0
127 9.20606  1
201    0
128 8.74645  1
201    0
129 7.24555  1
201    0
130 12.3446  1
201    0
131 8.99548  1
190    8.5006
132 8.05887  1
162    10.7642
133 5.00031  1
159    8.67766
134 5.01251  3
139    11.3172
164    7.63576
172    12.9663
135 5.05249  1
201    0
136 5.18311  1
164    7.80917
137 5.60945  1
160    8.52293
138 7.00171  1
166    11.1162
139 11.5484  1
191    8.78954
140 6.39531  1
171    11.1143
141 9.56801  2
161    8.20853
171    12.139
142 9.92843  1
201    0
143 11.1055  1
201    0
144 14.9493  1
201    0
145 7.50099  1
164    9.65877
146 13.179  10
180    7.0315
181    7.10987
182    7.36567
183    8.20103
184    10.929
185    7.83718
186    9.74081
187    9.95706
188    10.6633
189    12.9696
147 11.7202  1
201    0
148 6.95624  1
160    8.51067
149 11.3997  1
201    0
150 5.90976  1
201    0
151 7.98257  1
160    8.33799
152 14.7516  1
201    0
153 6.85522  1
201    0
154 11.0701  2
162    10.0021
165    7.20545
155 14.8337  1
201    0
156 7.12348  1
201    0
157 11.946  1
201    0
158 7.69387  1
201    0
159 13.8086  1
201    0
160 13.7762  1
201    0
161 13.6703  1
163    10.018
162 13.3245  1
201    0
163 12.1953  1
201    0
164 8.5081  1
201    0
165 6.46733  1
201    0
166 9.80331  1
201    0
167 10.6969  2
172    10.9166
190    8.17374
168 13.6151  1
201    0
169 13.1442  1
201    0
170 11.6063  1
201    0
171 6.58452  1
172    8.82488
172 10.186  1
201    0
173 11.9466  1
201    0
174 7.6957  1
201    0
175 13.8147  1
201    0
176 13.796  1
201    0
177 13.7353  1
201    0
178 13.5369  1
201    0
179 12.889  1
201    0
180 10.7732  1
191    8.27409
181 13.8641  1
201    0
182 13.9575  1
201    0
183 14.2624  1
201    0
184 5.25758  1
201    0
185 5.85269  9
192    11.1676
193    8.61632
194    12.2851
195    12.2657
196    12.2022
197    11.9947
198    11.3172
199    9.10486
200    7.8804
186 7.79611  1
201    0
187 14.1424  1
201    0
188 14.8663  1
201    0
189 7.22999  1
201    0
190 12.2939  1
201    0
191 8.82977  1
201    0
192 7.51778  1
201    0
193 13.2336  1
201    0
194 11.8984  1
201    0
195 7.53822  1
201    0
196 13.3004  1
201    0
197 12.1166  1
201    0
198 8.25083  1
201    0
199 5.62716  1
201    0
200 7.05969  1
201    0
201 0  0
