110
0 8.25083  7
1    1.01116
2    1.1168
3    0.861742
4    1.22888
5    1.22776
14    0.867766
102    0.720545
1 5.62716  3
53    0.844823
87    1.19947
100    0.908307
2 7.05969  5
14    1.24855
54    1.17364
55    1.24779
76    0.783718
77    1.06633
3 11.7379  10
6    1.22412
7    1.21222
8    1.17334
9    1.04639
10    1.23185
11    1.23745
12    1.25574
13    0.715455
37    0.975948
67    0.960805
4 7.01422  3
37    1.08624
67    1.09166
90    1.04639
5 11.5893  3
16    1.13764
17    0.929786
92    0.751161
6 6.52867  2
15    1.29198
76    0.820103
7 10.0035  1
37    1.15177
8 11.3506  2
36    0.798349
37    0.761946
9 5.74953  1
14    0.751161
10 7.45918  4
76    1.0929
77    1.29696
87    0.910486
94    0.737629
11 13.0422  7
21    0.852293
22    1.19803
23    1.127
24    0.89505
25    0.737629
89    0.795071
99    1.07642
12 11.2737  2
35    1.18253
100    0.763576
13 5.49837  2
15    0.833799
100    0.975948
14 6.63915  5
18    0.851067
19    1.19402
20    1.1139
78    1.08398
101    1.01125
15 10.3645  1
78    1.28509
16 12.5295  1
109    0
17 9.59914  1
109    0
18 10.0301  10
57    1.11143
58    0.844218
59    1.17166
60    1.0409
61    1.2139
62    1.17885
63    1.06439
64    1.29062
65    0.829368
66    1.12315
19 11.4373  4
52    0.767788
55    1.23501
67    0.882488
77    0.995706
20 6.03244  10
26    0.823582
27    1.10427
28    0.820853
29    1.09536
30    0.79172
31    1.00021
32    1.08104
33    0.744972
34    0.847551
88    1.2169
21 8.38328  3
67    0.952364
92    0.867766
101    1.23199
22 6.0596  1
95    0.823582
23 8.47179  4
37    1.0018
88    1.18865
92    1.29198
93    0.852293
24 6.34861  4
35    0.729902
90    1.22412
92    0.833799
100    0.780917
25 9.41572  1
67    0.848979
26 9.43129  4
41    0.964943
42    0.965877
92    0.851067
100    1.0018
27 9.48195  8
79    1.06421
80    1.29002
81    0.827409
82    1.11676
83    0.861632
84    1.22851
85    1.22657
86    1.22022
28 9.64736  5
35    1.07642
37    1.02187
90    1.23185
96    0.744972
99    0.729902
29 10.1875  1
109    0
30 11.9515  10
43    0.968917
44    0.978841
45    1.01125
46    1.11709
47    0.862694
48    1.23199
49    1.23793
50    1.2573
51    0.720545
55    1.04736
31 7.71157  2
76    0.736567
92    1.24855
32 13.8665  1
94    1.127
33 13.9654  3
67    1.29663
78    0.85006
94    1.19803
34 14.2883  1
109    0
35 5.34242  1
37    0.902997
36 6.1298  3
38    0.763576
39    0.908307
40    0.780917
37 8.70098  1
109    0
38 7.09723  3
56    0.825779
67    0.779653
95    0.79172
39 11.8603  4
78    1.10321
89    1.1168
100    1.08624
101    0.964943
40 7.41371  2
52    0.825834
55    1.28953
41 12.8939  2
88    1.04181
95    0.820853
42 10.7894  1
109    0
43 13.9169  1
89    1.01116
44 14.1299  1
109    0
45 14.8254  1
109    0
46 7.09632  1
109    0
47 11.8572  2
78    0.817374
89    1.22888
48 7.40364  2
87    1.13172
95    1.08104
49 12.861  1
52    0.922059
50 10.6816  2
53    1.11162
78    0.811313
51 13.565  3
67    1.1872
92    1.13764
95    1.00021
52 12.9809  1
102    1.2573
53 11.0732  1
90    1.25574
54 14.8437  2
97    0.847551
98    1.18253
55 7.15613  1
88    0.988198
56 12.0525  1
109    0
57 8.04147  8
68    0.834733
69    1.14068
70    0.939729
71    0.883532
72    0.700018
73    0.700751
74    0.703149
75    0.710987
58 14.9438  2
67    0.924787
100    0.761946
59 7.48299  1
90    1.21222
60 13.1201  1
99    1.02187
61 11.5276  1
78    0.878954
62 6.32756  1
101    0.862694
63 9.34675  2
76    0.974081
101    1.23793
64 9.20606  1
109    0
65 8.74645  3
87    0.78804
90    1.17334
101    1.11709
66 7.24555  1
78    1.19074
67 12.3446  1
109    0
68 8.99548  1
92    0.929786
69 8.05887  1
89    0.861742
70 5.00031  1
101    0.965877
71 5.01251  1
95    1.10427
72 5.05249  1
109    0
73 5.18311  1
90    1.23745
74 5.60945  1
91    0.715455
75 7.00171  1
78    0.754585
76 11.5484  1
109    0
77 6.39531  2
93    1.1139
99    0.798349
78 9.56801  1
109    0
79 9.92843  1
109    0
80 11.1055  1
89    1.22776
81 14.9493  1
109    0
82 7.50099  1
88    1.09638
83 13.179  1
93    1.19402
84 11.7202  1
109    0
85 6.95624  1
109    0
86 11.3997  1
100    1.15177
87 5.90976  1
109    0
88 7.98257  1
109    0
89 14.7516  1
109    0
90 6.85522  1
95    1.09536
91 11.0701  2
94    0.89505
100    0.902997
92 14.8337  1
109    0
93 7.12348  1
109    0
94 11.946  1
109    0
95 7.69387  1
101    0.978841
96 13.8086  1
109    0
97 13.7762  1
109    0
98 13.6703  6
103    0.767788
104    0.922059
105    0.825834
106    1.11162
107    0.844823
108    1.17364
99 13.3245  1
101    0.968917
100 12.1953  1
109    0
101 8.5081  1
109    0
102 6.46733  1
109    0
103 9.80331  1
109    0
104 10.6969  1
109    0
105 13.6151  1
109    0
106 13.1442  1
109    0
107 11.6063  1
109    0
108 6.58452  1
109    0
109 0  0
