174
0 7.00171  10
1    12.2776
2    12.2412
3    12.1222
4    11.7334
5    10.4639
6    12.3185
7    11.3764
8    8.51067
45    8.25779
46    12.9062
1 11.5484  6
11    11.27
12    8.9505
13    7.37629
38    10.1125
62    12.2888
120    8.78954
2 6.39531  8
6    7.15455
7    12.4855
28    10.018
43    7.67788
52    12.8509
62    10.4639
63    8.67766
140    12.4855
3 9.56801  5
7    7.51161
8    11.139
9    8.52293
52    8.78954
72    7.9172
4 9.92843  7
6    12.5574
7    12.9198
8    11.9402
45    12.478
46    11.7885
62    11.7334
133    10.9638
5 11.1055  3
6    12.3745
7    8.33799
142    11.9803
6 14.9493  3
7    8.67766
46    12.9663
64    8.51067
7 7.50099  2
8    9.29786
143    8.23582
8 13.179  3
45    11.1143
50    7.36567
103    8.34733
9 11.7202  6
10    11.9803
43    11.1162
44    11.7364
47    9.24787
133    7.8804
142    11.27
10 6.95624  3
48    9.39729
50    10.6633
133    8.61742
11 11.3997  6
14    8.23582
15    11.0427
16    8.20853
17    10.9536
18    7.9172
93    8.44823
12 5.90976  4
28    11.5177
43    7.20545
50    7.10987
140    7.51161
13 7.98257  4
34    9.64943
45    10.409
51    11.9074
63    11.3764
14 14.7516  4
44    10.4736
47    8.34733
62    12.1222
64    11.9803
15 6.85522  10
19    10.0021
20    10.8104
21    7.44972
22    8.47551
23    11.8253
24    10.7642
25    7.29902
26    7.98349
27    10.2187
51    12.9696
16 11.0701  8
28    10.8624
49    7.0315
51    8.5006
62    12.5574
63    12.4855
94    11.1143
103    10.9166
153    9.02997
17 14.8337  2
45    12.139
87    7.63576
18 7.12348  3
28    9.75948
50    10.929
103    9.60805
19 11.946  2
59    12.2022
147    7.98349
20 7.69387  2
46    8.48979
51    11.0321
21 13.8086  8
39    8.62694
40    12.3199
41    12.3793
42    12.573
49    7.00751
50    7.83718
61    12.169
93    7.67788
22 13.7762  3
47    11.4068
87    11.1709
103    7.79653
23 13.6703  6
35    9.65877
36    9.68917
37    9.78841
46    8.82488
47    7.79653
87    9.08307
24 13.3245  3
50    9.74081
103    11.4068
133    7.95071
25 12.1953  3
45    11.7166
50    8.20103
61    11.8865
26 8.5081  7
31    7.63576
32    9.08307
33    7.80917
43    9.22059
59    11.3172
61    10.1116
145    10.0021
27 6.46733  4
47    9.60805
49    7.00018
59    11.9947
61    11.168
28 9.80331  6
29    7.61946
30    9.02997
45    12.8953
46    8.29368
63    7.51161
93    12.3501
29 10.6969  1
173    0
30 13.6151  1
43    8.25834
31 13.1442  1
173    0
32 11.6063  1
94    8.44218
33 6.58452  2
62    12.2776
63    8.33799
34 10.186  5
38    11.1709
45    12.3501
46    10.9166
52    10.8398
61    10.9638
35 11.9466  3
48    8.83532
51    8.17374
59    9.88198
36 7.6957  6
53    12.9002
54    8.27409
55    11.1676
56    8.61632
57    12.2851
58    12.2657
37 13.8147  1
46    11.872
38 13.796  2
62    12.2412
87    9.68917
39 13.7353  2
43    8.44823
145    10.9536
40 13.5369  3
45    8.44218
46    11.2315
52    8.11313
41 12.889  1
52    7.54585
42 10.7732  1
47    9.52364
43 13.8641  4
59    7.8804
64    11.9402
87    7.80917
120    7.54585
44 13.9575  2
46    10.6439
133    11.168
45 14.2624  1
173    0
46 5.25758  3
63    12.9198
93    9.22059
94    11.7166
47 5.85269  2
144    11.0427
146    8.47551
48 7.79611  1
173    0
49 14.1424  4
50    9.95706
60    10.4181
61    7.95071
103    8.48979
50 14.8663  4
52    10.6421
59    9.10486
62    12.3745
63    9.29786
51 7.22999  3
94    12.8953
119    8.17374
133    11.8865
52 12.2939  1
173    0
53 8.82977  1
87    9.64943
54 7.51778  2
64    8.52293
87    9.02997
55 13.2336  2
62    12.3185
140    8.67766
56 11.8984  1
173    0
57 7.53822  4
69    11.0427
70    8.20853
71    10.9536
142    8.9505
58 13.3004  1
140    12.3185
59 12.1166  1
173    0
60 8.25083  1
61    8.61742
61 5.62716  3
62    7.15455
93    12.478
120    12.8509
62 7.05969  3
78    10.7642
93    8.25834
103    11.872
63 11.7379  2
64    11.139
142    8.52293
64 7.01422  5
65    11.27
66    8.9505
67    7.37629
68    8.23582
145    8.20853
65 11.5893  1
173    0
66 6.52867  1
94    10.409
67 10.0035  5
73    10.0021
74    10.8104
75    7.44972
76    8.47551
77    11.8253
68 11.3506  3
87    9.65877
141    12.9198
147    7.29902
69 5.74953  1
173    0
70 7.45918  2
87    9.78841
93    11.1162
71 13.0422  8
79    7.29902
80    7.98349
81    10.2187
82    11.5177
83    9.75948
84    10.018
85    10.8624
86    7.61946
72 11.2737  1
133    12.169
73 5.49837  1
103    9.24787
74 6.63915  1
119    10.8398
75 10.3645  9
95    12.139
96    11.7885
97    10.6439
98    12.9062
99    8.29368
100    11.2315
101    8.82488
102    12.9663
119    11.0321
76 12.5295  1
173    0
77 9.59914  1
93    10.4736
78 10.0301  1
93    11.7364
79 11.4373  1
140    12.3745
80 6.03244  1
173    0
81 8.38328  2
87    10.1125
145    7.9172
82 6.0596  1
133    10.4181
83 8.47179  5
88    8.62694
89    12.3199
90    12.3793
91    12.573
92    7.20545
84 6.34861  2
133    9.88198
142    11.3764
85 9.41572  10
104    8.83532
105    7.00018
106    7.00751
107    7.0315
108    7.10987
109    7.36567
110    8.20103
111    10.929
112    7.83718
113    9.74081
86 9.43129  5
128    12.2657
129    12.2022
130    11.9947
131    11.3172
132    9.10486
87 9.48195  1
173    0
88 9.64736  5
114    9.95706
115    10.6633
116    12.9696
117    8.5006
118    11.9074
89 10.1875  5
148    11.5177
149    9.75948
150    10.018
151    10.8624
152    7.61946
90 11.9515  2
103    9.39729
142    9.29786
91 7.71157  1
173    0
92 13.8665  2
94    8.25779
142    11.9402
93 13.9654  1
173    0
94 14.2883  1
173    0
95 5.34242  1
103    9.52364
96 6.1298  1
173    0
97 8.70098  1
173    0
98 7.09723  1
140    12.5574
99 11.8603  2
133    10.1116
140    7.15455
100 7.41371  1
146    7.44972
101 12.8939  7
134    12.2888
135    12.2776
136    12.2412
137    12.1222
138    11.7334
139    10.4639
147    10.2187
102 10.7894  1
173    0
103 13.9169  1
145    10.8104
104 14.1299  1
173    0
105 14.8254  1
173    0
106 7.09632  1
173    0
107 11.8572  1
142    7.37629
108 7.40364  6
154    7.80917
155    9.64943
156    9.65877
157    9.68917
158    9.78841
159    10.1125
109 12.861  1
173    0
110 10.6816  1
173    0
111 13.565  1
173    0
112 12.9809  8
121    8.11313
122    10.6421
123    12.9002
124    8.27409
125    11.1676
126    8.61632
127    12.2851
142    8.51067
113 11.0732  1
173    0
114 14.8437  1
173    0
115 7.15613  1
173    0
116 12.0525  1
173    0
117 8.04147  1
173    0
118 14.9438  1
173    0
119 7.48299  1
173    0
120 13.1201  1
173    0
121 11.5276  1
173    0
122 6.32756  1
173    0
123 9.34675  1
173    0
124 9.20606  1
173    0
125 8.74645  1
173    0
126 7.24555  1
173    0
127 12.3446  1
173    0
128 8.99548  1
173    0
129 8.05887  9
160    11.1709
161    8.62694
162    12.3199
163    12.3793
164    12.573
165    7.20545
166    7.67788
167    9.22059
168    8.25834
130 5.00031  2
141    8.33799
147    10.7642
131 5.01251  1
173    0
132 5.05249  1
173    0
133 5.18311  1
142    11.139
134 5.60945  1
173    0
135 7.00171  1
173    0
136 11.5484  1
173    0
137 6.39531  1
173    0
138 9.56801  1
173    0
139 9.92843  1
173    0
140 11.1055  1
173    0
141 14.9493  1
173    0
142 7.50099  1
173    0
143 13.179  1
146    11.8253
144 11.7202  1
173    0
145 6.95624  1
173    0
146 11.3997  1
173    0
147 5.90976  1
173    0
148 7.98257  1
173    0
149 14.7516  1
173    0
150 6.85522  1
153    7.63576
151 11.0701  1
173    0
152 14.8337  1
153    9.08307
153 7.12348  1
173    0
154 11.946  1
173    0
155 7.69387  1
173    0
156 13.8086  1
173    0
157 13.7762  1
173    0
158 13.6703  1
173    0
159 13.3245  1
173    0
160 12.1953  1
173    0
161 8.5081  1
173    0
162 6.46733  1
173    0
163 9.80331  1
173    0
164 10.6969  1
173    0
165 13.6151  4
169    11.1162
170    8.44823
171    11.7364
172    10.4736
166 13.1442  1
173    0
167 11.6063  1
173    0
168 6.58452  1
173    0
169 10.186  1
173    0
170 11.9466  1
173    0
171 7.6957  1
173    0
172 13.8147  1
173    0
173 0  0
