99
0 6.63915  9
1    6.1444
2    6.13881
3    6.12059
4    6.06108
5    5.86671
6    5.23196
27    5.10936
54    5.70338
61    4.2503
1 10.3645  6
30    3.83894
31    4.61029
32    4.12917
33    5.55808
34    4.22411
35    5.86818
2 12.5295  3
24    5.00105
27    5.91267
29    4.84458
3 9.59914  2
15    4.169
78    6.1444
4 10.0301  2
20    5.63498
29    6.15996
5 11.4373  1
28    4.51498
6 6.03244  9
7    6.15923
8    6.18725
9    6.27871
10    3.57727
11    3.75581
12    4.33883
13    6.24273
14    6.4599
24    5.47678
7 8.38328  2
27    3.64951
61    5.33166
8 6.0596  2
29    3.60273
90    4.169
9 8.47179  1
28    5.43118
10 6.34861  1
61    5.51605
11 9.41572  4
24    4.10427
27    5.38211
28    3.90458
29    6.18963
12 9.43129  2
15    4.64893
27    5.00902
13 9.48195  7
16    4.25533
17    5.97008
18    5.56952
19    4.26147
27    4.23775
29    4.89421
90    6.4599
14 9.64736  2
15    5.68818
53    4.2449
15 10.1875  5
21    4.47525
22    3.68815
23    4.11791
54    3.50009
78    5.58399
16 11.9515  3
28    3.80973
54    4.17367
62    6.42547
17 7.71157  2
24    3.9586
29    5.05626
18 13.8665  1
29    5.58545
19 13.9654  5
20    5.99013
24    5.52136
27    3.99174
29    4.31347
61    4.08687
20 14.2883  5
25    5.40518
26    3.72486
27    4.87974
28    4.82939
54    4.80403
21 5.34242  2
28    4.82472
29    6.28649
22 6.1298  1
98    0
23 8.70098  1
98    0
24 7.09723  1
61    5.95369
25 11.8603  2
27    5.75886
28    3.81788
26 7.41371  1
90    5.97008
27 12.8939  2
28    4.54154
78    4.30871
28 10.7894  1
53    5.45828
29 13.9169  2
54    3.89827
78    5.94325
30 14.1299  1
90    5.56952
31 14.8254  1
62    4.05657
32 7.09632  9
36    5.23681
37    6.17507
38    6.23898
39    6.44763
40    4.12889
41    5.55716
42    4.22109
43    5.85829
44    5.20449
33 11.8572  1
61    4.97853
34 7.40364  1
98    0
35 12.861  1
61    3.77293
36 10.6816  1
98    0
37 13.565  1
98    0
38 12.9809  1
98    0
39 11.0732  10
45    6.06951
46    5.89427
47    5.32196
48    6.45312
49    4.14684
50    5.61576
51    4.41244
52    6.48315
53    5.93602
54    4.76182
40 14.8437  1
98    0
41 7.15613  6
55    3.51575
56    3.55493
57    3.68284
58    4.10051
59    5.46451
60    3.91859
42 12.0525  1
54    3.50375
43 8.04147  1
98    0
44 14.9438  1
98    0
45 7.48299  1
98    0
46 13.1201  1
98    0
47 11.5276  3
54    4.62394
61    6.4848
90    5.68818
48 6.32756  1
98    0
49 9.34675  1
90    4.25533
50 9.20606  1
98    0
51 8.74645  2
54    4.41766
61    5.41992
52 7.24555  1
54    4.69865
53 12.3446  1
61    4.8704
54 8.99548  1
98    0
55 8.05887  1
98    0
56 5.00031  1
98    0
57 5.01251  1
98    0
58 5.05249  1
62    4.39477
59 5.18311  1
98    0
60 5.60945  1
98    0
61 7.00171  1
98    0
62 11.5484  7
63    5.32104
64    6.4501
65    4.13704
66    5.5838
67    4.30816
68    6.14257
69    6.13286
63 6.39531  1
98    0
64 9.56801  1
98    0
65 9.92843  1
98    0
66 11.1055  1
98    0
67 14.9493  1
98    0
68 7.50099  1
98    0
69 13.179  8
70    6.10109
71    5.99736
72    5.6586
73    4.55243
74    3.9402
75    4.94099
76    5.20907
77    6.08452
70 11.7202  1
98    0
71 6.95624  8
79    6.12059
80    6.06108
81    5.86671
82    5.23196
83    6.15923
84    6.18725
85    6.27871
86    3.57727
72 11.3997  1
78    5.4819
73 5.90976  1
78    6.13881
74 7.98257  1
78    3.97536
75 14.7516  1
78    5.0558
76 6.85522  1
98    0
77 11.0701  1
98    0
78 14.8337  1
98    0
79 7.12348  7
91    4.26147
92    5.99013
93    5.63498
94    4.47525
95    3.68815
96    4.11791
97    5.52136
80 11.946  3
87    3.75581
88    4.33883
89    6.24273
81 7.69387  1
98    0
82 13.8086  1
98    0
83 13.7762  1
98    0
84 13.6703  1
98    0
85 13.3245  1
98    0
86 12.1953  1
98    0
87 8.5081  1
90    4.64893
88 6.46733  1
98    0
89 9.80331  1
98    0
90 10.6969  1
98    0
91 13.6151  1
98    0
92 13.1442  1
98    0
93 11.6063  1
98    0
94 6.58452  1
98    0
95 10.186  1
98    0
96 11.9466  1
98    0
97 7.6957  1
98    0
98 0  0
