85
0 10.0035  1
1    1.06421
1 11.3506  1
2    1.29002
2 5.74953  8
3    0.827409
4    1.11676
5    0.861632
6    1.22851
7    1.22657
8    1.22022
26    1.17334
29    0.833799
3 7.45918  3
26    1.04639
28    0.867766
29    1.1139
4 13.0422  1
53    0.908307
5 11.2737  1
30    1.127
6 5.49837  1
9    1.19947
7 6.63915  10
10    1.13172
11    0.910486
12    0.78804
13    0.988198
14    1.04181
15    1.2169
16    1.18865
17    1.09638
18    0.795071
19    1.01116
8 10.3645  4
38    1.08104
39    0.744972
40    0.847551
41    1.18253
9 12.5295  2
26    1.23185
59    1.17364
10 9.59914  1
84    0
11 10.0301  1
29    1.29198
12 11.4373  1
30    0.89505
13 6.03244  2
29    0.929786
53    0.978841
14 8.38328  2
28    0.715455
29    1.13764
15 6.0596  8
20    1.1168
21    0.861742
22    1.22888
23    1.22776
24    1.22412
25    1.21222
29    0.852293
70    1.12315
16 8.47179  7
47    0.975948
48    1.0018
49    1.08624
50    0.761946
51    0.902997
52    0.763576
53    1.01125
17 6.34861  1
26    1.23745
18 9.41572  1
84    0
19 9.43129  1
59    1.24779
20 9.48195  1
59    1.04736
21 9.64736  2
29    1.19803
53    0.968917
22 10.1875  2
27    1.25574
28    0.751161
23 11.9515  7
31    0.737629
32    0.823582
33    1.10427
34    0.820853
35    1.09536
36    0.79172
37    1.00021
24 7.71157  1
84    0
25 13.8665  2
29    0.851067
58    0.922059
26 13.9654  1
29    1.24855
27 14.2883  1
53    1.11709
28 5.34242  1
29    1.19402
29 6.1298  1
84    0
30 8.70098  1
84    0
31 7.09723  1
53    0.780917
32 11.8603  1
84    0
33 7.41371  1
70    0.829368
34 12.8939  2
53    0.965877
58    0.767788
35 10.7894  1
84    0
36 13.9169  1
84    0
37 14.1299  1
84    0
38 14.8254  4
54    0.862694
55    1.23199
56    1.23793
57    1.2573
39 7.09632  1
84    0
40 11.8572  5
42    1.07642
43    0.729902
44    0.798349
45    1.02187
46    1.15177
41 7.40364  1
58    0.720545
42 12.861  1
59    1.23501
43 10.6816  1
53    0.964943
44 13.565  1
84    0
45 12.9809  8
60    1.28953
61    0.825779
62    1.11143
63    0.844218
64    1.17166
65    1.0409
66    1.2139
67    1.17885
46 11.0732  1
59    1.11162
47 14.8437  1
80    0.834733
48 7.15613  1
84    0
49 12.0525  2
68    1.06439
69    1.29062
50 8.04147  1
84    0
51 14.9438  1
84    0
52 7.48299  1
84    0
53 13.1201  1
59    0.844823
54 11.5276  1
58    0.825834
55 6.32756  1
84    0
56 9.34675  1
84    0
57 9.20606  1
84    0
58 8.74645  1
84    0
59 7.24555  1
84    0
60 12.3446  1
84    0
61 8.99548  1
84    0
62 8.05887  1
84    0
63 5.00031  3
81    1.14068
82    0.939729
83    0.883532
64 5.01251  9
71    0.882488
72    1.29663
73    0.848979
74    1.1872
75    1.09166
76    0.779653
77    0.960805
78    0.952364
79    0.924787
65 5.05249  1
84    0
66 5.18311  1
84    0
67 5.60945  1
84    0
68 7.00171  1
84    0
69 11.5484  1
84    0
70 6.39531  1
84    0
71 9.56801  1
84    0
72 9.92843  1
84    0
73 11.1055  1
84    0
74 14.9493  1
84    0
75 7.50099  1
84    0
76 13.179  1
84    0
77 11.7202  1
84    0
78 6.95624  1
84    0
79 11.3997  1
84    0
80 5.90976  1
84    0
81 7.98257  1
84    0
82 14.7516  1
84    0
83 6.85522  1
84    0
84 0  0
