64
0 13.1442  7
1    6.28649
2    3.60273
3    3.83894
7    5.23681
14    5.89427
18    4.97853
19    5.95369
1 11.6063  3
7    4.22411
14    5.45828
45    5.75886
2 6.58452  7
4    4.61029
5    4.12917
6    5.55808
7    6.23898
16    4.41766
19    3.77293
44    5.40518
3 10.186  3
14    6.48315
24    5.5838
34    4.30871
4 11.9466  8
7    5.86818
14    5.32196
15    3.89827
17    3.55493
18    4.10051
24    4.13704
34    6.1444
45    5.10936
5 7.6957  5
7    6.44763
14    5.93602
16    5.70338
19    4.2503
35    6.15923
6 13.8147  5
7    6.17507
18    4.8704
24    6.14257
44    5.00105
45    3.64951
7 13.796  10
8    4.12889
9    5.55716
10    4.22109
11    5.85829
12    5.20449
13    6.06951
16    4.69865
19    5.51605
24    6.13286
34    5.58399
8 13.7353  3
16    4.17367
18    3.68284
45    5.00902
9 13.5369  4
14    4.2449
17    3.51575
43    4.26147
44    5.47678
10 12.889  5
14    6.45312
16    4.62394
17    3.50375
34    6.13881
35    5.23196
11 10.7732  2
14    5.61576
19    5.41992
12 13.8641  6
14    4.41244
16    4.80403
17    3.50009
18    5.46451
19    4.08687
45    5.91267
13 13.9575  2
14    4.14684
19    6.4848
14 14.2624  1
19    4.39477
15 5.25758  2
16    4.76182
44    3.72486
16 5.85269  4
19    5.33166
35    6.27871
44    4.23775
45    3.99174
17 7.79611  1
18    3.91859
18 14.1424  1
35    6.06108
19 14.8663  4
20    6.42547
21    4.05657
22    5.32104
23    6.4501
20 7.22999  10
25    6.10109
26    5.99736
27    5.6586
28    4.55243
29    3.9402
30    4.94099
31    5.20907
32    6.08452
33    5.94325
43    5.56952
21 12.2939  3
24    4.30816
34    5.0558
43    4.11791
22 8.82977  1
35    6.18725
23 7.51778  1
63    0
24 13.2336  1
63    0
25 11.8984  1
34    3.97536
26 7.53822  1
43    5.97008
27 13.3004  7
46    3.80973
47    4.51498
48    3.81788
49    4.54154
50    3.90458
51    4.82472
52    4.82939
28 12.1166  2
35    6.12059
43    5.63498
29 8.25083  1
34    5.4819
30 5.62716  1
63    0
31 7.05969  2
35    5.86671
45    5.38211
32 11.7379  1
44    4.10427
33 7.01422  1
43    4.47525
34 11.5893  2
35    3.57727
43    3.68815
35 6.52867  8
36    3.75581
37    4.33883
38    6.24273
39    6.4599
40    4.169
41    5.68818
42    4.64893
43    5.99013
36 10.0035  10
53    4.84458
54    4.89421
55    5.05626
56    5.58545
57    4.31347
58    6.15996
59    6.18963
60    6.28649
61    3.60273
62    3.83894
37 11.3506  1
43    4.25533
38 5.74953  1
63    0
39 7.45918  1
63    0
40 13.0422  1
45    5.43118
41 11.2737  1
63    0
42 5.49837  1
44    3.9586
43 6.63915  1
44    5.52136
44 10.3645  1
45    4.87974
45 12.5295  1
63    0
46 9.59914  1
63    0
47 10.0301  1
63    0
48 11.4373  1
63    0
49 6.03244  1
63    0
50 8.38328  1
63    0
51 6.0596  1
63    0
52 8.47179  1
63    0
53 6.34861  1
63    0
54 9.41572  1
63    0
55 9.43129  1
63    0
56 9.48195  1
63    0
57 9.64736  1
63    0
58 10.1875  1
63    0
59 11.9515  1
63    0
60 7.71157  1
63    0
61 13.8665  1
63    0
62 13.9654  1
63    0
63 0  0
