48
0 13.179  4
1    1.19402
2    1.1139
14    1.07642
27    1.23501
1 11.7202  1
27    0.922059
2 6.95624  5
3    0.852293
4    1.19803
5    1.127
6    0.89505
7    0.737629
3 11.3997  2
8    1.10427
26    0.978841
4 5.90976  2
14    0.729902
27    1.11162
5 7.98257  3
8    0.823582
14    0.744972
26    1.2573
6 14.7516  1
14    1.15177
7 6.85522  5
10    1.09536
11    0.79172
12    1.00021
13    1.08104
27    0.767788
8 11.0701  2
9    0.820853
14    0.847551
9 14.8337  2
14    1.18253
26    1.23793
10 7.12348  1
14    1.02187
11 11.946  10
16    1.0018
17    1.08624
18    0.761946
19    0.902997
20    0.763576
21    0.908307
22    0.780917
23    0.964943
24    0.965877
25    0.968917
12 7.69387  1
47    0
13 13.8086  1
14    0.798349
14 13.7762  1
15    0.975948
15 13.6703  4
28    1.24779
29    1.28953
30    0.825779
31    1.11143
16 13.3245  1
47    0
17 12.1953  1
26    1.11709
18 8.5081  1
26    0.862694
19 6.46733  2
26    1.23199
27    0.825834
20 9.80331  1
26    1.01125
21 10.6969  1
47    0
22 13.6151  1
27    0.844823
23 13.1442  1
27    1.17364
24 11.6063  1
27    0.720545
25 6.58452  1
27    1.04736
26 10.186  1
47    0
27 11.9466  1
47    0
28 7.6957  1
47    0
29 13.8147  1
47    0
30 13.796  1
47    0
31 13.7353  9
32    0.844218
33    1.17166
34    1.0409
35    1.2139
36    1.17885
37    1.06439
38    1.29062
39    0.829368
40    1.12315
32 13.5369  1
47    0
33 12.889  1
47    0
34 10.7732  1
47    0
35 13.8641  6
41    0.882488
42    1.29663
43    0.848979
44    1.1872
45    1.09166
46    0.779653
36 13.9575  1
47    0
37 14.2624  1
47    0
38 5.25758  1
47    0
39 5.85269  1
47    0
40 7.79611  1
47    0
41 14.1424  1
47    0
42 14.8663  1
47    0
43 7.22999  1
47    0
44 12.2939  1
47    0
45 8.82977  1
47    0
46 7.51778  1
47    0
47 0  0
