125
0 11.0701  3
1    5.33166
8    4.39477
17    6.1444
1 14.8337  7
2    6.4848
3    4.2503
8    5.32104
16    5.20907
17    4.30871
69    5.55716
110    4.33883
2 7.12348  6
4    5.95369
5    5.51605
6    4.08687
8    6.4501
17    5.0558
70    6.45312
3 11.946  3
9    5.5838
29    4.64893
52    3.81788
4 7.69387  5
8    3.77293
16    6.08452
28    4.169
73    3.89827
112    5.68818
5 13.8086  4
7    5.41992
8    6.42547
9    6.13286
16    5.94325
6 13.7762  3
8    4.13704
9    6.14257
51    5.00902
7 13.6703  6
8    4.05657
17    3.97536
72    6.48315
111    4.169
113    4.47525
114    3.99174
8 13.3245  3
9    4.30816
28    6.24273
101    4.55243
9 12.1953  7
10    6.10109
11    5.99736
12    5.6586
13    4.55243
14    3.9402
15    4.94099
53    4.89421
10 8.5081  3
17    5.58399
29    4.25533
52    4.54154
11 6.46733  1
124    0
12 9.80331  4
61    3.83894
62    4.61029
63    4.12917
109    5.86671
13 10.6969  10
18    6.13881
19    6.12059
20    6.06108
21    5.86671
22    5.23196
23    6.15923
24    6.18725
25    6.27871
26    3.57727
27    3.75581
14 13.6151  3
16    5.4819
29    5.68818
51    5.75886
15 13.1442  2
73    5.45828
110    6.15923
16 11.6063  1
124    0
17 6.58452  1
73    5.93602
18 10.186  3
28    6.4599
73    4.17367
74    3.50009
19 11.9466  1
28    4.33883
20 7.6957  2
52    4.84458
72    4.41244
21 13.8147  2
43    5.40518
109    5.0558
22 13.796  1
52    5.43118
23 13.7353  1
124    0
24 13.5369  2
52    4.82939
112    5.97008
25 12.889  3
70    5.32196
110    3.57727
113    5.63498
26 10.7732  7
30    5.97008
31    5.56952
32    4.26147
33    5.99013
34    5.63498
35    4.47525
74    3.50375
27 13.8641  8
75    3.68284
76    4.10051
77    5.46451
78    3.91859
79    4.8704
80    4.97853
112    4.64893
113    5.47678
28 13.9575  8
36    3.68815
37    4.11791
38    5.52136
39    4.10427
40    5.47678
41    3.9586
42    5.00105
74    3.55493
29 14.2624  1
71    5.61576
30 5.25758  10
44    3.72486
45    4.23775
46    5.91267
47    5.38211
48    3.64951
49    3.99174
50    5.10936
52    3.90458
69    4.22109
109    6.13881
31 5.85269  1
73    4.2449
32 7.79611  1
112    4.26147
33 14.1424  1
124    0
34 14.8663  2
69    5.85829
74    3.51575
35 7.22999  3
69    4.12889
110    6.27871
111    6.24273
36 12.2939  1
111    6.4599
37 8.82977  1
70    6.06951
38 7.51778  1
124    0
39 13.2336  1
109    6.06108
40 11.8984  1
73    4.80403
41 7.53822  5
64    5.55808
65    4.22411
66    5.86818
67    5.23681
68    6.17507
42 13.3004  1
69    6.23898
43 12.1166  1
124    0
44 8.25083  1
70    5.89427
45 5.62716  1
52    4.51498
46 7.05969  1
124    0
47 11.7379  1
113    3.9586
48 7.01422  1
124    0
49 11.5893  1
52    4.82472
50 6.52867  2
51    4.87974
52    3.80973
51 10.0035  1
124    0
52 11.3506  1
69    6.44763
53 5.74953  8
54    5.05626
55    5.58545
56    4.31347
57    6.15996
58    6.18963
59    6.28649
60    3.60273
112    4.25533
54 7.45918  1
73    4.62394
55 13.0422  1
74    5.70338
56 11.2737  4
74    4.69865
109    6.1444
110    3.75581
114    3.72486
57 5.49837  1
110    5.23196
58 6.63915  1
124    0
59 10.3645  3
69    5.20449
113    5.52136
114    5.91267
60 12.5295  9
115    5.10936
116    5.75886
117    4.87974
118    5.00902
119    5.43118
120    3.80973
121    4.51498
122    3.81788
123    4.54154
61 9.59914  1
124    0
62 10.0301  1
124    0
63 11.4373  1
113    5.00105
64 6.03244  1
73    4.76182
65 8.38328  2
70    4.14684
74    4.41766
66 6.0596  10
81    5.33166
82    6.4848
83    4.2503
84    5.95369
85    5.51605
86    4.08687
87    5.41992
88    3.77293
89    4.39477
90    6.42547
67 8.47179  1
124    0
68 6.34861  1
124    0
69 9.41572  1
124    0
70 9.43129  1
124    0
71 9.48195  1
124    0
72 9.64736  1
124    0
73 10.1875  3
106    5.94325
107    5.4819
108    3.97536
74 11.9515  1
114    5.38211
75 7.71157  1
124    0
76 13.8665  1
124    0
77 13.9654  1
124    0
78 14.2883  1
124    0
79 5.34242  2
109    4.30871
113    4.10427
80 6.1298  1
124    0
81 8.70098  1
113    3.68815
82 7.09723  1
124    0
83 11.8603  1
124    0
84 7.41371  1
124    0
85 12.8939  1
124    0
86 10.7894  1
124    0
87 13.9169  10
91    4.05657
92    5.32104
93    6.4501
94    4.13704
95    5.5838
96    4.30816
97    6.14257
98    6.13286
99    6.10109
100    5.99736
88 14.1299  1
124    0
89 14.8254  1
124    0
90 7.09632  1
124    0
91 11.8572  2
112    5.56952
113    5.99013
92 7.40364  1
124    0
93 12.861  2
109    6.12059
110    6.18725
94 10.6816  1
114    3.64951
95 13.565  1
124    0
96 12.9809  1
124    0
97 11.0732  1
101    5.6586
98 14.8437  1
124    0
99 7.15613  4
102    3.9402
103    4.94099
104    5.20907
105    6.08452
100 12.0525  1
124    0
101 8.04147  1
124    0
102 14.9438  1
113    4.11791
103 7.48299  1
124    0
104 13.1201  1
124    0
105 11.5276  1
109    5.58399
106 6.32756  1
114    5.40518
107 9.34675  1
124    0
108 9.20606  1
124    0
109 8.74645  1
124    0
110 7.24555  1
124    0
111 12.3446  1
124    0
112 8.99548  1
124    0
113 8.05887  1
114    4.23775
114 5.00031  1
124    0
115 5.01251  1
124    0
116 5.05249  1
124    0
117 5.18311  1
124    0
118 5.60945  1
124    0
119 7.00171  1
124    0
120 11.5484  1
124    0
121 6.39531  1
124    0
122 9.56801  1
124    0
123 9.92843  1
124    0
124 0  0
