105
0 5.18311  3
1    1.04736
30    0.827409
57    1.19402
1 5.60945  4
2    1.23501
3    1.24779
22    0.883532
72    1.02187
2 7.00171  4
4    1.28953
5    0.825779
6    1.11143
7    0.844218
3 11.5484  2
22    0.952364
24    0.995706
4 6.39531  2
30    1.11676
86    1.28953
5 9.56801  7
8    1.17166
9    1.0409
10    1.2139
11    1.17885
30    1.06421
73    1.08624
74    0.964943
6 9.92843  10
12    1.06439
13    1.29062
14    0.829368
15    1.12315
16    0.882488
17    1.29663
18    0.848979
19    1.1872
20    1.09166
21    0.779653
7 11.1055  2
30    0.878954
74    0.780917
8 14.9493  2
22    1.14068
23    0.700751
9 7.50099  1
104    0
10 13.179  3
22    0.960805
24    0.974081
57    1.1139
11 11.7202  3
24    1.0929
30    1.28509
73    0.902997
12 6.95624  3
28    1.10321
29    0.817374
33    1.22022
13 11.3997  2
23    0.710987
33    1.19947
14 5.90976  4
22    0.924787
23    0.703149
33    1.22657
57    1.13764
15 7.98257  2
24    0.820103
57    1.29198
16 14.7516  1
24    1.06633
17 6.85522  1
22    0.834733
18 11.0701  2
22    0.939729
30    0.811313
19 14.8337  1
24    0.736567
20 7.12348  1
30    1.29002
21 11.946  2
24    0.783718
57    0.851067
22 7.69387  1
23    0.700018
23 13.8086  2
26    0.85006
27    1.19074
24 13.7762  1
25    1.29696
25 13.6703  4
58    1.19803
59    1.127
60    0.89505
61    0.737629
26 13.3245  2
31    0.861632
32    1.22851
27 12.1953  1
30    0.754585
28 8.5081  1
74    0.978841
29 6.46733  1
30    1.08398
30 9.80331  9
42    0.795071
43    1.01116
44    1.1168
45    0.861742
46    1.22888
47    1.22776
48    1.22412
49    1.21222
79    0.767788
31 10.6969  9
34    1.13172
35    0.910486
36    0.78804
37    0.988198
38    1.04181
39    1.2169
40    1.18865
41    1.09638
73    0.761946
32 13.6151  1
104    0
33 13.1442  1
73    1.0018
34 11.6063  1
72    1.07642
35 6.58452  1
104    0
36 10.186  3
57    0.852293
85    1.23501
86    0.844218
37 11.9466  1
86    1.17166
38 7.6957  1
85    1.24779
39 13.8147  1
104    0
40 13.796  2
62    0.823582
63    1.10427
41 13.7353  1
104    0
42 13.5369  2
72    0.729902
74    0.968917
43 12.889  1
104    0
44 10.7732  1
104    0
45 13.8641  8
50    1.17334
51    1.04639
52    1.23185
53    1.23745
54    1.25574
55    0.715455
56    0.751161
57    0.833799
46 13.9575  4
68    1.08104
69    0.744972
70    0.847551
71    1.18253
47 14.2624  1
57    0.867766
48 5.25758  1
104    0
49 5.85269  4
75    1.11709
76    0.862694
77    1.23199
78    1.23793
50 7.79611  1
73    0.908307
51 14.1424  2
57    0.929786
86    1.0409
52 14.8663  1
104    0
53 7.22999  1
86    0.825779
54 12.2939  1
104    0
55 8.82977  2
57    1.24855
74    0.965877
56 7.51778  5
80    0.825834
81    1.11162
82    0.844823
83    1.17364
84    1.04736
57 13.2336  1
104    0
58 11.8984  1
104    0
59 7.53822  1
74    1.01125
60 13.3004  4
64    0.820853
65    1.09536
66    0.79172
67    1.00021
61 12.1166  1
104    0
62 8.25083  5
92    0.882488
93    1.29663
94    0.848979
95    1.1872
96    1.09166
63 5.62716  1
104    0
64 7.05969  1
73    0.763576
65 11.7379  2
72    0.798349
79    0.720545
66 7.01422  1
73    1.15177
67 11.5893  1
104    0
68 6.52867  1
104    0
69 10.0035  1
104    0
70 11.3506  1
79    1.2573
71 5.74953  1
73    0.975948
72 7.45918  1
104    0
73 13.0422  1
79    0.922059
74 11.2737  1
86    1.11143
75 5.49837  1
104    0
76 6.63915  7
97    0.779653
98    0.960805
99    0.952364
100    0.924787
101    0.834733
102    1.14068
103    0.939729
77 10.3645  1
104    0
78 12.5295  1
104    0
79 9.59914  5
87    1.17885
88    1.06439
89    1.29062
90    0.829368
91    1.12315
80 10.0301  1
86    1.2139
81 11.4373  1
104    0
82 6.03244  1
104    0
83 8.38328  1
104    0
84 6.0596  1
104    0
85 8.47179  1
104    0
86 6.34861  1
104    0
87 9.41572  1
104    0
88 9.43129  1
104    0
89 9.48195  1
104    0
90 9.64736  1
104    0
91 10.1875  1
104    0
92 11.9515  1
104    0
93 7.71157  1
104    0
94 13.8665  1
104    0
95 13.9654  1
104    0
96 14.2883  1
104    0
97 5.34242  1
104    0
98 6.1298  1
104    0
99 8.70098  1
104    0
100 7.09723  1
104    0
101 11.8603  1
104    0
102 7.41371  1
104    0
103 12.8939  1
104    0
104 0  0
