61
0 8.70098  4
1    12.2657
2    12.2022
3    11.9947
4    10.4181
1 7.09723  4
3    11.3172
4    12.169
5    10.9638
18    8.33799
2 11.8603  5
3    9.10486
4    7.8804
5    7.95071
18    11.3764
31    10.7642
3 7.41371  2
4    9.88198
5    10.1116
4 12.8939  1
5    11.8865
5 10.7894  4
6    11.168
7    8.61742
8    12.2888
9    12.2776
6 13.9169  8
10    12.2412
11    12.1222
12    11.7334
13    10.4639
14    12.3185
15    12.3745
16    12.5574
17    7.15455
7 14.1299  1
60    0
8 14.8254  1
60    0
9 7.09632  1
60    0
10 11.8572  6
19    9.29786
20    8.51067
21    11.9402
22    11.139
23    8.52293
31    10.8104
11 7.40364  10
32    10.2187
33    11.5177
34    9.75948
35    10.018
36    10.8624
37    7.61946
38    9.02997
39    7.63576
40    9.08307
41    7.80917
12 12.861  2
18    8.67766
31    7.9172
13 10.6816  1
18    7.51161
14 13.565  1
60    0
15 12.9809  1
31    11.8253
16 11.0732  2
18    12.9198
31    8.47551
17 14.8437  2
18    12.4855
31    10.9536
18 7.15613  1
31    7.29902
19 12.0525  7
24    11.9803
25    11.27
26    8.9505
27    7.37629
28    8.23582
29    11.0427
30    8.20853
20 8.04147  1
31    7.44972
21 14.9438  1
60    0
22 7.48299  1
60    0
23 13.1201  1
31    10.0021
24 11.5276  1
60    0
25 6.32756  7
42    9.64943
43    9.65877
44    9.68917
45    9.78841
46    10.1125
47    11.1709
48    8.62694
26 9.34675  1
60    0
27 9.20606  1
31    7.98349
28 8.74645  1
60    0
29 7.24555  1
60    0
30 12.3446  1
60    0
31 8.99548  1
60    0
32 8.05887  5
49    12.3199
50    12.3793
51    12.573
52    7.20545
53    7.67788
33 5.00031  1
60    0
34 5.01251  1
60    0
35 5.05249  1
60    0
36 5.18311  1
60    0
37 5.60945  1
60    0
38 7.00171  1
60    0
39 11.5484  1
60    0
40 6.39531  1
60    0
41 9.56801  1
60    0
42 9.92843  6
54    9.22059
55    8.25834
56    11.1162
57    8.44823
58    11.7364
59    10.4736
43 11.1055  1
60    0
44 14.9493  1
60    0
45 7.50099  1
60    0
46 13.179  1
60    0
47 11.7202  1
60    0
48 6.95624  1
60    0
49 11.3997  1
60    0
50 5.90976  1
60    0
51 7.98257  1
60    0
52 14.7516  1
60    0
53 6.85522  1
60    0
54 11.0701  1
60    0
55 14.8337  1
60    0
56 7.12348  1
60    0
57 11.946  1
60    0
58 7.69387  1
60    0
59 13.8086  1
60    0
60 0  0
