45
0 11.8572  1
1    5.32104
1 7.40364  4
2    6.4501
3    4.13704
4    5.5838
43    4.82472
2 12.861  4
9    5.99736
21    6.15923
26    4.33883
33    4.23775
3 10.6816  4
18    3.97536
19    5.0558
20    5.58399
26    6.24273
4 13.565  6
5    4.30816
6    6.14257
7    6.13286
8    6.10109
21    6.06108
33    5.40518
5 12.9809  3
22    6.18725
23    6.27871
24    3.57727
6 11.0732  1
44    0
7 14.8437  2
30    3.68815
43    4.82939
8 7.15613  2
21    5.23196
26    4.25533
9 12.0525  10
10    5.6586
11    4.55243
12    3.9402
13    4.94099
14    5.20907
15    6.08452
16    5.94325
17    5.4819
31    4.11791
43    3.90458
10 8.04147  3
21    6.1444
25    3.75581
33    3.72486
11 14.9438  1
43    4.84458
12 7.48299  1
44    0
13 13.1201  2
21    6.13881
43    5.05626
14 11.5276  1
30    5.63498
15 6.32756  1
26    5.97008
16 9.34675  4
21    6.12059
31    5.52136
32    5.47678
43    4.54154
17 9.20606  1
26    5.68818
18 8.74645  1
26    6.4599
19 7.24555  2
21    5.86671
30    4.47525
20 12.3446  3
21    4.30871
26    4.64893
33    5.91267
21 8.99548  1
34    5.38211
22 8.05887  1
32    4.10427
23 5.00031  3
27    5.56952
28    4.26147
29    5.99013
24 5.01251  1
44    0
25 5.05249  2
26    4.169
32    3.9586
26 5.18311  1
43    5.58545
27 5.60945  8
35    3.64951
36    3.99174
37    5.10936
38    5.75886
39    4.87974
40    5.00902
41    5.43118
42    3.80973
28 7.00171  1
32    5.00105
29 11.5484  1
44    0
30 6.39531  1
44    0
31 9.56801  1
43    4.51498
32 9.92843  1
44    0
33 11.1055  1
43    3.81788
34 14.9493  1
44    0
35 7.50099  1
44    0
36 13.179  1
44    0
37 11.7202  1
43    4.89421
38 6.95624  1
44    0
39 11.3997  1
44    0
40 5.90976  1
44    0
41 7.98257  1
44    0
42 14.7516  1
44    0
43 6.85522  1
44    0
44 0  0
