201
0 7.09723  3
1    9.88198
2    10.4181
35    11.1709
1 11.8603  3
3    11.8865
20    8.33799
114    11.9947
2 7.41371  4
3    12.169
98    11.2315
115    7.8804
172    7.0315
3 12.8939  6
4    10.9638
5    7.95071
6    10.1116
7    11.168
30    7.9172
46    7.79653
4 10.7894  4
32    9.02997
37    12.8953
57    8.17374
174    10.6633
5 13.9169  5
8    8.61742
9    12.2888
10    12.2776
11    12.2412
20    11.3764
6 14.1299  5
35    12.3199
37    11.1162
86    7.61946
87    9.08307
174    7.83718
7 14.8254  9
18    7.15455
30    8.47551
32    9.75948
37    12.3501
57    11.9074
78    11.3764
79    8.9505
98    7.79653
150    9.78841
8 7.09632  3
31    7.98349
37    12.478
57    10.8398
9 11.8572  10
12    12.1222
13    11.7334
14    10.4639
15    12.3185
16    12.3745
17    12.5574
32    10.018
35    7.67788
46    11.872
76    10.4639
10 7.40364  9
23    11.27
24    8.9505
25    7.37629
26    8.23582
27    11.0427
28    8.20853
29    10.9536
37    10.4736
57    7.54585
11 12.861  5
20    12.4855
30    11.8253
55    7.36567
133    8.67766
150    9.68917
12 10.6816  3
32    10.2187
58    12.2022
93    8.25834
13 13.565  4
20    12.9198
31    10.7642
33    7.80917
46    9.52364
14 12.9809  5
19    8.67766
20    11.9402
33    9.65877
37    8.44823
80    10.0021
15 11.0732  2
20    11.139
78    11.9402
16 14.8437  6
20    8.51067
30    10.8104
46    12.9663
97    11.1143
113    12.9002
178    9.10486
17 7.15613  10
19    7.51161
20    9.29786
32    7.63576
35    12.3793
37    11.7364
46    8.82488
57    10.6421
58    12.2657
92    12.3793
176    10.8398
18 12.0525  4
21    8.52293
22    11.9803
36    8.25834
77    12.4855
19 8.04147  5
33    9.64943
35    7.20545
55    7.10987
86    10.2187
151    7.67788
20 14.9438  4
31    7.29902
56    7.83718
133    12.9198
149    7.63576
21 7.48299  3
57    11.0321
77    8.67766
172    8.83532
22 13.1201  3
56    10.6633
77    7.51161
170    8.48979
23 11.5276  4
32    10.8624
34    10.1125
35    12.573
76    12.3185
24 6.32756  4
32    7.61946
57    8.78954
94    10.4736
178    7.8804
25 9.34675  4
30    7.44972
112    11.0321
147    10.018
170    11.2315
26 9.20606  3
32    9.08307
33    9.68917
56    9.74081
27 8.74645  3
58    12.2851
86    10.018
146    10.7642
28 7.24555  4
30    10.0021
33    9.78841
56    10.929
151    8.62694
29 12.3446  2
37    8.25779
98    12.9062
30 8.99548  1
32    11.5177
31 8.05887  1
56    8.5006
32 5.00031  1
36    9.22059
33 5.01251  4
35    8.62694
98    10.6439
146    7.98349
182    11.7334
34 5.05249  4
46    8.48979
57    12.8509
78    8.51067
97    11.7885
35 5.18311  10
38    11.1143
39    8.44218
40    11.7166
41    10.409
42    12.139
43    11.7885
44    10.6439
45    12.9062
57    8.11313
98    10.9166
36 5.60945  10
46    9.60805
56    9.95706
57    12.9002
80    10.9536
82    11.8253
86    11.5177
87    9.64943
98    11.872
111    8.20103
115    11.3172
37 7.00171  3
46    8.29368
98    8.29368
151    12.3199
38 11.5484  1
58    11.9947
39 6.39531  3
46    10.9166
112    8.17374
133    8.51067
40 9.56801  10
47    9.24787
48    8.34733
49    11.4068
50    9.39729
51    8.83532
52    7.00018
53    7.00751
54    7.0315
56    8.20103
149    7.80917
41 9.92843  2
80    7.44972
93    7.67788
42 11.1055  10
63    10.4181
64    12.169
65    11.8865
66    10.9638
67    7.95071
68    10.1116
69    11.168
76    12.3745
78    9.29786
98    8.82488
43 14.9493  1
46    11.2315
44 7.50099  1
149    9.08307
45 13.179  2
58    11.1676
112    11.9074
46 11.7202  1
200    0
47 6.95624  2
179    12.169
180    11.8865
48 11.3997  5
59    11.3172
60    9.10486
61    7.8804
62    9.88198
94    8.44823
49 5.90976  2
58    8.27409
78    8.52293
50 7.98257  1
171    11.4068
51 14.7516  3
93    9.22059
97    8.25779
146    8.47551
52 6.85522  1
114    11.1676
53 11.0701  2
56    12.9696
93    7.20545
54 14.8337  1
87    9.68917
55 7.12348  2
58    8.61632
78    12.9198
56 11.946  7
70    8.61742
71    12.2888
72    12.2776
73    12.2412
74    12.1222
75    11.7334
80    7.9172
57 7.69387  1
97    11.7166
58 13.8086  4
83    10.7642
84    7.29902
85    7.98349
86    7.63576
59 13.7762  5
78    11.139
94    11.7364
112    10.6633
133    11.3764
150    9.64943
60 13.6703  2
76    12.5574
115    10.4181
61 13.3245  2
86    10.8624
176    10.6421
62 12.1953  4
97    10.409
112    9.95706
146    10.8104
173    10.929
63 8.5081  3
79    8.23582
113    8.11313
115    9.88198
64 6.46733  1
170    7.79653
65 9.80331  1
200    0
66 10.6969  5
76    7.15455
79    11.27
94    11.1162
170    9.60805
176    11.0321
67 13.6151  9
99    9.60805
100    9.52364
101    9.24787
102    8.34733
103    11.4068
104    9.39729
105    8.83532
106    7.00018
113    10.6421
68 13.1442  1
80    10.8104
69 11.6063  1
79    11.0427
70 6.58452  3
78    11.9803
112    12.9696
176    8.11313
71 10.186  5
88    10.1125
89    11.1709
90    8.62694
91    12.3199
151    12.3793
72 11.9466  2
86    9.75948
115    12.169
73 7.6957  2
81    8.47551
149    7.61946
74 13.8147  1
111    7.83718
75 13.796  3
79    7.37629
97    12.139
114    12.2022
76 13.7353  2
78    8.33799
150    10.1125
77 13.5369  4
112    9.74081
114    8.27409
146    7.44972
172    7.00751
78 12.889  3
79    8.20853
87    7.80917
98    12.9663
79 10.7732  1
87    9.65877
80 13.8641  1
113    7.54585
81 13.9575  4
112    8.5006
114    12.2851
146    11.8253
178    12.2022
82 14.2624  1
200    0
83 5.25758  3
86    9.02997
92    12.573
193    9.29786
84 5.85269  2
114    12.2657
176    12.9002
85 7.79611  4
97    12.8953
98    8.48979
115    9.10486
173    8.20103
86 14.1424  2
87    9.78841
97    8.44218
87 14.8663  8
116    11.8865
117    10.9638
118    7.95071
119    10.1116
120    11.168
121    8.61742
151    12.573
181    10.1116
88 7.22999  2
111    10.929
113    12.8509
89 12.2939  1
200    0
90 8.82977  1
182    12.1222
91 7.51778  2
95    12.3501
96    12.478
92 13.2336  2
173    7.10987
178    12.2657
93 11.8984  4
134    11.9402
135    11.139
136    8.52293
137    11.9803
94 7.53822  1
200    0
95 13.3004  2
133    9.29786
178    11.3172
96 12.1166  1
133    8.33799
97 8.25083  1
175    11.9074
98 5.62716  1
178    10.4181
99 7.05969  2
113    8.78954
172    7.00018
100 11.7379  1
114    8.61632
101 7.01422  1
178    11.9947
102 11.5893  1
171    8.34733
103 6.52867  4
107    7.00751
108    7.0315
109    7.10987
110    7.36567
104 10.0035  1
151    11.1709
105 11.3506  1
176    8.17374
106 5.74953  1
170    12.9663
107 7.45918  8
139    8.9505
140    7.37629
141    8.23582
142    11.0427
143    8.20853
144    10.9536
145    7.9172
171    9.24787
108 13.0422  2
113    10.8398
172    9.39729
109 11.2737  3
150    9.65877
174    9.95706
182    10.4639
110 5.49837  1
200    0
111 6.63915  1
200    0
112 10.3645  5
129    12.3745
130    12.5574
131    7.15455
132    7.51161
181    7.95071
113 12.5295  9
122    12.2888
123    12.2776
124    12.2412
125    12.1222
126    11.7334
127    10.4639
128    12.3185
146    10.2187
181    10.9638
114 9.59914  1
200    0
115 10.0301  2
138    11.27
182    12.2888
116 11.4373  2
151    7.20545
182    12.2412
117 6.03244  1
178    8.61632
118 8.38328  1
200    0
119 6.0596  1
174    9.74081
120 8.47179  2
170    11.872
176    8.78954
121 6.34861  1
200    0
122 9.41572  1
200    0
123 9.43129  1
200    0
124 9.48195  1
200    0
125 9.64736  1
133    12.4855
126 10.1875  1
173    7.36567
127 11.9515  1
178    12.2851
128 7.71157  1
200    0
129 13.8665  2
175    12.9696
182    12.2776
130 13.9654  1
176    7.54585
131 14.2883  1
146    10.0021
132 5.34242  1
176    8.27409
133 6.1298  1
200    0
134 8.70098  1
200    0
135 7.09723  2
146    7.29902
175    8.5006
136 11.8603  2
146    11.5177
147    9.75948
137 7.41371  1
149    9.02997
138 12.8939  2
151    9.22059
170    10.9166
139 10.7894  1
200    0
140 13.9169  1
176    12.8509
141 14.1299  1
200    0
142 14.8254  1
200    0
143 7.09632  9
152    8.25834
153    11.1162
154    8.44823
155    11.7364
156    10.4736
157    12.3501
158    12.478
159    12.8953
160    8.25779
144 11.8572  1
148    10.8624
145 7.40364  1
200    0
146 12.861  1
200    0
147 10.6816  1
170    8.82488
148 13.565  1
200    0
149 12.9809  1
200    0
150 11.0732  1
200    0
151 14.8437  6
194    8.51067
195    11.9402
196    11.139
197    8.52293
198    11.9803
199    11.27
152 7.15613  1
200    0
153 12.0525  1
200    0
154 8.04147  1
200    0
155 14.9438  1
200    0
156 7.48299  1
171    9.52364
157 13.1201  1
200    0
158 11.5276  1
200    0
159 6.32756  9
161    11.1143
162    8.44218
163    11.7166
164    10.409
165    12.139
166    11.7885
167    10.6439
168    12.9062
169    8.29368
160 9.34675  1
200    0
161 9.20606  1
200    0
162 8.74645  1
200    0
163 7.24555  1
200    0
164 12.3446  1
200    0
165 8.99548  1
200    0
166 8.05887  1
200    0
167 5.00031  1
177    11.1676
168 5.01251  10
183    12.3185
184    12.3745
185    12.5574
186    7.15455
187    7.51161
188    8.67766
189    12.4855
190    12.9198
191    8.33799
192    11.3764
169 5.05249  1
200    0
170 5.18311  1
200    0
171 5.60945  1
181    8.61742
172 7.00171  1
200    0
173 11.5484  1
200    0
174 6.39531  1
200    0
175 9.56801  1
178    9.88198
176 9.92843  1
200    0
177 11.1055  1
200    0
178 14.9493  1
181    11.168
179 7.50099  1
200    0
180 13.179  1
200    0
181 11.7202  1
200    0
182 6.95624  1
200    0
183 11.3997  1
200    0
184 5.90976  1
200    0
185 7.98257  1
200    0
186 14.7516  1
200    0
187 6.85522  1
200    0
188 11.0701  1
200    0
189 14.8337  1
200    0
190 7.12348  1
200    0
191 11.946  1
200    0
192 7.69387  1
200    0
193 13.8086  1
200    0
194 13.7762  1
200    0
195 13.6703  1
200    0
196 13.3245  1
200    0
197 12.1953  1
200    0
198 8.5081  1
200    0
199 6.46733  1
200    0
200 0  0
