100
0 6.52867  5
1    6.08452
2    5.94325
3    5.4819
6    6.1444
21    4.11791
1 10.0035  6
5    5.58399
6    6.13881
24    5.00105
46    6.15996
59    4.2449
73    5.99736
2 11.3506  3
12    6.27871
58    6.48315
70    5.33166
3 5.74953  4
4    3.97536
6    6.12059
40    4.82939
58    4.14684
4 7.45918  4
5    5.0558
6    4.30871
12    3.75581
70    4.2503
5 13.0422  7
7    6.06108
8    5.86671
9    5.23196
10    6.15923
11    6.18725
68    3.68284
70    5.95369
6 11.2737  1
58    5.32196
7 5.49837  1
71    4.05657
8 6.63915  4
12    6.24273
21    5.52136
24    5.40518
46    5.55808
9 10.3645  2
12    4.33883
21    3.68815
10 12.5295  9
13    6.4599
14    4.169
15    5.68818
16    4.64893
17    4.25533
18    5.97008
19    5.56952
20    4.26147
73    4.94099
11 9.59914  2
12    3.57727
46    6.18963
12 10.0301  6
25    3.72486
26    4.23775
27    5.91267
28    5.38211
29    3.64951
46    3.83894
13 11.4373  1
21    4.47525
14 6.03244  2
70    5.41992
82    6.18725
15 8.38328  4
58    5.61576
68    3.55493
69    4.8704
73    5.6586
16 6.0596  2
21    4.10427
70    4.08687
17 8.47179  1
99    0
18 6.34861  3
21    5.99013
46    6.28649
72    6.4501
19 9.41572  8
60    4.76182
61    4.62394
62    4.17367
63    5.70338
64    4.69865
65    4.41766
66    3.50009
67    3.50375
20 9.43129  3
21    5.63498
40    4.82472
70    6.4848
21 9.48195  4
22    5.47678
23    3.9586
58    4.41244
69    4.97853
22 9.64736  1
46    4.61029
23 10.1875  1
99    0
24 11.9515  1
82    6.15923
25 7.71157  10
30    3.99174
31    5.10936
32    5.75886
33    4.87974
34    5.00902
35    5.43118
36    3.80973
37    4.51498
38    3.81788
39    4.54154
26 13.8665  1
69    3.91859
27 13.9654  5
53    5.55716
54    4.22109
55    5.85829
56    5.20449
57    6.06951
28 14.2883  1
73    4.55243
29 5.34242  3
59    5.45828
68    3.51575
72    4.30816
30 6.1298  1
70    3.77293
31 8.70098  1
82    5.23196
32 7.09723  1
99    0
33 11.8603  1
40    3.90458
34 7.41371  3
46    4.12917
59    4.80403
71    6.42547
35 12.8939  1
99    0
36 10.7894  1
99    0
37 13.9169  1
99    0
38 14.1299  1
73    3.9402
39 14.8254  1
58    6.45312
40 7.09632  5
41    4.84458
42    4.89421
43    5.05626
44    5.58545
45    4.31347
41 11.8572  2
71    4.39477
82    5.86671
42 7.40364  1
68    5.46451
43 12.861  1
59    5.93602
44 10.6816  2
46    4.22411
72    6.13286
45 13.565  2
46    3.60273
72    6.14257
46 12.9809  6
47    5.86818
48    5.23681
49    6.17507
50    6.23898
51    6.44763
52    4.12889
47 11.0732  1
99    0
48 14.8437  1
99    0
49 7.15613  1
72    5.5838
50 12.0525  2
73    6.10109
82    6.12059
51 8.04147  1
82    6.06108
52 14.9438  1
99    0
53 7.48299  1
68    4.10051
54 13.1201  1
99    0
55 11.5276  2
59    3.89827
70    5.51605
56 6.32756  1
99    0
57 9.34675  1
58    5.89427
58 9.20606  1
72    4.13704
59 8.74645  1
73    5.20907
60 7.24555  1
99    0
61 12.3446  1
99    0
62 8.99548  1
99    0
63 8.05887  7
75    5.94325
76    5.4819
77    3.97536
78    5.0558
79    5.58399
80    4.30871
81    6.1444
64 5.00031  1
99    0
65 5.01251  1
99    0
66 5.05249  1
99    0
67 5.18311  1
99    0
68 5.60945  1
99    0
69 7.00171  1
72    5.32104
70 11.5484  1
99    0
71 6.39531  1
99    0
72 9.56801  2
74    6.08452
82    6.13881
73 9.92843  1
99    0
74 11.1055  1
99    0
75 14.9493  1
99    0
76 7.50099  1
99    0
77 13.179  1
99    0
78 11.7202  1
99    0
79 6.95624  1
99    0
80 11.3997  6
83    6.27871
84    3.57727
85    3.75581
86    4.33883
87    6.24273
88    6.4599
81 5.90976  1
99    0
82 7.98257  1
99    0
83 14.7516  10
89    4.169
90    5.68818
91    4.64893
92    4.25533
93    5.97008
94    5.56952
95    4.26147
96    5.99013
97    5.63498
98    4.47525
84 6.85522  1
99    0
85 11.0701  1
99    0
86 14.8337  1
99    0
87 7.12348  1
99    0
88 11.946  1
99    0
89 7.69387  1
99    0
90 13.8086  1
99    0
91 13.7762  1
99    0
92 13.6703  1
99    0
93 13.3245  1
99    0
94 12.1953  1
99    0
95 8.5081  1
99    0
96 6.46733  1
99    0
97 9.80331  1
99    0
98 10.6969  1
99    0
99 0  0
