52
0 8.5081  4
1    48.7974
2    50.0902
3    54.3118
36    57.0338
1 6.46733  2
4    45.1498
11    55.8545
2 9.80331  6
5    38.1788
6    45.4154
7    39.0458
8    48.2472
9    48.2939
10    48.4458
3 10.6969  3
4    38.0973
11    61.5996
31    64.8315
4 13.6151  1
11    43.1347
5 13.1442  5
27    64.5312
28    41.4684
29    56.1576
30    44.1244
31    38.9827
6 11.6063  10
12    61.8963
13    62.8649
14    36.0273
15    38.3894
16    46.1029
17    41.2917
18    55.5808
31    59.3602
36    36.8284
41    49.7853
7 6.58452  3
11    50.5626
36    35.0375
41    53.3166
8 10.186  3
11    48.9421
26    55.5716
36    44.1766
9 11.9466  1
51    0
10 7.6957  1
51    0
11 13.8147  1
51    0
12 13.796  1
51    0
13 13.7353  1
26    58.9427
14 13.5369  2
25    41.2889
26    58.5829
15 12.889  1
51    0
16 10.7732  7
19    42.2411
20    58.6818
21    52.3681
22    61.7507
23    62.3898
24    64.4763
26    42.2109
17 13.8641  1
51    0
18 13.9575  2
26    60.6951
36    35.1575
19 14.2624  4
32    48.0403
33    47.6182
34    46.2394
35    41.7367
20 5.25758  1
51    0
21 5.85269  1
36    46.9865
22 7.79611  1
26    53.2196
23 14.1424  1
51    0
24 14.8663  2
26    52.0449
31    42.449
25 7.22999  1
51    0
26 12.2939  1
51    0
27 8.82977  9
42    59.5369
43    55.1605
44    40.8687
45    54.1992
46    37.7293
47    43.9477
48    64.2547
49    40.5657
50    53.2104
28 7.51778  1
31    54.5828
29 13.2336  2
36    35.5493
41    42.503
30 11.8984  1
51    0
31 7.53822  4
37    41.0051
38    54.6451
39    39.1859
40    48.704
32 13.3004  1
51    0
33 12.1166  1
36    35.0009
34 8.25083  1
41    64.848
35 5.62716  1
51    0
36 7.05969  1
51    0
37 11.7379  1
51    0
38 7.01422  1
51    0
39 11.5893  1
51    0
40 6.52867  1
51    0
41 10.0035  1
51    0
42 11.3506  1
51    0
43 5.74953  1
51    0
44 7.45918  1
51    0
45 13.0422  1
51    0
46 11.2737  1
51    0
47 5.49837  1
51    0
48 6.63915  1
51    0
49 10.3645  1
51    0
50 12.5295  1
51    0
51 0  0
