62
0 7.05969  8
1    0.960805
2    0.952364
3    0.924787
10    0.995706
14    1.08398
15    0.988198
24    0.751161
55    1.23199
1 11.7379  10
4    0.834733
5    1.14068
6    0.939729
7    0.883532
8    0.700018
9    0.700751
10    0.820103
14    1.28509
15    1.04181
25    1.19803
2 7.01422  3
10    1.29696
14    0.817374
15    0.78804
3 11.5893  2
10    1.0929
15    1.22851
4 6.52867  5
10    0.703149
14    0.827409
15    0.861632
23    1.23745
24    0.867766
5 10.0035  2
10    0.783718
14    1.29002
6 11.3506  4
10    0.710987
15    1.13172
23    1.22776
24    1.25574
7 5.74953  3
10    1.06633
14    0.754585
23    1.23185
8 7.45918  5
10    0.736567
14    0.878954
15    1.22022
23    1.22888
25    1.13764
9 13.0422  4
10    0.974081
14    1.11676
24    1.29198
25    0.929786
10 11.2737  5
11    0.85006
12    1.19074
13    1.10321
15    1.19947
25    1.1139
11 5.49837  2
15    0.910486
23    1.22412
12 6.63915  3
14    1.06421
15    1.22657
23    1.04639
13 10.3645  2
14    0.811313
25    0.851067
14 12.5295  1
23    1.21222
15 9.59914  7
16    1.2169
17    1.18865
18    1.09638
19    0.795071
20    1.01116
21    1.1168
22    0.861742
16 10.0301  1
25    0.833799
17 11.4373  2
24    0.715455
25    1.127
18 6.03244  10
38    1.07642
39    0.729902
40    0.798349
41    1.02187
42    1.15177
43    0.975948
44    1.0018
45    1.08624
46    0.761946
47    0.902997
19 8.38328  4
34    1.08104
35    0.744972
36    0.847551
55    1.11709
20 6.0596  1
25    0.852293
21 8.47179  2
25    1.19402
55    1.23793
22 6.34861  1
23    1.17334
23 9.41572  1
24    1.24855
24 9.43129  5
26    0.89505
27    0.737629
28    0.823582
29    1.10427
30    0.820853
25 9.48195  2
32    0.79172
33    1.00021
26 9.64736  1
31    1.09536
27 10.1875  1
61    0
28 11.9515  1
61    0
29 7.71157  1
61    0
30 13.8665  1
61    0
31 13.9654  1
37    1.18253
32 14.2883  1
61    0
33 5.34242  1
61    0
34 6.1298  1
61    0
35 8.70098  1
61    0
36 7.09723  7
48    0.763576
49    0.908307
50    0.780917
51    0.964943
52    0.965877
53    0.968917
54    0.978841
37 11.8603  1
55    1.01125
38 7.41371  1
55    0.862694
39 12.8939  1
61    0
40 10.7894  1
61    0
41 13.9169  1
61    0
42 14.1299  1
61    0
43 14.8254  1
61    0
44 7.09632  1
61    0
45 11.8572  1
61    0
46 7.40364  1
61    0
47 12.861  1
61    0
48 10.6816  1
61    0
49 13.565  1
61    0
50 12.9809  1
61    0
51 11.0732  1
61    0
52 14.8437  5
56    1.2573
57    0.720545
58    0.767788
59    0.922059
60    0.825834
53 7.15613  1
61    0
54 12.0525  1
61    0
55 8.04147  1
61    0
56 14.9438  1
61    0
57 7.48299  1
61    0
58 13.1201  1
61    0
59 11.5276  1
61    0
60 6.32756  1
61    0
61 0  0
