204
0 14.9493  10
1    0.798349
2    1.02187
3    1.15177
4    0.975948
5    1.0018
19    0.767788
23    1.0409
35    1.10321
56    1.1168
100    0.960805
1 7.50099  4
29    0.703149
69    0.823582
106    1.11676
109    1.18865
2 13.179  6
24    1.17885
25    1.06439
69    1.127
81    0.763576
153    1.23501
183    1.28509
3 11.7202  6
6    1.08624
7    0.761946
19    0.844823
35    1.06633
96    1.28953
105    1.29696
4 6.95624  3
19    0.922059
153    1.28953
187    0.861632
5 11.3997  10
8    0.902997
9    0.763576
10    0.908307
11    0.780917
12    0.964943
13    0.965877
14    0.968917
15    0.978841
16    1.01125
17    1.11709
6 5.90976  3
18    0.862694
19    0.720545
106    1.29002
7 7.98257  3
26    1.12315
65    0.867766
100    1.09166
8 14.7516  5
29    0.924787
35    0.995706
65    1.29198
101    0.883532
105    0.974081
9 6.85522  1
23    1.2139
10 11.0701  2
19    1.11162
29    0.834733
11 14.8337  7
23    1.11143
26    1.29062
35    1.08398
66    1.19402
71    1.18253
106    0.878954
138    0.763576
12 7.12348  3
19    1.2573
23    0.825779
182    0.817374
13 11.946  1
23    0.844218
14 7.69387  1
19    1.23199
15 13.8086  3
19    1.17364
29    0.939729
154    1.0409
16 13.7762  9
20    1.04736
21    1.23501
22    1.24779
23    1.28953
26    0.848979
29    0.883532
35    0.974081
56    0.861742
109    0.910486
17 13.6703  2
19    1.23793
56    0.795071
18 13.3245  2
19    0.825834
96    1.24779
19 12.1953  3
26    1.29663
66    1.13764
81    0.908307
20 8.5081  3
23    1.17166
35    0.817374
109    1.19947
21 6.46733  3
26    0.882488
29    0.700751
138    1.08624
22 9.80331  4
26    1.09166
29    0.952364
71    1.09536
154    0.844218
23 10.6969  1
26    1.1872
24 13.6151  2
26    0.829368
29    0.700018
25 13.1442  4
27    0.779653
28    0.960805
65    0.833799
70    1.10427
26 11.6063  2
56    1.09638
69    0.89505
27 6.58452  2
35    1.19074
131    1.19402
28 10.186  1
29    1.14068
29 11.9466  6
30    0.710987
31    0.736567
32    0.820103
33    1.0929
34    0.783718
98    1.0409
30 7.6957  3
35    0.85006
99    0.829368
105    1.19074
31 13.8147  4
36    0.754585
37    0.878954
38    1.28509
56    1.22412
32 13.796  5
82    0.964943
83    0.965877
84    0.968917
85    0.978841
99    1.29663
33 13.7353  2
66    0.929786
96    0.844823
34 13.5369  1
35    1.29696
35 12.889  10
40    1.06421
41    1.29002
42    0.827409
43    1.11676
44    0.861632
45    1.22851
46    1.22657
47    1.22022
48    1.19947
49    1.13172
36 10.7732  1
99    1.06439
37 13.8641  2
96    1.17364
101    0.700751
38 13.9575  3
39    0.811313
100    1.14068
137    0.847551
39 14.2624  10
57    1.21222
58    1.17334
59    1.04639
60    1.23185
61    1.23745
62    1.25574
63    0.715455
64    0.751161
71    0.744972
100    0.924787
40 5.25758  1
203    0
41 5.85269  1
203    0
42 7.79611  4
71    0.820853
96    1.04736
153    1.11162
196    1.17334
43 14.1424  4
65    1.24855
71    1.08104
105    1.10321
187    1.22657
44 14.8663  6
51    0.78804
52    0.988198
53    1.04181
54    1.2169
55    1.18865
56    1.22776
45 7.22999  1
182    0.85006
46 12.2939  3
66    1.1139
81    0.780917
137    1.07642
47 8.82977  1
203    0
48 7.51778  3
105    1.06633
106    1.28509
138    1.0018
49 13.2336  2
50    0.910486
71    1.00021
50 11.8984  1
203    0
51 7.53822  2
56    1.01116
196    1.22412
52 13.3004  6
132    1.10427
133    0.820853
134    1.09536
135    0.79172
136    1.00021
187    1.11676
53 12.1166  1
66    0.851067
54 8.25083  3
56    1.22888
100    1.1872
107    1.22851
55 5.62716  3
99    0.848979
109    0.78804
196    1.22888
56 7.05969  3
67    0.852293
68    1.19803
71    0.79172
57 11.7379  1
98    1.2139
58 7.01422  4
69    0.737629
101    0.700018
137    0.744972
154    1.11143
59 11.5893  2
71    0.847551
81    0.902997
60 6.52867  3
102    0.736567
103    0.820103
104    1.0929
61 10.0035  1
99    1.29062
62 11.3506  3
105    0.817374
106    0.827409
196    0.795071
63 5.74953  3
101    0.703149
106    0.811313
131    0.852293
64 7.45918  1
109    1.2169
65 13.0422  2
183    0.878954
196    1.1168
66 11.2737  1
203    0
67 5.49837  10
86    1.01125
87    1.11709
88    0.862694
89    1.23199
90    1.23793
91    1.2573
92    0.720545
93    0.767788
94    0.922059
95    0.825834
68 6.63915  1
97    0.825779
69 10.3645  10
72    1.07642
73    0.729902
74    0.798349
75    1.02187
76    1.15177
77    0.975948
78    1.0018
79    1.08624
80    0.761946
106    0.861632
70 12.5295  6
126    0.867766
127    1.24855
128    1.29198
129    0.833799
130    1.13764
137    0.798349
71 9.59914  2
131    0.851067
138    0.761946
72 10.0301  3
96    1.11162
99    1.12315
137    0.729902
73 11.4373  1
131    0.823582
74 6.03244  2
110    1.09638
137    1.18253
75 8.38328  1
98    1.17885
76 6.0596  1
100    0.834733
77 8.47179  1
98    1.11143
78 6.34861  3
100    0.939729
105    0.783718
109    1.22022
79 9.41572  1
131    0.929786
80 9.43129  1
99    0.882488
81 9.48195  2
105    0.995706
109    1.13172
82 9.64736  1
109    1.04181
83 10.1875  2
101    0.710987
137    1.15177
84 11.9515  8
159    1.12315
160    0.882488
161    1.29663
162    0.848979
163    1.1872
164    1.09166
165    0.779653
196    1.22776
85 7.71157  1
109    0.988198
86 13.8665  1
203    0
87 13.9654  1
105    1.08398
88 14.2883  1
138    0.902997
89 5.34242  3
96    1.23501
98    1.17166
153    0.825779
90 6.1298  1
187    1.22022
91 8.70098  1
203    0
92 7.09723  1
98    0.844218
93 11.8603  1
131    1.19803
94 7.41371  1
111    0.795071
95 12.8939  1
100    0.952364
96 10.7894  1
182    1.08398
97 13.9169  2
100    0.779653
105    0.85006
98 14.1299  2
131    1.1139
153    1.04736
99 14.8254  8
112    1.01116
113    1.1168
114    0.861742
115    1.22888
116    1.22776
117    1.22412
118    1.21222
131    0.737629
100 7.09632  7
119    1.17334
120    1.04639
121    1.23185
122    1.23745
123    1.25574
124    0.715455
125    0.751161
101 11.8572  1
203    0
102 7.40364  1
203    0
103 12.861  1
106    1.06421
104 10.6816  1
203    0
105 13.565  1
106    0.754585
106 12.9809  1
203    0
107 11.0732  2
108    1.22657
183    0.754585
108 14.8437  5
177    0.736567
178    0.820103
179    1.0929
180    0.783718
181    0.974081
109 7.15613  1
196    1.21222
110 12.0525  1
131    1.127
111 8.04147  1
203    0
112 14.9438  1
153    1.24779
113 7.48299  2
137    1.08104
182    0.995706
114 13.1201  1
153    0.825834
115 11.5276  1
203    0
116 6.32756  1
138    0.908307
117 9.34675  1
203    0
118 9.20606  2
137    1.02187
182    1.29696
119 8.74645  1
203    0
120 7.24555  1
203    0
121 12.3446  1
203    0
122 8.99548  1
203    0
123 8.05887  6
139    0.780917
140    0.964943
141    0.965877
142    0.968917
154    1.2139
196    1.01116
124 5.00031  9
168    0.924787
169    0.834733
170    1.14068
171    0.939729
172    0.883532
173    0.700018
174    0.700751
175    0.703149
176    0.710987
125 5.01251  1
203    0
126 5.05249  10
143    0.978841
144    1.01125
145    1.11709
146    0.862694
147    1.23199
148    1.23793
149    1.2573
150    0.720545
151    0.767788
152    0.922059
127 5.18311  1
203    0
128 5.60945  1
131    0.89505
129 7.00171  1
187    1.22851
130 11.5484  1
203    0
131 6.39531  4
155    1.17885
156    1.06439
157    1.29062
158    0.829368
132 9.56801  1
203    0
133 9.92843  1
203    0
134 11.1055  1
203    0
135 14.9493  1
138    0.975948
136 7.50099  1
203    0
137 13.179  1
182    1.10321
138 11.7202  1
154    1.17166
139 6.95624  1
203    0
140 11.3997  1
153    1.17364
141 5.90976  1
203    0
142 7.98257  1
203    0
143 14.7516  3
184    1.06421
185    1.29002
186    0.827409
144 6.85522  1
203    0
145 11.0701  1
153    0.844823
146 14.8337  1
182    1.06633
147 7.12348  1
203    0
148 11.946  8
188    1.13172
189    0.910486
190    0.78804
191    0.988198
192    1.04181
193    1.2169
194    1.18865
195    1.09638
149 7.69387  1
203    0
150 13.8086  1
203    0
151 13.7762  1
203    0
152 13.6703  1
203    0
153 13.3245  1
203    0
154 12.1953  1
203    0
155 8.5081  1
203    0
156 6.46733  1
183    0.811313
157 9.80331  1
203    0
158 10.6969  1
203    0
159 13.6151  1
196    0.861742
160 13.1442  1
203    0
161 11.6063  2
166    0.960805
167    0.952364
162 6.58452  1
203    0
163 10.186  1
203    0
164 11.9466  1
203    0
165 7.6957  1
203    0
166 13.8147  1
203    0
167 13.796  1
182    1.19074
168 13.7353  1
203    0
169 13.5369  1
203    0
170 12.889  1
187    1.19947
171 10.7732  1
203    0
172 13.8641  1
203    0
173 13.9575  1
203    0
174 14.2624  1
203    0
175 5.25758  1
203    0
176 5.85269  1
203    0
177 7.79611  1
203    0
178 14.1424  1
203    0
179 14.8663  1
203    0
180 7.22999  1
203    0
181 12.2939  1
203    0
182 8.82977  1
203    0
183 7.51778  1
203    0
184 13.2336  1
203    0
185 11.8984  1
203    0
186 7.53822  1
203    0
187 13.3004  1
203    0
188 12.1166  1
203    0
189 8.25083  1
203    0
190 5.62716  1
203    0
191 7.05969  1
203    0
192 11.7379  1
203    0
193 7.01422  1
203    0
194 11.5893  1
203    0
195 6.52867  1
203    0
196 10.0035  6
197    1.04639
198    1.23185
199    1.23745
200    1.25574
201    0.715455
202    0.751161
197 11.3506  1
203    0
198 5.74953  1
203    0
199 7.45918  1
203    0
200 13.0422  1
203    0
201 11.2737  1
203    0
202 5.49837  1
203    0
203 0  0
