59
0 13.8641  10
1    5.86818
2    5.23681
3    6.17507
4    6.23898
5    6.44763
6    4.12889
7    6.06951
12    5.61576
13    5.45828
14    3.51575
1 13.9575  4
7    5.20449
12    6.48315
15    4.2503
33    5.4819
2 14.2624  2
13    4.17367
15    3.68284
3 5.25758  6
8    5.89427
9    5.32196
10    6.45312
11    4.14684
13    4.80403
44    6.4599
4 5.85269  4
7    5.85829
13    5.70338
15    5.95369
33    5.94325
5 7.79611  1
7    4.22109
6 14.1424  3
7    5.55716
12    4.41244
13    4.76182
7 14.8663  2
12    4.2449
13    4.41766
8 7.22999  3
13    3.50009
14    3.50375
15    3.91859
9 12.2939  3
12    5.93602
13    4.69865
15    4.97853
10 8.82977  4
13    4.62394
14    3.55493
15    6.4848
44    5.68818
11 7.51778  1
15    5.46451
12 13.2336  3
13    3.89827
15    5.33166
28    5.99736
13 11.8984  2
15    4.10051
33    3.97536
14 7.53822  1
15    4.8704
15 13.3004  7
16    5.51605
17    4.08687
18    5.41992
19    3.77293
20    4.39477
21    6.42547
41    6.18725
16 12.1166  1
28    6.10109
17 8.25083  1
44    6.24273
18 5.62716  2
28    6.14257
41    3.57727
19 7.05969  7
22    4.05657
23    5.32104
24    6.4501
25    4.13704
26    5.5838
27    4.30816
32    6.08452
20 11.7379  1
58    0
21 7.01422  1
28    6.13286
22 11.5893  1
44    4.64893
23 6.52867  1
28    4.55243
24 10.0035  2
28    5.6586
29    3.9402
25 11.3506  2
42    3.75581
43    4.33883
26 5.74953  2
41    5.86671
44    4.169
27 7.45918  1
58    0
28 13.0422  2
30    4.94099
31    5.20907
29 11.2737  1
58    0
30 5.49837  3
45    4.25533
46    5.97008
47    5.56952
31 6.63915  1
58    0
32 10.3645  1
41    6.27871
33 12.5295  7
34    5.0558
35    5.58399
36    4.30871
37    6.1444
38    6.13881
39    6.12059
40    6.06108
34 9.59914  1
41    5.23196
35 10.0301  1
58    0
36 11.4373  1
41    6.15923
37 6.03244  1
58    0
38 8.38328  1
58    0
39 6.0596  1
58    0
40 8.47179  1
58    0
41 6.34861  10
48    4.26147
49    5.99013
50    5.63498
51    4.47525
52    3.68815
53    4.11791
54    5.52136
55    4.10427
56    5.47678
57    3.9586
42 9.41572  1
58    0
43 9.43129  1
58    0
44 9.48195  1
58    0
45 9.64736  1
58    0
46 10.1875  1
58    0
47 11.9515  1
58    0
48 7.71157  1
58    0
49 13.8665  1
58    0
50 13.9654  1
58    0
51 14.2883  1
58    0
52 5.34242  1
58    0
53 6.1298  1
58    0
54 8.70098  1
58    0
55 7.09723  1
58    0
56 11.8603  1
58    0
57 7.41371  1
58    0
58 0  0
