55
0 9.80331  4
1    0.763576
2    0.908307
43    0.995706
44    0.817374
1 10.6969  3
2    0.780917
3    0.964943
8    1.23199
2 13.6151  6
4    0.965877
5    0.968917
6    0.978841
7    1.01125
8    1.11709
31    1.29663
3 13.1442  1
8    0.720545
4 11.6063  10
16    1.23501
17    1.24779
18    1.28953
19    0.825779
20    1.11143
21    0.844218
22    1.17166
23    1.0409
24    1.2139
31    0.834733
5 6.58452  3
8    1.23793
44    1.28509
45    1.29002
6 10.186  2
8    1.2573
31    0.960805
7 11.9466  1
8    0.862694
8 7.6957  8
9    0.767788
10    0.922059
11    0.825834
12    1.11162
13    0.844823
14    1.17364
15    1.04736
43    0.974081
9 13.8147  1
44    0.811313
10 13.796  1
54    0
11 13.7353  1
54    0
12 13.5369  7
25    1.17885
26    1.06439
27    1.29062
28    0.829368
29    1.12315
30    0.882488
31    1.09166
13 12.889  1
44    1.08398
14 10.7732  1
31    1.1872
15 13.8641  6
32    1.14068
33    0.939729
34    0.883532
35    0.700018
36    0.700751
37    0.703149
16 13.9575  1
31    0.924787
17 14.2624  1
54    0
18 5.25758  1
43    0.85006
19 5.85269  1
54    0
20 7.79611  2
44    0.878954
45    1.06421
21 14.1424  1
54    0
22 14.8663  1
54    0
23 7.22999  1
31    0.848979
24 12.2939  1
54    0
25 8.82977  1
54    0
26 7.51778  1
43    1.06633
27 13.2336  1
31    0.952364
28 11.8984  1
31    0.779653
29 7.53822  1
54    0
30 13.3004  5
38    0.710987
39    0.736567
40    0.820103
41    1.0929
42    0.783718
31 12.1166  1
44    0.754585
32 8.25083  8
46    0.827409
47    1.11676
48    0.861632
49    1.22851
50    1.22657
51    1.22022
52    1.19947
53    1.13172
33 5.62716  1
43    1.29696
34 7.05969  1
54    0
35 11.7379  1
54    0
36 7.01422  1
54    0
37 11.5893  1
44    1.10321
38 6.52867  1
54    0
39 10.0035  1
43    1.19074
40 11.3506  1
54    0
41 5.74953  1
54    0
42 7.45918  1
54    0
43 13.0422  1
54    0
44 11.2737  1
54    0
45 5.49837  1
54    0
46 6.63915  1
54    0
47 10.3645  1
54    0
48 12.5295  1
54    0
49 9.59914  1
54    0
50 10.0301  1
54    0
51 11.4373  1
54    0
52 6.03244  1
54    0
53 8.38328  1
54    0
54 0  0
