187
0 6.63915  8
1    0.924787
3    1.14068
6    0.820103
7    1.06633
21    1.2169
22    0.861742
23    1.23745
140    1.08624
1 10.3645  7
2    0.834733
3    0.939729
6    1.0929
7    1.29696
14    0.811313
22    1.17334
91    0.910486
2 12.5295  6
3    0.883532
4    0.700018
6    0.783718
7    0.85006
23    0.715455
24    0.852293
3 9.59914  7
5    0.700751
6    0.703149
7    1.19074
21    1.13172
22    0.795071
24    0.929786
35    1.02187
4 10.0301  4
6    0.736567
14    1.29002
25    1.127
149    1.2573
5 11.4373  7
6    0.710987
7    0.995706
14    1.06421
21    0.78804
22    1.22776
24    1.19402
140    1.0018
6 6.03244  5
7    0.974081
22    1.01116
23    0.867766
36    1.0018
89    1.08398
7 8.38328  7
8    1.10321
9    0.817374
10    1.08398
11    0.754585
12    0.878954
13    1.28509
24    0.851067
8 6.0596  3
22    1.1168
70    1.29663
80    0.710987
9 8.47179  5
22    1.21222
23    1.24855
25    1.19803
34    0.729902
36    0.975948
10 6.34861  1
21    0.988198
11 9.41572  8
15    0.827409
16    1.11676
17    0.861632
18    1.22851
19    1.22657
20    1.22022
21    1.19947
22    1.04639
12 9.43129  5
21    0.910486
22    1.22412
23    1.29198
35    1.15177
70    1.17885
13 9.48195  1
83    1.0929
14 9.64736  1
34    1.07642
15 10.1875  2
25    0.737629
91    1.22022
16 11.9515  1
21    1.04181
17 7.71157  3
23    1.13764
25    0.823582
80    0.703149
18 13.8665  3
21    1.18865
22    1.22888
23    1.25574
19 13.9654  3
21    1.09638
23    0.751161
91    1.22657
20 14.2883  4
23    1.23185
25    1.10427
83    0.995706
162    0.952364
21 5.34242  2
23    0.833799
25    0.89505
22 6.1298  2
24    1.1139
91    1.13172
23 8.70098  8
26    0.820853
27    1.09536
28    0.79172
29    1.00021
30    1.08104
31    0.744972
32    0.847551
149    1.23793
24 7.09723  2
150    0.767788
161    0.882488
25 11.8603  2
70    1.1872
80    0.700018
26 7.41371  6
49    0.862694
50    1.23199
51    1.23793
52    1.2573
53    0.720545
171    0.820103
27 12.8939  10
39    0.902997
40    0.763576
41    0.908307
42    0.780917
43    0.964943
44    0.965877
45    0.968917
46    0.978841
47    1.01125
48    1.11709
28 10.7894  1
186    0
29 13.9169  2
148    0.978841
151    1.04736
30 14.1299  2
33    1.18253
148    1.23199
31 14.8254  2
37    1.08624
38    0.761946
32 7.09632  1
186    0
33 11.8572  2
35    0.798349
70    1.12315
34 7.40364  1
186    0
35 12.861  1
91    1.19947
36 10.6816  7
92    0.988198
93    1.04181
94    1.2169
95    1.18865
96    1.09638
97    0.795071
98    1.01116
37 13.565  1
186    0
38 12.9809  1
89    1.06421
39 11.0732  2
70    1.06439
83    0.974081
40 14.8437  9
62    1.24779
63    1.28953
64    0.825779
65    1.11143
66    0.844218
67    1.17166
68    1.0409
69    1.2139
84    1.06633
41 7.15613  1
171    0.710987
42 12.0525  1
186    0
43 8.04147  1
89    1.28509
44 14.9438  1
161    0.779653
45 7.48299  1
186    0
46 13.1201  1
186    0
47 11.5276  2
70    0.848979
89    0.811313
48 6.32756  9
54    0.767788
55    0.922059
56    0.825834
57    1.11162
58    0.844823
59    1.17364
60    1.04736
61    1.23501
90    0.861632
49 9.34675  1
186    0
50 9.20606  1
186    0
51 8.74645  6
180    1.10321
181    0.817374
182    1.08398
183    0.754585
184    0.878954
185    1.28509
52 7.24555  6
109    1.25574
110    0.715455
111    0.751161
112    0.867766
113    1.24855
140    0.975948
53 12.3446  10
71    1.09166
72    0.779653
73    0.960805
74    0.952364
75    0.924787
76    0.834733
77    1.14068
78    0.939729
79    0.883532
91    1.22851
54 8.99548  2
89    1.29002
148    0.862694
55 8.05887  1
186    0
56 5.00031  5
85    1.29696
86    0.85006
87    1.19074
88    1.10321
89    0.817374
57 5.01251  1
186    0
58 5.05249  1
148    1.11709
59 5.18311  1
186    0
60 5.60945  1
186    0
61 7.00171  2
81    0.736567
82    0.820103
62 11.5484  2
70    0.882488
151    0.825779
63 6.39531  1
70    1.29062
64 9.56801  1
70    0.829368
65 9.92843  1
186    0
66 11.1055  1
186    0
67 14.9493  4
80    0.700751
83    0.783718
91    0.78804
151    1.28953
68 7.50099  1
186    0
69 13.179  1
90    1.11676
70 11.7202  1
148    1.01125
71 6.95624  1
186    0
72 11.3997  1
161    0.960805
73 5.90976  4
114    1.29198
115    0.833799
116    1.13764
117    0.929786
74 7.98257  9
152    1.11143
153    0.844218
154    1.17166
155    1.0409
156    1.2139
157    1.17885
158    1.06439
159    1.29062
160    0.829368
75 14.7516  1
186    0
76 6.85522  1
151    1.24779
77 11.0701  1
186    0
78 14.8337  1
89    0.827409
79 7.12348  1
89    0.754585
80 11.946  1
186    0
81 7.69387  10
118    0.851067
119    1.19402
120    1.1139
121    0.852293
122    1.19803
123    1.127
124    0.89505
125    0.737629
126    0.823582
127    1.10427
82 13.8086  2
151    0.844823
171    0.736567
83 13.7762  1
186    0
84 13.6703  1
89    0.878954
85 13.3245  1
150    0.922059
86 12.1953  1
186    0
87 8.5081  1
186    0
88 6.46733  1
186    0
89 9.80331  10
99    1.1168
100    0.861742
101    1.22888
102    1.22776
103    1.22412
104    1.21222
105    1.17334
106    1.04639
107    1.23185
108    1.23745
90 10.6969  8
172    1.0929
173    0.783718
174    0.974081
175    0.995706
176    1.06633
177    1.29696
178    0.85006
179    1.19074
91 13.6151  1
186    0
92 13.1442  1
186    0
93 11.6063  1
186    0
94 6.58452  1
186    0
95 10.186  3
163    0.924787
164    0.834733
165    1.14068
96 11.9466  1
161    1.29663
97 7.6957  1
186    0
98 13.8147  1
186    0
99 13.796  1
186    0
100 13.7353  1
161    1.1872
101 13.5369  1
186    0
102 12.889  1
186    0
103 10.7732  1
186    0
104 13.8641  1
186    0
105 13.9575  1
161    0.848979
106 14.2624  1
186    0
107 5.25758  1
186    0
108 5.85269  1
186    0
109 7.79611  1
186    0
110 14.1424  1
148    0.968917
111 14.8663  1
186    0
112 7.22999  1
186    0
113 12.2939  1
186    0
114 8.82977  1
186    0
115 7.51778  1
186    0
116 13.2336  1
151    1.11162
117 11.8984  1
186    0
118 7.53822  1
186    0
119 13.3004  1
186    0
120 12.1166  1
186    0
121 8.25083  1
186    0
122 5.62716  1
186    0
123 7.05969  1
186    0
124 11.7379  1
186    0
125 7.01422  3
141    0.761946
142    0.902997
149    0.720545
126 11.5893  10
128    0.820853
129    1.09536
130    0.79172
131    1.00021
132    1.08104
133    0.744972
134    0.847551
135    1.18253
136    1.07642
137    0.729902
127 6.52867  1
186    0
128 10.0035  1
186    0
129 11.3506  1
161    1.12315
130 5.74953  1
186    0
131 7.45918  1
161    1.09166
132 13.0422  1
186    0
133 11.2737  2
140    1.15177
151    1.23501
134 5.49837  1
186    0
135 6.63915  2
138    0.798349
139    1.02187
136 10.3645  1
186    0
137 12.5295  1
186    0
138 9.59914  5
166    0.939729
167    0.883532
168    0.700018
169    0.700751
170    0.703149
139 10.0301  1
186    0
140 11.4373  1
186    0
141 6.03244  6
143    0.763576
144    0.908307
145    0.780917
146    0.964943
147    0.965877
150    0.825834
142 8.38328  1
186    0
143 6.0596  1
186    0
144 8.47179  1
186    0
145 6.34861  1
151    1.17364
146 9.41572  1
186    0
147 9.43129  1
186    0
148 9.48195  1
186    0
149 9.64736  1
186    0
150 10.1875  1
186    0
151 11.9515  1
186    0
152 7.71157  1
186    0
153 13.8665  1
186    0
154 13.9654  1
186    0
155 14.2883  1
186    0
156 5.34242  1
186    0
157 6.1298  1
186    0
158 8.70098  1
186    0
159 7.09723  1
186    0
160 11.8603  1
186    0
161 7.41371  1
186    0
162 12.8939  1
186    0
163 10.7894  1
186    0
164 13.9169  1
186    0
165 14.1299  1
186    0
166 14.8254  1
186    0
167 7.09632  1
186    0
168 11.8572  1
186    0
169 7.40364  1
186    0
170 12.861  1
186    0
171 10.6816  1
186    0
172 13.565  1
186    0
173 12.9809  1
186    0
174 11.0732  1
186    0
175 14.8437  1
186    0
176 7.15613  1
186    0
177 12.0525  1
186    0
178 8.04147  1
186    0
179 14.9438  1
186    0
180 7.48299  1
186    0
181 13.1201  1
186    0
182 11.5276  1
186    0
183 6.32756  1
186    0
184 9.34675  1
186    0
185 9.20606  1
186    0
186 0  0
