48
0 13.179  9
1    11.9402
2    11.139
3    8.52293
4    11.9803
5    11.27
6    8.9505
7    11.0427
8    10.7642
16    11.1709
1 11.7202  4
7    7.9172
8    7.44972
9    10.2187
16    9.64943
2 6.95624  2
7    8.23582
8    11.8253
3 11.3997  3
7    8.20853
9    7.98349
20    9.22059
4 5.90976  2
7    10.9536
8    7.29902
5 7.98257  2
8    10.0021
16    8.62694
6 14.7516  3
7    7.37629
8    8.47551
16    7.80917
7 6.85522  2
8    10.8104
16    12.3793
8 11.0701  2
17    12.573
18    7.20545
9 14.8337  6
10    11.5177
11    9.75948
12    10.018
13    10.8624
14    7.61946
16    9.78841
10 7.12348  1
16    10.1125
11 11.946  1
15    9.02997
12 7.69387  1
15    7.63576
13 13.8086  3
15    9.08307
16    9.65877
19    7.67788
14 13.7762  1
16    12.3199
15 13.6703  1
16    9.68917
16 13.3245  4
33    10.409
34    12.139
35    11.7885
36    10.6439
17 12.1953  1
47    0
18 8.5081  7
26    12.3501
27    12.478
28    12.8953
29    8.25779
30    11.1143
31    8.44218
32    11.7166
19 6.46733  1
47    0
20 9.80331  5
21    8.25834
22    11.1162
23    8.44823
24    11.7364
25    10.4736
21 10.6969  1
47    0
22 13.6151  1
47    0
23 13.1442  1
47    0
24 11.6063  1
47    0
25 6.58452  1
47    0
26 10.186  1
47    0
27 11.9466  1
47    0
28 7.6957  1
47    0
29 13.8147  1
47    0
30 13.796  1
47    0
31 13.7353  1
47    0
32 13.5369  1
47    0
33 12.889  1
47    0
34 10.7732  1
47    0
35 13.8641  1
47    0
36 13.9575  10
37    12.9062
38    8.29368
39    11.2315
40    8.82488
41    12.9663
42    8.48979
43    11.872
44    10.9166
45    7.79653
46    9.60805
37 14.2624  1
47    0
38 5.25758  1
47    0
39 5.85269  1
47    0
40 7.79611  1
47    0
41 14.1424  1
47    0
42 14.8663  1
47    0
43 7.22999  1
47    0
44 12.2939  1
47    0
45 8.82977  1
47    0
46 7.51778  1
47    0
47 0  0
