199
0 6.0596  7
1    8.17374
2    10.8398
3    12.8509
8    11.1676
9    9.10486
11    10.9638
18    7.51161
1 8.47179  4
3    7.54585
4    8.11313
10    12.169
11    10.1116
2 6.34861  6
3    8.78954
10    9.88198
18    12.9198
49    9.08307
50    11.1162
151    11.7166
3 9.41572  8
5    10.6421
6    12.9002
7    8.27409
9    11.3172
11    11.168
57    8.82488
130    11.8253
176    11.1676
4 9.43129  4
8    12.2657
9    11.9947
10    10.4181
50    8.62694
5 9.48195  2
9    12.2022
50    7.20545
6 9.64736  5
8    8.61632
11    11.8865
50    12.3793
130    8.47551
166    7.83718
7 10.1875  4
8    12.2851
9    7.8804
18    12.3185
88    12.8509
8 11.9515  5
11    8.61742
18    11.3764
49    10.1125
57    12.9663
176    12.2851
9 7.71157  3
12    12.2888
13    12.2776
14    12.2412
10 13.8665  4
11    7.95071
18    12.3745
130    7.29902
176    12.2022
11 13.9654  1
18    7.15455
12 14.2883  3
15    12.1222
16    11.7334
17    10.4639
13 5.34242  2
18    8.67766
56    8.25779
14 6.1298  2
30    8.20853
88    12.9002
15 8.70098  4
18    12.5574
49    9.65877
50    12.3199
56    8.29368
16 7.09723  2
18    8.33799
49    9.78841
17 11.8603  2
18    12.4855
88    10.6421
18 7.41371  5
19    9.29786
20    8.51067
21    11.9402
22    11.139
122    11.9803
19 12.8939  9
23    8.52293
24    11.9803
25    11.27
26    8.9505
27    7.37629
28    8.23582
29    11.0427
130    9.75948
177    11.3172
20 10.7894  8
64    9.24787
65    8.34733
66    11.4068
67    9.39729
68    8.83532
69    7.00018
70    7.00751
122    11.27
21 13.9169  2
49    9.68917
56    12.139
22 14.1299  10
40    7.98349
41    10.2187
42    11.5177
43    9.75948
44    10.018
45    10.8624
46    7.61946
47    9.02997
48    7.63576
189    8.33799
23 14.8254  1
198    0
24 7.09632  9
34    10.8104
35    7.44972
36    8.47551
37    11.8253
38    10.7642
39    7.29902
50    12.573
140    8.25834
189    8.67766
25 11.8572  3
50    8.44823
56    11.1143
122    7.37629
26 7.40364  4
31    10.9536
32    7.9172
33    10.0021
56    10.6439
27 12.861  1
49    9.64943
28 10.6816  1
130    7.98349
29 13.565  1
49    11.1709
30 12.9809  1
50    9.22059
31 11.0732  7
51    11.7364
52    10.4736
53    12.3501
54    12.478
55    12.8953
57    11.2315
139    9.68917
32 14.8437  2
128    10.8104
129    7.44972
33 7.15613  1
181    12.2776
34 12.0525  1
198    0
35 8.04147  1
56    11.7885
36 14.9438  2
120    11.3764
121    9.29786
37 7.48299  1
198    0
38 13.1201  4
49    7.80917
50    7.67788
88    8.27409
176    12.9002
39 11.5276  1
198    0
40 6.32756  1
198    0
41 9.34675  3
131    10.018
132    10.8624
177    7.8804
42 9.20606  1
198    0
43 8.74645  2
88    11.1676
122    11.139
44 7.24555  1
56    12.9062
45 12.3446  7
58    8.48979
59    11.872
60    10.9166
61    7.79653
62    9.60805
63    9.52364
176    12.2657
46 8.99548  3
50    8.25834
56    10.409
88    8.11313
47 8.05887  6
98    12.169
99    11.8865
100    10.9638
101    7.95071
102    10.1116
103    11.168
48 5.00031  8
72    7.10987
73    7.36567
74    8.20103
75    10.929
76    7.83718
77    9.74081
78    9.95706
79    10.6633
49 5.01251  2
56    11.7166
139    9.78841
50 5.05249  1
198    0
51 5.18311  1
198    0
52 5.60945  1
198    0
53 7.00171  1
166    10.929
54 11.5484  1
198    0
55 6.39531  1
56    8.44218
56 9.56801  1
140    7.20545
57 9.92843  1
165    7.00751
58 11.1055  1
198    0
59 14.9493  1
198    0
60 7.50099  1
122    8.51067
61 13.179  1
198    0
62 11.7202  2
88    8.61632
130    10.2187
63 6.95624  10
141    11.1162
142    8.44823
143    11.7364
144    10.4736
145    12.3501
146    12.478
147    12.8953
148    8.25779
149    11.1143
150    8.44218
64 11.3997  3
140    7.67788
181    10.1116
188    12.5574
65 5.90976  10
89    12.2851
90    12.2657
91    12.2022
92    11.9947
93    11.3172
94    9.10486
95    7.8804
96    9.88198
97    10.4181
177    9.10486
66 7.98257  1
139    8.62694
67 14.7516  1
130    11.5177
68 6.85522  1
122    8.52293
69 11.0701  1
198    0
70 14.8337  2
71    7.0315
139    12.3199
71 7.12348  1
198    0
72 11.946  7
152    12.139
153    11.7885
154    10.6439
155    12.9062
156    8.29368
157    11.2315
158    8.82488
73 7.69387  1
198    0
74 13.8086  1
140    12.3793
75 13.7762  1
139    10.1125
76 13.6703  1
198    0
77 13.3245  1
151    10.409
78 12.1953  8
80    12.9696
81    8.5006
82    11.9074
83    11.0321
84    8.17374
85    10.8398
86    7.54585
87    8.78954
79 8.5081  1
139    9.65877
80 6.46733  9
167    12.9696
168    8.5006
169    11.9074
170    11.0321
171    8.17374
172    10.8398
173    7.54585
174    8.78954
175    12.8509
81 9.80331  1
176    8.27409
82 10.6969  2
138    9.64943
181    8.61742
83 13.6151  1
122    8.9505
84 13.1442  2
159    12.9663
181    11.168
85 11.6063  1
159    10.9166
86 6.58452  1
198    0
87 10.186  1
198    0
88 11.9466  1
198    0
89 7.6957  1
176    10.6421
90 13.8147  1
198    0
91 13.796  1
198    0
92 13.7353  2
104    8.61742
105    12.2888
93 13.5369  6
133    7.61946
134    9.02997
135    7.63576
136    9.08307
137    7.80917
176    8.61632
94 12.889  1
159    8.48979
95 10.7732  1
198    0
96 13.8641  1
198    0
97 13.9575  1
198    0
98 14.2624  1
198    0
99 5.25758  1
198    0
100 5.85269  1
165    8.83532
101 7.79611  1
198    0
102 14.1424  7
113    12.5574
114    7.15455
115    7.51161
116    8.67766
117    12.4855
118    12.9198
119    8.33799
103 14.8663  1
198    0
104 7.22999  8
106    12.2776
107    12.2412
108    12.1222
109    11.7334
110    10.4639
111    12.3185
112    12.3745
181    12.2888
105 12.2939  1
198    0
106 8.82977  1
198    0
107 7.51778  2
166    8.20103
176    8.11313
108 13.2336  1
122    11.9402
109 11.8984  1
198    0
110 7.53822  1
140    9.22059
111 13.3004  8
190    9.29786
191    8.51067
192    11.9402
193    11.139
194    8.52293
195    11.9803
196    11.27
197    8.9505
112 12.1166  2
139    11.1709
165    7.00018
113 8.25083  1
177    10.4181
114 5.62716  1
176    11.9947
115 7.05969  1
198    0
116 11.7379  1
198    0
117 7.01422  1
198    0
118 11.5893  1
198    0
119 6.52867  1
198    0
120 10.0035  1
122    8.23582
121 11.3506  5
123    11.0427
124    8.20853
125    10.9536
126    7.9172
127    10.0021
122 5.74953  1
165    7.36567
123 7.45918  1
130    10.7642
124 13.0422  1
198    0
125 11.2737  1
198    0
126 5.49837  1
198    0
127 6.63915  1
198    0
128 10.3645  1
198    0
129 12.5295  1
198    0
130 9.59914  1
198    0
131 10.0301  1
198    0
132 11.4373  1
198    0
133 6.03244  1
198    0
134 8.38328  1
140    12.573
135 6.0596  1
159    11.872
136 8.47179  1
198    0
137 6.34861  2
165    11.4068
189    11.3764
138 9.41572  1
177    12.169
139 9.43129  1
198    0
140 9.48195  1
198    0
141 9.64736  1
198    0
142 10.1875  1
198    0
143 11.9515  1
198    0
144 7.71157  1
198    0
145 13.8665  3
178    11.8865
179    10.9638
180    7.95071
146 13.9654  1
198    0
147 14.2883  1
198    0
148 5.34242  6
160    7.79653
161    9.60805
162    9.52364
163    9.24787
164    8.34733
166    10.6633
149 6.1298  1
189    12.9198
150 8.70098  1
198    0
151 7.09723  1
166    9.95706
152 11.8603  1
198    0
153 7.41371  2
165    9.39729
189    12.4855
154 12.8939  1
177    9.88198
155 10.7894  1
198    0
156 13.9169  1
198    0
157 14.1299  1
198    0
158 14.8254  1
198    0
159 7.09632  1
198    0
160 11.8572  2
165    7.0315
166    9.74081
161 7.40364  1
198    0
162 12.861  1
198    0
163 10.6816  1
188    7.15455
164 13.565  1
165    7.10987
165 12.9809  1
198    0
166 11.0732  1
198    0
167 14.8437  1
198    0
168 7.15613  1
198    0
169 12.0525  1
198    0
170 8.04147  1
198    0
171 14.9438  1
198    0
172 7.48299  1
198    0
173 13.1201  1
198    0
174 11.5276  1
198    0
175 6.32756  1
198    0
176 9.34675  1
198    0
177 9.20606  1
198    0
178 8.74645  1
198    0
179 7.24555  1
189    7.51161
180 12.3446  6
182    12.2412
183    12.1222
184    11.7334
185    10.4639
186    12.3185
187    12.3745
181 8.99548  1
198    0
182 8.05887  1
198    0
183 5.00031  1
198    0
184 5.01251  1
198    0
185 5.05249  1
198    0
186 5.18311  1
198    0
187 5.60945  1
198    0
188 7.00171  1
198    0
189 11.5484  1
198    0
190 6.39531  1
198    0
191 9.56801  1
198    0
192 9.92843  1
198    0
193 11.1055  1
198    0
194 14.9493  1
198    0
195 7.50099  1
198    0
196 13.179  1
198    0
197 11.7202  1
198    0
198 0  0
