199
0 7.53822  7
1    1.1872
7    0.700018
8    0.710987
19    1.11676
54    0.908307
69    1.0409
180    0.861742
1 13.3004  8
2    1.09166
3    0.779653
4    0.960805
5    0.952364
6    0.924787
7    0.939729
75    0.779653
92    1.22851
2 12.1166  7
7    0.700751
8    0.820103
19    1.22657
42    1.24855
52    0.847551
87    0.783718
88    1.29696
3 8.25083  2
7    0.703149
8    0.736567
4 5.62716  4
7    1.14068
18    1.28509
75    0.960805
97    1.1168
5 7.05969  4
7    0.834733
89    1.08398
90    1.11676
148    1.11162
6 11.7379  3
7    0.883532
8    1.0929
18    1.29002
7 7.01422  6
18    0.811313
20    0.910486
41    0.751161
42    0.867766
88    0.817374
179    1.13172
8 11.5893  10
9    0.783718
10    0.974081
11    0.995706
12    1.06633
13    1.29696
14    0.85006
15    1.19074
16    1.10321
17    0.817374
170    0.783718
9 6.52867  4
18    1.06421
68    1.23501
69    1.29062
90    1.06421
10 10.0035  1
19    1.22022
11 11.3506  1
90    1.29002
12 5.74953  2
18    1.08398
51    1.10427
13 7.45918  3
18    0.827409
19    1.13172
170    1.29696
14 13.0422  5
18    0.754585
19    1.19947
53    0.975948
68    0.825779
170    1.10321
15 11.2737  3
18    0.878954
53    1.08624
125    0.79172
16 5.49837  4
19    1.22851
58    1.11709
90    0.827409
148    1.24779
17 6.63915  2
51    0.737629
88    1.19074
18 10.3645  3
19    0.861632
52    0.744972
53    1.15177
19 12.5295  10
21    0.78804
22    0.988198
23    1.04181
24    1.2169
25    1.18865
26    1.09638
27    0.795071
28    1.01116
29    1.1168
30    0.861742
20 9.59914  1
75    0.952364
21 10.0301  8
152    1.0409
153    1.2139
154    1.17885
155    1.06439
156    1.29062
157    0.829368
158    1.12315
178    1.22851
22 11.4373  3
42    1.13764
125    0.820853
148    0.844823
23 6.03244  10
31    1.22888
32    1.22776
33    1.22412
34    1.21222
35    1.17334
36    1.04639
37    1.23185
38    1.23745
39    1.25574
40    0.715455
24 8.38328  5
42    0.833799
52    1.08104
54    0.780917
68    0.844218
180    1.1168
25 6.0596  3
69    1.06439
170    0.995706
179    0.910486
26 8.47179  1
42    1.29198
27 6.34861  3
52    0.729902
89    0.754585
90    0.811313
28 9.41572  2
51    0.823582
54    0.763576
29 9.43129  1
198    0
30 9.48195  2
51    0.79172
58    1.23199
31 9.64736  2
52    0.798349
68    1.11143
32 10.1875  1
69    1.17885
33 11.9515  5
52    1.07642
54    0.964943
58    0.862694
88    1.10321
97    0.795071
34 7.71157  1
198    0
35 13.8665  2
51    0.820853
69    1.2139
36 13.9654  1
68    1.24779
37 14.2883  7
98    1.22888
99    1.22776
100    1.22412
101    1.21222
102    1.17334
103    1.04639
104    1.23185
38 5.34242  2
51    1.09536
53    1.0018
39 6.1298  2
52    1.00021
95    1.04181
40 8.70098  1
198    0
41 7.09723  9
43    0.929786
44    0.851067
45    1.19402
46    1.1139
47    0.852293
48    1.19803
49    1.127
50    0.89505
88    0.85006
42 11.8603  9
59    1.23793
60    1.2573
61    0.720545
62    0.767788
63    0.922059
64    0.825834
65    1.11162
66    0.844823
67    1.17364
43 7.41371  4
93    0.78804
94    0.988198
164    0.924787
187    1.23185
44 12.8939  8
171    1.08398
172    0.754585
173    0.878954
174    1.28509
175    0.811313
176    1.06421
177    1.29002
179    1.19947
45 10.7894  1
148    1.23501
46 13.9169  3
52    1.18253
58    1.01125
69    0.829368
47 14.1299  2
52    1.02187
96    1.18865
48 14.8254  4
55    0.965877
56    0.968917
57    0.978841
86    0.820103
49 7.09632  1
198    0
50 11.8572  1
54    0.902997
51 7.40364  2
54    0.761946
125    1.18253
52 12.861  5
70    1.12315
71    0.882488
72    1.29663
73    0.848979
74    1.1872
53 10.6816  2
87    0.974081
187    1.25574
54 13.565  1
92    0.910486
55 12.9809  1
198    0
56 11.0732  1
119    1.19803
57 14.8437  5
120    1.127
121    0.89505
122    0.737629
123    0.823582
124    1.10427
58 7.15613  1
88    1.06633
59 12.0525  2
69    1.17166
125    1.08104
60 8.04147  2
68    1.28953
151    0.844218
61 14.9438  1
68    1.04736
62 7.48299  3
97    1.01116
125    1.00021
164    1.14068
63 13.1201  1
164    0.834733
64 11.5276  1
198    0
65 6.32756  1
148    1.04736
66 9.34675  2
92    1.22022
170    1.06633
67 9.20606  2
87    0.995706
125    1.09536
68 8.74645  3
89    1.28509
95    1.2169
187    0.715455
69 7.24555  1
198    0
70 12.3446  1
89    0.878954
71 8.99548  10
76    0.924787
77    0.834733
78    1.14068
79    0.939729
80    0.883532
81    0.700018
82    0.700751
83    0.703149
84    0.710987
85    0.736567
72 8.05887  1
75    1.09166
73 5.00031  1
198    0
74 5.01251  1
179    1.2169
75 5.05249  7
136    0.780917
137    0.964943
138    0.965877
139    0.968917
140    0.978841
141    1.01125
142    1.11709
76 5.18311  3
92    1.19947
125    1.07642
148    0.825834
77 5.60945  1
125    0.729902
78 7.00171  5
165    0.703149
166    0.710987
167    0.736567
168    0.820103
169    1.0929
79 11.5484  2
86    1.0929
92    1.22657
80 6.39531  1
125    0.744972
81 9.56801  7
143    0.862694
144    1.23199
145    1.23793
146    1.2573
147    0.720545
151    1.17166
179    0.988198
82 9.92843  1
198    0
83 11.1055  9
105    1.23745
106    1.25574
107    0.715455
108    0.751161
109    0.867766
110    1.24855
111    1.29198
112    0.833799
113    1.13764
84 14.9493  1
92    1.13172
85 7.50099  1
91    0.861632
86 13.179  1
164    0.883532
87 11.7202  1
151    1.11143
88 6.95624  1
198    0
89 11.3997  1
198    0
90 5.90976  1
97    1.09638
91 7.98257  1
179    0.78804
92 14.7516  1
198    0
93 6.85522  1
97    0.861742
94 11.0701  1
198    0
95 14.8337  1
198    0
96 7.12348  1
198    0
97 11.946  1
198    0
98 7.69387  1
198    0
99 13.8086  1
198    0
100 13.7762  1
198    0
101 13.6703  1
198    0
102 13.3245  1
148    0.922059
103 12.1953  1
198    0
104 8.5081  10
126    0.798349
127    1.02187
128    1.15177
129    0.975948
130    1.0018
131    1.08624
132    0.761946
133    0.902997
134    0.763576
135    0.908307
105 6.46733  1
148    0.767788
106 9.80331  5
114    0.929786
115    0.851067
116    1.19402
117    1.1139
118    0.852293
107 10.6969  1
180    0.795071
108 13.6151  2
149    1.28953
150    0.825779
109 13.1442  1
179    1.22022
110 11.6063  1
125    0.847551
111 6.58452  1
198    0
112 10.186  1
198    0
113 11.9466  1
198    0
114 7.6957  1
198    0
115 13.8147  1
198    0
116 13.796  1
164    0.939729
117 13.7353  1
170    1.19074
118 13.5369  1
198    0
119 12.889  1
198    0
120 10.7732  1
198    0
121 13.8641  1
198    0
122 13.9575  1
198    0
123 14.2624  1
164    0.952364
124 5.25758  1
164    0.700751
125 5.85269  1
164    0.779653
126 7.79611  1
170    0.85006
127 14.1424  1
198    0
128 14.8663  1
148    1.17364
129 7.22999  1
179    1.18865
130 12.2939  5
159    0.882488
160    1.29663
161    0.848979
162    1.1872
163    1.09166
131 8.82977  1
198    0
132 7.51778  1
198    0
133 13.2336  1
198    0
134 11.8984  1
198    0
135 7.53822  1
198    0
136 13.3004  1
198    0
137 12.1166  1
170    0.974081
138 8.25083  1
198    0
139 5.62716  1
198    0
140 7.05969  6
181    1.22888
182    1.22776
183    1.22412
184    1.21222
185    1.17334
186    1.04639
141 11.7379  1
198    0
142 7.01422  1
198    0
143 11.5893  1
198    0
144 6.52867  1
198    0
145 10.0035  1
198    0
146 11.3506  1
198    0
147 5.74953  1
198    0
148 7.45918  1
198    0
149 13.0422  1
179    1.04181
150 11.2737  1
164    0.700018
151 5.49837  1
198    0
152 6.63915  1
198    0
153 10.3645  1
198    0
154 12.5295  1
164    0.960805
155 9.59914  1
180    1.09638
156 10.0301  1
178    0.827409
157 11.4373  1
187    1.23745
158 6.03244  1
198    0
159 8.38328  1
198    0
160 6.0596  1
198    0
161 8.47179  1
180    1.01116
162 6.34861  1
198    0
163 9.41572  1
178    1.11676
164 9.43129  1
198    0
165 9.48195  1
170    0.817374
166 9.64736  1
198    0
167 10.1875  1
178    1.22657
168 11.9515  1
198    0
169 7.71157  1
178    0.861632
170 13.8665  1
188    0.751161
171 13.9654  1
198    0
172 14.2883  1
198    0
173 5.34242  1
198    0
174 6.1298  1
198    0
175 8.70098  1
198    0
176 7.09723  1
198    0
177 11.8603  1
198    0
178 7.41371  1
198    0
179 12.8939  1
198    0
180 10.7894  1
198    0
181 13.9169  1
198    0
182 14.1299  1
198    0
183 14.8254  1
198    0
184 7.09632  1
198    0
185 11.8572  1
198    0
186 7.40364  1
198    0
187 12.861  1
198    0
188 10.6816  9
189    0.867766
190    1.24855
191    1.29198
192    0.833799
193    1.13764
194    0.929786
195    0.851067
196    1.19402
197    1.1139
189 13.565  1
198    0
190 12.9809  1
198    0
191 11.0732  1
198    0
192 14.8437  1
198    0
193 7.15613  1
198    0
194 12.0525  1
198    0
195 8.04147  1
198    0
196 14.9438  1
198    0
197 7.48299  1
198    0
198 0  0
