187
0 11.6063  10
1    45.4154
2    39.0458
3    48.2472
4    48.2939
5    48.4458
7    62.8649
22    38.9827
23    44.1766
32    40.8687
44    61.8725
1 6.58452  7
7    38.3894
21    59.3602
22    46.2394
43    39.402
44    61.2059
65    37.2486
90    64.2547
2 10.186  5
7    43.1347
23    46.9865
44    58.6671
80    58.5829
89    59.5369
3 11.9466  3
6    48.9421
7    55.8545
81    53.2196
4 7.6957  7
6    50.5626
7    36.0273
43    55.8399
44    61.3881
65    42.3775
90    53.2104
164    53.3166
5 13.8147  3
7    61.5996
65    36.4951
91    55.838
6 13.796  6
7    61.8963
21    64.5312
43    45.5243
83    48.0403
108    62.7871
135    55.8545
7 13.7353  10
8    46.1029
9    41.2917
10    55.5808
11    42.2411
12    58.6818
13    52.3681
14    61.7507
19    42.2109
21    44.1244
43    39.7536
8 13.5369  3
20    60.6951
44    60.6108
90    54.1992
9 12.889  7
15    62.3898
16    64.4763
17    41.2889
18    55.5716
19    58.5829
23    35.1575
43    54.819
10 10.7732  4
21    41.4684
22    47.6182
79    61.5996
82    64.5312
11 13.8641  4
22    57.0338
32    40.5657
43    60.8452
82    54.5828
12 13.9575  5
19    52.0449
23    35.5493
32    55.1605
44    61.5923
80    41.2889
13 14.2624  4
22    41.7367
32    42.503
65    39.9174
95    56.586
14 5.25758  1
21    53.2196
15 5.85269  3
21    64.8315
43    59.4325
44    43.0871
16 7.79611  9
52    46.4893
53    42.5533
54    59.7008
55    55.6952
56    42.6147
57    59.9013
65    53.8211
83    41.7367
118    36.8815
17 14.1424  2
21    42.449
175    59.9736
18 14.8663  1
186    0
19 7.22999  5
20    58.9427
21    56.1576
22    48.0403
23    35.0375
43    49.4099
20 12.2939  1
89    49.7853
21 8.82977  2
22    54.5828
103    60.6108
22 7.51778  4
23    35.0009
32    43.9477
79    42.2411
118    39.586
23 13.2336  7
24    36.8284
25    41.0051
26    54.6451
32    54.1992
82    42.449
118    50.0105
177    50.558
24 11.8984  2
58    56.3498
88    48.704
25 7.53822  10
33    53.2104
34    64.501
35    41.3704
36    55.838
37    43.0816
38    61.4257
39    61.3286
40    61.0109
41    59.9736
42    56.586
26 13.3004  7
27    39.1859
28    48.704
29    49.7853
30    53.3166
31    64.848
32    37.7293
43    52.0907
27 12.1166  3
32    64.2547
44    61.444
177    54.819
28 8.25083  4
32    59.5369
82    56.1576
103    61.3881
176    45.5243
29 5.62716  3
90    37.7293
91    43.0816
103    61.2059
30 7.05969  8
45    35.7727
46    37.5581
47    43.3883
48    62.4273
49    64.599
50    41.69
51    56.8818
80    61.7507
31 11.7379  1
83    46.2394
32 7.01422  1
65    51.0936
33 11.5893  3
43    50.558
44    52.3196
79    41.2917
34 6.52867  2
80    55.5716
88    35.5493
35 10.0035  2
92    61.3286
177    60.6108
36 11.3506  1
186    0
37 5.74953  3
82    38.9827
135    48.9421
142    52.3681
38 7.45918  4
44    62.7871
79    55.5808
103    50.558
135    48.2472
39 13.0422  4
82    41.4684
88    41.0051
164    49.7853
181    46.4893
40 11.2737  3
65    54.0518
108    43.3883
114    55.6952
41 5.49837  4
79    61.8963
80    52.3681
114    42.6147
142    62.3898
42 6.63915  1
80    42.2109
43 10.3645  1
65    59.1267
44 12.5295  1
153    46.9865
45 9.59914  4
79    38.3894
81    60.6951
103    55.8399
143    60.6951
46 10.0301  1
186    0
47 11.4373  1
186    0
48 6.03244  1
78    50.5626
49 8.38328  1
78    48.9421
50 6.0596  4
65    50.0105
80    64.4763
91    41.3704
135    48.2939
51 8.47179  3
103    61.444
118    41.1791
147    59.3602
52 6.34861  2
65    39.586
103    39.7536
53 9.41572  3
89    40.8687
108    35.7727
176    60.8452
54 9.43129  7
59    44.7525
60    36.8815
61    41.1791
62    55.2136
63    41.0427
64    54.7678
81    52.0449
55 9.48195  7
78    55.8545
81    58.9427
82    44.1244
88    36.8284
89    42.503
90    43.9477
174    55.838
56 9.64736  2
118    55.2136
142    64.4763
57 10.1875  1
135    50.5626
58 11.9515  4
144    53.2196
145    64.5312
146    41.4684
176    52.0907
59 7.71157  3
80    58.6818
83    46.9865
135    61.5996
60 13.8665  10
66    57.5886
67    48.7974
68    50.0902
69    54.3118
70    38.0973
71    45.1498
72    38.1788
73    45.4154
83    47.6182
143    42.2109
61 13.9654  3
82    64.8315
142    42.2411
174    61.3286
62 14.2883  4
84    44.1766
85    35.0009
86    35.0375
87    35.1575
63 5.34242  2
118    41.0427
174    61.4257
64 6.1298  1
176    59.4325
65 8.70098  1
186    0
66 7.09723  3
82    59.3602
142    58.6818
178    62.7871
67 11.8603  2
78    43.1347
79    46.1029
68 7.41371  5
74    39.0458
75    48.2472
76    48.2939
77    48.4458
79    36.0273
69 12.8939  1
83    57.0338
70 10.7894  1
178    52.3196
71 13.9169  1
90    40.5657
72 14.1299  1
186    0
73 14.8254  1
186    0
74 7.09632  3
80    62.3898
89    55.1605
180    56.8818
75 11.8572  2
90    64.501
143    58.5829
76 7.40364  1
91    61.4257
77 12.861  1
88    54.6451
78 10.6816  2
79    62.8649
164    59.5369
79 13.565  1
114    42.5533
80 12.9809  1
177    61.3881
81 11.0732  1
88    39.1859
82 14.8437  1
186    0
83 7.15613  1
186    0
84 12.0525  1
89    53.3166
85 8.04147  3
93    61.0109
94    59.9736
135    43.1347
86 14.9438  6
104    58.6671
105    52.3196
106    61.5923
107    61.8725
176    49.4099
177    55.8399
87 7.48299  2
89    64.848
143    58.9427
88 13.1201  1
147    54.5828
89 11.5276  10
119    37.2486
120    42.3775
121    59.1267
122    53.8211
123    36.4951
124    39.9174
125    51.0936
126    57.5886
127    48.7974
177    61.2059
90 6.32756  3
142    41.2889
147    44.1244
164    55.1605
91 9.34675  1
186    0
92 9.20606  10
154    44.1766
155    35.0009
156    35.0375
157    35.1575
158    35.5493
159    36.8284
160    41.0051
161    54.6451
162    39.1859
163    48.704
93 8.74645  1
186    0
94 7.24555  9
96    45.5243
97    39.402
98    49.4099
99    52.0907
100    60.8452
101    59.4325
102    54.819
114    59.7008
174    43.0816
95 12.3446  1
186    0
96 8.99548  5
109    62.4273
110    64.599
111    41.69
112    56.8818
113    46.4893
97 8.05887  1
186    0
98 5.00031  1
186    0
99 5.01251  1
178    43.3883
100 5.05249  2
103    43.0871
143    52.0449
101 5.18311  1
178    35.7727
102 5.60945  8
128    50.0902
129    54.3118
130    38.0973
131    45.1498
132    38.1788
133    45.4154
134    39.0458
147    56.1576
103 7.00171  1
108    37.5581
104 11.5484  1
186    0
105 6.39531  1
186    0
106 9.56801  4
115    59.9013
116    56.3498
117    44.7525
118    54.0518
107 9.92843  1
186    0
108 11.1055  1
186    0
109 14.9493  5
148    48.0403
149    47.6182
150    46.2394
151    41.7367
152    57.0338
110 7.50099  1
186    0
111 13.179  2
164    64.848
178    58.6671
112 11.7202  1
186    0
113 6.95624  1
147    38.9827
114 11.3997  1
179    64.599
115 5.90976  1
186    0
116 7.98257  1
186    0
117 14.7516  1
118    54.7678
118 6.85522  7
136    61.8963
137    62.8649
138    36.0273
139    38.3894
140    46.1029
141    41.2917
142    55.5808
119 11.0701  1
175    56.586
120 14.8337  1
186    0
121 7.12348  1
186    0
122 11.946  1
186    0
123 7.69387  1
186    0
124 13.8086  1
147    42.449
125 13.7762  1
186    0
126 13.6703  1
186    0
127 13.3245  1
135    48.4458
128 12.1953  3
142    61.7507
147    64.8315
177    61.444
129 8.5081  1
186    0
130 6.46733  1
186    0
131 9.80331  1
186    0
132 10.6969  1
143    55.5716
133 13.6151  1
186    0
134 13.1442  1
178    37.5581
135 11.6063  1
180    41.69
136 6.58452  1
186    0
137 10.186  1
186    0
138 11.9466  1
186    0
139 7.6957  1
186    0
140 13.8147  1
174    61.0109
141 13.796  1
186    0
142 13.7353  1
186    0
143 13.5369  1
186    0
144 12.889  1
176    39.402
145 10.7732  1
178    61.8725
146 13.8641  1
186    0
147 13.9575  1
186    0
148 14.2624  1
186    0
149 5.25758  1
186    0
150 5.85269  1
186    0
151 7.79611  1
178    61.5923
152 14.1424  1
186    0
153 14.8663  1
164    42.503
154 7.22999  1
177    43.0871
155 12.2939  1
186    0
156 8.82977  1
186    0
157 7.51778  1
186    0
158 13.2336  1
177    39.7536
159 11.8984  1
186    0
160 7.53822  1
186    0
161 13.3004  1
186    0
162 12.1166  1
178    62.4273
163 8.25083  9
165    40.8687
166    54.1992
167    37.7293
168    43.9477
169    64.2547
170    40.5657
171    53.2104
172    64.501
173    41.3704
164 5.62716  1
186    0
165 7.05969  1
186    0
166 11.7379  1
186    0
167 7.01422  1
186    0
168 11.5893  1
186    0
169 6.52867  1
186    0
170 10.0035  1
186    0
171 11.3506  1
186    0
172 5.74953  4
182    42.5533
183    59.7008
184    55.6952
185    42.6147
173 7.45918  1
186    0
174 13.0422  1
186    0
175 11.2737  1
186    0
176 5.49837  1
186    0
177 6.63915  1
186    0
178 10.3645  1
186    0
179 12.5295  1
186    0
180 9.59914  1
186    0
181 10.0301  1
186    0
182 11.4373  1
186    0
183 6.03244  1
186    0
184 8.38328  1
186    0
185 6.0596  1
186    0
186 0  0
