174
0 9.43129  10
1    47.6182
2    46.2394
3    41.7367
4    57.0338
5    46.9865
6    44.1766
41    35.7727
54    41.0427
57    45.1498
83    41.7367
1 9.48195  4
6    35.5493
7    48.704
93    40.8687
125    54.3118
2 9.64736  4
6    35.0009
41    62.7871
56    50.0902
71    42.2411
3 10.1875  2
7    36.8284
54    39.586
4 11.9515  3
6    35.0375
7    41.0051
112    46.4893
5 7.71157  4
6    35.1575
7    54.6451
80    64.5312
146    41.4684
6 13.8665  4
7    39.1859
41    61.8725
94    56.586
125    45.4154
7 13.9654  6
8    49.7853
9    53.3166
10    64.848
57    38.1788
83    46.9865
115    41.1791
8 14.2883  10
20    53.2104
21    64.501
22    41.3704
23    55.838
24    43.0816
25    61.4257
26    61.3286
27    61.0109
41    52.3196
55    36.4951
9 5.34242  10
11    42.503
12    59.5369
13    55.1605
14    40.8687
15    54.1992
16    37.7293
17    43.9477
18    64.2547
19    40.5657
54    50.0105
10 6.1298  2
58    45.4154
147    41.7367
11 8.70098  3
54    41.1791
55    37.2486
84    35.0009
12 7.09723  2
125    45.1498
145    58.9427
13 11.8603  2
54    36.8815
125    38.0973
14 7.41371  3
60    50.5626
61    55.8545
80    60.6951
15 12.8939  10
130    48.9421
131    50.5626
132    55.8545
133    43.1347
134    61.5996
135    61.8963
136    62.8649
137    36.0273
138    38.3894
163    37.7293
16 10.7894  2
58    39.0458
80    53.2196
17 13.9169  5
41    61.444
56    51.0936
83    44.1766
93    54.1992
112    55.6952
18 14.1299  2
145    52.0449
172    56.586
19 14.8254  3
41    58.6671
55    59.1267
144    62.3898
20 7.09632  1
82    42.449
21 11.8572  2
54    44.7525
146    44.1244
22 7.40364  7
28    59.9736
29    56.586
30    45.5243
31    39.402
41    60.6108
54    54.7678
55    39.9174
23 12.861  3
54    56.3498
56    57.5886
112    41.69
24 10.6816  10
32    49.4099
33    52.0907
34    60.8452
35    59.4325
36    54.819
37    39.7536
38    50.558
39    55.8399
40    43.0871
57    38.0973
25 13.565  2
56    48.7974
148    44.1766
26 12.9809  2
41    61.2059
80    41.4684
27 11.0732  1
173    0
28 14.8437  1
41    61.3881
29 7.15613  4
41    61.5923
59    48.2939
95    60.8452
112    59.9013
30 12.0525  1
173    0
31 8.04147  1
93    41.3704
32 14.9438  1
55    53.8211
33 7.48299  1
144    64.4763
34 13.1201  1
173    0
35 11.5276  1
173    0
36 6.32756  2
59    48.4458
84    35.5493
37 9.34675  2
52    42.6147
53    59.9013
38 9.20606  3
80    52.0449
83    38.9827
145    53.2196
39 8.74645  4
54    55.2136
56    54.3118
83    54.5828
93    64.501
40 7.24555  10
42    37.5581
43    43.3883
44    62.4273
45    64.599
46    41.69
47    56.8818
48    46.4893
49    42.5533
50    59.7008
51    55.6952
41 12.3446  1
173    0
42 8.99548  1
145    55.5716
43 8.05887  10
149    35.0009
150    35.0375
151    35.1575
152    35.5493
153    36.8284
154    41.0051
155    54.6451
156    39.1859
157    48.704
158    49.7853
44 5.00031  3
55    42.3775
95    49.4099
172    61.3286
45 5.01251  1
94    59.9736
46 5.05249  2
84    54.6451
115    54.7678
47 5.18311  1
112    56.8818
48 5.60945  2
59    48.2472
81    64.8315
49 7.00171  3
93    64.2547
95    59.4325
145    42.2109
50 11.5484  1
115    36.8815
51 6.39531  3
55    54.0518
83    48.0403
166    40.5657
52 9.56801  1
173    0
53 9.92843  9
62    43.1347
63    61.5996
64    61.8963
65    62.8649
66    36.0273
67    38.3894
68    46.1029
69    41.2917
147    47.6182
54 11.1055  10
74    62.3898
75    64.4763
76    41.2889
77    55.5716
78    42.2109
79    58.5829
80    56.1576
83    46.2394
84    41.0051
95    45.5243
55 14.9493  1
94    55.838
56 7.50099  2
93    43.9477
147    46.2394
57 13.179  2
113    56.3498
114    44.7525
58 11.7202  2
59    48.9421
83    57.0338
59 6.95624  8
85    39.1859
86    48.704
87    49.7853
88    53.3166
89    64.848
90    42.503
94    61.4257
125    48.7974
60 11.3997  1
146    64.8315
61 5.90976  1
71    58.6818
62 7.98257  4
72    52.3681
73    61.7507
93    53.2104
95    39.402
63 14.7516  1
116    54.0518
64 6.85522  1
173    0
65 11.0701  1
70    55.5808
66 14.8337  1
173    0
67 7.12348  1
115    41.0427
68 11.946  1
83    59.3602
69 7.69387  2
93    37.7293
166    53.2104
70 13.8086  1
173    0
71 13.7762  3
80    58.9427
83    47.6182
93    40.5657
72 13.6703  5
139    46.1029
140    41.2917
141    55.5808
142    42.2411
143    58.6818
73 13.3245  1
84    35.1575
74 12.1953  1
144    61.7507
75 8.5081  1
173    0
76 6.46733  1
145    41.2889
77 9.80331  2
80    44.1244
94    61.0109
78 10.6969  2
84    36.8284
95    52.0907
79 13.6151  1
94    43.0816
80 13.1442  1
173    0
81 11.6063  4
84    35.0375
96    54.819
115    55.2136
147    59.3602
82 6.58452  1
173    0
83 10.186  1
173    0
84 11.9466  2
164    43.9477
165    64.2547
85 7.6957  1
94    61.3286
86 13.8147  6
107    61.5923
108    61.8725
109    62.7871
110    35.7727
147    38.9827
172    39.402
87 13.796  1
173    0
88 13.7353  3
112    42.5533
147    57.0338
161    59.5369
89 13.5369  1
173    0
90 12.889  2
91    59.5369
92    55.1605
91 10.7732  1
173    0
92 13.8641  1
111    37.5581
93 13.9575  10
97    39.7536
98    50.558
99    55.8399
100    43.0871
101    61.444
102    61.3881
103    61.2059
104    60.6108
105    58.6671
106    52.3196
94 14.2624  1
173    0
95 5.25758  1
115    50.0105
96 5.85269  1
173    0
97 7.79611  1
173    0
98 14.1424  8
117    37.2486
118    42.3775
119    59.1267
120    53.8211
121    36.4951
122    39.9174
123    51.0936
124    57.5886
99 14.8663  1
173    0
100 7.22999  2
111    43.3883
112    42.6147
101 12.2939  1
173    0
102 8.82977  1
112    64.599
103 7.51778  4
126    39.0458
127    48.2472
128    48.2939
129    48.4458
104 13.2336  2
111    62.4273
112    59.7008
105 11.8984  1
125    50.0902
106 7.53822  1
145    58.5829
107 13.3004  1
173    0
108 12.1166  1
173    0
109 8.25083  1
173    0
110 5.62716  3
115    39.586
147    54.5828
161    42.503
111 7.05969  1
161    55.1605
112 11.7379  1
172    61.0109
113 7.01422  2
125    38.1788
148    46.9865
114 11.5893  1
173    0
115 6.52867  1
173    0
116 10.0035  1
163    54.1992
117 11.3506  1
173    0
118 5.74953  2
145    60.6951
146    42.449
119 7.45918  1
173    0
120 13.0422  1
162    40.8687
121 11.2737  1
173    0
122 5.49837  1
147    48.0403
123 6.63915  1
173    0
124 10.3645  2
144    52.3681
159    53.3166
125 12.5295  1
173    0
126 9.59914  1
146    56.1576
127 10.0301  1
172    59.9736
128 11.4373  1
173    0
129 6.03244  1
173    0
130 8.38328  1
173    0
131 6.0596  1
173    0
132 8.47179  1
173    0
133 6.34861  1
146    64.5312
134 9.41572  1
160    64.848
135 9.43129  1
173    0
136 9.48195  1
173    0
137 9.64736  1
172    45.5243
138 10.1875  1
172    49.4099
139 11.9515  1
173    0
140 7.71157  1
173    0
141 13.8665  1
173    0
142 13.9654  1
173    0
143 14.2883  1
173    0
144 5.34242  1
173    0
145 6.1298  1
173    0
146 8.70098  1
173    0
147 7.09723  1
173    0
148 11.8603  1
173    0
149 7.41371  1
173    0
150 12.8939  1
173    0
151 10.7894  1
173    0
152 13.9169  1
173    0
153 14.1299  1
173    0
154 14.8254  1
173    0
155 7.09632  1
173    0
156 11.8572  1
173    0
157 7.40364  1
173    0
158 12.861  5
167    64.501
168    41.3704
169    55.838
170    43.0816
171    61.4257
159 10.6816  1
173    0
160 13.565  1
173    0
161 12.9809  1
173    0
162 11.0732  1
173    0
163 14.8437  1
173    0
164 7.15613  1
173    0
165 12.0525  1
173    0
166 8.04147  1
173    0
167 14.9438  1
173    0
168 7.48299  1
173    0
169 13.1201  1
173    0
170 11.5276  1
173    0
171 6.32756  1
173    0
172 9.34675  1
173    0
173 0  0
