231
0 13.7762  10
1    0.882488
2    1.29663
3    0.848979
4    1.1872
5    1.09166
6    0.779653
7    0.960805
8    0.952364
9    0.924787
10    0.736567
1 13.6703  5
10    0.834733
11    0.783718
31    1.17334
37    1.29198
64    0.820103
2 13.3245  6
10    1.14068
12    1.06633
37    1.13764
51    0.763576
122    1.04736
193    0.763576
3 12.1953  10
13    0.85006
14    1.19074
15    1.10321
16    0.817374
17    1.08398
29    1.2169
53    1.2573
94    1.127
209    1.29663
221    0.820103
4 8.5081  6
10    0.700018
11    1.0929
12    0.995706
28    1.19947
52    1.11709
58    1.17166
5 6.46733  7
10    0.700751
29    1.18865
37    0.929786
57    1.28953
58    1.2139
62    1.1872
88    0.751161
6 9.80331  6
10    0.883532
11    0.974081
29    0.795071
38    0.89505
116    0.720545
222    0.85006
7 10.6969  4
10    0.703149
29    1.09638
31    1.22776
105    0.902997
8 13.6151  3
10    0.939729
12    1.29696
53    0.720545
9 13.1442  5
10    0.710987
11    0.820103
31    1.23185
62    0.848979
63    1.14068
10 11.6063  4
29    1.01116
31    1.21222
38    1.10427
51    0.780917
11 6.58452  10
18    0.754585
19    0.878954
20    1.28509
21    0.811313
22    1.06421
23    1.29002
24    0.827409
25    1.11676
26    0.861632
31    1.23745
12 10.186  5
28    0.78804
53    0.862694
94    0.89505
123    0.844218
174    1.13764
13 11.9466  2
39    0.79172
222    1.10321
14 7.6957  3
30    1.1168
31    1.22888
122    1.23501
15 13.8147  3
28    1.22022
50    0.761946
57    1.23501
16 13.796  2
28    1.13172
38    1.09536
17 13.7353  2
38    0.820853
174    0.833799
18 13.5369  10
32    1.25574
33    0.715455
34    0.751161
35    0.867766
36    1.24855
37    0.833799
86    1.01116
95    0.847551
122    1.28953
201    1.23199
19 12.889  4
38    1.127
64    0.783718
85    1.09638
87    1.22888
20 10.7732  4
51    0.965877
63    0.924787
133    0.834733
175    1.19402
21 13.8641  5
37    0.852293
63    0.960805
84    1.19947
94    0.79172
116    1.23199
22 13.9575  5
27    1.22851
28    1.22657
52    1.01125
57    1.17364
91    1.29198
23 14.2624  2
28    0.910486
31    1.22412
24 5.25758  4
37    0.851067
51    0.902997
64    1.0929
95    1.18253
25 5.85269  5
28    0.988198
31    0.861742
64    0.736567
123    1.06439
222    1.29696
26 7.79611  3
37    1.1139
62    0.882488
94    1.09536
27 14.1424  5
28    1.04181
38    0.823582
50    1.0018
62    1.09166
84    0.988198
28 14.8663  4
57    1.11162
63    0.952364
84    1.22022
88    1.17334
29 7.22999  7
38    0.737629
51    0.908307
57    1.24779
62    0.829368
88    1.22412
116    1.23793
174    0.867766
30 12.2939  2
31    1.04639
37    1.19402
31 8.82977  4
38    1.19803
52    0.978841
174    1.24855
176    1.10427
32 7.51778  3
57    1.04736
58    1.0409
88    1.22776
33 13.2336  3
48    1.02187
49    1.15177
62    1.12315
34 11.8984  3
50    1.08624
53    1.23793
62    1.29663
35 7.53822  1
116    1.2573
36 13.3004  2
57    0.825779
84    1.22657
37 12.1166  3
59    1.17885
60    1.06439
61    1.29062
38 8.25083  2
64    0.703149
162    1.04181
39 5.62716  10
40    1.00021
41    1.08104
42    0.744972
43    0.847551
44    1.18253
45    1.07642
46    0.729902
47    0.798349
63    0.834733
86    0.795071
40 7.05969  2
63    0.700018
91    0.851067
41 11.7379  5
50    0.975948
51    0.964943
58    0.844218
122    1.11143
202    1.04736
42 7.01422  2
88    0.715455
91    0.929786
43 11.5893  10
70    1.19074
71    1.10321
72    0.817374
73    1.08398
74    0.754585
75    0.878954
76    1.28509
77    0.811313
78    1.06421
79    1.29002
44 6.52867  3
52    0.968917
133    1.14068
221    0.700751
45 10.0035  1
57    1.11143
46 11.3506  3
92    1.19402
93    1.1139
133    0.883532
47 5.74953  2
166    0.861742
167    1.22888
48 7.45918  6
54    0.767788
55    0.922059
56    0.825834
57    0.844823
64    0.700751
84    1.04181
49 13.0422  3
88    1.21222
95    0.744972
223    1.06421
50 11.2737  4
80    0.827409
81    1.11676
82    0.861632
83    1.22851
51 5.49837  5
53    1.23199
63    0.779653
84    0.910486
91    0.833799
222    0.817374
52 6.63915  1
63    0.939729
53 10.3645  2
200    1.11709
209    0.848979
54 12.5295  3
64    0.710987
95    1.08104
133    0.924787
55 9.59914  2
84    1.2169
133    0.960805
56 10.0301  1
88    1.23185
57 11.4373  2
88    1.25574
174    0.715455
58 6.03244  1
230    0
59 8.38328  4
63    0.883532
84    1.13172
123    1.0409
177    0.79172
60 6.0596  2
84    1.18865
162    1.2169
61 8.47179  1
88    1.23745
62 6.34861  1
172    1.04639
63 9.41572  2
161    1.22022
221    0.736567
64 9.43129  5
65    0.974081
66    0.995706
67    1.06633
68    1.29696
69    0.85006
65 9.48195  2
84    0.78804
203    1.17166
66 9.64736  1
230    0
67 10.1875  3
89    0.867766
90    1.24855
94    1.10427
68 11.9515  10
124    1.29062
125    0.829368
126    1.12315
127    0.882488
128    1.29663
129    0.848979
130    1.1872
131    1.09166
132    0.779653
175    0.851067
69 7.71157  2
88    1.04639
202    0.922059
70 13.8665  3
91    1.13764
94    0.820853
203    1.28953
71 13.9654  1
95    1.00021
72 14.2883  1
177    0.820853
73 5.34242  1
230    0
74 6.1298  1
94    0.823582
75 8.70098  2
94    1.19803
176    0.737629
76 7.09723  1
203    0.844218
77 11.8603  1
230    0
78 7.41371  10
106    0.763576
107    0.908307
108    0.780917
109    0.964943
110    0.965877
111    0.968917
112    0.978841
113    1.01125
114    1.11709
115    0.862694
79 12.8939  1
230    0
80 10.7894  2
162    1.09638
174    1.23745
81 13.9169  1
94    0.737629
82 14.1299  1
86    0.861742
83 14.8254  3
86    1.1168
122    1.17364
161    1.13172
84 7.09632  3
94    0.852293
175    1.1139
222    0.995706
85 11.8572  9
96    1.07642
97    0.729902
98    0.798349
99    1.02187
100    1.15177
101    0.975948
102    1.0018
103    1.08624
104    0.761946
86 7.40364  1
161    0.910486
87 12.861  1
122    1.24779
88 10.6816  1
123    1.17885
89 13.565  5
134    0.700018
135    0.700751
136    0.703149
137    0.710987
161    1.22657
90 12.9809  1
230    0
91 11.0732  1
123    1.2139
92 14.8437  1
174    1.29198
93 7.15613  1
174    1.25574
94 12.0525  1
133    0.952364
95 8.04147  1
230    0
96 14.9438  2
162    0.988198
223    1.29002
97 7.48299  1
230    0
98 13.1201  1
230    0
99 11.5276  1
177    1.09536
100 6.32756  1
230    0
101 9.34675  1
230    0
102 9.20606  1
175    1.19803
103 8.74645  1
223    0.827409
104 7.24555  1
230    0
105 12.3446  1
162    0.78804
106 8.99548  1
230    0
107 8.05887  1
230    0
108 5.00031  5
117    0.767788
118    0.922059
119    0.825834
120    1.11162
121    0.844823
109 5.01251  1
123    1.17166
110 5.05249  3
163    0.795071
164    1.01116
165    1.1168
111 5.18311  1
230    0
112 5.60945  2
201    1.23793
221    0.710987
113 7.00171  1
122    0.825779
114 11.5484  2
162    1.18865
222    1.19074
115 6.39531  1
202    0.767788
116 9.56801  2
202    0.825834
223    0.878954
117 9.92843  1
202    0.720545
118 11.1055  5
216    0.834733
217    1.14068
218    0.939729
219    0.883532
220    0.700018
119 14.9493  1
209    0.882488
120 7.50099  7
145    1.29696
146    0.85006
147    1.19074
148    1.10321
149    0.817374
150    1.08398
174    0.751161
121 13.179  1
230    0
122 11.7202  10
151    0.754585
152    0.878954
153    1.28509
154    0.811313
155    1.06421
156    1.29002
157    0.827409
158    1.11676
159    0.861632
160    1.22851
123 6.95624  1
176    0.823582
124 11.3997  1
222    0.974081
125 5.90976  1
230    0
126 7.98257  1
133    0.939729
127 14.7516  1
230    0
128 6.85522  1
230    0
129 11.0701  1
230    0
130 14.8337  1
230    0
131 7.12348  1
230    0
132 11.946  1
202    1.2573
133 7.69387  7
138    0.736567
139    0.820103
140    1.0929
141    0.783718
142    0.974081
143    0.995706
144    1.06633
134 13.8086  1
230    0
135 13.7762  1
230    0
136 13.6703  1
175    1.127
137 13.3245  1
192    0.902997
138 12.1953  1
230    0
139 8.5081  1
230    0
140 6.46733  1
230    0
141 9.80331  1
230    0
142 10.6969  1
230    0
143 13.6151  1
202    1.11162
144 13.1442  6
204    1.2139
205    1.17885
206    1.06439
207    1.29062
208    0.829368
221    0.783718
145 11.6063  1
221    0.703149
146 6.58452  1
230    0
147 10.186  3
174    0.929786
175    0.852293
223    1.28509
148 11.9466  1
230    0
149 7.6957  1
230    0
150 13.8147  1
161    1.19947
151 13.796  1
230    0
152 13.7353  1
173    1.23185
153 13.5369  1
230    0
154 12.889  1
230    0
155 10.7732  1
230    0
156 13.8641  1
230    0
157 13.9575  1
230    0
158 14.2624  1
175    0.89505
159 5.25758  4
168    1.22776
169    1.22412
170    1.21222
171    1.17334
160 5.85269  1
222    1.06633
161 7.79611  1
202    1.17364
162 14.1424  1
230    0
163 14.8663  1
230    0
164 7.22999  10
178    1.00021
179    1.08104
180    0.744972
181    0.847551
182    1.18253
183    1.07642
184    0.729902
185    0.798349
186    1.02187
187    1.15177
165 12.2939  1
221    1.0929
166 8.82977  1
230    0
167 7.51778  1
230    0
168 13.2336  1
230    0
169 11.8984  1
203    0.825779
170 7.53822  1
230    0
171 13.3004  1
230    0
172 12.1166  1
203    1.24779
173 8.25083  1
230    0
174 5.62716  7
194    0.780917
195    0.964943
196    0.965877
197    0.968917
198    0.978841
199    1.01125
203    1.23501
175 7.05969  1
230    0
176 11.7379  1
230    0
177 7.01422  1
193    0.908307
178 11.5893  1
202    0.844823
179 6.52867  1
230    0
180 10.0035  1
230    0
181 11.3506  1
230    0
182 5.74953  1
230    0
183 7.45918  1
222    1.08398
184 13.0422  3
188    0.975948
189    1.0018
190    1.08624
185 11.2737  1
230    0
186 5.49837  1
230    0
187 6.63915  1
230    0
188 10.3645  1
203    1.11143
189 12.5295  1
191    0.761946
190 9.59914  1
230    0
191 10.0301  1
230    0
192 11.4373  1
201    0.862694
193 6.03244  1
230    0
194 8.38328  1
230    0
195 6.0596  1
230    0
196 8.47179  1
230    0
197 6.34861  1
230    0
198 9.41572  1
230    0
199 9.43129  1
230    0
200 9.48195  1
203    1.0409
201 9.64736  6
224    1.11676
225    0.861632
226    1.22851
227    1.22657
228    1.22022
229    1.19947
202 10.1875  1
209    1.12315
203 11.9515  6
210    1.1872
211    1.09166
212    0.779653
213    0.960805
214    0.952364
215    0.924787
204 7.71157  1
230    0
205 13.8665  1
230    0
206 13.9654  1
230    0
207 14.2883  1
230    0
208 5.34242  1
230    0
209 6.1298  1
230    0
210 8.70098  1
230    0
211 7.09723  1
230    0
212 11.8603  1
230    0
213 7.41371  1
230    0
214 12.8939  1
230    0
215 10.7894  1
230    0
216 13.9169  1
230    0
217 14.1299  1
223    0.811313
218 14.8254  1
230    0
219 7.09632  1
223    0.754585
220 11.8572  1
230    0
221 7.40364  1
230    0
222 12.861  1
230    0
223 10.6816  1
230    0
224 13.565  1
230    0
225 12.9809  1
230    0
226 11.0732  1
230    0
227 14.8437  1
230    0
228 7.15613  1
230    0
229 12.0525  1
230    0
230 0  0
