195
0 9.20606  10
1    8.67766
2    12.4855
3    12.9198
4    8.33799
5    11.3764
6    9.29786
7    8.51067
8    11.9402
9    11.139
11    10.8104
1 8.74645  3
11    11.0427
52    7.36567
67    8.61742
2 7.24555  10
11    10.9536
44    10.6439
52    8.20103
53    12.9696
64    12.2657
66    10.1116
68    12.2776
86    8.20853
87    10.8104
132    8.61742
3 12.3446  3
10    11.27
89    9.08307
122    12.9002
4 8.99548  2
11    8.9505
53    11.9074
5 8.05887  5
10    8.52293
11    8.20853
33    12.573
44    12.139
102    12.3501
6 5.00031  1
11    10.0021
7 5.01251  6
10    11.9803
11    8.23582
45    12.9663
51    8.83532
79    12.9198
103    8.25779
8 5.05249  10
12    7.44972
13    8.47551
14    11.8253
15    10.7642
16    7.29902
17    7.98349
18    10.2187
19    11.5177
33    12.3793
44    8.44218
9 5.18311  2
11    7.9172
51    9.52364
10 5.60945  2
11    7.37629
88    10.2187
11 7.00171  4
44    11.7885
51    8.34733
63    8.61632
65    12.169
12 11.5484  8
20    9.75948
21    10.018
22    10.8624
23    7.61946
24    9.02997
25    7.63576
33    12.3199
44    11.1143
13 6.39531  2
89    9.02997
166    11.7364
14 9.56801  3
45    8.82488
79    8.51067
163    9.68917
15 9.92843  2
52    7.0315
161    9.75948
16 11.1055  2
33    7.67788
162    7.63576
17 14.9493  9
34    9.22059
35    8.25834
36    11.1162
37    8.44823
38    11.7364
39    10.4736
40    12.3501
41    12.478
66    10.9638
18 7.50099  1
111    8.34733
19 13.179  1
194    0
20 11.7202  1
87    7.29902
21 6.95624  3
65    9.88198
86    7.9172
110    11.872
22 11.3997  5
53    8.5006
132    10.4639
161    10.2187
166    8.44823
184    11.4068
23 5.90976  4
33    8.62694
44    10.409
67    11.168
161    7.29902
24 7.98257  3
33    11.1709
45    8.29368
110    12.9663
25 14.7516  10
26    9.08307
27    7.80917
28    9.64943
29    9.65877
30    9.68917
31    9.78841
32    10.1125
65    11.8865
66    7.95071
110    8.82488
26 6.85522  2
45    11.2315
121    8.17374
27 11.0701  2
33    7.20545
51    9.39729
28 14.8337  5
44    12.9062
51    7.00018
53    9.95706
79    9.29786
166    10.4736
29 7.12348  3
42    12.8953
43    8.25779
122    8.61632
30 11.946  2
65    10.4181
102    11.7364
31 7.69387  1
53    11.0321
32 13.8086  1
52    7.10987
33 13.7762  2
52    10.929
102    10.4736
34 13.6703  5
54    8.17374
55    10.8398
88    7.98349
103    12.8953
112    8.20103
35 13.3245  3
52    7.00751
65    9.10486
79    11.139
36 12.1953  2
103    8.44218
122    11.9947
37 8.5081  3
69    12.1222
111    9.24787
112    8.83532
38 6.46733  3
53    10.6633
87    7.44972
112    7.36567
39 9.80331  3
64    12.2851
65    7.8804
122    12.2851
40 10.6969  2
104    11.7166
161    10.7642
41 13.6151  2
112    7.00018
122    11.1676
42 13.1442  7
46    8.48979
47    11.872
48    10.9166
49    7.79653
50    9.60805
51    9.24787
87    11.8253
43 11.6063  6
44    11.7166
64    11.3172
110    9.60805
111    9.39729
161    11.8253
164    12.3199
44 6.58452  1
194    0
45 10.186  2
53    9.74081
110    7.79653
46 11.9466  10
70    11.7334
71    10.4639
72    12.3185
73    12.3745
74    12.5574
75    7.15455
76    7.51161
77    8.67766
78    12.4855
87    8.47551
47 7.6957  4
51    11.4068
52    7.83718
64    11.9947
122    12.2022
48 13.8147  2
68    12.2412
132    12.2888
49 13.796  8
80    11.9803
81    11.27
82    8.9505
83    7.37629
84    8.23582
85    11.0427
89    10.018
102    8.44823
50 13.7353  3
112    7.0315
163    9.65877
166    12.3501
51 13.5369  2
79    8.33799
110    8.48979
52 12.889  1
87    10.7642
53 10.7732  1
86    10.9536
54 13.8641  9
56    7.54585
57    8.78954
58    12.8509
59    8.11313
60    10.6421
61    12.9002
62    8.27409
103    11.1143
184    8.34733
55 13.9575  1
63    11.1676
56 14.2624  6
91    9.64943
92    9.65877
93    9.68917
94    9.78841
95    10.1125
132    11.7334
57 5.25758  2
64    12.2022
162    7.80917
58 5.85269  1
194    0
59 7.79611  1
162    9.02997
60 14.1424  1
194    0
61 14.8663  1
194    0
62 7.22999  1
89    7.63576
63 12.2939  1
79    8.52293
64 8.82977  1
132    11.168
65 7.51778  2
90    7.80917
111    11.4068
66 13.2336  1
68    12.2888
67 11.8984  1
194    0
68 7.53822  2
79    11.3764
122    8.27409
69 13.3004  1
89    7.61946
70 12.1166  1
110    11.2315
71 8.25083  8
105    10.409
106    12.139
107    11.7885
108    10.6439
109    12.9062
110    8.29368
112    10.929
163    11.1709
72 5.62716  2
110    10.9166
165    7.67788
73 7.05969  3
88    11.5177
112    7.10987
165    7.20545
74 11.7379  1
194    0
75 7.01422  1
88    9.75948
76 11.5893  2
79    11.9402
121    10.8398
77 6.52867  6
170    8.44218
171    11.7166
172    10.409
173    12.139
174    11.7885
175    10.6439
78 10.0035  1
102    12.478
79 11.3506  1
194    0
80 5.74953  5
96    11.1709
97    8.62694
98    12.3199
99    12.3793
100    12.573
81 7.45918  9
133    12.3185
134    12.3745
135    12.5574
136    7.15455
137    7.51161
138    8.67766
139    12.4855
140    12.9198
141    8.33799
82 13.0422  2
86    10.0021
184    9.24787
83 11.2737  2
110    9.52364
163    8.62694
84 5.49837  3
89    10.8624
102    7.67788
121    8.78954
85 6.63915  1
101    7.20545
86 10.3645  1
102    8.25834
87 12.5295  7
114    9.74081
115    9.95706
116    10.6633
117    12.9696
118    8.5006
119    11.9074
120    11.0321
88 9.59914  1
194    0
89 10.0301  2
121    7.54585
162    10.8624
90 11.4373  1
194    0
91 6.03244  1
194    0
92 8.38328  1
194    0
93 6.0596  2
112    7.00751
166    8.25834
94 8.47179  1
194    0
95 6.34861  10
151    7.37629
152    8.23582
153    11.0427
154    8.20853
155    10.9536
156    7.9172
157    10.0021
158    10.8104
159    7.44972
160    8.47551
96 9.41572  1
161    11.5177
97 9.43129  1
194    0
98 9.48195  3
167    12.8953
168    8.25779
169    11.1143
99 9.64736  2
102    11.1162
165    12.3793
100 10.1875  1
102    9.22059
101 11.9515  1
194    0
102 7.71157  1
194    0
103 13.8665  1
163    10.1125
104 13.9654  1
194    0
105 14.2883  1
194    0
106 5.34242  1
194    0
107 6.1298  1
194    0
108 8.70098  1
166    11.1162
109 7.09723  2
121    8.11313
122    10.6421
110 11.8603  1
194    0
111 7.41371  1
113    7.83718
112 12.8939  1
194    0
113 10.7894  1
132    12.2776
114 13.9169  1
121    12.8509
115 14.1299  2
132    12.2412
184    8.83532
116 14.8254  1
194    0
117 7.09632  10
123    11.3172
124    9.10486
125    7.8804
126    9.88198
127    10.4181
128    12.169
129    11.8865
130    10.9638
131    7.95071
132    10.1116
118 11.8572  1
122    12.2657
119 7.40364  1
162    9.08307
120 12.861  1
194    0
121 10.6816  1
194    0
122 13.565  1
161    7.98349
123 12.9809  1
184    9.60805
124 11.0732  1
132    12.1222
125 14.8437  1
166    12.478
126 7.15613  6
142    11.3764
143    9.29786
144    8.51067
145    11.9402
146    11.139
147    8.52293
127 12.0525  1
184    9.52364
128 8.04147  1
194    0
129 14.9438  1
194    0
130 7.48299  1
194    0
131 13.1201  1
194    0
132 11.5276  3
148    11.9803
149    11.27
150    8.9505
133 6.32756  1
194    0
134 9.34675  1
194    0
135 9.20606  1
194    0
136 8.74645  2
176    12.9062
177    8.29368
137 7.24555  1
194    0
138 12.3446  1
165    12.573
139 8.99548  1
194    0
140 8.05887  1
163    9.78841
141 5.00031  1
162    7.61946
142 5.01251  9
185    7.00018
186    7.00751
187    7.0315
188    7.10987
189    7.36567
190    8.20103
191    10.929
192    7.83718
193    9.74081
143 5.05249  1
194    0
144 5.18311  1
194    0
145 5.60945  1
194    0
146 7.00171  1
194    0
147 11.5484  1
194    0
148 6.39531  1
165    9.22059
149 9.56801  1
194    0
150 9.92843  1
194    0
151 11.1055  1
194    0
152 14.9493  1
163    9.64943
153 7.50099  1
194    0
154 13.179  1
162    10.018
155 11.7202  1
194    0
156 6.95624  1
194    0
157 11.3997  1
194    0
158 5.90976  1
184    9.39729
159 7.98257  1
194    0
160 14.7516  1
194    0
161 6.85522  1
194    0
162 11.0701  1
194    0
163 14.8337  1
194    0
164 7.12348  1
194    0
165 11.946  1
194    0
166 7.69387  1
194    0
167 13.8086  1
194    0
168 13.7762  1
194    0
169 13.6703  1
194    0
170 13.3245  1
194    0
171 12.1953  1
194    0
172 8.5081  1
194    0
173 6.46733  1
194    0
174 9.80331  1
194    0
175 10.6969  7
178    11.2315
179    8.82488
180    12.9663
181    8.48979
182    11.872
183    10.9166
184    7.79653
176 13.6151  1
194    0
177 13.1442  1
194    0
178 11.6063  1
194    0
179 6.58452  1
194    0
180 10.186  1
194    0
181 11.9466  1
194    0
182 7.6957  1
194    0
183 13.8147  1
194    0
184 13.796  1
194    0
185 13.7353  1
194    0
186 13.5369  1
194    0
187 12.889  1
194    0
188 10.7732  1
194    0
189 13.8641  1
194    0
190 13.9575  1
194    0
191 14.2624  1
194    0
192 5.25758  1
194    0
193 5.85269  1
194    0
194 0  0
