104
0 12.1166  7
1    7.8804
3    12.169
14    10.4639
15    12.9198
17    11.27
18    10.9536
102    7.29902
1 8.25083  4
2    9.88198
3    11.8865
14    7.15455
15    11.9402
2 5.62716  6
3    10.4181
14    12.3745
15    12.4855
16    8.52293
27    7.80917
42    12.478
3 7.05969  10
4    10.9638
5    7.95071
6    10.1116
7    11.168
8    8.61742
9    12.2888
10    12.2776
11    12.2412
12    12.1222
13    11.7334
4 11.7379  1
15    9.29786
5 7.01422  4
14    12.5574
18    8.20853
27    9.08307
70    8.61632
6 11.5893  6
15    11.3764
17    11.9803
18    8.23582
42    8.25779
46    10.9166
102    11.5177
7 6.52867  7
19    8.47551
20    11.8253
21    10.7642
22    7.29902
23    7.98349
42    11.7166
45    11.2315
8 10.0035  2
15    8.67766
18    7.9172
9 11.3506  2
18    10.0021
45    11.7885
10 5.74953  2
15    11.139
18    7.37629
11 7.45918  3
15    7.51161
17    8.9505
45    8.29368
12 13.0422  4
15    8.51067
27    10.018
32    8.62694
97    11.9803
13 11.2737  5
14    12.3185
18    10.8104
27    10.8624
46    11.4068
54    10.929
14 5.49837  1
15    8.33799
15 6.63915  1
18    11.0427
16 10.3645  1
27    9.02997
17 12.5295  4
18    7.44972
27    9.64943
97    11.27
101    11.8253
18 9.59914  2
27    7.63576
45    8.48979
19 10.0301  1
46    9.24787
20 11.4373  7
47    9.39729
48    8.83532
49    7.00018
50    7.00751
51    7.0315
52    7.10987
53    7.36567
21 6.03244  5
24    10.2187
25    11.5177
26    9.75948
32    11.1709
46    9.60805
22 8.38328  2
27    7.61946
45    12.9062
23 6.0596  1
32    12.3199
24 8.47179  7
28    9.65877
29    9.68917
30    9.78841
32    12.3793
45    12.9663
46    9.52364
90    12.3185
25 6.34861  10
33    12.573
34    7.20545
35    7.67788
36    9.22059
37    8.25834
38    11.1162
39    8.44823
40    11.7364
41    10.4736
42    8.44218
26 9.41572  3
43    10.409
44    12.139
90    12.3745
27 9.43129  8
74    11.3172
75    9.10486
76    7.8804
77    9.88198
78    10.4181
79    12.169
80    11.8865
81    10.9638
28 9.48195  1
103    0
29 9.64736  1
97    8.23582
30 10.1875  1
31    10.1125
31 11.9515  1
54    9.95706
32 7.71157  1
103    0
33 13.8665  1
46    7.79653
34 13.9654  3
42    12.3501
54    9.74081
97    7.37629
35 14.2883  1
103    0
36 5.34242  1
103    0
37 6.1298  2
46    8.34733
84    11.168
38 8.70098  2
42    11.1143
45    11.872
39 7.09723  1
42    12.8953
40 11.8603  1
103    0
41 7.41371  1
103    0
42 12.8939  1
45    8.82488
43 10.7894  1
103    0
44 13.9169  1
45    10.6439
45 14.1299  5
55    10.6633
56    12.9696
57    8.5006
58    11.9074
102    7.98349
46 14.8254  2
54    8.20103
90    8.67766
47 7.09632  1
90    10.4639
48 11.8572  1
103    0
49 7.40364  6
65    8.11313
66    10.6421
67    12.9002
68    8.27409
69    11.1676
101    10.0021
50 12.861  5
71    12.2657
72    12.2022
73    11.9947
90    7.15455
102    10.2187
51 10.6816  3
82    7.95071
83    10.1116
101    8.47551
52 13.565  1
101    7.44972
53 12.9809  2
54    7.83718
97    11.139
54 11.0732  1
103    0
55 14.8437  1
97    11.0427
56 7.15613  6
59    11.0321
60    8.17374
61    10.8398
62    7.54585
63    8.78954
64    12.8509
57 12.0525  1
70    12.2851
58 8.04147  1
101    10.8104
59 14.9438  1
103    0
60 7.48299  1
103    0
61 13.1201  1
90    12.5574
62 11.5276  1
103    0
63 6.32756  1
103    0
64 9.34675  1
103    0
65 9.20606  5
85    12.2888
86    12.2776
87    12.2412
88    12.1222
89    11.7334
66 8.74645  1
103    0
67 7.24555  1
103    0
68 12.3446  1
103    0
69 8.99548  3
98    8.20853
99    10.9536
100    7.9172
70 8.05887  1
103    0
71 5.00031  1
103    0
72 5.01251  1
103    0
73 5.05249  1
103    0
74 5.18311  1
103    0
75 5.60945  1
84    8.61742
76 7.00171  1
103    0
77 11.5484  1
103    0
78 6.39531  1
90    7.51161
79 9.56801  1
103    0
80 9.92843  1
103    0
81 11.1055  1
103    0
82 14.9493  1
103    0
83 7.50099  1
103    0
84 13.179  1
103    0
85 11.7202  6
91    12.4855
92    12.9198
93    8.33799
94    11.3764
95    9.29786
96    8.51067
86 6.95624  1
103    0
87 11.3997  1
103    0
88 5.90976  2
97    8.52293
102    10.7642
89 7.98257  1
103    0
90 14.7516  1
103    0
91 6.85522  1
103    0
92 11.0701  1
97    11.9402
93 14.8337  1
103    0
94 7.12348  1
103    0
95 11.946  1
97    8.9505
96 7.69387  1
103    0
97 13.8086  1
103    0
98 13.7762  1
103    0
99 13.6703  1
103    0
100 13.3245  1
103    0
101 12.1953  1
103    0
102 8.5081  1
103    0
103 0  0
