62
0 8.05887  4
1    1.19402
5    0.737629
6    0.820853
27    1.11162
1 5.00031  6
2    1.1139
3    0.852293
4    1.19803
5    1.127
22    0.908307
27    0.922059
2 5.01251  3
5    0.89505
27    1.28953
28    1.06439
3 5.05249  3
5    0.823582
22    1.01125
28    1.29062
4 5.18311  3
5    1.10427
26    0.720545
27    1.17364
5 5.60945  3
14    1.07642
22    0.978841
27    1.24779
6 7.00171  9
7    1.09536
8    0.79172
9    1.00021
10    1.08104
11    0.744972
12    0.847551
13    1.18253
14    0.798349
29    0.882488
7 11.5484  2
28    0.829368
29    1.29663
8 6.39531  3
22    0.968917
30    0.848979
31    0.924787
9 9.56801  3
22    0.763576
27    1.04736
28    1.17166
10 9.92843  3
27    0.767788
28    1.11143
30    0.779653
11 11.1055  1
61    0
12 14.9493  2
14    0.729902
31    0.952364
13 7.50099  9
15    1.02187
16    1.15177
17    0.975948
18    1.0018
19    1.08624
20    0.761946
21    0.902997
25    1.2573
28    1.0409
14 13.179  3
23    1.23199
24    1.23793
30    1.09166
15 11.7202  1
22    0.780917
16 6.95624  1
22    0.862694
17 11.3997  1
35    0.883532
18 5.90976  2
27    0.825834
28    1.17885
19 7.98257  1
22    0.964943
20 14.7516  1
22    0.965877
21 6.85522  2
22    1.11709
28    1.2139
22 11.0701  5
36    0.700018
37    0.700751
38    0.703149
39    0.710987
40    0.736567
23 14.8337  3
32    0.834733
33    1.14068
34    0.939729
24 7.12348  2
27    0.844823
28    0.825779
25 11.946  2
28    0.844218
31    0.960805
26 7.69387  2
27    1.23501
30    1.1872
27 13.8086  1
61    0
28 13.7762  1
29    1.12315
29 13.6703  1
61    0
30 13.3245  1
61    0
31 12.1953  4
50    1.10321
51    0.817374
52    1.08398
53    0.754585
32 8.5081  1
61    0
33 6.46733  1
61    0
34 9.80331  1
61    0
35 10.6969  1
61    0
36 13.6151  1
61    0
37 13.1442  9
41    0.820103
42    1.0929
43    0.783718
44    0.974081
45    0.995706
46    1.06633
47    1.29696
48    0.85006
49    1.19074
38 11.6063  7
54    0.878954
55    1.28509
56    0.811313
57    1.06421
58    1.29002
59    0.827409
60    1.11676
39 6.58452  1
61    0
40 10.186  1
61    0
41 11.9466  1
61    0
42 7.6957  1
61    0
43 13.8147  1
61    0
44 13.796  1
61    0
45 13.7353  1
61    0
46 13.5369  1
61    0
47 12.889  1
61    0
48 10.7732  1
61    0
49 13.8641  1
61    0
50 13.9575  1
61    0
51 14.2624  1
61    0
52 5.25758  1
61    0
53 5.85269  1
61    0
54 7.79611  1
61    0
55 14.1424  1
61    0
56 14.8663  1
61    0
57 7.22999  1
61    0
58 12.2939  1
61    0
59 8.82977  1
61    0
60 7.51778  1
61    0
61 0  0
