45
0 12.2939  3
1    38.3894
4    55.5808
5    52.3681
1 8.82977  4
2    46.1029
5    42.2411
6    61.7507
17    41.4684
2 7.51778  2
3    41.2917
5    58.6818
3 13.2336  8
27    57.0338
28    46.9865
29    44.1766
30    35.0009
31    35.0375
32    35.1575
33    35.5493
34    36.8284
4 11.8984  10
7    62.3898
8    64.4763
9    41.2889
10    55.5716
11    42.2109
12    58.5829
13    52.0449
14    60.6951
15    58.9427
16    53.2196
5 7.53822  1
44    0
6 13.3004  1
44    0
7 12.1166  1
17    44.1244
8 8.25083  7
37    39.1859
38    48.704
39    49.7853
40    53.3166
41    64.848
42    42.503
43    59.5369
9 5.62716  1
17    56.1576
10 7.05969  1
17    64.5312
11 11.7379  1
44    0
12 7.01422  1
44    0
13 11.5893  1
44    0
14 6.52867  5
18    64.8315
19    42.449
20    59.3602
21    54.5828
22    38.9827
15 10.0035  4
23    48.0403
24    47.6182
25    46.2394
26    41.7367
16 11.3506  1
44    0
17 5.74953  1
44    0
18 7.45918  1
44    0
19 13.0422  1
44    0
20 11.2737  2
35    41.0051
36    54.6451
21 5.49837  1
44    0
22 6.63915  1
44    0
23 10.3645  1
44    0
24 12.5295  1
44    0
25 9.59914  1
44    0
26 10.0301  1
44    0
27 11.4373  1
44    0
28 6.03244  1
44    0
29 8.38328  1
44    0
30 6.0596  1
44    0
31 8.47179  1
44    0
32 6.34861  1
44    0
33 9.41572  1
44    0
34 9.43129  1
44    0
35 9.48195  1
44    0
36 9.64736  1
44    0
37 10.1875  1
44    0
38 11.9515  1
44    0
39 7.71157  1
44    0
40 13.8665  1
44    0
41 13.9654  1
44    0
42 14.2883  1
44    0
43 5.34242  1
44    0
44 0  0
