200
0 10.1875  7
1    4.13704
2    5.5838
4    6.13286
16    6.15923
17    4.169
18    5.56952
52    4.14684
1 11.9515  4
3    4.30816
4    6.14257
15    6.13881
117    5.99013
2 7.71157  7
11    5.20907
12    6.08452
13    5.94325
16    5.86671
17    4.33883
18    4.64893
69    4.97853
3 13.8665  3
15    4.30871
16    6.18725
18    3.68815
4 13.9654  8
5    6.10109
6    5.99736
7    5.6586
8    4.55243
9    3.9402
10    4.94099
15    5.0558
17    6.4599
5 14.2883  3
17    6.24273
69    3.55493
121    3.72486
6 5.34242  2
15    6.06108
16    5.23196
7 6.1298  2
17    5.68818
18    5.99013
8 8.70098  4
15    6.1444
16    3.75581
45    5.58545
69    3.68284
9 7.09723  4
15    3.97536
16    6.27871
18    4.26147
157    4.2449
10 11.8603  1
18    5.97008
11 7.41371  2
15    5.58399
16    3.57727
12 12.8939  3
14    5.4819
18    4.11791
28    3.64951
13 10.7894  2
15    6.12059
70    4.2503
14 13.9169  2
18    4.47525
163    3.91859
15 14.1299  4
18    5.63498
28    5.38211
69    4.8704
162    3.55493
16 14.8254  1
18    4.25533
17 7.09632  1
199    0
18 11.8572  10
19    5.52136
20    4.10427
21    5.47678
22    3.9586
23    5.00105
24    5.40518
25    3.72486
26    4.23775
27    5.91267
45    6.18963
19 7.40364  6
29    3.99174
30    5.10936
31    5.75886
32    4.87974
33    5.00902
46    6.23898
20 12.861  1
199    0
21 10.6816  2
46    5.23681
163    4.8704
22 13.565  1
46    6.17507
23 12.9809  1
45    6.28649
24 11.0732  2
121    4.23775
134    4.84458
25 14.8437  4
53    4.41244
54    6.48315
55    4.2449
56    5.93602
26 7.15613  1
199    0
27 12.0525  7
63    5.70338
64    4.69865
65    4.41766
66    3.50009
67    3.50375
68    3.51575
69    3.91859
28 8.04147  1
117    3.68815
29 14.9438  1
70    6.4848
30 7.48299  2
80    6.4501
81    4.13704
31 13.1201  10
34    5.43118
35    3.80973
36    4.51498
37    3.81788
38    4.54154
39    3.90458
40    4.82472
41    4.82939
42    4.84458
43    4.89421
32 11.5276  1
45    4.12917
33 6.32756  1
52    5.32196
34 9.34675  1
45    4.31347
35 9.20606  1
45    3.60273
36 8.74645  2
45    4.61029
69    5.46451
37 7.24555  2
52    6.06951
121    3.99174
38 12.3446  5
47    6.44763
48    4.12889
49    5.55716
50    4.22109
51    5.85829
39 8.99548  2
46    4.22411
186    6.06108
40 8.05887  7
57    5.45828
58    3.89827
59    4.80403
60    4.76182
61    4.62394
62    4.17367
164    5.95369
41 5.00031  1
45    3.83894
42 5.01251  2
45    6.15996
46    5.55808
43 5.05249  2
44    5.05626
69    4.10051
44 5.18311  2
46    5.86818
52    6.45312
45 5.60945  9
136    4.61029
137    4.12917
138    5.55808
139    4.22411
140    5.86818
141    5.23681
142    6.17507
143    6.23898
144    6.44763
46 7.00171  2
121    5.38211
157    3.89827
47 11.5484  1
52    5.61576
48 6.39531  1
52    5.20449
49 9.56801  2
52    5.89427
121    5.40518
50 9.92843  1
199    0
51 11.1055  1
135    3.60273
52 14.9493  2
82    4.30816
163    5.46451
53 7.50099  9
83    6.10109
84    5.99736
85    5.6586
86    4.55243
87    3.9402
88    4.94099
89    5.20907
90    6.08452
91    5.94325
54 13.179  1
199    0
55 11.7202  1
117    5.52136
56 6.95624  1
199    0
57 11.3997  1
69    5.33166
58 5.90976  1
199    0
59 7.98257  1
199    0
60 14.7516  1
135    4.31347
61 6.85522  1
199    0
62 11.0701  10
147    4.22109
148    5.85829
149    5.20449
150    6.06951
151    5.89427
152    5.32196
153    6.45312
154    4.14684
155    5.61576
156    4.41244
63 14.8337  1
199    0
64 7.12348  9
71    5.95369
72    5.51605
73    4.08687
74    5.41992
75    3.77293
76    4.39477
77    6.42547
78    4.05657
79    5.32104
65 11.946  1
199    0
66 7.69387  10
188    6.27871
189    3.57727
190    3.75581
191    4.33883
192    6.24273
193    6.4599
194    4.169
195    5.68818
196    4.64893
197    4.25533
67 13.8086  1
184    5.94325
68 13.7762  2
82    6.14257
135    3.83894
69 13.6703  10
92    5.4819
93    3.97536
94    5.0558
95    5.58399
96    4.30871
97    6.1444
98    6.13881
99    6.12059
100    6.06108
101    5.86671
70 13.3245  1
117    4.11791
71 12.1953  1
117    4.47525
72 8.5081  1
199    0
73 6.46733  1
162    3.51575
74 9.80331  2
82    6.13286
135    6.28649
75 10.6969  1
199    0
76 13.6151  4
122    5.10936
123    5.75886
124    4.87974
186    6.15923
77 13.1442  1
199    0
78 11.6063  1
199    0
79 6.58452  2
82    5.5838
121    3.64951
80 10.186  1
187    6.18725
81 11.9466  9
108    4.33883
109    6.24273
110    6.4599
111    4.169
112    5.68818
113    4.64893
114    4.25533
115    5.97008
116    5.56952
82 7.6957  1
199    0
83 13.8147  1
184    3.97536
84 13.796  1
117    4.26147
85 13.7353  1
186    5.58399
86 13.5369  6
125    5.00902
126    5.43118
127    3.80973
128    4.51498
129    3.81788
130    4.54154
87 12.889  1
157    6.48315
88 10.7732  2
117    5.63498
135    6.15996
89 13.8641  1
184    5.4819
90 13.9575  1
199    0
91 14.2624  1
186    4.30871
92 5.25758  1
117    4.10427
93 5.85269  1
199    0
94 7.79611  1
162    3.68284
95 14.1424  1
198    5.63498
96 14.8663  1
198    4.47525
97 7.22999  1
162    3.50375
98 12.2939  6
102    5.23196
103    6.15923
104    6.18725
105    6.27871
106    3.57727
107    3.75581
99 8.82977  1
134    4.89421
100 7.51778  3
118    5.47678
119    3.9586
120    5.00105
101 13.2336  1
199    0
102 11.8984  1
135    6.18963
103 7.53822  1
199    0
104 13.3004  1
199    0
105 12.1166  1
199    0
106 8.25083  1
199    0
107 5.62716  1
199    0
108 7.05969  1
199    0
109 11.7379  2
121    5.91267
157    5.45828
110 7.01422  1
162    4.41766
111 11.5893  1
199    0
112 6.52867  1
199    0
113 10.0035  2
145    4.12889
146    5.55716
114 11.3506  1
199    0
115 5.74953  1
199    0
116 7.45918  1
199    0
117 13.0422  1
134    5.05626
118 11.2737  1
199    0
119 5.49837  1
199    0
120 6.63915  1
199    0
121 10.3645  1
134    5.58545
122 12.5295  1
164    5.51605
123 9.59914  1
199    0
124 10.0301  1
199    0
125 11.4373  1
199    0
126 6.03244  1
199    0
127 8.38328  1
164    4.2503
128 6.0596  1
199    0
129 8.47179  1
199    0
130 6.34861  3
131    3.90458
132    4.82472
133    4.82939
131 9.41572  1
199    0
132 9.43129  1
157    5.93602
133 9.48195  1
199    0
134 9.64736  1
199    0
135 10.1875  10
174    5.5838
175    4.30816
176    6.14257
177    6.13286
178    6.10109
179    5.99736
180    5.6586
181    4.55243
182    3.9402
183    4.94099
136 11.9515  2
162    4.69865
163    4.97853
137 7.71157  1
199    0
138 13.8665  1
184    5.20907
139 13.9654  1
199    0
140 14.2883  1
199    0
141 5.34242  1
162    5.70338
142 6.1298  1
199    0
143 8.70098  1
199    0
144 7.09723  1
199    0
145 11.8603  1
161    4.17367
146 7.41371  1
199    0
147 12.8939  1
163    4.10051
148 10.7894  1
199    0
149 13.9169  1
198    5.97008
150 14.1299  1
186    6.13881
151 14.8254  1
199    0
152 7.09632  4
162    3.50009
163    6.4848
186    5.86671
198    5.56952
153 11.8572  1
198    5.99013
154 7.40364  1
199    0
155 12.861  1
199    0
156 10.6816  3
158    4.80403
159    4.76182
160    4.62394
157 13.565  1
163    5.33166
158 12.9809  1
186    5.23196
159 11.0732  1
199    0
160 14.8437  10
165    4.08687
166    5.41992
167    3.77293
168    4.39477
169    6.42547
170    4.05657
171    5.32104
172    6.4501
173    4.13704
198    4.26147
161 7.15613  1
199    0
162 12.0525  1
199    0
163 8.04147  1
185    5.0558
164 14.9438  1
184    6.08452
165 7.48299  1
199    0
166 13.1201  1
199    0
167 11.5276  1
199    0
168 6.32756  1
199    0
169 9.34675  1
199    0
170 9.20606  1
199    0
171 8.74645  1
199    0
172 7.24555  1
199    0
173 12.3446  1
199    0
174 8.99548  1
186    6.1444
175 8.05887  1
199    0
176 5.00031  1
199    0
177 5.01251  1
199    0
178 5.05249  1
199    0
179 5.18311  1
199    0
180 5.60945  1
199    0
181 7.00171  1
199    0
182 11.5484  1
199    0
183 6.39531  1
199    0
184 9.56801  1
186    6.12059
185 9.92843  1
199    0
186 11.1055  1
199    0
187 14.9493  1
199    0
188 7.50099  1
199    0
189 13.179  1
199    0
190 11.7202  1
199    0
191 6.95624  1
199    0
192 11.3997  1
199    0
193 5.90976  1
199    0
194 7.98257  1
199    0
195 14.7516  1
199    0
196 6.85522  1
199    0
197 11.0701  1
199    0
198 14.8337  1
199    0
199 0  0
