113
0 14.2624  6
1    61.3286
2    61.0109
3    59.9736
4    56.586
6    49.4099
17    61.8725
1 5.25758  2
5    45.5243
107    56.8818
2 5.85269  6
6    52.0907
17    60.6108
25    59.7008
32    41.0427
38    48.2939
99    58.6671
3 7.79611  3
6    39.402
91    64.2547
108    44.7525
4 14.1424  10
7    60.8452
8    59.4325
9    54.819
10    39.7536
11    50.558
12    55.8399
13    43.0871
14    61.444
15    61.3881
16    61.2059
5 14.8663  4
26    42.6147
32    54.0518
49    64.4763
91    53.2104
6 7.22999  1
112    0
7 12.2939  3
25    46.4893
38    48.4458
91    41.3704
8 8.82977  4
17    52.3196
38    50.0902
40    62.8649
109    37.2486
9 7.51778  1
40    61.5996
10 13.2336  1
39    48.9421
11 11.8984  2
17    61.5923
40    43.1347
12 7.53822  2
17    62.7871
37    57.5886
13 13.3004  3
32    37.2486
91    55.838
108    36.8815
14 12.1166  2
17    58.6671
40    50.5626
15 8.25083  2
32    42.3775
40    55.8545
16 5.62716  3
65    54.5828
66    38.9827
67    48.0403
17 7.05969  10
18    35.7727
19    37.5581
20    43.3883
21    62.4273
22    64.599
23    41.69
24    56.8818
25    55.6952
32    54.7678
38    39.0458
18 11.7379  1
91    64.501
19 7.01422  6
33    59.1267
34    53.8211
35    36.4951
36    39.9174
38    45.1498
40    36.0273
20 11.5893  1
112    0
21 6.52867  2
92    61.4257
107    55.6952
22 10.0035  7
27    56.3498
28    44.7525
29    36.8815
30    41.1791
31    55.2136
37    51.0936
107    41.69
23 11.3506  2
25    42.5533
32    50.0105
24 5.74953  2
26    59.9013
38    38.1788
25 7.45918  1
112    0
26 13.0422  1
38    38.0973
27 11.2737  4
32    39.586
91    43.9477
92    43.0816
98    55.8399
28 5.49837  1
107    46.4893
29 6.63915  4
38    48.2472
40    61.8963
98    60.8452
107    42.6147
30 10.3645  1
112    0
31 12.5295  1
38    54.3118
32 9.59914  1
38    45.4154
33 10.0301  8
41    38.3894
42    46.1029
43    41.2917
44    55.5808
45    42.2411
46    58.6818
47    52.3681
48    61.7507
34 11.4373  1
37    48.7974
35 6.03244  1
112    0
36 8.38328  1
112    0
37 6.0596  1
112    0
38 8.47179  3
55    60.6951
56    58.9427
57    53.2196
39 6.34861  1
112    0
40 9.41572  1
112    0
41 9.43129  1
112    0
42 9.48195  1
112    0
43 9.64736  2
98    61.444
109    39.586
44 10.1875  1
112    0
45 11.9515  1
112    0
46 7.71157  7
50    41.2889
51    55.5716
52    42.2109
53    58.5829
54    52.0449
98    54.819
109    55.2136
47 13.8665  10
68    47.6182
69    46.2394
70    41.7367
71    57.0338
72    46.9865
73    44.1766
74    35.0009
75    35.0375
76    35.1575
77    35.5493
48 13.9654  3
49    62.3898
108    41.1791
109    50.0105
49 14.2883  7
78    36.8284
79    41.0051
80    54.6451
81    39.1859
82    48.704
83    49.7853
91    40.5657
50 5.34242  7
58    64.5312
59    41.4684
60    56.1576
61    44.1244
62    64.8315
63    42.449
64    59.3602
51 6.1298  1
107    59.7008
52 8.70098  1
112    0
53 7.09723  1
112    0
54 11.8603  1
112    0
55 7.41371  1
112    0
56 12.8939  3
100    61.5923
101    61.8725
102    62.7871
57 10.7894  1
112    0
58 13.9169  1
112    0
59 14.1299  1
112    0
60 14.8254  1
109    41.0427
61 7.09632  1
109    59.1267
62 11.8572  1
106    62.4273
63 7.40364  1
109    53.8211
64 12.861  1
112    0
65 10.6816  1
112    0
66 13.565  1
91    37.7293
67 12.9809  1
112    0
68 11.0732  2
98    43.0871
99    52.3196
69 14.8437  1
92    61.3286
70 7.15613  1
112    0
71 12.0525  1
112    0
72 8.04147  1
92    61.0109
73 14.9438  7
84    53.3166
85    64.848
86    42.503
87    59.5369
88    55.1605
89    40.8687
90    54.1992
74 7.48299  1
98    39.7536
75 13.1201  1
112    0
76 11.5276  1
112    0
77 6.32756  5
93    56.586
94    45.5243
95    39.402
96    49.4099
97    52.0907
78 9.34675  1
112    0
79 9.20606  1
112    0
80 8.74645  1
112    0
81 7.24555  1
112    0
82 12.3446  1
112    0
83 8.99548  3
92    59.9736
98    59.4325
99    61.2059
84 8.05887  1
112    0
85 5.00031  1
98    50.558
86 5.01251  1
112    0
87 5.05249  1
112    0
88 5.18311  1
112    0
89 5.60945  1
112    0
90 7.00171  1
109    54.0518
91 11.5484  1
112    0
92 6.39531  1
98    61.3881
93 9.56801  1
112    0
94 9.92843  2
107    56.3498
109    42.3775
95 11.1055  2
99    60.6108
107    64.599
96 14.9493  1
112    0
97 7.50099  2
110    36.4951
111    39.9174
98 13.179  1
112    0
99 11.7202  1
107    42.5533
100 6.95624  4
103    35.7727
104    37.5581
105    43.3883
107    59.9013
101 11.3997  1
112    0
102 5.90976  1
112    0
103 7.98257  1
112    0
104 14.7516  1
112    0
105 6.85522  1
112    0
106 11.0701  1
109    54.7678
107 14.8337  1
112    0
108 7.12348  1
112    0
109 11.946  1
112    0
110 7.69387  1
112    0
111 13.8086  1
112    0
112 0  0
