49
0 12.8939  7
1    64.2547
8    61.4257
9    45.5243
10    49.4099
15    61.444
28    42.6147
30    50.0105
1 10.7894  9
2    40.5657
3    53.2104
4    64.501
5    41.3704
6    55.838
7    43.0816
9    56.586
10    60.8452
30    39.586
2 13.9169  2
15    60.6108
28    59.9013
3 14.1299  1
9    61.0109
4 14.8254  1
48    0
5 7.09632  5
9    59.9736
10    52.0907
15    61.3881
28    56.3498
30    53.8211
6 11.8572  2
8    61.3286
30    42.3775
7 7.40364  2
15    43.0871
37    54.3118
8 12.861  1
10    39.402
9 10.6816  5
11    59.4325
12    54.819
13    39.7536
14    50.558
15    58.6671
10 13.565  2
15    61.5923
30    41.0427
11 12.9809  2
15    52.3196
28    44.7525
12 11.0732  1
15    61.2059
13 14.8437  4
16    61.8725
17    62.7871
28    55.6952
30    54.7678
14 7.15613  1
15    55.8399
15 12.0525  2
28    36.8815
30    54.0518
16 8.04147  2
38    38.0973
39    45.1498
17 14.9438  10
18    35.7727
19    37.5581
20    43.3883
21    62.4273
22    64.599
23    41.69
24    56.8818
25    46.4893
26    42.5533
27    59.7008
18 7.48299  1
30    37.2486
19 13.1201  1
48    0
20 11.5276  1
48    0
21 6.32756  6
31    36.4951
32    39.9174
33    51.0936
34    57.5886
35    48.7974
36    50.0902
22 9.34675  1
48    0
23 9.20606  1
48    0
24 8.74645  1
30    55.2136
25 7.24555  1
48    0
26 12.3446  1
48    0
27 8.99548  1
48    0
28 8.05887  2
29    41.1791
30    59.1267
29 5.00031  1
48    0
30 5.01251  8
40    38.1788
41    45.4154
42    39.0458
43    48.2472
44    48.2939
45    48.4458
46    48.9421
47    50.5626
31 5.05249  1
48    0
32 5.18311  1
48    0
33 5.60945  1
48    0
34 7.00171  1
48    0
35 11.5484  1
48    0
36 6.39531  1
48    0
37 9.56801  1
48    0
38 9.92843  1
48    0
39 11.1055  1
48    0
40 14.9493  1
48    0
41 7.50099  1
48    0
42 13.179  1
48    0
43 11.7202  1
48    0
44 6.95624  1
48    0
45 11.3997  1
48    0
46 5.90976  1
48    0
47 7.98257  1
48    0
48 0  0
