51
0 13.0422  1
1    10.9166
1 11.2737  3
2    7.79653
3    9.60805
4    9.52364
2 5.49837  1
33    8.61632
3 6.63915  2
5    9.24787
6    8.34733
4 10.3645  1
50    0
5 12.5295  1
50    0
6 9.59914  10
7    11.4068
8    9.39729
9    8.83532
10    7.00018
11    7.00751
12    7.0315
13    7.10987
14    7.36567
15    8.20103
16    10.929
7 10.0301  1
50    0
8 11.4373  1
50    0
9 6.03244  1
50    0
10 8.38328  1
50    0
11 6.0596  3
30    8.11313
31    10.6421
32    12.9002
12 8.47179  1
50    0
13 6.34861  10
17    7.83718
18    9.74081
19    9.95706
20    10.6633
21    12.9696
22    8.5006
23    11.9074
24    11.0321
25    8.17374
26    10.8398
14 9.41572  1
33    11.1676
15 9.43129  1
33    12.2851
16 9.48195  3
27    7.54585
28    8.78954
29    12.8509
17 9.64736  6
35    11.9947
36    11.3172
37    9.10486
38    7.8804
39    9.88198
40    10.4181
18 10.1875  9
41    12.169
42    11.8865
43    10.9638
44    7.95071
45    10.1116
46    11.168
47    8.61742
48    12.2888
49    12.2776
19 11.9515  1
50    0
20 7.71157  1
50    0
21 13.8665  1
50    0
22 13.9654  1
50    0
23 14.2883  1
50    0
24 5.34242  1
33    12.2657
25 6.1298  1
34    12.2022
26 8.70098  1
50    0
27 7.09723  1
50    0
28 11.8603  1
50    0
29 7.41371  1
50    0
30 12.8939  1
50    0
31 10.7894  1
33    8.27409
32 13.9169  1
50    0
33 14.1299  1
50    0
34 14.8254  1
50    0
35 7.09632  1
50    0
36 11.8572  1
50    0
37 7.40364  1
50    0
38 12.861  1
50    0
39 10.6816  1
50    0
40 13.565  1
50    0
41 12.9809  1
50    0
42 11.0732  1
50    0
43 14.8437  1
50    0
44 7.15613  1
50    0
45 12.0525  1
50    0
46 8.04147  1
50    0
47 14.9438  1
50    0
48 7.48299  1
50    0
49 13.1201  1
50    0
50 0  0
