181
0 13.9169  6
1    4.39477
2    6.42547
13    5.20907
14    5.58399
66    3.55493
146    3.77293
1 14.1299  10
3    4.05657
4    5.32104
5    6.4501
6    4.13704
7    5.5838
8    4.30816
9    6.14257
10    6.13286
11    6.10109
13    6.08452
2 14.8254  2
12    5.99736
13    5.94325
3 7.09632  3
41    3.80973
65    3.50009
159    5.4819
4 11.8572  5
13    3.97536
24    6.24273
41    5.43118
49    3.83894
51    5.23681
5 7.40364  6
13    5.4819
24    4.33883
66    3.51575
67    4.97853
159    5.0558
162    4.64893
6 12.861  6
24    4.25533
41    4.87974
48    6.28649
51    6.17507
61    5.61576
69    4.2503
7 10.6816  3
13    5.0558
65    4.41766
139    5.45828
8 13.565  6
13    4.55243
14    6.1444
24    4.169
61    4.2449
66    4.10051
104    4.47525
9 12.9809  4
13    3.9402
24    4.64893
40    5.38211
161    6.15923
10 11.0732  1
14    6.13881
11 14.8437  5
13    5.6586
48    4.31347
83    5.4819
120    6.28649
146    4.08687
12 7.15613  3
13    4.94099
14    4.30871
41    3.90458
13 12.0525  1
24    5.68818
14 8.04147  10
15    6.12059
16    6.06108
17    5.86671
18    5.23196
19    6.15923
20    6.18725
21    6.27871
22    3.57727
23    3.75581
41    4.54154
15 14.9438  2
24    5.97008
49    5.55808
16 7.48299  9
52    4.12889
53    5.55716
54    4.22109
55    5.85829
56    5.20449
57    6.06951
58    5.89427
59    5.32196
60    6.45312
17 13.1201  2
83    3.97536
179    3.99174
18 11.5276  5
62    5.45828
63    3.89827
64    4.80403
83    5.94325
104    4.11791
19 6.32756  9
25    4.26147
26    5.99013
27    5.63498
28    4.47525
41    3.81788
48    6.18963
49    3.60273
104    5.97008
157    3.9402
20 9.34675  6
40    3.64951
50    5.86818
51    6.23898
79    6.10109
118    3.81788
161    6.18725
21 9.20606  4
24    6.4599
41    5.75886
120    4.12917
179    5.38211
22 8.74645  5
24    5.56952
61    5.93602
65    3.50375
118    4.51498
146    5.95369
23 7.24555  2
68    5.33166
119    3.90458
24 12.3446  2
41    4.51498
49    4.61029
25 8.99548  2
41    5.00902
120    4.61029
26 8.05887  1
41    5.10936
27 5.00031  10
29    3.68815
30    4.11791
31    5.52136
32    4.10427
33    5.47678
34    3.9586
35    5.00105
36    5.40518
37    3.72486
38    4.23775
28 5.01251  4
51    6.44763
67    5.46451
104    5.56952
162    6.24273
29 5.05249  1
69    6.4848
30 5.18311  3
40    3.99174
139    5.93602
159    5.20907
31 5.60945  1
78    4.13704
32 7.00171  1
61    4.14684
33 11.5484  3
49    4.12917
65    5.70338
159    3.97536
34 6.39531  1
145    5.46451
35 9.56801  3
67    4.8704
139    6.48315
146    5.41992
36 9.92843  6
42    4.82472
43    4.82939
44    4.84458
45    4.89421
46    5.05626
47    5.58545
37 11.1055  4
39    5.91267
48    6.15996
61    4.41244
159    5.94325
38 14.9493  1
50    4.22411
39 7.50099  1
180    0
40 13.179  1
79    5.99736
41 11.7202  1
61    6.48315
42 6.95624  1
78    5.5838
43 11.3997  1
180    0
44 5.90976  2
65    4.69865
83    5.20907
45 7.98257  2
79    6.14257
161    6.27871
46 14.7516  1
180    0
47 6.85522  1
180    0
48 11.0701  4
91    5.86671
92    5.23196
93    6.15923
145    4.8704
49 14.8337  2
79    6.13286
104    5.99013
50 7.12348  2
80    4.55243
146    6.42547
51 11.946  1
146    4.2503
52 7.69387  8
70    5.95369
71    5.51605
72    4.08687
73    5.41992
74    3.77293
75    4.39477
76    6.42547
77    4.05657
53 13.8086  1
65    4.17367
54 13.7762  1
180    0
55 13.6703  1
145    4.10051
56 13.3245  1
119    4.82472
57 12.1953  1
180    0
58 8.5081  2
66    3.68284
83    6.08452
59 6.46733  3
78    4.30816
145    3.50375
157    4.55243
60 9.80331  3
65    4.62394
104    5.63498
118    5.43118
61 10.6969  3
67    3.91859
78    6.4501
119    6.18963
62 13.6151  1
180    0
63 13.1442  1
180    0
64 11.6063  2
65    4.76182
147    4.05657
65 6.58452  1
145    3.51575
66 10.186  1
180    0
67 11.9466  1
180    0
68 7.6957  1
120    3.60273
69 13.8147  1
119    6.15996
70 13.796  2
79    5.6586
162    3.75581
71 13.7353  1
180    0
72 13.5369  4
114    5.38211
115    3.64951
116    3.99174
117    5.10936
73 12.889  2
78    5.32104
162    4.33883
74 10.7732  2
139    4.76182
145    3.91859
75 13.8641  1
180    0
76 13.9575  7
84    5.0558
85    5.58399
86    4.30871
87    6.1444
88    6.13881
89    6.12059
146    4.39477
77 14.2624  1
139    4.41244
78 5.25758  1
180    0
79 5.85269  2
119    4.82939
139    4.80403
80 7.79611  2
81    3.9402
82    4.94099
81 14.1424  2
90    6.06108
119    4.31347
82 14.8663  2
104    4.25533
118    5.75886
83 7.22999  1
180    0
84 12.2939  7
151    4.30816
152    6.14257
153    6.13286
154    6.10109
155    5.99736
156    5.6586
161    5.23196
85 8.82977  1
180    0
86 7.51778  9
105    5.52136
106    4.10427
107    5.47678
108    3.9586
109    5.00105
110    5.40518
111    3.72486
112    4.23775
113    5.91267
87 13.2336  9
121    5.55808
122    4.22411
123    5.86818
124    5.23681
125    6.17507
126    6.23898
127    6.44763
128    4.12889
160    6.13881
88 11.8984  1
139    4.2449
89 7.53822  10
94    6.18725
95    6.27871
96    3.57727
97    3.75581
98    4.33883
99    6.24273
100    6.4599
101    4.169
102    5.68818
103    4.64893
90 13.3004  1
145    3.68284
91 12.1166  1
180    0
92 8.25083  7
163    5.56952
164    4.26147
165    5.99013
166    5.63498
167    4.47525
168    3.68815
169    4.11791
93 5.62716  1
180    0
94 7.05969  1
120    3.83894
95 11.7379  1
118    3.80973
96 7.01422  1
146    6.4848
97 11.5893  1
160    5.58399
98 6.52867  7
140    4.17367
141    5.70338
142    4.69865
143    4.41766
144    3.50009
160    5.86671
179    3.64951
99 10.0035  1
119    5.05626
100 11.3506  2
104    3.68815
118    4.87974
101 5.74953  1
180    0
102 7.45918  2
104    4.26147
147    5.32104
103 13.0422  1
180    0
104 11.2737  1
180    0
105 5.49837  1
119    5.58545
106 6.63915  1
180    0
107 10.3645  10
129    5.55716
130    4.22109
131    5.85829
132    5.20449
133    6.06951
134    5.89427
135    5.32196
136    6.45312
137    4.14684
138    5.61576
108 12.5295  1
180    0
109 9.59914  1
180    0
110 10.0301  2
119    4.89421
158    4.94099
111 11.4373  1
118    5.00902
112 6.03244  1
139    3.89827
113 8.38328  1
180    0
114 6.0596  1
180    0
115 8.47179  1
119    4.84458
116 6.34861  1
118    4.54154
117 9.41572  1
180    0
118 9.43129  1
180    0
119 9.48195  1
159    6.08452
120 9.64736  2
145    4.97853
160    4.30871
121 10.1875  1
162    4.25533
122 11.9515  1
139    4.62394
123 7.71157  1
180    0
124 13.8665  1
146    5.51605
125 13.9654  1
180    0
126 14.2883  1
180    0
127 5.34242  1
160    6.12059
128 6.1298  1
160    6.06108
129 8.70098  1
180    0
130 7.09723  9
170    5.52136
171    4.10427
172    5.47678
173    3.9586
174    5.00105
175    5.40518
176    3.72486
177    4.23775
178    5.91267
131 11.8603  1
162    5.68818
132 7.41371  1
180    0
133 12.8939  1
180    0
134 10.7894  1
180    0
135 13.9169  2
145    3.55493
146    5.33166
136 14.1299  1
180    0
137 14.8254  1
180    0
138 7.09632  1
180    0
139 11.8572  1
180    0
140 7.40364  1
180    0
141 12.861  1
180    0
142 10.6816  1
180    0
143 13.565  1
180    0
144 12.9809  1
180    0
145 11.0732  1
160    6.1444
146 14.8437  3
148    6.4501
149    4.13704
150    5.5838
147 7.15613  1
180    0
148 12.0525  1
180    0
149 8.04147  1
162    5.97008
150 14.9438  1
180    0
151 7.48299  1
180    0
152 13.1201  1
180    0
153 11.5276  1
162    6.4599
154 6.32756  1
180    0
155 9.34675  1
180    0
156 9.20606  1
180    0
157 8.74645  1
161    3.57727
158 7.24555  1
180    0
159 12.3446  1
162    4.169
160 8.99548  1
180    0
161 8.05887  1
180    0
162 5.00031  1
180    0
163 5.01251  1
180    0
164 5.05249  1
180    0
165 5.18311  1
180    0
166 5.60945  1
180    0
167 7.00171  1
180    0
168 11.5484  1
180    0
169 6.39531  1
180    0
170 9.56801  1
180    0
171 9.92843  1
180    0
172 11.1055  1
180    0
173 14.9493  1
180    0
174 7.50099  1
180    0
175 13.179  1
180    0
176 11.7202  1
180    0
177 6.95624  1
180    0
178 11.3997  1
180    0
179 5.90976  1
180    0
180 0  0
