118
0 9.92843  4
1    5.45828
2    3.89827
3    4.80403
4    4.76182
1 11.1055  1
38    5.20907
2 14.9493  6
5    4.62394
6    4.17367
7    5.70338
8    4.69865
9    4.41766
10    3.50009
3 7.50099  1
117    0
4 13.179  1
117    0
5 11.7202  1
117    0
6 6.95624  3
111    6.13286
112    6.10109
113    5.99736
7 11.3997  1
68    4.87974
8 5.90976  1
117    0
9 7.98257  10
11    3.50375
12    3.51575
13    3.55493
14    3.68284
15    4.10051
16    5.46451
17    3.91859
18    4.8704
38    5.94325
49    3.75581
10 14.7516  1
68    5.10936
11 6.85522  10
23    5.95369
24    5.51605
25    4.08687
26    5.41992
27    3.77293
28    4.39477
29    6.42547
30    4.05657
31    5.32104
32    6.4501
12 11.0701  2
38    6.08452
101    4.41766
13 14.8337  6
62    5.00105
63    5.40518
64    3.72486
65    4.23775
66    5.91267
67    5.38211
14 7.12348  2
60    4.11791
68    3.99174
15 11.946  1
38    5.4819
16 7.69387  2
90    4.12889
102    4.2503
17 13.8086  1
117    0
18 13.7762  5
19    4.97853
20    5.33166
21    6.4848
22    4.2503
38    5.99736
19 13.6703  3
36    6.14257
37    6.13286
49    6.27871
20 13.3245  4
33    4.13704
34    5.5838
35    4.30816
91    5.20449
21 12.1953  2
38    3.9402
92    5.61576
22 8.5081  1
49    4.33883
23 6.46733  1
38    6.10109
24 9.80331  10
50    5.68818
51    4.64893
52    4.25533
53    5.97008
54    5.56952
55    4.26147
56    5.99013
57    5.63498
58    4.47525
59    3.68815
25 10.6969  1
90    6.23898
26 13.6151  5
44    6.13881
45    6.12059
46    6.06108
47    5.86671
48    5.23196
27 13.1442  2
49    3.57727
101    4.69865
28 11.6063  2
38    4.94099
92    6.48315
29 6.58452  6
39    3.97536
40    5.0558
41    5.58399
42    4.30871
43    6.1444
49    6.24273
30 10.186  2
38    4.55243
102    5.33166
31 11.9466  6
93    4.2449
94    5.93602
95    5.45828
96    3.89827
97    4.80403
98    4.76182
32 7.6957  3
60    4.10427
61    5.47678
69    5.43118
33 13.8147  10
73    3.90458
74    4.82472
75    4.82939
76    4.84458
77    4.89421
78    5.05626
79    5.58545
80    4.31347
81    6.15996
82    6.18963
34 13.796  1
117    0
35 13.7353  1
117    0
36 13.5369  1
38    5.6586
37 12.889  2
69    3.80973
102    4.10051
38 10.7732  2
99    4.62394
100    4.17367
39 13.8641  1
117    0
40 13.9575  1
117    0
41 14.2624  3
49    4.169
68    5.75886
102    4.8704
42 5.25758  6
83    6.28649
84    3.60273
85    3.83894
86    4.61029
87    4.12917
88    5.55808
43 5.85269  2
91    6.06951
103    6.42547
44 7.79611  1
49    6.15923
45 14.1424  2
102    5.46451
103    5.41992
46 14.8663  3
49    6.18725
90    6.44763
92    6.45312
47 7.22999  4
49    6.4599
89    5.23681
92    4.41244
102    5.95369
48 12.2939  1
61    3.9586
49 8.82977  1
68    5.00902
50 7.51778  1
102    6.4848
51 13.2336  1
103    3.77293
52 11.8984  1
117    0
53 7.53822  1
91    5.89427
54 13.3004  1
117    0
55 12.1166  1
117    0
56 8.25083  1
91    5.85829
57 5.62716  1
89    4.22411
58 7.05969  1
101    3.51575
59 11.7379  1
60    5.52136
60 7.01422  1
68    3.64951
61 11.5893  1
102    3.91859
62 6.52867  3
70    4.51498
71    3.81788
72    4.54154
63 10.0035  1
117    0
64 11.3506  1
117    0
65 5.74953  1
92    4.14684
66 7.45918  1
117    0
67 13.0422  1
92    5.32196
68 11.2737  1
117    0
69 5.49837  1
117    0
70 6.63915  1
101    3.50009
71 10.3645  1
90    6.17507
72 12.5295  1
117    0
73 9.59914  1
117    0
74 10.0301  1
91    4.22109
75 11.4373  1
91    5.55716
76 6.03244  2
101    3.50375
103    4.08687
77 8.38328  1
89    5.86818
78 6.0596  1
103    4.39477
79 8.47179  7
104    4.05657
105    5.32104
106    6.4501
107    4.13704
108    5.5838
109    4.30816
110    6.14257
80 6.34861  1
101    3.68284
81 9.41572  3
114    5.6586
115    4.55243
116    3.9402
82 9.43129  1
101    3.55493
83 9.48195  1
117    0
84 9.64736  1
117    0
85 10.1875  1
101    5.70338
86 11.9515  1
117    0
87 7.71157  1
117    0
88 13.8665  1
117    0
89 13.9654  1
102    4.97853
90 14.2883  1
117    0
91 5.34242  1
117    0
92 6.1298  1
117    0
93 8.70098  1
117    0
94 7.09723  1
117    0
95 11.8603  1
117    0
96 7.41371  1
117    0
97 12.8939  1
117    0
98 10.7894  1
117    0
99 13.9169  1
117    0
100 14.1299  1
117    0
101 14.8254  1
117    0
102 7.09632  1
103    5.51605
103 11.8572  1
117    0
104 7.40364  1
117    0
105 12.861  1
117    0
106 10.6816  1
117    0
107 13.565  1
117    0
108 12.9809  1
117    0
109 11.0732  1
117    0
110 14.8437  1
117    0
111 7.15613  1
117    0
112 12.0525  1
117    0
113 8.04147  1
117    0
114 14.9438  1
117    0
115 7.48299  1
117    0
116 13.1201  1
117    0
117 0  0
