241
0 13.9654  9
1    11.0427
2    8.20853
3    10.9536
4    7.9172
5    10.0021
6    10.8104
106    9.08307
119    8.29368
120    10.9166
1 14.2883  3
103    11.3764
120    8.48979
139    11.8865
2 5.34242  6
7    7.44972
8    8.47551
9    11.8253
10    10.7642
21    9.68917
119    12.9663
3 6.1298  2
75    12.2657
120    9.60805
4 8.70098  1
240    0
5 7.09723  3
21    9.64943
75    8.27409
106    7.80917
6 11.8603  3
21    10.1125
75    10.6421
110    8.25834
7 7.41371  1
21    9.78841
8 12.8939  1
240    0
9 10.7894  10
11    7.29902
12    7.98349
13    10.2187
14    11.5177
15    9.75948
16    10.018
17    10.8624
18    7.61946
19    9.02997
20    7.63576
10 13.9169  1
215    12.139
11 14.1299  1
21    8.62694
12 14.8254  10
22    12.3793
23    12.573
24    7.20545
25    7.67788
26    9.22059
27    8.25834
28    11.1162
29    8.44823
30    11.7364
105    10.7642
13 7.09632  1
21    9.65877
14 11.8572  5
67    9.95706
105    11.8253
106    10.018
107    9.68917
108    12.573
15 7.40364  1
120    11.4068
16 12.861  1
21    7.80917
17 10.6816  1
21    12.3199
18 13.565  1
136    8.61632
19 12.9809  3
21    9.08307
103    8.33799
107    9.64943
20 11.0732  2
21    11.1709
104    7.44972
21 14.8437  3
129    8.5006
136    12.2022
215    10.409
22 7.15613  1
240    0
23 12.0525  9
31    10.4736
32    12.3501
33    12.478
34    12.8953
35    8.25779
36    11.1143
37    8.44218
38    11.7166
39    10.409
24 8.04147  1
240    0
25 14.9438  2
160    11.3764
226    8.34733
26 7.48299  7
68    8.5006
69    11.9074
70    11.0321
71    8.17374
72    10.8398
73    7.54585
74    8.78954
27 13.1201  2
104    10.8104
105    7.29902
28 11.5276  1
106    9.02997
29 6.32756  2
139    9.88198
208    12.3501
30 9.34675  8
122    8.20103
123    10.929
124    7.83718
125    9.74081
126    9.95706
127    10.6633
128    12.9696
129    7.54585
31 9.20606  4
49    11.872
50    10.9166
51    7.79653
139    12.169
32 8.74645  2
104    7.9172
118    11.7885
33 7.24555  1
129    11.0321
34 12.3446  1
234    11.0321
35 8.99548  1
240    0
36 8.05887  2
75    12.2022
120    8.34733
37 5.00031  10
40    12.139
41    11.7885
42    10.6439
43    12.9062
44    8.29368
45    11.2315
46    8.82488
47    12.9663
48    8.48979
106    9.75948
38 5.01251  2
75    8.11313
106    7.61946
39 5.05249  2
105    8.47551
121    8.83532
40 5.18311  6
90    12.2776
91    12.2412
92    12.1222
93    11.7334
94    10.4639
121    7.0315
41 5.60945  1
236    12.2022
42 7.00171  2
103    11.9803
226    7.0315
43 11.5484  1
240    0
44 6.39531  1
226    9.39729
45 9.56801  6
52    9.60805
53    9.52364
54    9.24787
55    8.34733
75    11.1676
108    7.20545
46 9.92843  2
108    10.1125
160    9.29786
47 11.1055  10
58    8.83532
59    7.00018
60    7.00751
61    7.0315
62    7.10987
63    7.36567
64    8.20103
65    10.929
66    7.83718
103    8.51067
48 14.9493  1
75    12.9002
49 7.50099  3
104    8.20853
121    7.00751
215    10.6439
50 13.179  1
67    9.74081
51 11.7202  2
119    11.2315
121    7.10987
52 6.95624  4
67    12.9696
75    12.8509
104    11.0427
107    9.78841
53 11.3997  1
120    9.52364
54 5.90976  2
56    11.4068
57    9.39729
55 7.98257  2
129    8.17374
208    11.7364
56 14.7516  1
103    11.139
57 6.85522  1
240    0
58 11.0701  2
105    10.2187
108    12.3199
59 14.8337  1
240    0
60 7.12348  1
240    0
61 11.946  9
76    11.9947
77    11.3172
78    9.10486
79    7.8804
80    9.88198
103    8.52293
105    7.98349
118    8.44218
226    8.83532
62 7.69387  3
67    10.6633
136    12.2851
139    9.10486
63 13.8086  1
103    11.27
64 13.7762  10
81    10.4181
82    12.169
83    11.8865
84    10.9638
85    7.95071
86    10.1116
87    11.168
88    8.61742
89    12.2888
235    8.78954
65 13.6703  1
240    0
66 13.3245  8
95    12.3185
96    12.3745
97    12.5574
98    7.15455
99    7.51161
100    8.67766
101    12.4855
102    12.9198
67 12.1953  1
120    7.79653
68 8.5081  2
75    8.61632
236    8.27409
69 6.46733  1
240    0
70 9.80331  3
75    12.2851
103    9.29786
129    10.8398
71 10.6969  1
240    0
72 13.6151  4
104    7.37629
106    10.8624
108    12.3793
129    8.78954
73 13.1442  2
104    10.9536
108    11.1709
74 11.6063  3
103    11.9402
105    11.5177
121    7.00018
75 6.58452  1
240    0
76 10.186  1
240    0
77 11.9466  1
129    11.9074
78 7.6957  3
237    11.3172
238    9.10486
239    7.8804
79 13.8147  6
130    12.8509
131    8.11313
132    10.6421
133    12.9002
134    8.27409
135    11.1676
80 13.796  10
173    7.9172
174    10.0021
175    10.8104
176    7.44972
177    8.47551
178    11.8253
179    10.7642
180    7.29902
181    7.98349
182    10.2187
81 13.7353  1
110    11.1162
82 13.5369  1
118    12.9062
83 12.889  2
137    11.9947
138    11.3172
84 10.7732  1
240    0
85 13.8641  1
240    0
86 13.9575  1
104    10.0021
87 14.2624  2
118    10.6439
120    9.39729
88 5.25758  1
240    0
89 5.85269  2
108    7.67788
139    10.4181
90 7.79611  7
166    11.27
167    8.9505
168    7.37629
169    8.23582
170    11.0427
171    8.20853
172    10.9536
91 14.1424  2
215    8.29368
226    11.4068
92 14.8663  7
111    8.44823
112    11.7364
113    10.4736
114    12.3501
115    12.478
116    12.8953
117    8.25779
93 7.22999  1
104    8.9505
94 12.2939  1
234    11.9074
95 8.82977  2
104    8.23582
118    10.409
96 7.51778  1
107    9.65877
97 13.2336  1
215    11.7885
98 11.8984  1
240    0
99 7.53822  1
240    0
100 13.3004  1
109    9.22059
101 12.1166  2
106    7.63576
136    12.2657
102 8.25083  2
118    11.7166
120    9.24787
103 5.62716  1
119    8.82488
104 7.05969  1
108    8.62694
105 11.7379  1
240    0
106 7.01422  1
240    0
107 11.5893  4
194    9.68917
195    9.78841
196    10.1125
197    11.1709
108 6.52867  3
118    11.1143
121    7.36567
226    7.10987
109 10.0035  2
120    11.872
235    12.9002
110 11.3506  1
240    0
111 5.74953  1
240    0
112 7.45918  6
227    8.20103
228    10.929
229    7.83718
230    9.74081
231    9.95706
232    10.6633
113 13.0422  1
240    0
114 11.2737  1
240    0
115 5.49837  10
140    10.9638
141    7.95071
142    10.1116
143    11.168
144    8.61742
145    12.2888
146    12.2776
147    12.2412
148    12.1222
149    11.7334
116 6.63915  1
118    12.139
117 10.3645  1
240    0
118 12.5295  1
240    0
119 9.59914  1
240    0
120 10.0301  1
139    7.8804
121 11.4373  1
240    0
122 6.03244  1
240    0
123 8.38328  1
240    0
124 6.0596  1
240    0
125 8.47179  1
240    0
126 6.34861  1
240    0
127 9.41572  1
240    0
128 9.43129  1
240    0
129 9.48195  1
240    0
130 9.64736  1
240    0
131 10.1875  10
184    9.75948
185    10.018
186    10.8624
187    7.61946
188    9.02997
189    7.63576
190    9.08307
191    7.80917
192    9.64943
193    9.65877
132 11.9515  1
240    0
133 7.71157  1
240    0
134 13.8665  1
240    0
135 13.9654  1
240    0
136 14.2883  1
240    0
137 5.34242  1
240    0
138 6.1298  1
226    7.36567
139 8.70098  1
240    0
140 7.09723  1
240    0
141 11.8603  1
208    10.4736
142 7.41371  1
226    7.00751
143 12.8939  1
240    0
144 10.7894  1
240    0
145 13.9169  1
240    0
146 14.1299  1
240    0
147 14.8254  1
240    0
148 7.09632  5
161    8.51067
162    11.9402
163    11.139
164    8.52293
165    11.9803
149 11.8572  10
150    10.4639
151    12.3185
152    12.3745
153    12.5574
154    7.15455
155    7.51161
156    8.67766
157    12.4855
158    12.9198
159    8.33799
150 7.40364  1
240    0
151 12.861  1
240    0
152 10.6816  1
240    0
153 13.565  1
240    0
154 12.9809  1
240    0
155 11.0732  1
240    0
156 14.8437  1
240    0
157 7.15613  1
240    0
158 12.0525  1
234    7.54585
159 8.04147  1
235    12.8509
160 14.9438  1
240    0
161 7.48299  1
236    8.61632
162 13.1201  7
198    8.62694
199    12.3199
200    12.3793
201    12.573
202    7.20545
203    7.67788
204    9.22059
163 11.5276  1
240    0
164 6.32756  1
240    0
165 9.34675  1
240    0
166 9.20606  1
240    0
167 8.74645  1
240    0
168 7.24555  1
240    0
169 12.3446  1
240    0
170 8.99548  1
240    0
171 8.05887  1
240    0
172 5.00031  1
240    0
173 5.01251  1
240    0
174 5.05249  2
183    11.5177
233    12.9696
175 5.18311  1
240    0
176 5.60945  1
240    0
177 7.00171  1
240    0
178 11.5484  1
236    11.9947
179 6.39531  1
240    0
180 9.56801  1
234    10.8398
181 9.92843  1
240    0
182 11.1055  1
240    0
183 14.9493  1
240    0
184 7.50099  1
240    0
185 13.179  3
205    8.25834
206    11.1162
207    8.44823
186 11.7202  1
240    0
187 6.95624  1
240    0
188 11.3997  1
240    0
189 5.90976  6
209    12.478
210    12.8953
211    8.25779
212    11.1143
213    8.44218
214    11.7166
190 7.98257  1
240    0
191 14.7516  1
240    0
192 6.85522  1
240    0
193 11.0701  1
240    0
194 14.8337  1
240    0
195 7.12348  1
240    0
196 11.946  1
240    0
197 7.69387  1
240    0
198 13.8086  1
240    0
199 13.7762  1
215    12.9062
200 13.6703  1
240    0
201 13.3245  10
216    11.2315
217    8.82488
218    12.9663
219    8.48979
220    11.872
221    10.9166
222    7.79653
223    9.60805
224    9.52364
225    9.24787
202 12.1953  1
240    0
203 8.5081  1
240    0
204 6.46733  1
234    8.5006
205 9.80331  1
240    0
206 10.6969  1
240    0
207 13.6151  1
240    0
208 13.1442  1
240    0
209 11.6063  1
240    0
210 6.58452  1
240    0
211 10.186  1
240    0
212 11.9466  1
240    0
213 7.6957  1
236    11.1676
214 13.8147  1
240    0
215 13.796  2
235    8.11313
236    12.2657
216 13.7353  1
240    0
217 13.5369  1
240    0
218 12.889  1
240    0
219 10.7732  1
236    12.2851
220 13.8641  1
240    0
221 13.9575  1
240    0
222 14.2624  1
240    0
223 5.25758  1
226    7.00018
224 5.85269  1
240    0
225 7.79611  1
235    10.6421
226 14.1424  1
240    0
227 14.8663  1
240    0
228 7.22999  1
234    8.17374
229 12.2939  1
240    0
230 8.82977  1
240    0
231 7.51778  1
240    0
232 13.2336  1
240    0
233 11.8984  1
240    0
234 7.53822  1
240    0
235 13.3004  1
240    0
236 12.1166  1
240    0
237 8.25083  1
240    0
238 5.62716  1
240    0
239 7.05969  1
240    0
240 0  0
