46
0 6.85522  3
1    4.47525
8    3.64951
25    3.83894
1 11.0701  3
2    3.68815
3    4.11791
8    5.40518
2 14.8337  7
4    5.52136
5    4.10427
6    5.47678
7    3.9586
8    5.00105
14    4.51498
25    6.28649
3 7.12348  1
8    3.72486
4 11.946  2
8    4.23775
25    4.61029
5 7.69387  2
8    5.38211
25    5.55808
6 13.8086  2
9    3.99174
25    5.86818
7 13.7762  1
8    5.91267
8 13.6703  1
45    0
9 13.3245  5
10    5.10936
11    5.75886
12    4.87974
13    5.00902
14    3.80973
10 12.1953  1
14    5.43118
11 8.5081  1
45    0
12 6.46733  1
45    0
13 9.80331  10
15    3.81788
16    4.54154
17    3.90458
18    4.82472
19    4.82939
20    4.84458
21    4.89421
22    5.05626
23    5.58545
24    4.31347
14 10.6969  1
25    3.60273
15 13.6151  1
45    0
16 13.1442  1
45    0
17 11.6063  10
26    5.23681
27    6.17507
28    6.23898
29    6.44763
30    4.12889
31    5.55716
32    4.22109
33    5.85829
34    5.20449
35    6.06951
18 6.58452  1
25    6.15996
19 10.186  1
45    0
20 11.9466  1
25    6.18963
21 7.6957  1
45    0
22 13.8147  1
45    0
23 13.796  1
25    4.12917
24 13.7353  1
25    4.22411
25 13.5369  9
36    5.89427
37    5.32196
38    6.45312
39    4.14684
40    5.61576
41    4.41244
42    6.48315
43    4.2449
44    5.93602
26 12.889  1
45    0
27 10.7732  1
45    0
28 13.8641  1
45    0
29 13.9575  1
45    0
30 14.2624  1
45    0
31 5.25758  1
45    0
32 5.85269  1
45    0
33 7.79611  1
45    0
34 14.1424  1
45    0
35 14.8663  1
45    0
36 7.22999  1
45    0
37 12.2939  1
45    0
38 8.82977  1
45    0
39 7.51778  1
45    0
40 13.2336  1
45    0
41 11.8984  1
45    0
42 7.53822  1
45    0
43 13.3004  1
45    0
44 12.1166  1
45    0
45 0  0
