57
0 5.85269  3
1    61.7507
8    52.0449
28    42.503
1 7.79611  7
2    62.3898
3    64.4763
4    41.2889
5    55.5716
6    42.2109
7    58.5829
28    49.7853
2 14.1424  2
9    56.1576
45    54.819
3 14.8663  10
15    38.9827
16    48.0403
17    47.6182
18    46.2394
19    41.7367
20    57.0338
21    46.9865
22    44.1766
23    35.0009
45    45.5243
4 7.22999  1
9    53.2196
5 12.2939  1
9    60.6951
6 8.82977  1
9    64.5312
7 7.51778  1
9    58.9427
8 13.2336  2
9    41.4684
24    35.0375
9 11.8984  6
10    44.1244
11    64.8315
12    42.449
13    59.3602
14    54.5828
45    52.0907
10 7.53822  1
56    0
11 13.3004  1
28    48.704
12 12.1166  3
25    35.5493
26    36.8284
27    41.0051
13 8.25083  1
56    0
14 5.62716  8
38    64.501
39    41.3704
40    55.838
41    43.0816
42    61.4257
43    61.3286
44    61.0109
45    39.402
15 7.05969  1
56    0
16 11.7379  1
56    0
17 7.01422  1
56    0
18 11.5893  1
56    0
19 6.52867  1
45    49.4099
20 10.0035  1
28    53.3166
21 11.3506  3
24    35.1575
28    54.6451
46    50.558
22 5.74953  1
56    0
23 7.45918  9
29    59.5369
30    55.1605
31    40.8687
32    54.1992
33    37.7293
34    43.9477
35    64.2547
36    40.5657
37    53.2104
24 13.0422  1
45    56.586
25 11.2737  2
28    39.1859
46    43.0871
26 5.49837  1
56    0
27 6.63915  1
28    64.848
28 10.3645  1
56    0
29 12.5295  1
56    0
30 9.59914  1
56    0
31 10.0301  1
56    0
32 11.4373  1
56    0
33 6.03244  1
56    0
34 8.38328  1
45    59.9736
35 6.0596  1
46    55.8399
36 8.47179  1
45    39.7536
37 6.34861  1
56    0
38 9.41572  1
45    59.4325
39 9.43129  1
56    0
40 9.48195  1
56    0
41 9.64736  9
47    61.444
48    61.3881
49    61.2059
50    60.6108
51    58.6671
52    52.3196
53    61.5923
54    61.8725
55    62.7871
42 10.1875  1
56    0
43 11.9515  1
56    0
44 7.71157  1
45    60.8452
45 13.8665  1
56    0
46 13.9654  1
56    0
47 14.2883  1
56    0
48 5.34242  1
56    0
49 6.1298  1
56    0
50 8.70098  1
56    0
51 7.09723  1
56    0
52 11.8603  1
56    0
53 7.41371  1
56    0
54 12.8939  1
56    0
55 10.7894  1
56    0
56 0  0
