233
0 11.5484  4
1    41.2917
2    42.2411
128    59.9736
142    61.8725
1 6.39531  5
2    55.5808
34    41.3704
178    46.2394
180    48.704
181    55.1605
2 9.56801  10
3    58.6818
4    52.3681
5    61.7507
6    62.3898
7    64.4763
8    41.2889
9    55.5716
10    42.2109
11    58.5829
12    60.6951
3 9.92843  4
32    54.6451
34    43.9477
51    60.6108
85    62.8649
4 11.1055  1
32    41.0051
5 14.9493  1
232    0
6 7.50099  2
12    52.0449
143    35.7727
7 13.179  2
33    55.1605
139    58.6671
8 11.7202  5
33    42.503
138    60.6108
156    39.9174
179    35.0009
181    59.5369
9 6.95624  1
179    41.7367
10 11.3997  6
12    58.9427
32    35.1575
78    54.3118
84    55.8545
123    36.8284
144    42.5533
11 5.90976  3
21    54.5828
51    61.5923
127    41.3704
12 7.98257  9
13    53.2196
14    64.5312
15    41.4684
16    56.1576
17    44.1244
18    64.8315
19    42.449
20    59.3602
32    35.5493
13 14.7516  4
33    64.848
124    42.503
163    55.8545
177    60.6951
14 6.85522  1
232    0
15 11.0701  10
22    38.9827
23    48.0403
24    47.6182
25    46.2394
26    41.7367
27    57.0338
28    46.9865
29    44.1766
30    35.0009
31    35.0375
16 14.8337  2
34    64.501
83    48.2939
17 7.12348  1
34    40.5657
18 11.946  9
56    43.3883
57    62.4273
58    64.599
59    41.69
60    56.8818
61    46.4893
62    42.5533
179    35.5493
189    52.0907
19 7.69387  3
33    49.7853
67    55.2136
124    55.1605
20 13.8086  5
33    54.1992
79    45.1498
128    43.0816
156    57.5886
189    59.9736
21 13.7762  2
32    39.1859
51    61.444
22 13.6703  4
34    55.838
51    58.6671
179    35.0375
206    56.8818
23 13.3245  2
33    40.8687
51    52.3196
24 12.1953  5
34    43.0816
51    61.3881
84    43.1347
177    52.0449
180    49.7853
25 8.5081  3
32    48.704
51    61.2059
67    36.8815
26 6.46733  10
35    61.4257
36    61.3286
37    61.0109
38    59.9736
39    56.586
40    45.5243
41    39.402
42    49.4099
43    52.0907
123    35.5493
27 9.80331  5
52    61.8725
53    62.7871
54    35.7727
55    37.5581
67    54.7678
28 10.6969  2
67    39.586
180    41.0051
29 13.6151  3
33    53.3166
124    53.3166
177    64.5312
30 13.1442  3
32    36.8284
33    59.5369
34    64.2547
31 11.6063  1
232    0
32 6.58452  1
34    53.2104
33 10.186  3
34    37.7293
179    57.0338
198    61.8725
34 11.9466  1
79    38.0973
35 7.6957  7
150    41.0427
151    54.7678
152    39.586
153    50.0105
154    54.0518
155    37.2486
173    64.4763
36 13.8147  2
127    53.2104
143    62.4273
37 13.796  1
232    0
38 13.7353  1
83    48.2472
39 13.5369  4
80    38.1788
81    45.4154
82    39.0458
83    50.5626
40 12.889  1
143    64.599
41 10.7732  1
232    0
42 13.8641  1
180    54.6451
43 13.9575  8
44    60.8452
45    59.4325
46    54.819
47    39.7536
48    50.558
49    55.8399
50    43.0871
124    49.7853
44 14.2624  2
143    37.5581
156    42.3775
45 5.25758  1
67    54.0518
46 5.85269  2
127    64.501
143    41.69
47 7.79611  1
177    58.9427
48 14.1424  4
68    37.2486
69    42.3775
70    59.1267
71    53.8211
49 14.8663  1
198    61.5923
50 7.22999  2
67    41.0427
144    59.7008
51 12.2939  1
63    59.7008
52 8.82977  4
140    52.3196
141    61.5923
145    56.3498
172    58.6818
53 7.51778  3
67    41.1791
123    48.704
124    40.8687
54 13.2336  6
64    55.6952
65    42.6147
66    59.9013
123    39.1859
127    64.2547
178    54.5828
55 11.8984  1
232    0
56 7.53822  1
232    0
57 13.3004  1
143    46.4893
58 12.1166  1
172    61.7507
59 8.25083  7
164    43.1347
165    61.5996
166    61.8963
167    62.8649
168    36.0273
169    38.3894
170    46.1029
60 5.62716  2
83    48.9421
85    61.8963
61 7.05969  2
124    54.1992
128    61.4257
62 11.7379  7
72    36.4951
73    39.9174
74    51.0936
75    57.5886
76    48.7974
77    50.0902
145    59.9013
63 7.01422  2
138    61.3881
189    45.5243
64 11.5893  4
67    50.0105
123    35.1575
128    39.402
179    46.9865
65 6.52867  1
67    44.7525
66 10.0035  1
67    56.3498
67 11.3506  7
108    44.1244
109    64.8315
110    42.449
111    59.3602
112    54.5828
113    38.9827
156    59.1267
68 5.74953  4
129    49.4099
130    52.0907
177    53.2196
180    39.1859
69 7.45918  2
85    61.5996
156    36.4951
70 13.0422  1
232    0
71 11.2737  1
123    54.6451
72 5.49837  1
232    0
73 6.63915  1
232    0
74 10.3645  1
232    0
75 12.5295  4
146    44.7525
147    36.8815
148    41.1791
149    55.2136
76 9.59914  1
124    64.848
77 10.0301  1
232    0
78 11.4373  1
232    0
79 6.03244  1
232    0
80 8.38328  1
128    56.586
81 6.0596  9
86    36.0273
87    38.3894
88    46.1029
89    41.2917
90    55.5808
91    42.2411
92    58.6818
93    52.3681
94    61.7507
82 8.47179  3
83    48.4458
180    36.8284
181    53.3166
83 6.34861  1
232    0
84 9.41572  1
232    0
85 9.43129  1
181    64.848
86 9.48195  1
128    45.5243
87 9.64736  1
178    47.6182
88 10.1875  1
181    42.503
89 11.9515  1
123    41.0051
90 7.71157  4
127    40.5657
128    55.838
142    62.7871
189    56.586
91 13.8665  8
95    62.3898
96    64.4763
97    41.2889
98    55.5716
99    42.2109
100    58.5829
101    52.0449
102    60.6951
92 13.9654  1
172    52.3681
93 14.2883  1
232    0
94 5.34242  1
188    41.3704
95 6.1298  1
232    0
96 8.70098  1
156    53.8211
97 7.09723  10
114    48.0403
115    47.6182
116    46.2394
117    41.7367
118    57.0338
119    46.9865
120    44.1766
121    35.0009
122    35.0375
138    61.444
98 11.8603  1
163    48.2939
99 7.41371  1
232    0
100 12.8939  1
232    0
101 10.7894  1
232    0
102 13.9169  5
103    58.9427
104    53.2196
105    64.5312
106    41.4684
107    56.1576
103 14.1299  1
128    61.0109
104 14.8254  1
145    42.6147
105 7.09632  5
157    54.3118
158    38.0973
159    45.1498
160    38.1788
161    45.4154
106 11.8572  3
156    48.7974
177    41.4684
178    38.9827
107 7.40364  1
156    51.0936
108 12.861  1
232    0
109 10.6816  1
128    61.3286
110 13.565  1
232    0
111 12.9809  1
232    0
112 11.0732  4
194    61.2059
195    60.6108
196    58.6671
197    52.3196
113 14.8437  7
182    37.7293
183    43.9477
184    64.2547
185    40.5657
186    53.2104
187    64.501
188    55.838
114 7.15613  1
232    0
115 12.0525  1
145    55.6952
116 8.04147  10
222    54.0518
223    37.2486
224    42.3775
225    59.1267
226    53.8211
227    36.4951
228    39.9174
229    51.0936
230    57.5886
231    48.7974
117 14.9438  3
125    37.7293
126    43.9477
172    55.5808
118 7.48299  2
124    59.5369
177    64.8315
119 13.1201  2
163    48.9421
193    50.558
120 11.5276  1
172    42.2411
121 6.32756  1
171    41.2917
122 9.34675  4
135    50.558
136    55.8399
137    43.0871
179    35.1575
123 9.20606  1
232    0
124 8.74645  7
199    62.7871
200    35.7727
201    37.5581
202    43.3883
203    62.4273
204    64.599
205    41.69
125 7.24555  5
131    60.8452
132    59.4325
133    54.819
134    39.7536
193    61.444
126 12.3446  1
232    0
127 8.99548  1
232    0
128 8.05887  1
232    0
129 5.00031  1
189    39.402
130 5.01251  1
178    59.3602
131 5.05249  1
232    0
132 5.18311  4
143    43.3883
156    50.0902
181    54.1992
189    61.3286
133 5.60945  1
177    44.1244
134 7.00171  1
232    0
135 11.5484  1
138    61.2059
136 6.39531  1
193    39.7536
137 9.56801  1
232    0
138 9.92843  1
173    62.3898
139 11.1055  1
178    48.0403
140 14.9493  1
177    56.1576
141 7.50099  3
174    55.5716
175    42.2109
176    58.5829
142 13.179  2
143    56.8818
163    48.4458
143 11.7202  1
232    0
144 6.95624  1
188    61.4257
145 11.3997  1
232    0
146 5.90976  1
232    0
147 7.98257  1
163    50.5626
148 14.7516  1
193    61.3881
149 6.85522  1
232    0
150 11.0701  7
207    46.4893
208    42.5533
209    59.7008
210    55.6952
211    42.6147
212    59.9013
213    56.3498
151 14.8337  1
232    0
152 7.12348  4
190    60.8452
191    59.4325
192    54.819
193    43.0871
153 11.946  1
232    0
154 7.69387  1
162    39.0458
155 13.8086  1
232    0
156 13.7762  1
232    0
157 13.6703  1
189    49.4099
158 13.3245  1
232    0
159 12.1953  1
232    0
160 8.5081  2
163    48.2472
189    61.0109
161 6.46733  8
214    44.7525
215    36.8815
216    41.1791
217    55.2136
218    41.0427
219    54.7678
220    39.586
221    50.0105
162 9.80331  1
181    40.8687
163 10.6969  1
232    0
164 13.6151  1
232    0
165 13.1442  1
232    0
166 11.6063  1
232    0
167 6.58452  1
232    0
168 10.186  1
232    0
169 11.9466  1
173    41.2889
170 7.6957  1
232    0
171 13.8147  1
232    0
172 13.796  1
232    0
173 13.7353  1
232    0
174 13.5369  1
177    42.449
175 12.889  1
232    0
176 10.7732  1
188    43.0816
177 13.8641  1
232    0
178 13.9575  1
179    44.1766
179 14.2624  1
232    0
180 5.25758  1
193    55.8399
181 5.85269  1
232    0
182 7.79611  1
232    0
183 14.1424  1
232    0
184 14.8663  1
232    0
185 7.22999  1
232    0
186 12.2939  1
232    0
187 8.82977  1
232    0
188 7.51778  1
232    0
189 13.2336  1
232    0
190 11.8984  1
232    0
191 7.53822  1
232    0
192 13.3004  1
232    0
193 12.1166  1
232    0
194 8.25083  1
232    0
195 5.62716  1
232    0
196 7.05969  1
232    0
197 11.7379  1
232    0
198 7.01422  1
232    0
199 11.5893  1
232    0
200 6.52867  1
232    0
201 10.0035  1
232    0
202 11.3506  1
232    0
203 5.74953  1
232    0
204 7.45918  1
232    0
205 13.0422  1
232    0
206 11.2737  1
232    0
207 5.49837  1
232    0
208 6.63915  1
232    0
209 10.3645  1
232    0
210 12.5295  1
232    0
211 9.59914  1
232    0
212 10.0301  1
232    0
213 11.4373  1
232    0
214 6.03244  1
232    0
215 8.38328  1
232    0
216 6.0596  1
232    0
217 8.47179  1
232    0
218 6.34861  1
232    0
219 9.41572  1
232    0
220 9.43129  1
232    0
221 9.48195  1
232    0
222 9.64736  1
232    0
223 10.1875  1
232    0
224 11.9515  1
232    0
225 7.71157  1
232    0
226 13.8665  1
232    0
227 13.9654  1
232    0
228 14.2883  1
232    0
229 5.34242  1
232    0
230 6.1298  1
232    0
231 8.70098  1
232    0
232 0  0
