43
0 7.41371  5
1    8.5006
2    11.9074
3    8.17374
5    8.78954
41    7.67788
1 12.8939  7
3    11.0321
5    12.9002
6    8.27409
13    9.88198
27    9.29786
28    11.9803
41    7.20545
2 10.7894  5
3    10.8398
5    8.11313
12    9.10486
16    8.61742
28    11.27
3 13.9169  4
4    7.54585
5    10.6421
26    12.9198
38    9.68917
4 14.1299  4
5    12.8509
16    12.2888
27    8.51067
28    10.9536
5 14.8254  5
6    11.1676
12    11.3172
14    10.4181
16    7.95071
28    11.0427
6 7.09632  8
7    8.61632
8    12.2851
9    12.2657
10    12.2022
11    11.9947
16    11.168
25    12.4855
29    7.9172
7 11.8572  1
37    7.63576
8 7.40364  3
15    11.8865
29    7.44972
37    7.61946
9 12.861  8
17    12.2776
18    12.2412
19    12.1222
20    11.7334
21    10.4639
22    12.3185
23    12.3745
24    12.5574
10 10.6816  7
12    7.8804
14    12.169
16    10.9638
25    8.67766
28    8.52293
38    10.1125
41    12.3199
11 13.565  1
42    0
12 12.9809  2
29    10.8104
41    12.573
13 11.0732  1
29    11.8253
14 14.8437  1
26    8.33799
15 7.15613  1
16    10.1116
16 12.0525  3
27    11.9402
28    8.20853
39    11.1709
17 8.04147  2
28    8.9505
29    8.47551
18 14.9438  2
28    7.37629
37    10.8624
19 7.48299  2
29    10.0021
37    9.08307
20 13.1201  8
30    10.7642
31    7.29902
32    7.98349
33    10.2187
34    11.5177
35    9.75948
36    10.018
41    11.1162
21 11.5276  2
38    9.78841
40    8.62694
22 6.32756  2
25    7.51161
27    11.3764
23 9.34675  1
28    11.139
24 9.20606  2
25    7.15455
37    9.64943
25 8.74645  1
28    8.23582
26 7.24555  1
37    7.80917
27 12.3446  2
38    9.65877
41    9.22059
28 8.99548  1
42    0
29 8.05887  1
42    0
30 5.00031  1
42    0
31 5.01251  1
41    12.3793
32 5.05249  1
42    0
33 5.18311  1
37    9.02997
34 5.60945  1
42    0
35 7.00171  1
41    8.25834
36 11.5484  1
42    0
37 6.39531  1
42    0
38 9.56801  1
42    0
39 9.92843  1
42    0
40 11.1055  1
42    0
41 14.9493  1
42    0
42 0  0
