45
0 6.85522  8
1    1.127
2    0.89505
3    0.737629
4    0.823582
5    1.10427
6    0.820853
7    0.744972
24    1.17364
1 11.0701  3
7    1.08104
31    1.12315
32    0.779653
2 14.8337  2
7    1.18253
22    1.11709
3 7.12348  4
7    0.79172
22    1.23199
25    0.844218
33    0.952364
4 11.946  2
7    1.00021
25    1.0409
5 7.69387  1
7    0.847551
6 13.8086  1
7    1.09536
7 13.7762  10
8    1.07642
9    0.729902
10    0.798349
11    1.02187
12    1.15177
13    0.975948
14    1.0018
15    1.08624
16    0.761946
24    0.767788
8 13.6703  3
22    0.968917
25    1.28953
31    1.29663
9 13.3245  1
24    1.11162
10 12.1953  1
22    1.23793
11 8.5081  1
24    0.825834
12 6.46733  1
23    1.2573
13 9.80331  3
22    0.965877
31    1.09166
33    0.939729
14 10.6969  2
22    0.978841
24    0.720545
15 13.6151  2
24    0.922059
25    1.17166
16 13.1442  7
17    0.902997
18    0.763576
19    0.908307
20    0.780917
21    0.964943
24    1.23501
32    0.960805
17 11.6063  2
22    1.01125
24    1.04736
18 6.58452  2
22    0.862694
33    0.924787
19 10.186  5
26    1.2139
27    1.17885
28    1.06439
29    1.29062
30    0.829368
20 11.9466  1
44    0
21 7.6957  1
25    0.825779
22 13.8147  3
24    1.24779
31    0.882488
33    1.14068
23 13.796  2
24    0.844823
33    0.834733
24 13.7353  1
25    1.11143
25 13.5369  1
44    0
26 12.889  1
31    1.1872
27 10.7732  1
44    0
28 13.8641  1
31    0.848979
29 13.9575  1
44    0
30 14.2624  1
44    0
31 5.25758  1
44    0
32 5.85269  1
44    0
33 7.79611  10
34    0.883532
35    0.700018
36    0.700751
37    0.703149
38    0.710987
39    0.736567
40    0.820103
41    1.0929
42    0.783718
43    0.974081
34 14.1424  1
44    0
35 14.8663  1
44    0
36 7.22999  1
44    0
37 12.2939  1
44    0
38 8.82977  1
44    0
39 7.51778  1
44    0
40 13.2336  1
44    0
41 11.8984  1
44    0
42 7.53822  1
44    0
43 13.3004  1
44    0
44 0  0
