51
0 14.8437  8
1    1.04181
2    1.2169
12    1.04639
14    1.13764
33    1.23199
39    1.29062
47    0.939729
49    0.995706
1 7.15613  4
3    1.18865
12    0.751161
40    1.29663
48    0.883532
2 12.0525  5
4    0.795071
12    1.24855
33    0.965877
38    1.23501
49    0.710987
3 8.04147  3
4    1.09638
12    1.29198
31    1.18253
4 14.9438  10
5    1.01116
6    1.1168
7    0.861742
8    1.22888
9    1.22776
10    1.22412
11    1.21222
12    1.23745
31    1.07642
38    1.17364
5 7.48299  1
14    0.929786
6 13.1201  4
12    1.23185
31    0.847551
40    0.882488
49    1.06633
7 11.5276  4
12    0.715455
13    0.833799
39    1.12315
41    1.09166
8 6.32756  1
33    0.780917
9 9.34675  3
12    1.25574
31    1.15177
37    0.825834
10 9.20606  4
12    0.867766
31    1.02187
32    0.908307
37    0.767788
11 8.74645  3
12    1.17334
38    0.825779
49    0.783718
12 7.24555  2
32    1.08624
48    0.700018
13 12.3446  4
31    1.0018
32    0.902997
33    0.862694
38    1.28953
14 8.99548  10
15    0.851067
16    1.19402
17    1.1139
18    0.852293
19    1.19803
20    1.127
21    0.89505
22    0.737629
23    0.823582
24    1.10427
15 8.05887  1
32    0.763576
16 5.00031  1
33    1.01125
17 5.01251  3
33    0.968917
37    0.844823
39    1.2139
18 5.05249  8
25    0.820853
26    1.09536
27    0.79172
28    1.00021
29    1.08104
30    0.744972
31    0.975948
38    1.04736
19 5.18311  4
34    1.23793
35    1.2573
36    0.720545
39    1.11143
20 5.60945  1
50    0
21 7.00171  2
37    0.922059
41    1.1872
22 11.5484  1
50    0
23 6.39531  1
32    0.761946
24 9.56801  2
33    0.978841
39    0.829368
25 9.92843  1
50    0
26 11.1055  1
37    1.11162
27 14.9493  2
39    1.17166
40    0.848979
28 7.50099  2
31    0.798349
49    0.820103
29 13.179  2
31    0.729902
33    1.11709
30 11.7202  6
42    0.960805
43    0.952364
44    0.924787
45    0.834733
46    1.14068
48    0.703149
31 6.95624  1
33    0.964943
32 11.3997  1
50    0
33 5.90976  1
39    1.0409
34 7.98257  1
50    0
35 14.7516  2
38    1.24779
39    1.17885
36 6.85522  1
39    0.844218
37 11.0701  1
39    1.06439
38 14.8337  1
50    0
39 7.12348  2
41    0.779653
49    0.736567
40 11.946  1
50    0
41 7.69387  1
48    0.700751
42 13.8086  1
49    1.0929
43 13.7762  1
50    0
44 13.6703  1
49    0.974081
45 13.3245  1
50    0
46 12.1953  1
50    0
47 8.5081  1
50    0
48 6.46733  1
50    0
49 9.80331  1
50    0
50 0  0
