229
0 7.00171  4
1    12.3793
2    7.20545
35    8.78954
212    8.61632
1 11.5484  1
2    12.573
2 6.39531  10
3    7.67788
4    9.22059
5    8.25834
6    11.1162
7    8.44823
8    11.7364
9    10.4736
10    12.3501
11    12.478
33    7.0315
3 9.56801  3
33    7.00751
133    9.95706
212    11.1676
4 9.92843  1
228    0
5 11.1055  2
33    9.95706
211    10.8398
6 14.9493  10
12    12.8953
13    8.25779
14    11.1143
15    8.44218
16    11.7166
17    10.409
18    12.139
34    12.9696
35    7.54585
80    8.47551
7 7.50099  1
33    9.74081
8 13.179  1
106    12.139
9 11.7202  4
18    11.7885
25    7.79653
33    7.10987
35    12.8509
10 6.95624  2
35    10.6421
212    10.6421
11 11.3997  2
25    11.872
34    11.9074
12 5.90976  4
82    10.018
157    11.7334
160    8.52293
199    9.24787
13 7.98257  6
27    9.52364
28    9.24787
29    8.34733
30    11.4068
31    9.39729
32    8.83532
14 14.7516  2
25    10.9166
220    12.2776
15 6.85522  6
36    11.1676
37    8.61632
38    12.2851
39    12.2657
40    12.2022
134    8.78954
16 11.0701  3
80    10.8104
106    8.25779
194    12.9062
17 14.8337  4
41    11.9947
42    11.3172
43    9.10486
59    12.3185
18 7.12348  8
19    10.6439
20    12.9062
21    8.29368
22    11.2315
23    8.82488
24    12.9663
25    8.48979
33    7.00018
19 11.946  1
33    7.36567
20 7.69387  3
34    10.6633
59    10.4639
82    7.61946
21 13.8086  5
26    9.60805
34    8.17374
35    10.8398
133    11.0321
220    11.8865
22 13.7762  1
59    7.51161
23 13.6703  2
33    7.83718
200    7.00751
24 13.3245  9
117    9.60805
118    9.52364
119    9.24787
120    8.34733
121    11.4068
122    9.39729
123    8.83532
159    12.9198
175    7.63576
25 12.1953  2
35    8.11313
82    9.75948
26 8.5081  2
34    11.0321
82    10.2187
27 6.46733  1
92    12.3199
28 9.80331  2
33    8.20103
35    8.27409
29 10.6969  1
80    11.8253
30 13.6151  2
34    8.5006
199    11.4068
31 13.1442  2
33    10.929
82    7.63576
32 11.6063  2
35    12.9002
82    7.98349
33 6.58452  1
59    12.5574
34 10.186  6
60    8.67766
61    12.4855
62    12.9198
63    8.33799
82    11.5177
158    8.67766
35 11.9466  10
124    7.00018
125    7.00751
126    7.0315
127    7.10987
128    7.36567
129    8.20103
130    10.929
131    7.83718
132    9.74081
199    9.39729
36 7.6957  5
83    9.08307
84    7.80917
85    9.64943
86    9.65877
157    10.4639
37 13.8147  4
93    12.3793
94    12.573
95    7.20545
157    12.3745
38 13.796  2
64    11.3764
159    8.33799
39 13.7353  3
65    9.29786
66    8.51067
160    11.9803
40 13.5369  1
228    0
41 12.889  5
77    10.9536
78    7.9172
79    10.0021
82    9.02997
166    10.0021
42 10.7732  8
49    10.9638
50    7.95071
51    10.1116
52    11.168
53    8.61742
54    12.2888
55    12.2776
56    12.2412
43 13.8641  5
44    7.8804
45    9.88198
46    10.4181
47    12.169
48    11.8865
44 13.9575  3
82    10.8624
176    9.68917
199    7.00018
45 14.2624  9
184    12.3501
185    12.478
186    12.8953
187    8.25779
188    11.1143
189    8.44218
190    11.7166
191    10.409
192    12.139
46 5.25758  4
57    12.1222
58    11.7334
183    10.4736
198    10.9166
47 5.85269  1
59    12.3745
48 7.79611  8
67    11.9402
68    11.139
69    8.52293
70    11.9803
71    11.27
72    8.9505
73    7.37629
74    8.23582
49 14.1424  2
106    11.7166
211    7.54585
50 14.8663  1
157    12.2776
51 7.22999  10
107    10.6439
108    12.9062
109    8.29368
110    11.2315
111    8.82488
112    12.9663
113    8.48979
114    11.872
115    10.9166
133    10.8398
52 12.2939  1
160    11.27
53 8.82977  7
143    11.9947
144    11.3172
145    9.10486
146    7.8804
147    9.88198
148    10.4181
149    12.169
54 7.51778  4
75    11.0427
76    8.20853
181    11.1162
212    12.8509
55 13.2336  2
194    8.29368
198    9.60805
56 11.8984  2
59    7.15455
106    10.409
57 7.53822  1
200    7.0315
58 13.3004  1
160    11.3764
59 12.1166  1
133    11.9074
60 8.25083  4
177    12.573
178    7.20545
179    7.67788
180    9.22059
61 5.62716  1
228    0
62 7.05969  1
228    0
63 11.7379  1
106    8.44218
64 7.01422  3
160    11.9402
166    10.8104
176    8.62694
65 11.5893  1
81    10.7642
66 6.52867  1
228    0
67 10.0035  1
212    12.9002
68 11.3506  1
228    0
69 5.74953  1
157    12.3185
70 7.45918  1
228    0
71 13.0422  1
228    0
72 11.2737  2
82    7.29902
202    7.36567
73 5.49837  1
228    0
74 6.63915  1
193    11.7885
75 10.3645  2
80    7.44972
106    11.1143
76 12.5295  1
228    0
77 9.59914  3
158    7.15455
160    7.37629
176    12.3793
78 10.0301  1
228    0
79 11.4373  1
116    7.79653
80 6.03244  1
106    11.7885
81 8.38328  2
91    8.62694
181    8.25834
82 6.0596  1
228    0
83 8.47179  1
228    0
84 6.34861  10
96    7.67788
97    9.22059
98    8.25834
99    11.1162
100    8.44823
101    11.7364
102    10.4736
103    12.3501
104    12.478
105    12.8953
85 9.41572  5
87    9.68917
88    9.78841
89    10.1125
90    11.1709
199    8.34733
86 9.43129  1
228    0
87 9.48195  1
134    8.11313
88 9.64736  1
228    0
89 10.1875  1
228    0
90 11.9515  1
228    0
91 7.71157  1
228    0
92 13.8665  7
213    12.2022
214    11.9947
215    11.3172
216    9.10486
217    7.8804
218    9.88198
219    10.4181
93 13.9654  1
228    0
94 14.2883  1
228    0
95 5.34242  1
228    0
96 6.1298  1
176    11.1709
97 8.70098  1
228    0
98 7.09723  1
211    11.0321
99 11.8603  1
194    11.2315
100 7.41371  2
159    12.4855
176    10.1125
101 12.8939  7
150    11.8865
151    10.9638
152    7.95071
153    10.1116
154    11.168
155    8.61742
156    12.2888
102 10.7894  1
212    12.2657
103 13.9169  1
199    8.83532
104 14.1299  8
203    10.929
204    7.83718
205    9.74081
206    9.95706
207    10.6633
208    12.9696
209    8.5006
210    11.9074
105 14.8254  1
133    12.9696
106 7.09632  1
135    10.6421
107 11.8572  1
228    0
108 7.40364  1
198    7.79653
109 12.861  1
228    0
110 10.6816  1
228    0
111 13.565  1
220    12.2888
112 12.9809  1
228    0
113 11.0732  2
160    9.29786
211    8.17374
114 14.8437  1
175    9.08307
115 7.15613  1
202    8.20103
116 12.0525  8
167    10.7642
168    7.29902
169    7.98349
170    10.2187
171    11.5177
172    9.75948
173    10.018
174    10.8624
117 8.04147  2
160    11.139
175    9.65877
118 14.9438  1
228    0
119 7.48299  1
228    0
120 13.1201  1
220    8.61742
121 11.5276  1
228    0
122 6.32756  1
228    0
123 9.34675  1
175    9.02997
124 9.20606  1
133    8.5006
125 8.74645  1
133    10.6633
126 7.24555  1
228    0
127 12.3446  1
228    0
128 8.99548  1
166    11.8253
129 8.05887  1
176    12.3199
130 5.00031  2
133    8.17374
134    12.8509
131 5.01251  8
136    12.9002
137    8.27409
138    11.1676
139    8.61632
140    12.2851
141    12.2657
142    12.2022
212    8.11313
132 5.05249  2
133    7.54585
194    10.6439
133 5.18311  1
228    0
134 5.60945  1
228    0
135 7.00171  1
220    7.95071
136 11.5484  1
211    8.78954
137 6.39531  1
228    0
138 9.56801  1
228    0
139 9.92843  1
157    12.1222
140 11.1055  1
201    7.10987
141 14.9493  1
228    0
142 7.50099  1
228    0
143 13.179  2
158    12.5574
197    8.48979
144 11.7202  1
228    0
145 6.95624  1
158    7.51161
146 11.3997  3
166    8.47551
176    9.78841
220    11.168
147 5.90976  3
157    12.2412
175    7.61946
220    10.9638
148 7.98257  1
166    7.44972
149 14.7516  1
228    0
150 6.85522  1
228    0
151 11.0701  1
228    0
152 14.8337  1
228    0
153 7.12348  1
198    9.52364
154 11.946  1
228    0
155 7.69387  6
161    8.23582
162    11.0427
163    8.20853
164    10.9536
165    7.9172
197    11.872
156 13.8086  1
160    8.9505
157 13.7762  1
160    8.51067
158 13.6703  1
228    0
159 13.3245  1
228    0
160 12.1953  1
228    0
161 8.5081  1
228    0
162 6.46733  1
228    0
163 9.80331  1
228    0
164 10.6969  1
228    0
165 13.6151  1
228    0
166 13.1442  2
195    8.82488
196    12.9663
167 11.6063  1
183    11.7364
168 6.58452  1
175    7.80917
169 10.186  1
228    0
170 11.9466  1
212    12.2851
171 7.6957  1
228    0
172 13.8147  1
182    8.44823
173 13.796  1
228    0
174 13.7353  1
175    9.64943
175 13.5369  1
228    0
176 12.889  1
228    0
177 10.7732  1
212    8.27409
178 13.8641  1
228    0
179 13.9575  1
228    0
180 14.2624  1
228    0
181 5.25758  1
228    0
182 5.85269  1
228    0
183 7.79611  1
228    0
184 14.1424  1
228    0
185 14.8663  1
220    10.1116
186 7.22999  1
228    0
187 12.2939  1
228    0
188 8.82977  1
228    0
189 7.51778  1
228    0
190 13.2336  1
228    0
191 11.8984  1
228    0
192 7.53822  1
228    0
193 13.3004  1
228    0
194 12.1166  1
228    0
195 8.25083  1
228    0
196 5.62716  1
228    0
197 7.05969  1
228    0
198 11.7379  1
228    0
199 7.01422  1
228    0
200 11.5893  1
228    0
201 6.52867  1
228    0
202 10.0035  1
228    0
203 11.3506  1
228    0
204 5.74953  1
228    0
205 7.45918  1
228    0
206 13.0422  1
228    0
207 11.2737  1
228    0
208 5.49837  1
228    0
209 6.63915  1
228    0
210 10.3645  1
228    0
211 12.5295  1
228    0
212 9.59914  1
228    0
213 10.0301  1
220    12.169
214 11.4373  1
228    0
215 6.03244  1
228    0
216 8.38328  1
228    0
217 6.0596  1
228    0
218 8.47179  7
221    12.2412
222    12.1222
223    11.7334
224    10.4639
225    12.3185
226    12.3745
227    12.5574
219 6.34861  1
228    0
220 9.41572  1
228    0
221 9.43129  1
228    0
222 9.48195  1
228    0
223 9.64736  1
228    0
224 10.1875  1
228    0
225 11.9515  1
228    0
226 7.71157  1
228    0
227 13.8665  1
228    0
228 0  0
