47
0 10.7732  5
1    4.89421
6    3.83894
7    4.12917
13    6.44763
14    4.2449
1 13.8641  7
2    5.05626
3    5.58545
4    4.31347
5    6.15996
6    4.61029
13    5.20449
14    5.32196
2 13.9575  2
6    6.28649
13    5.55716
3 14.2624  1
6    3.60273
4 5.25758  3
6    6.18963
7    5.55808
14    6.48315
5 5.85269  1
13    4.22109
6 7.79611  1
14    6.45312
7 14.1424  6
8    4.22411
9    5.86818
10    5.23681
11    6.17507
12    6.23898
14    4.41244
8 14.8663  1
13    5.85829
9 7.22999  2
13    5.89427
14    5.61576
10 12.2939  1
13    4.12889
11 8.82977  1
14    4.14684
12 7.51778  1
13    6.06951
13 13.2336  4
21    4.17367
22    5.70338
23    4.69865
24    4.41766
14 11.8984  6
15    5.93602
16    5.45828
17    3.89827
18    4.80403
19    4.76182
20    4.62394
15 7.53822  1
46    0
16 13.3004  1
46    0
17 12.1166  1
46    0
18 8.25083  1
43    4.39477
19 5.62716  1
46    0
20 7.05969  1
46    0
21 11.7379  8
25    3.50009
26    3.50375
27    3.51575
28    3.55493
29    3.68284
30    4.10051
31    5.46451
32    3.91859
22 7.01422  1
46    0
23 11.5893  1
46    0
24 6.52867  1
46    0
25 10.0035  1
46    0
26 11.3506  1
46    0
27 5.74953  1
46    0
28 7.45918  1
46    0
29 13.0422  1
46    0
30 11.2737  10
33    4.8704
34    4.97853
35    5.33166
36    6.4848
37    4.2503
38    5.95369
39    5.51605
40    4.08687
41    5.41992
42    3.77293
31 5.49837  1
46    0
32 6.63915  1
46    0
33 10.3645  1
46    0
34 12.5295  1
46    0
35 9.59914  1
46    0
36 10.0301  1
43    6.42547
37 11.4373  1
46    0
38 6.03244  1
46    0
39 8.38328  1
46    0
40 6.0596  1
46    0
41 8.47179  1
46    0
42 6.34861  1
46    0
43 9.41572  2
44    4.05657
45    5.32104
44 9.43129  1
46    0
45 9.48195  1
46    0
46 0  0
