203
0 9.41572  4
1    6.4501
10    3.9402
19    6.12059
22    5.56952
1 9.43129  8
2    4.13704
3    5.5838
4    4.30816
5    6.14257
6    6.13286
19    6.27871
65    3.50375
66    3.51575
2 9.48195  5
7    5.99736
19    6.15923
21    6.4599
22    5.97008
40    4.82939
3 9.64736  2
21    6.24273
65    4.41766
4 10.1875  5
7    6.10109
19    6.13881
21    4.64893
22    5.99013
65    3.89827
5 11.9515  4
22    5.63498
55    5.86818
178    4.08687
189    6.08452
6 7.71157  2
8    5.6586
9    4.55243
7 13.8665  2
19    6.06108
65    4.69865
8 13.9654  9
11    5.20907
12    6.08452
13    5.94325
14    5.4819
15    3.97536
16    5.0558
17    5.58399
18    4.30871
19    6.1444
9 14.2883  3
10    4.94099
21    4.33883
40    3.80973
10 5.34242  3
20    3.57727
22    4.47525
178    5.41992
11 6.1298  5
19    5.23196
40    3.81788
55    6.17507
64    6.48315
155    5.85829
12 8.70098  2
40    3.90458
65    4.62394
13 7.09723  5
19    5.86671
21    3.75581
22    3.68815
55    4.12889
155    6.06951
14 11.8603  3
190    5.4819
191    3.97536
192    5.0558
15 7.41371  4
21    4.169
22    4.26147
55    5.55716
71    5.95369
16 12.8939  3
19    6.18725
64    5.45828
155    5.89427
17 10.7894  1
66    3.55493
18 13.9169  3
21    5.68818
22    4.25533
65    4.17367
19 14.1299  2
22    4.11791
64    5.93602
20 14.8254  9
23    5.52136
24    4.10427
25    5.47678
26    3.9586
27    5.00105
28    5.40518
29    3.72486
30    4.23775
55    5.85829
21 7.09632  2
71    4.2503
155    6.45312
22 11.8572  10
31    5.91267
32    5.38211
33    3.64951
34    3.99174
35    5.10936
36    5.75886
37    4.87974
38    5.00902
39    5.43118
71    6.4848
23 7.40364  2
40    4.82472
65    3.50009
24 12.861  8
181    4.13704
182    5.5838
183    4.30816
184    6.14257
185    6.13286
186    6.10109
187    5.99736
188    5.6586
25 10.6816  2
55    4.22109
143    4.84458
26 13.565  9
56    5.20449
57    6.06951
58    5.89427
59    5.32196
60    6.45312
61    4.14684
62    5.61576
63    4.41244
65    4.76182
27 12.9809  9
41    4.84458
42    4.89421
43    5.05626
44    5.58545
45    4.31347
46    6.15996
47    6.18963
55    6.44763
155    5.55716
28 11.0732  1
202    0
29 14.8437  1
71    5.51605
30 7.15613  4
67    3.91859
68    4.8704
69    4.97853
70    5.33166
31 12.0525  1
40    4.51498
32 8.04147  1
202    0
33 14.9438  3
40    4.54154
65    4.80403
143    4.82939
34 7.48299  1
202    0
35 13.1201  1
202    0
36 11.5276  1
64    4.2449
37 6.32756  1
202    0
38 9.34675  1
202    0
39 9.20606  1
202    0
40 8.74645  7
48    6.28649
49    3.60273
50    3.83894
51    4.61029
52    4.12917
53    5.55808
54    4.22411
41 7.24555  1
202    0
42 12.3446  1
202    0
43 8.99548  1
202    0
44 8.05887  1
143    4.82472
45 5.00031  5
72    4.08687
73    5.41992
74    3.77293
75    4.39477
76    6.42547
46 5.01251  1
202    0
47 5.05249  1
55    6.23898
48 5.18311  2
66    3.68284
154    6.17507
49 5.60945  1
202    0
50 7.00171  1
202    0
51 11.5484  5
92    6.08452
93    5.94325
94    5.4819
95    3.97536
96    5.0558
52 6.39531  1
202    0
53 9.56801  4
97    5.58399
98    4.30871
99    6.1444
100    6.13881
54 9.92843  2
55    5.23681
65    5.70338
55 11.1055  1
202    0
56 14.9493  1
202    0
57 7.50099  2
154    5.86818
155    5.20449
58 13.179  1
66    4.10051
59 11.7202  1
202    0
60 6.95624  1
202    0
61 11.3997  1
177    4.2503
62 5.90976  1
202    0
63 7.98257  1
202    0
64 14.7516  1
66    5.46451
65 6.85522  9
77    4.05657
78    5.32104
79    6.4501
80    4.13704
81    5.5838
82    4.30816
83    6.14257
84    6.13286
85    6.10109
66 11.0701  1
202    0
67 14.8337  5
86    5.99736
87    5.6586
88    4.55243
89    3.9402
90    4.94099
68 7.12348  8
130    5.40518
131    3.72486
132    4.23775
133    5.91267
134    5.38211
135    3.64951
136    3.99174
137    5.10936
69 11.946  1
202    0
70 7.69387  1
142    3.80973
71 13.8086  1
202    0
72 13.7762  2
142    3.81788
179    5.32104
73 13.6703  2
156    5.93602
189    4.94099
74 13.3245  1
143    3.90458
75 12.1953  7
101    6.12059
102    6.06108
103    5.86671
104    5.23196
105    6.15923
106    6.18725
107    6.27871
76 8.5081  1
202    0
77 6.46733  1
125    5.52136
78 9.80331  1
178    4.05657
79 10.6969  1
202    0
80 13.6151  1
202    0
81 13.1442  5
126    4.10427
127    5.47678
128    3.9586
129    5.00105
177    6.4848
82 11.6063  1
189    5.20907
83 6.58452  1
202    0
84 10.186  1
202    0
85 11.9466  1
202    0
86 7.6957  1
202    0
87 13.8147  1
142    4.54154
88 13.796  1
91    5.20907
89 13.7353  1
143    4.89421
90 13.5369  2
156    5.61576
178    3.77293
91 12.889  1
202    0
92 10.7732  1
202    0
93 13.8641  1
202    0
94 13.9575  1
142    4.51498
95 14.2624  1
202    0
96 5.25758  7
108    3.57727
109    3.75581
110    4.33883
111    6.24273
112    6.4599
113    4.169
154    5.23681
97 5.85269  1
202    0
98 7.79611  1
155    5.32196
99 14.1424  1
154    6.44763
100 14.8663  1
202    0
101 7.22999  1
178    6.42547
102 12.2939  1
202    0
103 8.82977  1
202    0
104 7.51778  1
202    0
105 13.2336  3
114    5.68818
115    4.64893
116    4.25533
106 11.8984  1
202    0
107 7.53822  1
189    3.9402
108 13.3004  4
138    5.75886
139    4.87974
140    5.00902
141    5.43118
109 12.1166  1
154    6.23898
110 8.25083  1
202    0
111 5.62716  1
156    4.41244
112 7.05969  8
117    5.97008
118    5.56952
119    4.26147
120    5.99013
121    5.63498
122    4.47525
123    3.68815
124    4.11791
113 11.7379  1
202    0
114 7.01422  1
156    4.14684
115 11.5893  1
154    4.22411
116 6.52867  1
202    0
117 10.0035  1
202    0
118 11.3506  1
143    5.05626
119 5.74953  1
178    5.51605
120 7.45918  5
157    5.45828
158    3.89827
159    4.80403
160    4.76182
161    4.62394
121 13.0422  1
202    0
122 11.2737  1
202    0
123 5.49837  7
170    3.68284
171    4.10051
172    5.46451
173    3.91859
174    4.8704
175    4.97853
176    5.33166
124 6.63915  1
202    0
125 10.3645  1
202    0
126 12.5295  10
144    5.58545
145    4.31347
146    6.15996
147    6.18963
148    6.28649
149    3.60273
150    3.83894
151    4.61029
152    4.12917
153    5.55808
127 9.59914  1
156    6.48315
128 10.0301  1
202    0
129 11.4373  1
202    0
130 6.03244  1
202    0
131 8.38328  1
202    0
132 6.0596  1
202    0
133 8.47179  1
202    0
134 6.34861  1
156    4.2449
135 9.41572  1
202    0
136 9.43129  1
202    0
137 9.48195  1
202    0
138 9.64736  8
162    4.17367
163    5.70338
164    4.69865
165    4.41766
166    3.50009
167    3.50375
168    3.51575
169    3.55493
139 10.1875  1
189    4.55243
140 11.9515  1
155    4.22109
141 7.71157  1
202    0
142 13.8665  1
202    0
143 13.9654  1
202    0
144 14.2883  1
202    0
145 5.34242  1
154    4.12889
146 6.1298  1
202    0
147 8.70098  1
202    0
148 7.09723  1
202    0
149 11.8603  1
202    0
150 7.41371  1
202    0
151 12.8939  1
202    0
152 10.7894  1
178    4.39477
153 13.9169  1
202    0
154 14.1299  1
202    0
155 14.8254  1
202    0
156 7.09632  1
202    0
157 11.8572  1
202    0
158 7.40364  1
202    0
159 12.861  1
202    0
160 10.6816  1
202    0
161 13.565  1
180    6.4501
162 12.9809  1
202    0
163 11.0732  1
202    0
164 14.8437  1
202    0
165 7.15613  1
202    0
166 12.0525  1
202    0
167 8.04147  1
202    0
168 14.9438  1
202    0
169 7.48299  1
202    0
170 13.1201  1
202    0
171 11.5276  1
202    0
172 6.32756  1
202    0
173 9.34675  1
177    5.95369
174 9.20606  1
202    0
175 8.74645  1
202    0
176 7.24555  1
202    0
177 12.3446  1
202    0
178 8.99548  1
202    0
179 8.05887  1
202    0
180 5.00031  1
202    0
181 5.01251  1
202    0
182 5.05249  1
202    0
183 5.18311  1
202    0
184 5.60945  1
202    0
185 7.00171  1
202    0
186 11.5484  1
202    0
187 6.39531  1
202    0
188 9.56801  1
189    5.94325
189 9.92843  1
202    0
190 11.1055  1
202    0
191 14.9493  9
193    5.58399
194    4.30871
195    6.1444
196    6.13881
197    6.12059
198    6.06108
199    5.86671
200    5.23196
201    6.15923
192 7.50099  1
202    0
193 13.179  1
202    0
194 11.7202  1
202    0
195 6.95624  1
202    0
196 11.3997  1
202    0
197 5.90976  1
202    0
198 7.98257  1
202    0
199 14.7516  1
202    0
200 6.85522  1
202    0
201 11.0701  1
202    0
202 0  0
