119
0 11.5893  5
1    8.67766
2    12.4855
3    12.9198
8    7.37629
61    12.9696
1 6.52867  2
8    11.9803
55    7.79653
2 10.0035  5
4    8.33799
5    11.3764
6    9.29786
7    8.51067
8    8.52293
3 11.3506  1
8    11.139
4 5.74953  1
8    8.23582
5 7.45918  2
8    11.9402
60    10.6633
6 13.0422  3
8    11.27
34    7.67788
97    10.9536
7 11.2737  1
8    8.9505
8 5.49837  7
9    11.0427
10    8.20853
11    10.9536
12    7.9172
13    10.0021
14    10.8104
15    7.44972
9 6.63915  2
34    12.3793
55    8.48979
10 10.3645  9
25    10.8624
26    7.61946
27    9.02997
28    7.63576
29    9.08307
30    7.80917
31    9.64943
32    9.65877
33    9.68917
11 12.5295  2
34    12.573
55    9.24787
12 9.59914  1
34    11.1709
13 10.0301  9
16    8.47551
17    11.8253
18    10.7642
19    7.29902
20    7.98349
21    10.2187
22    11.5177
23    9.75948
24    10.018
14 11.4373  10
35    9.22059
36    8.25834
37    11.1162
38    8.44823
39    11.7364
40    10.4736
41    12.3501
42    12.478
43    12.8953
59    7.00751
15 6.03244  2
34    8.62694
55    8.34733
16 8.38328  1
60    8.20103
17 6.0596  1
60    9.95706
18 8.47179  1
60    7.83718
19 6.34861  1
118    0
20 9.41572  1
34    10.1125
21 9.43129  10
45    11.1143
46    8.44218
47    11.7166
48    10.409
49    12.139
50    11.7885
51    10.6439
52    12.9062
53    8.29368
60    7.36567
22 9.48195  2
55    11.872
85    11.7334
23 9.64736  1
44    8.25779
24 10.1875  6
64    8.61632
65    12.2851
66    12.2657
67    12.2022
68    11.9947
69    11.3172
25 11.9515  1
62    10.8398
26 7.71157  2
60    7.10987
63    8.27409
27 13.8665  2
61    11.0321
97    8.20853
28 13.9654  3
34    12.3199
54    8.82488
55    9.60805
29 14.2883  2
34    7.20545
62    7.54585
30 5.34242  1
63    11.1676
31 6.1298  1
61    8.17374
32 8.70098  1
55    10.9166
33 7.09723  2
34    9.78841
55    9.52364
34 11.8603  1
97    8.23582
35 7.41371  1
118    0
36 12.8939  1
63    12.9002
37 10.7894  4
75    11.8865
76    10.9638
77    7.95071
78    10.1116
38 13.9169  1
61    11.9074
39 14.1299  1
54    11.2315
40 14.8254  1
118    0
41 7.09632  1
118    0
42 11.8572  1
60    9.74081
43 7.40364  1
97    11.27
44 12.861  2
54    12.9663
97    7.37629
45 10.6816  1
62    8.11313
46 13.565  1
118    0
47 12.9809  2
61    8.5006
97    8.9505
48 11.0732  2
60    10.929
85    12.3185
49 14.8437  1
97    11.9803
50 7.15613  1
118    0
51 12.0525  6
86    7.51161
87    8.67766
88    12.4855
89    12.9198
90    8.33799
91    11.3764
52 8.04147  1
62    12.8509
53 14.9438  3
56    11.4068
57    9.39729
58    8.83532
54 7.48299  1
62    8.78954
55 13.1201  1
118    0
56 11.5276  1
118    0
57 6.32756  1
60    7.0315
58 9.34675  1
59    7.00018
59 9.20606  1
118    0
60 8.74645  1
118    0
61 7.24555  1
62    10.6421
62 12.3446  1
97    11.0427
63 8.99548  1
118    0
64 8.05887  1
85    10.4639
65 5.00031  1
118    0
66 5.01251  1
118    0
67 5.05249  5
70    9.10486
71    7.8804
72    9.88198
73    10.4181
74    12.169
68 5.18311  1
85    7.15455
69 5.60945  1
118    0
70 7.00171  1
118    0
71 11.5484  1
85    12.3745
72 6.39531  6
79    11.168
80    8.61742
81    12.2888
82    12.2776
83    12.2412
84    12.1222
73 9.56801  1
118    0
74 9.92843  1
118    0
75 11.1055  1
118    0
76 14.9493  1
118    0
77 7.50099  1
118    0
78 13.179  2
95    11.139
96    8.52293
79 11.7202  1
118    0
80 6.95624  1
118    0
81 11.3997  1
118    0
82 5.90976  1
118    0
83 7.98257  1
118    0
84 14.7516  1
85    12.5574
85 6.85522  10
98    7.9172
99    10.0021
100    10.8104
101    7.44972
102    8.47551
103    11.8253
104    10.7642
105    7.29902
106    7.98349
107    10.2187
86 11.0701  1
118    0
87 14.8337  1
118    0
88 7.12348  1
118    0
89 11.946  3
92    9.29786
93    8.51067
94    11.9402
90 7.69387  7
111    10.8624
112    7.61946
113    9.02997
114    7.63576
115    9.08307
116    7.80917
117    9.64943
91 13.8086  1
118    0
92 13.7762  1
118    0
93 13.6703  1
118    0
94 13.3245  1
118    0
95 12.1953  1
118    0
96 8.5081  1
118    0
97 6.46733  1
118    0
98 9.80331  1
118    0
99 10.6969  1
118    0
100 13.6151  1
118    0
101 13.1442  1
118    0
102 11.6063  1
118    0
103 6.58452  1
118    0
104 10.186  1
118    0
105 11.9466  1
118    0
106 7.6957  3
108    11.5177
109    9.75948
110    10.018
107 13.8147  1
118    0
108 13.796  1
118    0
109 13.7353  1
118    0
110 13.5369  1
118    0
111 12.889  1
118    0
112 10.7732  1
118    0
113 13.8641  1
118    0
114 13.9575  1
118    0
115 14.2624  1
118    0
116 5.25758  1
118    0
117 5.85269  1
118    0
118 0  0
