231
0 9.48195  10
1    0.751161
2    0.867766
3    1.24855
4    1.29198
5    0.833799
6    1.13764
7    1.19402
18    1.08104
40    0.767788
122    1.06439
1 9.64736  3
7    0.851067
123    0.848979
134    0.995706
2 10.1875  4
50    1.0409
122    0.882488
145    0.988198
210    0.882488
3 11.9515  3
7    1.1139
73    1.29002
145    1.13172
4 7.71157  3
7    0.929786
8    0.852293
114    0.767788
5 13.8665  2
40    1.2573
120    1.11143
6 13.9654  10
9    1.19803
10    1.127
11    0.89505
12    0.737629
13    0.823582
14    1.10427
15    0.820853
16    1.09536
17    0.79172
51    0.829368
7 14.2883  8
34    0.964943
35    0.965877
36    0.968917
37    0.978841
38    1.01125
39    1.11709
86    1.25574
114    1.11162
8 5.34242  1
18    0.744972
9 6.1298  4
29    0.761946
30    0.902997
31    0.763576
86    1.17334
10 8.70098  1
230    0
11 7.09723  4
18    1.00021
73    0.811313
75    1.22657
134    1.0929
12 11.8603  1
75    1.2169
13 7.41371  5
32    0.908307
33    0.780917
54    0.834733
73    1.06421
134    0.710987
14 12.8939  3
225    1.22776
226    1.22412
227    1.21222
15 10.7894  10
19    0.847551
20    1.18253
21    1.07642
22    0.729902
23    0.798349
24    1.02187
25    1.15177
26    0.975948
27    1.0018
28    1.08624
16 13.9169  3
40    0.720545
152    1.23185
222    1.06421
17 14.1299  1
123    0.779653
18 14.8254  10
41    0.844823
42    1.17364
43    1.04736
44    1.23501
45    1.24779
46    1.28953
47    0.825779
48    1.11143
49    0.844218
53    0.960805
19 7.09632  3
40    1.23199
110    0.964943
122    1.12315
20 11.8572  1
40    1.11162
21 7.40364  1
50    1.06439
22 12.861  4
40    0.922059
52    0.848979
122    1.0409
152    1.04639
23 10.6816  10
76    1.18865
77    1.09638
78    0.795071
79    1.01116
80    1.1168
81    0.861742
82    1.22888
83    1.22776
84    1.22412
85    1.21222
24 13.565  4
50    1.2139
53    0.779653
72    0.878954
144    1.11676
25 12.9809  4
50    1.29062
53    1.09166
74    1.22851
201    0.825779
26 11.0732  1
230    0
27 14.8437  3
72    1.08398
144    1.06421
216    0.700018
28 7.15613  3
40    0.862694
110    0.975948
217    0.736567
29 12.0525  2
40    1.23793
134    0.783718
30 8.04147  2
72    1.10321
217    1.29696
31 14.9438  2
75    0.988198
122    0.829368
32 7.48299  4
50    1.17885
52    1.29663
53    0.952364
109    1.02187
33 13.1201  2
121    1.17166
222    0.811313
34 11.5276  1
75    0.910486
35 6.32756  9
55    1.14068
56    0.939729
57    0.883532
58    0.700018
59    0.700751
60    0.703149
61    0.710987
62    0.736567
63    0.820103
36 9.34675  1
96    1.19803
37 9.20606  2
110    0.902997
122    1.17885
38 8.74645  4
40    0.825834
72    0.754585
114    0.825834
216    0.883532
39 7.24555  3
50    1.17166
52    0.882488
152    1.22412
40 12.3446  2
52    1.12315
96    0.852293
41 8.99548  4
52    1.1872
145    1.19947
152    1.17334
224    1.1168
42 8.05887  3
72    0.817374
110    0.780917
145    1.22657
43 5.00031  2
152    0.715455
176    1.0018
44 5.01251  1
230    0
45 5.05249  1
110    0.908307
46 5.18311  3
54    0.924787
134    0.820103
145    1.22022
47 5.60945  1
96    0.823582
48 7.00171  1
111    1.01125
49 11.5484  1
217    1.06633
50 6.39531  2
75    1.13172
222    1.29002
51 9.56801  1
95    1.19402
52 9.92843  1
230    0
53 11.1055  6
124    0.960805
125    0.952364
126    0.924787
127    0.834733
128    1.14068
129    0.939729
54 14.9493  2
74    1.11676
123    1.09166
55 7.50099  1
152    1.22888
56 13.179  2
72    1.28509
134    1.06633
57 11.7202  1
75    1.19947
58 6.95624  1
152    1.21222
59 11.3997  9
87    0.751161
88    0.867766
89    1.24855
90    1.29198
91    0.833799
92    1.13764
93    0.929786
94    0.851067
110    0.761946
60 5.90976  8
64    1.0929
65    0.783718
66    0.974081
67    0.995706
68    1.06633
69    1.29696
70    0.85006
71    1.19074
61 7.98257  2
75    0.78804
176    1.07642
62 14.7516  3
96    0.737629
110    0.763576
224    0.861742
63 6.85522  1
75    1.22022
64 11.0701  2
110    1.0018
223    1.09638
65 14.8337  1
224    0.795071
66 7.12348  2
73    0.827409
201    1.23501
67 11.946  3
75    1.04181
96    1.127
110    0.965877
68 7.69387  1
148    0.795071
69 13.8086  3
86    1.23745
111    0.978841
217    0.820103
70 13.7762  1
230    0
71 13.6703  3
149    1.01116
150    1.1168
151    0.861742
72 13.3245  1
86    1.04639
73 12.1953  1
74    0.861632
74 8.5081  2
134    0.736567
210    1.29663
75 6.46733  1
230    0
76 9.80331  1
230    0
77 10.6969  2
86    0.715455
144    1.29002
78 13.6151  3
111    0.862694
210    1.12315
217    1.0929
79 13.1442  2
109    1.15177
223    0.910486
80 11.6063  1
143    1.28509
81 6.58452  2
86    1.23185
122    1.29062
82 10.186  1
123    1.29663
83 11.9466  2
110    1.08624
176    1.18253
84 7.6957  1
230    0
85 13.8147  1
222    0.861632
86 13.796  2
114    1.17364
217    0.710987
87 13.7353  9
97    1.10427
98    0.820853
99    1.09536
100    0.79172
101    1.00021
102    1.08104
103    0.744972
114    0.844823
121    0.844218
88 13.5369  1
230    0
89 12.889  5
130    0.883532
131    0.700018
132    0.700751
133    0.703149
217    0.783718
90 10.7732  7
194    0.767788
195    0.922059
196    0.825834
197    1.11162
198    0.844823
199    1.17364
200    1.04736
91 13.8641  1
111    1.11709
92 13.9575  2
95    1.1139
144    0.811313
93 14.2624  2
96    0.89505
114    0.922059
94 5.25758  5
104    0.847551
105    1.18253
106    1.07642
107    0.729902
108    0.798349
95 5.85269  8
160    0.851067
161    1.19402
162    1.1139
163    0.852293
164    1.19803
165    1.127
166    0.89505
167    0.737629
96 7.79611  1
111    1.23793
97 14.1424  2
112    1.2573
113    0.720545
98 14.8663  2
146    1.18865
147    1.09638
99 7.22999  1
111    0.968917
100 12.2939  1
230    0
101 8.82977  1
230    0
102 7.51778  1
201    1.11143
103 13.2336  1
230    0
104 11.8984  5
115    1.04736
116    1.23501
117    1.24779
118    1.28953
119    0.825779
105 7.53822  1
145    1.2169
106 13.3004  3
144    0.861632
218    0.85006
222    1.22657
107 12.1166  1
111    1.23199
108 8.25083  1
230    0
109 5.62716  2
122    1.2139
223    0.78804
110 7.05969  1
230    0
111 11.7379  2
134    0.974081
210    0.848979
112 7.01422  1
230    0
113 11.5893  1
176    0.847551
114 6.52867  1
230    0
115 10.0035  1
230    0
116 11.3506  1
145    0.78804
117 5.74953  3
123    1.1872
152    1.22776
176    0.975948
118 7.45918  1
230    0
119 13.0422  1
230    0
120 11.2737  8
135    1.29696
136    0.85006
137    1.19074
138    1.10321
139    0.817374
140    1.08398
141    0.754585
142    0.878954
121 5.49837  1
230    0
122 6.63915  1
145    1.04181
123 10.3645  1
145    0.910486
124 12.5295  1
230    0
125 9.59914  1
230    0
126 10.0301  2
144    1.22851
176    1.02187
127 11.4373  7
153    0.751161
154    0.867766
155    1.24855
156    1.29198
157    0.833799
158    1.13764
159    0.929786
128 6.03244  2
144    0.827409
217    0.995706
129 8.38328  1
152    1.25574
130 6.0596  1
230    0
131 8.47179  1
230    0
132 6.34861  1
230    0
133 9.41572  1
210    1.09166
134 9.43129  1
210    0.960805
135 9.48195  10
177    1.08624
178    0.761946
179    0.902997
180    0.763576
181    0.908307
182    0.780917
183    0.964943
184    0.965877
185    0.968917
223    1.18865
136 9.64736  1
230    0
137 10.1875  1
222    0.827409
138 11.9515  1
230    0
139 7.71157  1
230    0
140 13.8665  1
230    0
141 13.9654  1
230    0
142 14.2883  1
230    0
143 5.34242  2
152    1.23745
218    1.10321
144 6.1298  1
222    1.11676
145 8.70098  1
216    0.703149
146 7.09723  1
230    0
147 11.8603  1
230    0
148 7.41371  1
230    0
149 12.8939  1
230    0
150 10.7894  1
176    0.798349
151 13.9169  1
223    1.04181
152 14.1299  1
230    0
153 14.8254  1
230    0
154 7.09632  1
230    0
155 11.8572  1
230    0
156 7.40364  8
168    0.823582
169    1.10427
170    0.820853
171    1.09536
172    0.79172
173    1.00021
174    1.08104
175    0.744972
157 12.861  1
230    0
158 10.6816  1
222    1.28509
159 13.565  1
230    0
160 12.9809  1
230    0
161 11.0732  1
216    0.700751
162 14.8437  1
230    0
163 7.15613  1
230    0
164 12.0525  1
223    1.13172
165 8.04147  1
223    1.19947
166 14.9438  2
176    1.15177
218    0.817374
167 7.48299  1
230    0
168 13.1201  1
230    0
169 11.5276  1
223    0.988198
170 6.32756  1
230    0
171 9.34675  1
222    1.22851
172 9.20606  1
230    0
173 8.74645  1
230    0
174 7.24555  2
176    0.729902
210    0.779653
175 12.3446  1
230    0
176 8.99548  1
230    0
177 8.05887  8
186    0.978841
187    1.01125
188    1.11709
189    0.862694
190    1.23199
191    1.23793
192    1.2573
193    0.720545
178 5.00031  1
230    0
179 5.01251  1
230    0
180 5.05249  1
201    1.28953
181 5.18311  1
230    0
182 5.60945  1
230    0
183 7.00171  5
211    0.952364
212    0.924787
213    0.834733
214    1.14068
215    0.939729
184 11.5484  1
230    0
185 6.39531  1
230    0
186 9.56801  1
224    1.22888
187 9.92843  1
230    0
188 11.1055  1
230    0
189 14.9493  1
230    0
190 7.50099  1
230    0
191 13.179  1
223    1.2169
192 11.7202  8
202    0.844218
203    1.17166
204    1.0409
205    1.2139
206    1.17885
207    1.06439
208    1.29062
209    0.829368
193 6.95624  2
228    1.17334
229    1.04639
194 11.3997  1
230    0
195 5.90976  1
230    0
196 7.98257  3
219    1.08398
220    0.754585
221    0.878954
197 14.7516  1
230    0
198 6.85522  1
230    0
199 11.0701  1
201    1.24779
200 14.8337  1
230    0
201 7.12348  1
230    0
202 11.946  1
230    0
203 7.69387  1
230    0
204 13.8086  1
230    0
205 13.7762  1
230    0
206 13.6703  1
230    0
207 13.3245  1
210    1.1872
208 12.1953  1
230    0
209 8.5081  1
230    0
210 6.46733  1
217    0.974081
211 9.80331  1
230    0
212 10.6969  1
230    0
213 13.6151  1
218    1.19074
214 13.1442  1
230    0
215 11.6063  1
230    0
216 6.58452  1
230    0
217 10.186  1
230    0
218 11.9466  1
230    0
219 7.6957  1
230    0
220 13.8147  1
230    0
221 13.796  1
230    0
222 13.7353  1
223    1.22022
223 13.5369  1
224    1.01116
224 12.889  1
230    0
225 10.7732  1
230    0
226 13.8641  1
230    0
227 13.9575  1
230    0
228 14.2624  1
230    0
229 5.25758  1
230    0
230 0  0
