108
0 7.53822  4
1    52.0907
2    60.8452
4    50.558
89    43.0816
1 13.3004  3
2    59.4325
3    54.819
4    39.7536
2 12.1166  10
5    43.0871
6    61.444
7    61.3881
8    61.2059
9    60.6108
10    58.6671
11    52.3196
12    61.5923
44    48.2939
57    58.5829
3 8.25083  1
4    55.8399
4 5.62716  1
107    0
5 7.05969  2
44    50.5626
57    60.6951
6 11.7379  9
13    61.8725
14    62.7871
15    35.7727
16    37.5581
17    43.3883
18    62.4273
19    64.599
43    51.0936
88    54.1992
7 7.01422  1
107    0
8 11.5893  6
37    54.0518
38    37.2486
39    42.3775
46    61.5996
88    43.9477
89    55.838
9 6.52867  1
107    0
10 10.0035  3
43    38.0973
44    39.0458
46    46.1029
11 11.3506  1
107    0
12 5.74953  2
43    54.3118
88    64.501
13 7.45918  10
27    59.9013
28    56.3498
29    44.7525
30    36.8815
31    41.1791
32    55.2136
33    41.0427
34    54.7678
35    39.586
36    50.0105
14 13.0422  3
40    59.1267
41    53.8211
42    36.4951
15 11.2737  2
44    48.9421
89    39.402
16 5.49837  1
43    39.9174
17 6.63915  8
20    41.69
21    56.8818
22    46.4893
23    42.5533
24    59.7008
25    55.6952
26    42.6147
46    36.0273
18 10.3645  1
43    45.1498
19 12.5295  10
47    55.5808
48    42.2411
49    58.6818
50    52.3681
51    61.7507
52    62.3898
53    64.4763
54    41.2889
55    55.5716
56    42.2109
20 9.59914  1
89    45.5243
21 10.0301  2
44    48.2472
46    62.8649
22 11.4373  1
88    37.7293
23 6.03244  1
107    0
24 8.38328  1
44    45.4154
25 6.0596  1
46    41.2917
26 8.47179  9
98    43.0871
99    61.444
100    61.3881
101    61.2059
102    60.6108
103    58.6671
104    52.3196
105    61.5923
106    61.8725
27 6.34861  1
57    58.9427
28 9.41572  1
107    0
29 9.43129  1
43    48.7974
30 9.48195  2
43    50.0902
46    61.8963
31 9.64736  2
43    38.1788
46    38.3894
32 10.1875  1
107    0
33 11.9515  1
107    0
34 7.71157  1
88    55.1605
35 13.8665  10
70    46.2394
71    41.7367
72    57.0338
73    46.9865
74    44.1766
75    35.0009
76    35.0375
77    35.1575
78    35.5493
79    36.8284
36 13.9654  1
43    57.5886
37 14.2883  1
57    52.0449
38 5.34242  1
107    0
39 6.1298  1
107    0
40 8.70098  1
44    48.4458
41 7.09723  1
45    55.8545
42 11.8603  1
46    43.1347
43 7.41371  1
107    0
44 12.8939  3
58    53.2196
59    64.5312
89    59.9736
45 10.7894  1
107    0
46 13.9169  1
89    61.3286
47 14.1299  1
88    59.5369
48 14.8254  1
107    0
49 7.09632  1
107    0
50 11.8572  1
89    61.0109
51 7.40364  1
88    40.5657
52 12.861  1
89    41.3704
53 10.6816  1
107    0
54 13.565  1
107    0
55 12.9809  1
107    0
56 11.0732  1
107    0
57 14.8437  10
60    41.4684
61    56.1576
62    44.1244
63    64.8315
64    42.449
65    59.3602
66    54.5828
67    38.9827
68    48.0403
69    47.6182
58 7.15613  1
107    0
59 12.0525  1
107    0
60 8.04147  1
107    0
61 14.9438  1
107    0
62 7.48299  1
107    0
63 13.1201  1
107    0
64 11.5276  1
88    40.8687
65 6.32756  1
107    0
66 9.34675  8
80    41.0051
81    54.6451
82    39.1859
83    48.704
84    49.7853
85    53.3166
86    64.848
87    42.503
67 9.20606  1
107    0
68 8.74645  1
88    64.2547
69 7.24555  8
90    49.4099
91    52.0907
92    60.8452
93    59.4325
94    54.819
95    39.7536
96    50.558
97    55.8399
70 12.3446  1
107    0
71 8.99548  1
107    0
72 8.05887  1
107    0
73 5.00031  1
89    56.586
74 5.01251  1
107    0
75 5.05249  1
89    61.4257
76 5.18311  1
107    0
77 5.60945  1
107    0
78 7.00171  1
107    0
79 11.5484  1
107    0
80 6.39531  1
88    53.2104
81 9.56801  1
107    0
82 9.92843  1
107    0
83 11.1055  1
107    0
84 14.9493  1
107    0
85 7.50099  1
107    0
86 13.179  1
107    0
87 11.7202  1
107    0
88 6.95624  1
107    0
89 11.3997  1
107    0
90 5.90976  1
107    0
91 7.98257  1
107    0
92 14.7516  1
107    0
93 6.85522  1
107    0
94 11.0701  1
107    0
95 14.8337  1
107    0
96 7.12348  1
107    0
97 11.946  1
107    0
98 7.69387  1
107    0
99 13.8086  1
107    0
100 13.7762  1
107    0
101 13.6703  1
107    0
102 13.3245  1
107    0
103 12.1953  1
107    0
104 8.5081  1
107    0
105 6.46733  1
107    0
106 9.80331  1
107    0
107 0  0
