228
0 11.3506  4
1    11.3172
14    7.15455
24    11.8253
70    7.8804
1 5.74953  5
2    9.10486
14    12.2776
16    9.29786
30    9.08307
93    9.65877
2 7.45918  7
3    7.8804
4    9.88198
5    10.4181
6    12.169
14    11.7334
59    9.74081
60    11.0321
3 13.0422  5
16    11.9402
24    8.47551
36    10.4736
70    11.9947
80    11.139
4 11.2737  3
14    12.3185
59    8.5006
190    11.7364
5 5.49837  10
7    11.8865
8    10.9638
9    7.95071
10    10.1116
11    11.168
12    8.61742
13    12.2888
14    12.3745
31    10.1125
35    7.67788
6 6.63915  4
14    12.1222
16    8.51067
70    12.2657
103    12.478
7 10.3645  4
14    12.5574
33    12.3199
41    11.2315
81    8.23582
8 12.5295  8
16    8.33799
24    10.7642
41    12.9062
60    10.8398
77    12.1222
103    10.4736
145    11.168
190    12.8953
9 9.59914  4
16    12.9198
24    10.9536
78    8.33799
157    11.0427
10 10.0301  7
14    12.2412
16    11.3764
24    10.0021
30    9.65877
81    10.9536
93    9.64943
144    11.8865
11 11.4373  4
14    7.51161
16    12.4855
24    7.29902
30    7.63576
12 6.03244  3
14    10.4639
16    11.139
78    8.67766
13 8.38328  5
15    8.67766
30    9.64943
36    12.3501
78    7.51161
190    8.25779
14 6.0596  6
16    8.52293
30    9.02997
60    11.9074
77    11.7334
78    12.9198
80    8.52293
15 8.47179  8
17    11.9803
18    11.27
19    8.9505
20    7.37629
21    8.23582
22    11.0427
23    8.20853
24    7.44972
16 6.34861  2
70    9.88198
154    8.67766
17 9.41572  3
24    10.8104
30    7.61946
136    12.9002
18 9.43129  2
31    9.78841
34    12.573
19 9.48195  1
33    8.62694
20 9.64736  2
24    7.9172
35    11.1162
21 10.1875  3
32    11.1709
35    9.22059
60    8.17374
22 11.9515  2
35    8.25834
78    12.3745
23 7.71157  7
25    7.98349
26    10.2187
27    11.5177
28    9.75948
29    10.018
36    8.44218
103    12.3501
24 13.8665  1
30    7.80917
25 13.9654  2
30    9.68917
36    11.1143
26 14.2883  3
35    11.7364
85    8.47551
154    7.15455
27 5.34242  7
42    11.872
43    10.9166
44    7.79653
45    9.60805
46    9.52364
47    9.24787
154    9.29786
28 6.1298  5
37    11.7166
70    9.10486
144    9.88198
192    11.7885
206    8.5006
29 8.70098  3
30    10.8624
34    7.20545
132    8.5006
30 7.09723  4
35    8.44823
41    8.29368
70    12.2022
132    12.9696
31 11.8603  2
36    12.8953
132    10.6633
32 7.41371  5
33    12.3793
36    12.478
118    9.52364
154    12.5574
193    12.9663
33 12.8939  3
36    8.25779
41    10.6439
93    9.02997
34 10.7894  4
41    8.48979
59    12.9696
81    7.37629
191    12.139
35 13.9169  1
93    9.78841
36 14.1299  1
227    0
37 14.8254  7
38    10.409
39    12.139
40    11.7885
41    12.9663
77    12.3185
93    10.1125
155    11.9402
38 7.09632  1
41    8.82488
39 11.8572  2
78    11.3764
191    11.1143
40 7.40364  1
227    0
41 12.861  3
95    12.3199
96    12.3793
155    11.139
42 10.6816  2
59    9.95706
77    12.2412
43 13.565  1
227    0
44 12.9809  1
85    7.44972
45 11.0732  1
196    9.24787
46 14.8437  5
56    7.36567
57    8.20103
58    10.929
70    11.3172
81    11.27
47 7.15613  9
48    8.34733
49    11.4068
50    9.39729
51    8.83532
52    7.00018
53    7.00751
54    7.0315
55    7.10987
70    12.169
48 12.0525  5
79    9.29786
81    11.0427
94    8.62694
132    11.0321
170    10.018
49 8.04147  1
114    12.9663
50 14.9438  2
77    12.2776
93    7.80917
51 7.48299  3
77    12.2888
191    10.409
196    9.39729
52 13.1201  10
61    7.54585
62    8.78954
63    12.8509
64    8.11313
65    10.6421
66    12.9002
67    8.27409
68    11.1676
69    8.61632
78    12.5574
53 11.5276  1
78    7.15455
54 6.32756  2
59    10.6633
78    12.4855
55 9.34675  3
160    10.8104
161    7.44972
162    8.47551
56 9.20606  9
207    11.9074
208    11.0321
209    8.17374
210    10.8398
211    7.54585
212    8.78954
213    12.8509
214    8.11313
215    10.6421
57 8.74645  1
59    7.83718
58 7.24555  1
227    0
59 12.3446  1
227    0
60 8.99548  2
81    8.20853
103    11.7364
61 8.05887  1
227    0
62 5.00031  2
80    11.9402
136    8.11313
63 5.01251  1
70    12.2851
64 5.05249  1
93    9.08307
65 5.18311  8
71    11.8865
72    10.9638
73    7.95071
74    10.1116
75    11.168
76    8.61742
114    11.872
196    8.34733
66 5.60945  2
80    8.51067
81    11.9803
67 7.00171  4
70    10.4181
77    10.4639
81    8.9505
157    10.9536
68 11.5484  7
86    7.29902
87    7.98349
88    10.2187
89    11.5177
90    9.75948
91    10.018
92    10.8624
69 6.39531  2
85    11.8253
103    8.25779
70 9.56801  1
93    7.63576
71 9.92843  3
144    10.9638
190    8.44823
193    11.872
72 11.1055  3
85    10.7642
93    9.68917
144    10.1116
73 14.9493  1
103    12.8953
74 7.50099  8
146    12.2888
147    12.2776
148    12.2412
149    12.1222
150    11.7334
151    10.4639
154    8.33799
157    8.23582
75 13.179  1
227    0
76 11.7202  1
114    8.48979
77 6.95624  3
153    12.3745
158    7.9172
193    11.2315
78 11.3997  2
94    11.1709
118    8.34733
79 5.90976  1
227    0
80 7.98257  4
82    7.9172
83    10.0021
84    10.8104
145    8.61742
81 14.7516  1
227    0
82 6.85522  1
227    0
83 11.0701  2
155    8.9505
191    11.7166
84 14.8337  1
227    0
85 7.12348  5
216    12.9002
217    8.27409
218    11.1676
219    8.61632
220    12.2851
86 11.946  1
227    0
87 7.69387  1
227    0
88 13.8086  1
93    7.61946
89 13.7762  10
104    11.1143
105    8.44218
106    11.7166
107    10.409
108    12.139
109    11.7885
110    10.6439
111    12.9062
112    8.29368
113    11.2315
90 13.6703  1
196    11.4068
91 13.3245  2
154    11.3764
159    10.0021
92 12.1953  1
227    0
93 8.5081  4
115    10.9166
116    7.79653
117    9.60805
118    9.24787
94 6.46733  1
227    0
95 9.80331  1
103    8.44823
96 10.6969  2
97    12.573
98    7.20545
97 13.6151  1
136    8.61632
98 13.1442  5
99    7.67788
100    9.22059
101    8.25834
102    11.1162
114    8.82488
99 11.6063  6
165    7.29902
166    7.98349
167    10.2187
168    11.5177
169    9.75948
193    8.82488
100 6.58452  1
227    0
101 10.186  1
227    0
102 11.9466  1
193    10.9166
103 7.6957  1
227    0
104 13.8147  1
154    8.51067
105 13.796  1
227    0
106 13.7353  1
155    11.27
107 13.5369  1
227    0
108 12.889  1
144    7.95071
109 10.7732  9
119    11.4068
120    9.39729
121    8.83532
122    7.00018
123    7.00751
124    7.0315
125    7.10987
126    7.36567
127    8.20103
110 13.8641  1
227    0
111 13.9575  1
136    8.27409
112 14.2624  1
132    11.9074
113 5.25758  1
156    7.37629
114 5.85269  1
144    10.4181
115 7.79611  5
128    10.929
129    7.83718
130    9.74081
131    9.95706
152    12.3185
116 14.1424  1
227    0
117 14.8663  9
197    7.00751
198    7.0315
199    7.10987
200    7.36567
201    8.20103
202    10.929
203    7.83718
204    9.74081
205    9.95706
118 7.22999  10
180    9.78841
181    10.1125
182    11.1709
183    8.62694
184    12.3199
185    12.3793
186    12.573
187    7.20545
188    7.67788
189    9.22059
119 12.2939  1
154    7.51161
120 8.82977  1
227    0
121 7.51778  1
227    0
122 13.2336  7
137    12.2851
138    12.2657
139    12.2022
140    11.9947
141    11.3172
142    9.10486
143    7.8804
123 11.8984  1
227    0
124 7.53822  1
136    12.8509
125 13.3004  1
154    12.4855
126 12.1166  1
155    8.52293
127 8.25083  2
132    8.17374
193    8.29368
128 5.62716  1
227    0
129 7.05969  2
136    10.6421
196    8.83532
130 11.7379  1
227    0
131 7.01422  1
136    11.1676
132 11.5893  4
133    10.8398
134    7.54585
135    8.78954
193    8.48979
133 6.52867  2
144    12.169
193    12.9062
134 10.0035  1
227    0
135 11.3506  1
227    0
136 5.74953  1
154    12.9198
137 7.45918  1
227    0
138 13.0422  1
227    0
139 11.2737  1
227    0
140 5.49837  2
190    8.25834
206    12.9696
141 6.63915  1
227    0
142 10.3645  1
227    0
143 12.5295  1
227    0
144 9.59914  1
227    0
145 10.0301  1
227    0
146 11.4373  2
163    11.8253
164    10.7642
147 6.03244  10
171    10.8624
172    7.61946
173    9.02997
174    7.63576
175    9.08307
176    7.80917
177    9.64943
178    9.65877
179    9.68917
190    12.3501
148 8.38328  1
227    0
149 6.0596  1
227    0
150 8.47179  1
157    8.20853
151 6.34861  1
227    0
152 9.41572  1
155    11.9803
153 9.43129  1
227    0
154 9.48195  1
227    0
155 9.64736  1
196    9.52364
156 10.1875  1
227    0
157 11.9515  1
227    0
158 7.71157  1
227    0
159 13.8665  1
227    0
160 13.9654  1
227    0
161 14.2883  1
227    0
162 5.34242  1
227    0
163 6.1298  1
192    10.6439
164 8.70098  1
227    0
165 7.09723  1
227    0
166 11.8603  1
227    0
167 7.41371  1
227    0
168 12.8939  2
190    12.478
206    10.6633
169 10.7894  1
227    0
170 13.9169  1
227    0
171 14.1299  1
190    11.1162
172 14.8254  1
227    0
173 7.09632  1
227    0
174 11.8572  1
227    0
175 7.40364  1
227    0
176 12.861  1
227    0
177 10.6816  1
227    0
178 13.565  1
227    0
179 12.9809  1
227    0
180 11.0732  1
227    0
181 14.8437  1
227    0
182 7.15613  1
227    0
183 12.0525  1
227    0
184 8.04147  1
227    0
185 14.9438  1
190    10.4736
186 7.48299  1
191    8.44218
187 13.1201  2
194    7.79653
195    9.60805
188 11.5276  1
196    7.00018
189 6.32756  1
227    0
190 9.34675  1
227    0
191 9.20606  1
227    0
192 8.74645  1
227    0
193 7.24555  1
227    0
194 12.3446  1
227    0
195 8.99548  1
227    0
196 8.05887  1
227    0
197 5.00031  1
227    0
198 5.01251  1
227    0
199 5.05249  1
227    0
200 5.18311  1
227    0
201 5.60945  1
227    0
202 7.00171  1
227    0
203 11.5484  1
227    0
204 6.39531  1
227    0
205 9.56801  1
227    0
206 9.92843  1
227    0
207 11.1055  1
227    0
208 14.9493  1
227    0
209 7.50099  1
227    0
210 13.179  1
227    0
211 11.7202  1
227    0
212 6.95624  1
227    0
213 11.3997  1
227    0
214 5.90976  1
227    0
215 7.98257  1
227    0
216 14.7516  1
227    0
217 6.85522  1
227    0
218 11.0701  1
227    0
219 14.8337  1
227    0
220 7.12348  6
221    12.2657
222    12.2022
223    11.9947
224    11.3172
225    9.10486
226    7.8804
221 11.946  1
227    0
222 7.69387  1
227    0
223 13.8086  1
227    0
224 13.7762  1
227    0
225 13.6703  1
227    0
226 13.3245  1
227    0
227 0  0
