169
0 10.1875  10
1    3.89827
2    4.80403
3    4.76182
4    4.62394
5    4.17367
6    5.70338
7    4.69865
12    4.10051
22    6.4501
32    5.20907
1 11.9515  4
12    4.2503
32    3.97536
40    5.97008
82    4.05657
2 7.71157  2
12    3.55493
43    5.10936
3 13.8665  5
8    4.41766
9    3.50009
10    3.50375
11    3.51575
12    5.33166
4 13.9654  4
12    6.4848
32    5.4819
41    5.63498
88    3.9402
5 14.2883  5
12    5.46451
41    3.68815
43    5.75886
45    4.82939
47    6.15996
6 5.34242  6
12    3.68284
44    3.80973
47    4.31347
71    4.76182
81    4.2503
158    4.69865
7 6.1298  4
12    4.97853
32    5.0558
43    3.64951
45    4.54154
8 8.70098  1
12    3.91859
9 7.09723  2
40    4.26147
131    6.28649
10 11.8603  3
12    4.8704
43    4.23775
45    4.82472
11 7.41371  10
13    5.95369
14    5.51605
15    4.08687
16    5.41992
17    3.77293
18    4.39477
19    6.42547
20    4.05657
40    4.33883
41    4.47525
12 12.8939  5
40    4.169
41    5.52136
43    5.91267
44    5.43118
70    6.48315
13 10.7894  1
168    0
14 13.9169  10
23    4.13704
24    5.5838
25    4.30816
26    6.14257
27    6.13286
28    6.10109
29    5.99736
30    5.6586
31    4.55243
43    5.38211
15 14.1299  3
32    5.58399
43    3.99174
97    4.30871
16 14.8254  1
32    4.30871
17 7.09632  4
44    5.00902
45    3.81788
71    3.50375
130    5.58545
18 11.8572  2
21    5.32104
33    6.13881
19 7.40364  1
71    4.69865
20 12.861  4
32    6.08452
33    5.86671
40    5.56952
81    5.95369
21 10.6816  2
32    3.9402
33    6.06108
22 13.565  2
40    6.24273
151    6.45312
23 12.9809  2
82    5.5838
84    6.13286
24 11.0732  6
64    5.85829
65    5.20449
66    6.06951
67    5.89427
68    5.32196
69    6.45312
25 14.8437  2
32    5.94325
152    4.2449
26 7.15613  2
41    4.10427
130    3.90458
27 12.0525  4
32    4.94099
41    4.11791
46    4.84458
97    5.86671
28 8.04147  1
33    6.12059
29 14.9438  10
49    6.28649
50    3.60273
51    3.83894
52    4.61029
53    4.12917
54    5.55808
55    4.22411
56    5.86818
70    3.89827
152    5.45828
30 7.48299  3
48    6.18963
97    6.15923
98    6.24273
31 13.1201  7
33    6.1444
40    4.25533
43    5.00105
46    4.89421
70    5.61576
83    6.14257
88    4.55243
32 11.5276  8
34    5.23196
35    6.15923
36    6.18725
37    6.27871
38    3.57727
39    3.75581
40    5.68818
41    5.99013
33 6.32756  5
40    6.4599
41    5.47678
70    4.41244
97    6.12059
158    3.50375
34 9.34675  1
168    0
35 9.20606  4
40    4.64893
45    4.51498
70    5.45828
71    4.62394
36 8.74645  4
70    4.14684
81    3.77293
97    6.1444
98    3.57727
37 7.24555  2
81    5.51605
158    3.51575
38 12.3446  5
43    5.40518
44    4.87974
45    3.90458
71    4.41766
82    4.13704
39 8.99548  1
168    0
40 8.05887  4
42    3.9586
82    6.42547
130    3.81788
151    4.14684
41 5.00031  2
43    3.72486
71    3.50009
42 5.01251  4
46    5.58545
70    4.2449
82    4.39477
130    4.54154
43 5.05249  1
168    0
44 5.18311  2
46    5.05626
131    6.18963
45 5.60945  1
63    4.22109
46 7.00171  1
89    4.94099
47 11.5484  2
70    4.80403
130    4.89421
48 6.39531  1
82    5.32104
49 9.56801  2
142    6.44763
143    4.12889
50 9.92843  2
81    6.4848
82    6.4501
51 11.1055  6
57    5.23681
58    6.17507
59    6.23898
60    6.44763
61    4.12889
158    4.10051
52 14.9493  1
168    0
53 7.50099  2
81    5.41992
98    6.27871
54 13.179  3
85    6.10109
86    5.99736
87    5.6586
55 11.7202  2
83    4.30816
98    3.75581
56 6.95624  1
62    5.55716
57 11.3997  9
72    3.51575
73    3.55493
74    3.68284
75    4.10051
76    5.46451
77    3.91859
78    4.8704
79    4.97853
80    5.33166
58 5.90976  1
168    0
59 7.98257  1
168    0
60 14.7516  8
90    5.20907
91    6.08452
92    5.94325
93    5.4819
94    3.97536
95    5.0558
96    5.58399
158    3.55493
61 6.85522  2
81    4.08687
131    4.31347
62 11.0701  1
70    5.93602
63 14.8337  1
71    4.17367
64 7.12348  1
71    5.70338
65 11.946  1
168    0
66 7.69387  1
168    0
67 13.8086  1
168    0
68 13.7762  1
168    0
69 13.6703  1
168    0
70 13.3245  1
130    4.82939
71 12.1953  1
168    0
72 8.5081  1
130    5.05626
73 6.46733  1
97    6.13881
74 9.80331  1
168    0
75 10.6969  1
168    0
76 13.6151  1
168    0
77 13.1442  1
168    0
78 11.6063  1
151    5.61576
79 6.58452  1
98    4.33883
80 10.186  1
168    0
81 11.9466  1
168    0
82 7.6957  1
168    0
83 13.8147  1
97    6.06108
84 13.796  1
130    4.82472
85 13.7353  1
168    0
86 13.5369  1
97    5.23196
87 12.889  7
144    5.55716
145    4.22109
146    5.85829
147    5.20449
148    6.06951
149    5.89427
150    5.32196
88 10.7732  10
99    6.4599
100    4.169
101    5.68818
102    4.64893
103    4.25533
104    5.97008
105    5.56952
106    4.26147
107    5.99013
108    5.63498
89 13.8641  1
168    0
90 13.9575  1
168    0
91 14.2624  1
168    0
92 5.25758  1
131    6.15996
93 5.85269  3
119    4.23775
120    5.91267
121    5.38211
94 7.79611  1
97    6.18725
95 14.1424  1
168    0
96 14.8663  1
168    0
97 7.22999  1
168    0
98 12.2939  1
168    0
99 8.82977  1
168    0
100 7.51778  1
168    0
101 13.2336  1
130    4.51498
102 11.8984  1
168    0
103 7.53822  1
168    0
104 13.3004  1
168    0
105 12.1166  1
168    0
106 8.25083  10
109    4.47525
110    3.68815
111    4.11791
112    5.52136
113    4.10427
114    5.47678
115    3.9586
116    5.00105
117    5.40518
118    3.72486
107 5.62716  1
168    0
108 7.05969  1
168    0
109 11.7379  1
168    0
110 7.01422  6
159    5.46451
160    3.91859
161    4.8704
162    4.97853
163    5.33166
164    6.4848
111 11.5893  1
158    4.41766
112 6.52867  1
168    0
113 10.0035  1
158    3.50009
114 11.3506  1
130    4.84458
115 5.74953  1
168    0
116 7.45918  1
168    0
117 13.0422  1
168    0
118 11.2737  8
122    3.64951
123    3.99174
124    5.10936
125    5.75886
126    4.87974
127    5.00902
128    5.43118
129    3.80973
119 5.49837  1
168    0
120 6.63915  1
168    0
121 10.3645  1
168    0
122 12.5295  1
168    0
123 9.59914  1
168    0
124 10.0301  1
168    0
125 11.4373  1
168    0
126 6.03244  10
132    3.60273
133    3.83894
134    4.61029
135    4.12917
136    5.55808
137    4.22411
138    5.86818
139    5.23681
140    6.17507
141    6.23898
127 8.38328  1
168    0
128 6.0596  1
168    0
129 8.47179  5
153    4.80403
154    4.76182
155    4.62394
156    4.17367
157    5.70338
130 6.34861  1
168    0
131 9.41572  1
152    5.93602
132 9.43129  1
168    0
133 9.48195  1
168    0
134 9.64736  1
168    0
135 10.1875  1
152    3.89827
136 11.9515  1
168    0
137 7.71157  1
168    0
138 13.8665  1
168    0
139 13.9654  1
151    4.41244
140 14.2883  1
168    0
141 5.34242  1
168    0
142 6.1298  1
168    0
143 8.70098  1
168    0
144 7.09723  1
168    0
145 11.8603  1
168    0
146 7.41371  1
158    3.68284
147 12.8939  1
151    6.48315
148 10.7894  1
168    0
149 13.9169  1
168    0
150 14.1299  1
168    0
151 14.8254  1
168    0
152 7.09632  1
168    0
153 11.8572  1
168    0
154 7.40364  1
168    0
155 12.861  1
168    0
156 10.6816  1
168    0
157 13.565  1
168    0
158 12.9809  1
168    0
159 11.0732  1
168    0
160 14.8437  1
168    0
161 7.15613  1
168    0
162 12.0525  3
165    4.2503
166    5.95369
167    5.51605
163 8.04147  1
168    0
164 14.9438  1
168    0
165 7.48299  1
168    0
166 13.1201  1
168    0
167 11.5276  1
168    0
168 0  0
