64
0 8.99548  4
1    11.139
2    8.52293
5    7.37629
19    9.68917
1 8.05887  4
4    11.27
5    11.0427
19    10.1125
54    8.78954
2 5.00031  4
3    11.9803
4    8.9505
19    11.1709
54    8.11313
3 5.01251  3
5    8.23582
18    7.63576
20    7.67788
4 5.05249  4
5    8.20853
10    7.98349
20    11.1162
53    12.9696
5 5.18311  5
6    10.9536
7    7.9172
8    10.0021
9    10.8104
10    11.8253
6 5.60945  2
10    8.47551
20    12.573
7 7.00171  4
10    7.44972
17    9.02997
19    12.3199
20    7.20545
8 11.5484  3
10    10.7642
18    9.08307
33    8.29368
9 6.39531  2
10    7.29902
20    8.25834
10 9.56801  5
11    10.2187
12    11.5177
13    9.75948
20    9.22059
53    8.17374
11 9.92843  1
19    7.80917
12 11.1055  1
20    12.3793
13 14.9493  5
14    10.018
15    10.8624
16    7.61946
19    8.62694
33    12.9663
14 7.50099  1
19    9.65877
15 13.179  1
63    0
16 11.7202  2
19    9.64943
54    10.8398
17 6.95624  3
21    8.44823
22    11.7364
33    8.82488
18 11.3997  3
19    9.78841
33    11.2315
53    10.6633
19 5.90976  1
53    8.5006
20 7.98257  1
63    0
21 14.7516  10
23    10.4736
24    12.3501
25    12.478
26    12.8953
27    8.25779
28    11.1143
29    8.44218
30    11.7166
31    10.409
32    12.139
22 6.85522  1
63    0
23 11.0701  1
53    11.0321
24 14.8337  1
63    0
25 7.12348  2
33    12.9062
53    11.9074
26 11.946  6
34    8.48979
35    11.872
36    10.9166
37    7.79653
38    9.60805
46    7.00751
27 7.69387  3
39    9.52364
40    9.24787
41    8.34733
28 13.8086  1
42    11.4068
29 13.7762  1
54    7.54585
30 13.6703  3
43    9.39729
44    8.83532
45    7.00018
31 13.3245  1
33    11.7885
32 12.1953  1
33    10.6439
33 8.5081  1
63    0
34 6.46733  1
63    0
35 9.80331  1
63    0
36 10.6969  1
63    0
37 13.6151  1
63    0
38 13.1442  1
63    0
39 11.6063  8
55    10.6421
56    12.9002
57    8.27409
58    11.1676
59    8.61632
60    12.2851
61    12.2657
62    12.2022
40 6.58452  1
54    12.8509
41 10.186  1
63    0
42 11.9466  1
63    0
43 7.6957  6
47    7.0315
48    7.10987
49    7.36567
50    8.20103
51    10.929
52    7.83718
44 13.8147  1
53    9.95706
45 13.796  1
53    9.74081
46 13.7353  1
63    0
47 13.5369  1
63    0
48 12.889  1
63    0
49 10.7732  1
63    0
50 13.8641  1
63    0
51 13.9575  1
63    0
52 14.2624  1
63    0
53 5.25758  1
63    0
54 5.85269  1
63    0
55 7.79611  1
63    0
56 14.1424  1
63    0
57 14.8663  1
63    0
58 7.22999  1
63    0
59 12.2939  1
63    0
60 8.82977  1
63    0
61 7.51778  1
63    0
62 13.2336  1
63    0
63 0  0
