52
0 12.861  3
1    5.6586
3    5.20907
19    6.24273
1 10.6816  2
2    4.55243
3    4.94099
2 13.565  3
3    3.9402
4    6.08452
19    4.33883
3 12.9809  1
4    5.94325
4 11.0732  10
5    5.4819
6    3.97536
7    5.0558
8    5.58399
9    4.30871
10    6.1444
11    6.13881
12    6.12059
13    6.06108
19    4.169
5 14.8437  1
51    0
6 7.15613  1
19    5.68818
7 12.0525  2
19    3.75581
43    4.84458
8 8.04147  3
19    4.64893
42    3.90458
43    5.58545
9 14.9438  2
19    3.57727
42    4.82472
10 7.48299  1
51    0
11 13.1201  7
14    5.86671
15    5.23196
16    6.15923
17    6.18725
18    6.27871
42    4.54154
44    4.12917
12 11.5276  1
51    0
13 6.32756  2
19    6.4599
42    5.75886
14 9.34675  1
42    4.87974
15 9.20606  1
51    0
16 8.74645  1
43    6.18963
17 7.24555  1
51    0
18 12.3446  1
43    6.28649
19 8.99548  10
20    4.25533
21    5.97008
22    5.56952
23    4.26147
24    5.99013
25    5.63498
26    4.47525
27    3.68815
37    5.91267
42    3.80973
20 8.05887  4
38    5.38211
39    3.64951
40    3.99174
41    5.10936
21 5.00031  1
51    0
22 5.01251  9
28    4.11791
29    5.52136
30    4.10427
31    5.47678
32    3.9586
33    5.00105
34    5.40518
35    3.72486
36    4.23775
23 5.05249  1
51    0
24 5.18311  1
44    3.60273
25 5.60945  1
43    4.89421
26 7.00171  1
42    5.00902
27 11.5484  1
51    0
28 6.39531  2
42    4.51498
44    3.83894
29 9.56801  1
51    0
30 9.92843  1
51    0
31 11.1055  1
43    5.05626
32 14.9493  1
51    0
33 7.50099  1
43    4.82939
34 13.179  1
51    0
35 11.7202  1
44    4.61029
36 6.95624  6
45    5.55808
46    4.22411
47    5.86818
48    5.23681
49    6.17507
50    6.23898
37 11.3997  1
43    6.15996
38 5.90976  1
43    4.31347
39 7.98257  1
42    5.43118
40 14.7516  1
51    0
41 6.85522  1
42    3.81788
42 11.0701  1
51    0
43 14.8337  1
51    0
44 7.12348  1
51    0
45 11.946  1
51    0
46 7.69387  1
51    0
47 13.8086  1
51    0
48 13.7762  1
51    0
49 13.6703  1
51    0
50 13.3245  1
51    0
51 0  0
