239
0 13.3004  4
1    45.5243
27    59.7008
84    59.4325
97    42.3775
1 12.1166  8
2    39.402
3    49.4099
4    52.0907
5    60.8452
6    59.4325
78    54.6451
80    64.501
82    61.0109
2 8.25083  7
7    54.819
8    39.7536
9    50.558
10    55.8399
11    43.0871
41    51.0936
54    36.0273
3 5.62716  3
12    61.444
78    53.3166
83    39.402
4 7.05969  1
126    44.1766
5 11.7379  10
19    35.7727
20    37.5581
21    43.3883
22    62.4273
23    64.599
24    41.69
25    56.8818
55    61.7507
101    50.0902
102    45.1498
6 7.01422  9
13    60.6108
14    58.6671
15    52.3196
16    61.5923
17    61.8725
18    62.7871
98    39.9174
104    55.5808
190    55.5716
7 11.5893  7
40    39.9174
53    43.1347
85    43.0871
97    59.1267
112    60.6951
113    41.4684
141    55.838
8 6.52867  6
12    61.2059
27    55.6952
54    55.5808
79    40.5657
189    58.6818
218    53.3166
9 10.0035  2
12    61.3881
237    61.3881
10 11.3506  4
167    64.599
168    41.69
169    56.8818
170    46.4893
11 5.74953  5
40    53.8211
52    50.5626
77    41.7367
96    55.2136
177    41.1791
12 7.45918  1
218    42.503
13 13.0422  3
28    59.9013
29    56.3498
52    48.9421
14 11.2737  8
89    55.6952
90    42.6147
91    59.9013
92    56.3498
93    44.7525
94    36.8815
95    41.1791
126    36.8284
15 5.49837  3
84    39.7536
85    60.6108
86    64.599
16 6.63915  3
83    49.4099
103    48.4458
156    55.8399
17 10.3645  6
27    42.5533
83    52.0907
86    62.7871
156    61.2059
178    39.9174
189    41.2889
18 12.5295  1
238    0
19 9.59914  3
66    41.4684
67    56.1576
68    44.1244
20 10.0301  4
26    46.4893
27    42.6147
126    48.704
179    54.3118
21 11.4373  2
54    61.8963
84    50.558
22 6.03244  10
30    44.7525
31    36.8815
32    41.1791
33    55.2136
34    41.0427
35    54.7678
36    39.586
37    50.0105
38    54.0518
39    37.2486
23 8.38328  4
52    48.4458
77    35.5493
78    55.1605
82    61.3286
24 6.0596  2
78    49.7853
104    42.2411
25 8.47179  3
54    62.8649
96    39.586
97    37.2486
26 6.34861  2
77    35.1575
78    39.1859
27 9.41572  10
42    48.7974
43    50.0902
44    54.3118
45    38.0973
46    45.1498
47    38.1788
48    45.4154
49    39.0458
50    48.2472
51    48.2939
28 9.43129  5
54    58.6818
77    35.0009
85    52.3196
86    62.4273
104    62.8649
29 9.48195  1
79    37.7293
30 9.64736  3
40    59.1267
41    57.5886
177    44.7525
31 10.1875  10
56    64.4763
57    41.2889
58    55.5716
59    42.2109
60    58.5829
61    52.0449
62    60.6951
63    58.9427
64    53.2196
65    64.5312
32 11.9515  3
40    36.4951
79    40.8687
85    61.3881
33 7.71157  7
159    52.3196
160    61.5923
161    61.8725
162    62.7871
163    35.7727
164    37.5581
165    43.3883
34 13.8665  4
54    46.1029
79    43.9477
85    61.8725
113    64.5312
35 13.9654  9
69    64.8315
70    42.449
71    59.3602
72    54.5828
73    38.9827
74    48.0403
75    47.6182
76    46.2394
78    41.0051
36 14.2883  3
82    59.9736
84    60.8452
97    50.0105
37 5.34242  2
78    59.5369
83    45.5243
38 6.1298  5
40    42.3775
54    61.5996
78    48.704
98    51.0936
102    38.1788
39 8.70098  1
82    43.0816
40 7.09723  1
54    38.3894
41 11.8603  3
77    36.8284
97    53.8211
236    54.819
42 7.41371  1
238    0
43 12.8939  4
78    64.848
103    50.5626
141    41.3704
189    61.7507
44 10.7894  3
54    42.2411
77    35.0375
103    45.4154
45 13.9169  4
54    41.2917
82    56.586
112    42.2109
178    57.5886
46 14.1299  1
82    61.4257
47 14.8254  3
97    36.4951
103    48.2472
189    52.3681
48 7.09632  2
81    41.3704
112    52.0449
49 11.8572  1
238    0
50 7.40364  2
55    52.3681
85    61.5923
51 12.861  3
52    55.8545
78    42.503
179    50.0902
52 10.6816  3
85    61.2059
86    43.3883
113    53.2196
53 13.565  3
55    62.3898
86    56.8818
156    61.444
54 12.9809  9
114    44.1244
115    64.8315
116    42.449
117    59.3602
118    54.5828
119    38.9827
120    48.0403
121    47.6182
122    46.2394
55 11.0732  2
99    57.5886
100    48.7974
56 14.8437  2
82    55.838
236    52.0907
57 7.15613  2
123    41.7367
124    57.0338
58 12.0525  1
79    54.1992
59 8.04147  2
84    54.819
86    35.7727
60 14.9438  1
126    35.0009
61 7.48299  3
87    42.5533
88    59.7008
104    61.5996
62 13.1201  1
104    43.1347
63 11.5276  2
79    64.2547
178    54.0518
64 6.32756  9
202    42.449
203    59.3602
204    54.5828
205    38.9827
206    48.0403
207    47.6182
208    46.2394
209    41.7367
210    57.0338
65 9.34675  1
189    64.4763
66 9.20606  2
77    44.1766
103    55.8545
67 8.74645  7
105    58.6818
106    52.3681
107    61.7507
108    62.3898
109    64.4763
110    41.2889
111    55.5716
68 7.24555  1
238    0
69 12.3446  2
86    37.5581
166    62.4273
70 8.99548  3
80    53.2104
180    45.4154
189    55.5808
71 8.05887  1
112    58.9427
72 5.00031  2
104    61.8963
177    55.2136
73 5.01251  2
77    57.0338
86    46.4893
74 5.05249  2
126    39.1859
180    50.5626
75 5.18311  3
77    46.9865
85    61.444
126    41.0051
76 5.60945  1
85    55.8399
77 7.00171  2
113    56.1576
218    55.1605
78 11.5484  3
85    58.6671
96    41.0427
179    38.1788
79 6.39531  2
180    39.0458
237    43.0871
80 9.56801  1
103    48.9421
81 9.92843  1
238    0
82 11.1055  2
86    41.69
97    54.0518
83 14.9493  1
102    38.0973
84 7.50099  1
180    48.9421
85 13.179  1
238    0
86 11.7202  2
96    54.7678
189    62.3898
87 6.95624  5
127    49.7853
128    53.3166
129    64.848
130    42.503
131    59.5369
88 11.3997  3
147    56.586
148    45.5243
180    48.4458
89 5.90976  1
238    0
90 7.98257  1
103    39.0458
91 14.7516  1
238    0
92 6.85522  2
104    46.1029
178    42.3775
93 11.0701  2
101    54.3118
217    49.7853
94 14.8337  1
126    35.5493
95 7.12348  2
112    58.5829
180    48.2472
96 11.946  1
238    0
97 7.69387  2
125    46.9865
126    35.1575
98 13.8086  2
103    48.2939
104    38.3894
99 13.7762  1
104    36.0273
100 13.6703  1
238    0
101 13.3245  1
177    54.7678
102 12.1953  1
104    41.2917
103 8.5081  1
238    0
104 6.46733  1
238    0
105 9.80331  1
126    35.0375
106 10.6969  2
200    44.1244
201    64.8315
107 13.6151  6
150    52.0907
151    60.8452
152    59.4325
153    54.819
154    39.7536
155    50.558
108 13.1442  1
237    61.2059
109 11.6063  1
218    64.848
110 6.58452  3
156    43.0871
177    39.586
178    59.1267
111 10.186  2
126    54.6451
178    37.2486
112 11.9466  1
238    0
113 7.6957  8
132    55.1605
133    40.8687
134    54.1992
135    37.7293
136    43.9477
137    64.2547
138    40.5657
139    53.2104
114 13.8147  1
238    0
115 13.796  1
238    0
116 13.7353  1
189    42.2411
117 13.5369  5
142    43.0816
143    61.4257
144    61.3286
145    61.0109
146    59.9736
118 12.889  1
238    0
119 10.7732  1
178    36.4951
120 13.8641  2
140    64.501
237    61.444
121 13.9575  1
238    0
122 14.2624  1
238    0
123 5.25758  1
238    0
124 5.85269  1
238    0
125 7.79611  3
177    36.8815
179    38.0973
237    39.7536
126 14.1424  1
238    0
127 14.8663  1
156    61.3881
128 7.22999  1
180    48.2939
129 12.2939  1
217    54.6451
130 8.82977  5
195    58.9427
196    53.2196
197    64.5312
198    41.4684
199    56.1576
131 7.51778  1
238    0
132 13.2336  1
238    0
133 11.8984  1
236    60.8452
134 7.53822  2
157    60.6108
158    58.6671
135 13.3004  1
217    41.0051
136 12.1166  1
238    0
137 8.25083  1
237    55.8399
138 5.62716  1
238    0
139 7.05969  1
218    59.5369
140 11.7379  1
149    49.4099
141 7.01422  1
238    0
142 11.5893  1
238    0
143 6.52867  1
238    0
144 10.0035  2
149    39.402
237    50.558
145 11.3506  1
238    0
146 5.74953  1
238    0
147 7.45918  1
238    0
148 13.0422  6
171    42.5533
172    59.7008
173    55.6952
174    42.6147
175    59.9013
176    56.3498
149 11.2737  1
238    0
150 5.49837  1
238    0
151 6.63915  1
178    48.7974
152 10.3645  1
238    0
153 12.5295  1
238    0
154 9.59914  1
238    0
155 10.0301  5
211    46.9865
212    44.1766
213    35.0009
214    35.0375
215    35.1575
156 11.4373  1
238    0
157 6.03244  1
238    0
158 8.38328  1
236    49.4099
159 6.0596  1
217    39.1859
160 8.47179  1
238    0
161 6.34861  1
238    0
162 9.41572  1
216    35.5493
163 9.43129  1
236    39.402
164 9.48195  1
217    48.704
165 9.64736  2
177    50.0105
179    45.1498
166 10.1875  1
238    0
167 11.9515  1
238    0
168 7.71157  1
238    0
169 13.8665  1
238    0
170 13.9654  1
238    0
171 14.2883  1
238    0
172 5.34242  1
178    53.8211
173 6.1298  1
189    41.2917
174 8.70098  1
177    41.0427
175 7.09723  8
181    55.8545
182    43.1347
183    61.5996
184    61.8963
185    62.8649
186    36.0273
187    38.3894
188    46.1029
176 11.8603  1
178    51.0936
177 7.41371  1
238    0
178 12.8939  1
238    0
179 10.7894  1
237    52.3196
180 13.9169  1
238    0
181 14.1299  5
191    42.2109
192    58.5829
193    52.0449
194    60.6951
237    60.6108
182 14.8254  1
238    0
183 7.09632  1
238    0
184 11.8572  1
238    0
185 7.40364  1
238    0
186 12.861  1
236    59.4325
187 10.6816  1
238    0
188 13.565  1
238    0
189 12.9809  1
238    0
190 11.0732  1
238    0
191 14.8437  1
238    0
192 7.15613  1
238    0
193 12.0525  1
238    0
194 8.04147  1
238    0
195 14.9438  1
238    0
196 7.48299  1
238    0
197 13.1201  1
238    0
198 11.5276  1
238    0
199 6.32756  1
238    0
200 9.34675  1
238    0
201 9.20606  1
217    36.8284
202 8.74645  1
238    0
203 7.24555  1
238    0
204 12.3446  1
238    0
205 8.99548  1
238    0
206 8.05887  1
237    58.6671
207 5.00031  1
238    0
208 5.01251  1
238    0
209 5.05249  1
238    0
210 5.18311  1
238    0
211 5.60945  1
238    0
212 7.00171  10
219    40.8687
220    54.1992
221    37.7293
222    43.9477
223    64.2547
224    40.5657
225    53.2104
226    64.501
227    41.3704
228    55.838
213 11.5484  1
238    0
214 6.39531  1
238    0
215 9.56801  1
238    0
216 9.92843  1
238    0
217 11.1055  1
238    0
218 14.9493  1
238    0
219 7.50099  1
238    0
220 13.179  1
238    0
221 11.7202  1
238    0
222 6.95624  1
238    0
223 11.3997  1
238    0
224 5.90976  1
238    0
225 7.98257  7
229    43.0816
230    61.4257
231    61.3286
232    61.0109
233    59.9736
234    56.586
235    45.5243
226 14.7516  1
238    0
227 6.85522  1
238    0
228 11.0701  1
238    0
229 14.8337  1
238    0
230 7.12348  1
238    0
231 11.946  1
238    0
232 7.69387  1
238    0
233 13.8086  1
238    0
234 13.7762  1
238    0
235 13.6703  1
238    0
236 13.3245  1
238    0
237 12.1953  1
238    0
238 0  0
