49
0 7.09632  5
1    11.1676
2    8.61632
3    12.2851
4    12.2022
25    11.9402
1 11.8572  1
4    11.9947
2 7.40364  10
5    11.3172
6    9.10486
7    7.8804
8    9.88198
9    10.4181
10    12.169
11    11.8865
12    10.9638
13    7.95071
23    7.51161
3 12.861  2
4    12.2657
23    12.9198
4 10.6816  2
22    10.4639
23    12.4855
5 13.565  1
25    11.27
6 12.9809  1
48    0
7 11.0732  10
14    10.1116
15    11.168
16    8.61742
17    12.2888
18    12.2776
19    12.2412
20    12.1222
21    11.7334
23    8.67766
31    11.8253
8 14.8437  3
23    12.5574
25    11.0427
31    10.2187
9 7.15613  2
24    9.29786
25    11.139
10 12.0525  2
23    7.15455
25    11.9803
11 8.04147  1
48    0
12 14.9438  2
24    11.3764
31    7.44972
13 7.48299  1
31    10.7642
14 13.1201  1
25    8.51067
15 11.5276  2
23    12.3745
24    8.33799
16 6.32756  1
25    7.37629
17 9.34675  1
23    12.3185
18 9.20606  6
26    8.20853
27    10.9536
28    7.9172
29    10.0021
30    10.8104
31    7.29902
19 8.74645  1
25    8.52293
20 7.24555  1
25    8.9505
21 12.3446  1
25    8.23582
22 8.99548  1
31    7.98349
23 8.05887  2
32    11.5177
38    7.63576
24 5.00031  1
48    0
25 5.01251  1
48    0
26 5.05249  1
37    9.02997
27 5.18311  1
48    0
28 5.60945  1
31    8.47551
29 7.00171  1
48    0
30 11.5484  1
48    0
31 6.39531  4
33    9.75948
34    10.018
35    10.8624
36    7.61946
32 9.56801  1
48    0
33 9.92843  9
39    9.08307
40    7.80917
41    9.64943
42    9.65877
43    9.68917
44    9.78841
45    10.1125
46    11.1709
47    8.62694
34 11.1055  1
48    0
35 14.9493  1
48    0
36 7.50099  1
48    0
37 13.179  1
48    0
38 11.7202  1
48    0
39 6.95624  1
48    0
40 11.3997  1
48    0
41 5.90976  1
48    0
42 7.98257  1
48    0
43 14.7516  1
48    0
44 6.85522  1
48    0
45 11.0701  1
48    0
46 14.8337  1
48    0
47 7.12348  1
48    0
48 0  0
