107
0 13.7762  10
1    4.69865
2    4.41766
3    3.50009
4    3.50375
5    3.51575
6    3.55493
7    3.68284
8    4.10051
9    5.46451
10    3.91859
1 13.6703  1
11    5.41992
2 13.3245  2
11    4.2503
77    4.14684
3 12.1953  1
11    5.33166
4 8.5081  3
11    4.8704
71    6.15996
78    5.61576
5 6.46733  2
11    3.77293
77    6.06951
6 9.80331  1
11    5.95369
7 10.6969  2
11    6.4848
26    3.9402
8 13.6151  1
11    4.97853
9 13.1442  3
11    5.51605
71    4.61029
77    5.55716
10 11.6063  1
11    4.08687
11 6.58452  9
12    4.39477
13    6.42547
14    4.05657
15    5.32104
16    6.4501
17    4.13704
18    5.5838
19    4.30816
62    3.64951
12 10.186  1
62    5.10936
13 11.9466  2
26    5.20907
62    3.99174
14 7.6957  1
106    0
15 13.8147  1
106    0
16 13.796  4
74    6.17507
75    6.23898
76    6.44763
95    4.2503
17 13.7353  2
71    6.28649
77    4.22109
18 13.5369  9
29    5.4819
30    3.97536
31    5.0558
32    5.58399
33    4.30871
34    6.1444
35    6.13881
36    6.12059
37    6.06108
19 12.889  3
20    6.14257
26    4.94099
62    5.91267
20 10.7732  7
21    6.13286
22    6.10109
23    5.99736
24    5.6586
25    4.55243
71    5.55808
94    5.46451
21 13.8641  1
51    5.56952
22 13.9575  4
38    5.86671
39    5.23196
40    6.15923
41    6.18725
23 14.2624  2
77    5.89427
78    4.41244
24 5.25758  1
106    0
25 5.85269  2
27    6.08452
28    5.94325
26 7.79611  3
69    3.90458
71    4.12917
95    6.4848
27 14.1424  10
52    4.26147
53    5.99013
54    5.63498
55    4.47525
56    3.68815
57    4.11791
58    5.52136
59    4.10427
60    5.47678
61    3.9586
28 14.8663  2
79    4.2449
80    5.93602
29 7.22999  7
63    4.87974
64    5.00902
65    5.43118
66    3.80973
67    4.51498
68    3.81788
70    5.58545
30 12.2939  1
106    0
31 8.82977  1
77    5.32196
32 7.51778  1
78    6.48315
33 13.2336  1
71    6.18963
34 11.8984  1
85    4.62394
35 7.53822  1
62    5.00105
36 13.3004  1
106    0
37 12.1166  3
62    5.38211
71    3.60273
77    5.85829
38 8.25083  1
51    5.97008
39 5.62716  1
51    4.25533
40 7.05969  10
42    6.27871
43    3.57727
44    3.75581
45    4.33883
46    6.24273
47    6.4599
48    4.169
49    5.68818
50    4.64893
77    5.20449
41 11.7379  1
106    0
42 7.01422  1
70    5.05626
43 11.5893  1
106    0
44 6.52867  2
62    5.40518
94    3.91859
45 10.0035  1
69    4.82472
46 11.3506  1
106    0
47 5.74953  1
106    0
48 7.45918  1
85    4.17367
49 13.0422  1
106    0
50 11.2737  1
77    4.12889
51 5.49837  1
77    6.45312
52 6.63915  4
81    5.45828
82    3.89827
83    4.80403
84    4.76182
53 10.3645  1
69    4.54154
54 12.5295  1
62    4.23775
55 9.59914  1
69    4.82939
56 10.0301  1
106    0
57 11.4373  8
86    4.69865
87    4.41766
88    3.50009
89    3.50375
90    3.51575
91    3.55493
92    3.68284
93    4.10051
58 6.03244  1
62    3.72486
59 8.38328  2
70    4.31347
94    4.8704
60 6.0596  2
62    5.75886
71    4.22411
61 8.47179  1
106    0
62 6.34861  1
69    4.84458
63 9.41572  2
72    5.86818
73    5.23681
64 9.43129  1
106    0
65 9.48195  1
71    3.83894
66 9.64736  2
69    4.89421
94    4.97853
67 10.1875  1
106    0
68 11.9515  1
106    0
69 7.71157  1
106    0
70 13.8665  1
94    5.33166
71 13.9654  1
106    0
72 14.2883  1
106    0
73 5.34242  1
106    0
74 6.1298  1
106    0
75 8.70098  1
106    0
76 7.09723  1
106    0
77 11.8603  1
85    5.70338
78 7.41371  2
96    5.51605
97    4.08687
79 12.8939  1
106    0
80 10.7894  1
106    0
81 13.9169  1
95    5.95369
82 14.1299  1
106    0
83 14.8254  8
98    5.41992
99    3.77293
100    4.39477
101    6.42547
102    4.05657
103    5.32104
104    6.4501
105    4.13704
84 7.09632  1
106    0
85 11.8572  1
106    0
86 7.40364  1
106    0
87 12.861  1
106    0
88 10.6816  1
106    0
89 13.565  1
106    0
90 12.9809  1
106    0
91 11.0732  1
106    0
92 14.8437  1
106    0
93 7.15613  1
106    0
94 12.0525  1
106    0
95 8.04147  1
106    0
96 14.9438  1
106    0
97 7.48299  1
106    0
98 13.1201  1
106    0
99 11.5276  1
106    0
100 6.32756  1
106    0
101 9.34675  1
106    0
102 9.20606  1
106    0
103 8.74645  1
106    0
104 7.24555  1
106    0
105 12.3446  1
106    0
106 0  0
