95
0 10.0301  10
1    12.2888
2    12.2776
3    12.2412
4    12.1222
5    11.7334
6    10.4639
7    12.3185
8    12.3745
9    12.5574
10    7.15455
1 11.4373  7
11    7.51161
12    8.67766
13    12.4855
14    12.9198
25    8.47551
83    12.5574
87    8.51067
2 6.03244  3
15    11.3764
47    11.7166
54    7.00018
3 8.38328  4
25    10.2187
28    7.61946
54    7.00751
82    10.4181
4 6.0596  3
25    7.29902
28    10.8624
85    8.67766
5 8.47179  1
15    8.51067
6 6.34861  3
16    11.139
25    11.8253
85    7.51161
7 9.41572  2
16    11.9803
25    7.98349
8 9.43129  1
15    11.9402
9 9.48195  1
52    9.24787
10 9.64736  4
15    8.33799
28    9.08307
55    7.0315
60    9.95706
11 10.1875  4
15    9.29786
28    7.63576
47    12.9062
58    10.929
12 11.9515  1
16    8.52293
13 7.71157  3
16    11.27
24    10.8104
51    8.48979
14 13.8665  4
26    11.5177
27    9.75948
51    12.9663
60    10.6633
15 13.9654  1
16    8.9505
16 14.2883  8
17    7.37629
18    8.23582
19    11.0427
20    8.20853
21    10.9536
22    7.9172
23    10.0021
52    8.34733
17 5.34242  7
31    9.68917
32    9.78841
33    10.1125
34    11.1709
35    12.573
53    8.83532
82    10.9638
18 6.1298  3
25    7.44972
28    10.018
83    12.3185
19 8.70098  3
28    9.02997
52    11.4068
61    12.9696
20 7.09723  4
25    10.7642
47    8.44218
82    12.2888
87    9.29786
21 11.8603  1
94    0
22 7.41371  2
29    9.64943
30    9.65877
23 12.8939  1
82    11.8865
24 10.7894  2
35    12.3199
47    11.1143
25 13.9169  2
47    11.7885
61    8.5006
26 14.1299  1
28    7.80917
27 14.8254  2
55    7.10987
83    12.2412
28 7.09632  2
35    12.3793
52    9.39729
29 11.8572  2
45    12.478
46    12.8953
30 7.40364  4
48    8.29368
49    11.2315
50    8.82488
51    7.79653
31 12.861  9
36    7.20545
37    7.67788
38    9.22059
39    8.25834
40    11.1162
41    8.44823
42    11.7364
43    10.4736
44    12.3501
32 10.6816  2
35    8.62694
61    11.9074
33 13.565  1
94    0
34 12.9809  1
83    12.3745
35 11.0732  1
51    11.872
36 14.8437  1
94    0
37 7.15613  1
94    0
38 12.0525  1
82    12.2776
39 8.04147  3
56    7.36567
57    8.20103
83    10.4639
40 14.9438  2
52    9.60805
86    8.33799
41 7.48299  1
47    10.409
42 13.1201  2
52    9.52364
58    7.83718
43 11.5276  1
47    12.139
44 6.32756  2
47    10.6439
59    9.74081
45 9.34675  1
47    8.25779
46 9.20606  3
62    11.0321
63    8.17374
64    10.8398
47 8.74645  2
51    10.9166
87    11.9402
48 7.24555  1
82    12.169
49 12.3446  1
94    0
50 8.99548  1
94    0
51 8.05887  1
94    0
52 5.00031  1
94    0
53 5.01251  1
94    0
54 5.05249  2
83    12.1222
84    7.15455
55 5.18311  7
69    10.6421
70    12.9002
71    8.27409
72    11.1676
73    8.61632
74    12.2851
75    12.2657
56 5.60945  1
94    0
57 7.00171  1
86    12.9198
58 11.5484  1
94    0
59 6.39531  1
82    11.168
60 9.56801  1
82    7.95071
61 9.92843  1
94    0
62 11.1055  4
65    7.54585
66    8.78954
67    12.8509
68    8.11313
63 14.9493  1
94    0
64 7.50099  6
88    11.139
89    8.52293
90    11.9803
91    11.27
92    8.9505
93    7.37629
65 13.179  1
94    0
66 11.7202  1
94    0
67 6.95624  2
82    10.1116
83    11.7334
68 11.3997  6
76    12.2022
77    11.9947
78    11.3172
79    9.10486
80    7.8804
81    9.88198
69 5.90976  1
94    0
70 7.98257  1
94    0
71 14.7516  1
94    0
72 6.85522  1
86    11.3764
73 11.0701  1
94    0
74 14.8337  1
94    0
75 7.12348  1
94    0
76 11.946  1
94    0
77 7.69387  1
94    0
78 13.8086  1
82    8.61742
79 13.7762  1
94    0
80 13.6703  1
94    0
81 13.3245  1
94    0
82 12.1953  1
94    0
83 8.5081  1
94    0
84 6.46733  1
94    0
85 9.80331  1
86    12.4855
86 10.6969  1
94    0
87 13.6151  1
94    0
88 13.1442  1
94    0
89 11.6063  1
94    0
90 6.58452  1
94    0
91 10.186  1
94    0
92 11.9466  1
94    0
93 7.6957  1
94    0
94 0  0
