195
0 11.2737  5
1    3.50375
2    3.51575
3    3.55493
4    3.91859
104    4.08687
1 5.49837  1
4    5.46451
2 6.63915  1
4    3.68284
3 10.3645  3
4    4.10051
25    5.20907
62    3.64951
4 12.5295  10
5    4.8704
6    4.97853
7    5.33166
8    6.4848
9    4.2503
10    5.95369
11    5.51605
12    4.08687
13    5.41992
14    3.77293
5 9.59914  2
25    5.6586
105    5.32104
6 10.0301  10
15    4.39477
16    6.42547
17    4.05657
18    5.32104
19    6.4501
20    4.13704
21    5.5838
22    4.30816
23    6.14257
24    6.13286
7 11.4373  1
106    6.14257
8 6.03244  10
63    5.10936
64    5.75886
65    4.87974
66    5.00902
67    5.43118
68    3.80973
69    4.51498
70    3.81788
72    4.84458
163    6.17507
9 8.38328  2
62    5.40518
105    3.77293
10 6.0596  4
26    6.08452
27    5.94325
28    5.4819
29    3.97536
11 8.47179  7
75    5.23681
76    6.17507
77    6.23898
78    6.44763
79    4.12889
80    5.55716
124    4.169
12 6.34861  1
61    3.9586
13 9.41572  1
25    4.55243
14 9.43129  3
25    4.94099
84    6.48315
135    5.52136
15 9.48195  2
25    5.99736
175    5.93602
16 9.64736  1
194    0
17 10.1875  2
84    6.06951
104    6.4848
18 11.9515  2
25    3.9402
104    4.2503
19 7.71157  9
30    5.0558
31    5.58399
32    4.30871
33    6.1444
34    6.13881
35    6.12059
36    6.06108
37    5.86671
38    5.23196
20 13.8665  2
72    4.82939
105    5.5838
21 13.9654  1
194    0
22 14.2883  1
73    4.22411
23 5.34242  1
72    6.18963
24 6.1298  3
25    6.10109
62    5.91267
73    3.83894
25 8.70098  10
39    6.15923
40    6.18725
41    6.27871
42    3.57727
43    3.75581
44    4.33883
45    6.24273
46    6.4599
47    4.169
48    5.68818
26 7.09723  2
72    4.89421
106    3.9402
27 11.8603  1
194    0
28 7.41371  1
194    0
29 12.8939  3
73    6.28649
84    5.89427
159    3.83894
30 10.7894  1
106    6.10109
31 13.9169  1
194    0
32 14.1299  3
49    4.64893
50    4.25533
72    4.31347
33 14.8254  1
106    5.6586
34 7.09632  1
194    0
35 11.8572  9
115    6.13881
116    6.12059
117    6.06108
118    5.86671
119    5.23196
120    6.15923
121    6.18725
122    6.27871
123    3.57727
36 7.40364  4
57    3.68815
58    4.11791
59    5.52136
60    4.10427
37 12.861  3
62    3.72486
105    6.42547
114    4.30871
38 10.6816  1
194    0
39 13.565  1
84    4.14684
40 12.9809  1
94    3.50009
41 11.0732  1
104    5.33166
42 14.8437  1
62    4.23775
43 7.15613  6
51    5.97008
52    5.56952
53    4.26147
54    5.99013
55    5.63498
56    4.47525
44 12.0525  1
194    0
45 8.04147  1
163    5.86818
46 14.9438  2
62    5.38211
124    6.24273
47 7.48299  1
194    0
48 13.1201  1
163    4.22411
49 11.5276  1
73    5.55808
50 6.32756  2
71    3.90458
163    5.55716
51 9.34675  2
106    6.13286
135    5.40518
52 9.20606  1
61    5.47678
53 8.74645  1
194    0
54 7.24555  1
194    0
55 12.3446  1
194    0
56 8.99548  1
194    0
57 8.05887  3
62    3.99174
84    4.2449
135    4.23775
58 5.00031  1
73    3.60273
59 5.01251  2
62    5.00105
72    6.15996
60 5.05249  1
104    5.51605
61 5.18311  1
84    5.32196
62 5.60945  1
104    5.95369
63 7.00171  1
124    4.33883
64 11.5484  1
84    5.61576
65 6.39531  2
72    4.82472
105    4.39477
66 9.56801  7
142    4.87974
143    5.00902
144    5.43118
145    3.80973
146    4.51498
147    3.81788
163    6.44763
67 9.92843  4
72    5.05626
73    4.12917
74    5.86818
84    6.45312
68 11.1055  1
84    4.41244
69 14.9493  2
72    5.58545
114    5.58399
70 7.50099  1
71    4.54154
71 13.179  2
73    4.61029
106    4.55243
72 11.7202  1
194    0
73 6.95624  9
85    5.45828
86    3.89827
87    4.80403
88    4.76182
89    4.62394
90    4.17367
91    5.70338
92    4.69865
93    4.41766
74 11.3997  2
185    3.50375
186    3.51575
75 5.90976  1
194    0
76 7.98257  3
81    4.22109
82    5.85829
83    5.20449
77 14.7516  1
135    5.47678
78 6.85522  1
194    0
79 11.0701  1
194    0
80 14.8337  9
95    3.50375
96    3.51575
97    3.55493
98    3.68284
99    4.10051
100    5.46451
101    3.91859
102    4.8704
103    4.97853
81 7.12348  3
105    4.13704
124    6.4599
135    4.10427
82 11.946  1
105    6.4501
83 7.69387  1
84    5.93602
84 13.8086  1
106    5.99736
85 13.7762  1
106    4.30816
86 13.6703  1
194    0
87 13.3245  1
105    4.05657
88 12.1953  1
194    0
89 8.5081  1
194    0
90 6.46733  1
194    0
91 9.80331  1
175    4.2449
92 10.6969  1
194    0
93 13.6151  1
194    0
94 13.1442  1
194    0
95 11.6063  1
124    3.75581
96 6.58452  1
194    0
97 10.186  1
194    0
98 11.9466  1
135    3.9586
99 7.6957  1
194    0
100 13.8147  1
194    0
101 13.796  1
194    0
102 13.7353  1
104    5.41992
103 13.5369  7
107    4.94099
108    5.20907
109    6.08452
110    5.94325
111    5.4819
112    3.97536
113    5.0558
104 12.889  1
194    0
105 10.7732  1
114    6.1444
106 13.8641  1
194    0
107 13.9575  1
194    0
108 14.2624  1
163    5.23681
109 5.25758  7
148    4.54154
149    3.90458
150    4.82472
151    4.82939
152    4.84458
153    4.89421
154    5.05626
110 5.85269  1
194    0
111 7.79611  1
124    5.68818
112 14.1424  7
136    5.91267
137    5.38211
138    3.64951
139    3.99174
140    5.10936
141    5.75886
163    4.12889
113 14.8663  1
194    0
114 7.22999  1
194    0
115 12.2939  1
194    0
116 8.82977  1
194    0
117 7.51778  1
194    0
118 13.2336  1
194    0
119 11.8984  1
135    5.00105
120 7.53822  10
125    4.64893
126    4.25533
127    5.97008
128    5.56952
129    4.26147
130    5.99013
131    5.63498
132    4.47525
133    3.68815
134    4.11791
121 13.3004  1
194    0
122 12.1166  1
194    0
123 8.25083  1
194    0
124 5.62716  1
194    0
125 7.05969  1
194    0
126 11.7379  1
194    0
127 7.01422  9
176    3.89827
177    4.80403
178    4.76182
179    4.62394
180    4.17367
181    5.70338
182    4.69865
183    4.41766
184    3.50009
128 11.5893  1
194    0
129 6.52867  1
194    0
130 10.0035  1
135    3.72486
131 11.3506  1
159    6.28649
132 5.74953  1
194    0
133 7.45918  1
194    0
134 13.0422  4
155    5.58545
156    4.31347
157    6.15996
158    6.18963
135 11.2737  3
160    4.61029
161    4.12917
162    5.55808
136 5.49837  1
194    0
137 6.63915  1
194    0
138 10.3645  1
194    0
139 12.5295  1
194    0
140 9.59914  1
175    5.45828
141 10.0301  1
194    0
142 11.4373  1
194    0
143 6.03244  1
159    3.60273
144 8.38328  1
194    0
145 6.0596  9
166    5.20449
167    6.06951
168    5.89427
169    5.32196
170    6.45312
171    4.14684
172    5.61576
173    4.41244
174    6.48315
146 8.47179  1
194    0
147 6.34861  1
194    0
148 9.41572  1
194    0
149 9.43129  1
194    0
150 9.48195  1
194    0
151 9.64736  1
194    0
152 10.1875  1
194    0
153 11.9515  1
194    0
154 7.71157  1
194    0
155 13.8665  1
194    0
156 13.9654  1
194    0
157 14.2883  2
164    4.22109
165    5.85829
158 5.34242  1
194    0
159 6.1298  1
194    0
160 8.70098  1
163    6.23898
161 7.09723  1
194    0
162 11.8603  1
194    0
163 7.41371  1
194    0
164 12.8939  1
194    0
165 10.7894  1
194    0
166 13.9169  7
187    3.55493
188    3.68284
189    4.10051
190    5.46451
191    3.91859
192    4.8704
193    4.97853
167 14.1299  1
194    0
168 14.8254  1
194    0
169 7.09632  1
194    0
170 11.8572  1
194    0
171 7.40364  1
194    0
172 12.861  1
194    0
173 10.6816  1
194    0
174 13.565  1
194    0
175 12.9809  1
194    0
176 11.0732  1
194    0
177 14.8437  1
194    0
178 7.15613  1
194    0
179 12.0525  1
194    0
180 8.04147  1
194    0
181 14.9438  1
194    0
182 7.48299  1
194    0
183 13.1201  1
194    0
184 11.5276  1
194    0
185 6.32756  1
194    0
186 9.34675  1
194    0
187 9.20606  1
194    0
188 8.74645  1
194    0
189 7.24555  1
194    0
190 12.3446  1
194    0
191 8.99548  1
194    0
192 8.05887  1
194    0
193 5.00031  1
194    0
194 0  0
