163
0 13.6703  10
1    64.599
2    41.69
3    56.8818
4    46.4893
5    42.5533
6    59.7008
7    55.6952
8    42.6147
9    56.3498
30    39.0458
1 13.3245  2
9    41.1791
161    36.4951
2 12.1953  4
10    41.0427
11    54.7678
12    39.586
106    47.6182
3 8.5081  5
9    44.7525
44    64.5312
56    64.501
96    62.3898
137    61.2059
4 6.46733  2
97    64.4763
125    54.1992
5 9.80331  4
33    62.8649
42    55.5716
53    35.5493
138    52.3196
6 10.6969  1
9    55.2136
7 13.6151  2
9    36.8815
95    61.8963
8 13.1442  5
9    59.9013
33    55.8545
43    58.9427
54    53.3166
161    57.5886
9 11.6063  8
58    61.4257
59    61.3286
60    61.0109
61    59.9736
62    56.586
63    45.5243
64    39.402
137    60.6108
10 6.58452  10
13    50.0105
14    54.0518
15    37.2486
16    42.3775
17    59.1267
18    53.8211
19    36.4951
20    39.9174
57    55.838
86    41.0427
11 10.186  3
52    46.9865
87    39.9174
137    55.8399
12 11.9466  3
44    64.8315
86    41.1791
96    58.6818
13 7.6957  1
162    0
14 13.8147  10
21    51.0936
22    57.5886
23    48.7974
24    50.0902
25    54.3118
26    38.0973
27    45.1498
28    38.1788
29    45.4154
33    50.5626
15 13.796  10
34    46.1029
35    41.2917
36    55.5808
37    42.2411
38    58.6818
39    52.3681
40    61.7507
42    41.2889
57    43.0816
71    52.3196
16 13.7353  4
33    48.9421
52    35.1575
70    39.7536
71    61.5923
17 13.5369  3
30    48.2472
95    48.4458
96    36.0273
18 12.889  2
41    62.3898
96    52.3681
19 10.7732  6
54    48.704
71    61.8725
87    59.1267
96    38.3894
105    59.3602
138    35.7727
20 13.8641  3
43    52.0449
54    54.6451
56    40.5657
21 13.9575  1
44    42.449
22 14.2624  3
43    60.6951
52    35.0009
86    54.0518
23 5.25758  1
33    61.8963
24 5.85269  1
52    57.0338
25 7.79611  2
33    36.0273
56    53.2104
26 14.1424  7
88    57.5886
89    48.7974
90    50.0902
91    54.3118
92    38.0973
93    45.1498
105    54.5828
27 14.8663  4
33    38.3894
56    43.9477
94    38.1788
96    55.5808
28 7.22999  4
31    48.2939
32    48.4458
44    44.1244
52    44.1766
29 12.2939  1
56    54.1992
30 8.82977  4
33    61.5996
44    41.4684
136    39.7536
138    61.5923
31 7.51778  1
33    43.1347
32 13.2336  2
43    58.5829
70    55.8399
33 11.8984  1
71    35.7727
34 7.53822  3
54    42.503
86    42.3775
161    50.0902
35 13.3004  3
43    42.2109
70    60.6108
86    39.586
36 12.1166  4
44    56.1576
52    35.0375
54    64.848
56    40.8687
37 8.25083  2
42    64.4763
105    64.8315
38 5.62716  9
45    59.3602
46    54.5828
47    38.9827
48    48.0403
49    47.6182
50    46.2394
51    41.7367
54    49.7853
71    62.7871
39 7.05969  1
55    59.5369
40 11.7379  3
54    36.8284
94    45.4154
95    62.8649
41 7.01422  3
44    53.2196
86    54.7678
137    43.0871
42 11.5893  2
70    50.558
125    43.9477
43 6.52867  4
101    58.5829
102    52.0449
103    60.6951
104    58.9427
44 10.0035  1
162    0
45 11.3506  1
57    41.3704
46 5.74953  1
56    55.1605
47 7.45918  1
86    50.0105
48 13.0422  4
56    37.7293
70    58.6671
95    61.5996
161    48.7974
49 11.2737  2
54    39.1859
138    62.4273
50 5.49837  1
162    0
51 6.63915  3
98    41.2889
99    55.5716
100    42.2109
52 10.3645  1
54    41.0051
53 12.5295  4
56    64.2547
70    61.2059
105    53.2196
137    58.6671
54 9.59914  3
113    35.0375
114    35.1575
136    45.5243
55 10.0301  1
162    0
56 11.4373  1
95    48.2939
57 6.03244  3
87    51.0936
124    40.8687
125    64.2547
58 8.38328  7
65    49.4099
66    52.0907
67    60.8452
68    59.4325
69    54.819
70    61.3881
86    37.2486
59 6.0596  1
162    0
60 8.47179  6
72    37.5581
73    43.3883
74    62.4273
75    64.599
76    41.69
95    43.1347
61 6.34861  2
95    48.9421
96    41.2917
62 9.41572  2
86    55.2136
96    46.1029
63 9.43129  3
70    43.0871
136    56.586
138    43.3883
64 9.48195  1
70    61.444
65 9.64736  9
77    56.8818
78    46.4893
79    42.5533
80    59.7008
81    55.6952
82    42.6147
83    59.9013
84    56.3498
85    44.7525
66 10.1875  2
87    53.8211
136    52.0907
67 11.9515  1
162    0
68 7.71157  8
107    46.2394
108    41.7367
109    57.0338
110    46.9865
111    44.1766
112    35.0009
136    49.4099
138    61.8725
69 13.8665  1
162    0
70 13.9654  2
86    36.8815
138    62.7871
71 14.2883  1
162    0
72 5.34242  2
94    39.0458
96    42.2411
73 6.1298  1
95    55.8545
74 8.70098  1
162    0
75 7.09723  1
95    50.5626
76 11.8603  1
95    48.2472
77 7.41371  1
105    44.1244
78 12.8939  1
105    56.1576
79 10.7894  1
162    0
80 13.9169  1
162    0
81 14.1299  1
162    0
82 14.8254  1
87    36.4951
83 7.09632  1
105    38.9827
84 11.8572  1
162    0
85 7.40364  7
130    55.838
131    43.0816
132    61.4257
133    61.3286
134    61.0109
135    59.9736
136    39.402
86 12.861  1
106    48.0403
87 10.6816  1
96    61.7507
88 13.565  1
162    0
89 12.9809  4
139    64.599
140    41.69
141    56.8818
142    46.4893
90 11.0732  1
137    61.444
91 14.8437  2
105    41.4684
136    59.4325
92 7.15613  1
125    37.7293
93 12.0525  1
162    0
94 8.04147  1
105    42.449
95 14.9438  1
137    50.558
96 7.48299  1
124    59.5369
97 13.1201  1
105    64.5312
98 11.5276  6
115    35.5493
116    36.8284
117    41.0051
118    54.6451
119    39.1859
120    48.704
99 6.32756  1
162    0
100 9.34675  1
162    0
101 9.20606  1
162    0
102 8.74645  1
162    0
103 7.24555  1
162    0
104 12.3446  2
136    60.8452
161    39.9174
105 8.99548  1
162    0
106 8.05887  1
162    0
107 5.00031  4
121    49.7853
122    53.3166
123    64.848
124    55.1605
108 5.01251  1
162    0
109 5.05249  1
162    0
110 5.18311  1
162    0
111 5.60945  1
162    0
112 7.00171  1
162    0
113 11.5484  1
162    0
114 6.39531  1
162    0
115 9.56801  1
162    0
116 9.92843  1
162    0
117 11.1055  1
124    42.503
118 14.9493  1
162    0
119 7.50099  1
136    54.819
120 13.179  1
162    0
121 11.7202  3
158    37.2486
159    42.3775
160    59.1267
122 6.95624  1
162    0
123 11.3997  2
149    44.7525
150    36.8815
124 5.90976  1
137    61.3881
125 7.98257  4
126    40.5657
127    53.2104
128    64.501
129    41.3704
126 14.7516  1
162    0
127 6.85522  1
161    51.0936
128 11.0701  1
162    0
129 14.8337  1
162    0
130 7.12348  1
162    0
131 11.946  1
162    0
132 7.69387  1
162    0
133 13.8086  7
151    41.1791
152    55.2136
153    41.0427
154    54.7678
155    39.586
156    50.0105
157    54.0518
134 13.7762  1
162    0
135 13.6703  1
162    0
136 13.3245  1
138    37.5581
137 12.1953  1
161    54.3118
138 8.5081  1
162    0
139 6.46733  6
143    42.5533
144    59.7008
145    55.6952
146    42.6147
147    59.9013
148    56.3498
140 9.80331  1
162    0
141 10.6969  1
161    53.8211
142 13.6151  1
162    0
143 13.1442  1
162    0
144 11.6063  1
162    0
145 6.58452  1
162    0
146 10.186  1
162    0
147 11.9466  1
162    0
148 7.6957  1
162    0
149 13.8147  1
162    0
150 13.796  1
162    0
151 13.7353  1
162    0
152 13.5369  1
162    0
153 12.889  1
162    0
154 10.7732  1
162    0
155 13.8641  1
162    0
156 13.9575  1
162    0
157 14.2624  1
162    0
158 5.25758  1
162    0
159 5.85269  1
162    0
160 7.79611  1
162    0
161 14.1424  1
162    0
162 0  0
