46
0 9.43129  1
1    7.00751
1 9.48195  5
2    7.0315
15    10.6421
20    11.8865
31    11.9803
32    7.9172
2 9.64736  6
3    7.10987
4    7.36567
5    8.20103
6    7.83718
16    9.10486
19    12.169
3 10.1875  2
16    12.2657
19    10.4181
4 11.9515  10
7    9.74081
8    9.95706
9    10.6633
10    12.9696
11    8.5006
12    11.9074
13    11.0321
14    8.17374
16    12.2851
31    7.37629
5 7.71157  6
6    10.929
16    12.2022
20    8.61742
21    12.1222
31    11.139
34    10.2187
6 13.8665  4
15    12.9002
20    11.168
22    12.3745
34    7.98349
7 13.9654  5
15    7.54585
16    11.9947
20    10.9638
31    11.9402
35    9.02997
8 14.2883  4
15    8.78954
16    8.61632
20    12.2776
31    8.51067
9 5.34242  2
16    11.1676
20    7.95071
10 6.1298  2
15    12.8509
21    11.7334
11 8.70098  6
15    10.8398
16    11.3172
21    10.4639
31    8.52293
33    8.47551
34    7.29902
12 7.09723  4
17    7.8804
18    9.88198
20    12.2888
33    10.8104
13 11.8603  1
45    0
14 7.41371  3
15    8.11313
32    10.9536
35    9.08307
15 12.8939  4
16    8.27409
22    12.5574
31    8.23582
32    8.20853
16 10.7894  10
23    7.15455
24    7.51161
25    8.67766
26    12.4855
27    12.9198
28    8.33799
29    11.3764
30    9.29786
31    11.27
34    11.5177
17 13.9169  2
21    12.2412
34    10.7642
18 14.1299  1
20    10.1116
19 14.8254  1
45    0
20 7.09632  2
21    12.3185
31    11.0427
21 11.8572  9
36    7.80917
37    9.64943
38    9.65877
39    9.68917
40    9.78841
41    10.1125
42    11.1709
43    8.62694
44    12.3199
22 7.40364  2
34    9.75948
35    7.61946
23 12.861  2
31    8.9505
35    10.8624
24 10.6816  1
34    11.8253
25 13.565  1
45    0
26 12.9809  1
33    10.0021
27 11.0732  1
45    0
28 14.8437  1
35    7.63576
29 7.15613  1
45    0
30 12.0525  1
45    0
31 8.04147  1
45    0
32 14.9438  1
33    7.44972
33 7.48299  1
35    10.018
34 13.1201  1
45    0
35 11.5276  1
45    0
36 6.32756  1
45    0
37 9.34675  1
45    0
38 9.20606  1
45    0
39 8.74645  1
45    0
40 7.24555  1
45    0
41 12.3446  1
45    0
42 8.99548  1
45    0
43 8.05887  1
45    0
44 5.00031  1
45    0
45 0  0
