193
0 5.49837  10
1    35.0009
2    35.0375
3    35.1575
4    35.5493
5    36.8284
6    41.0051
7    54.6451
8    39.1859
9    42.503
10    40.8687
1 6.63915  3
9    59.5369
19    59.9736
29    61.8725
2 10.3645  3
9    53.3166
10    54.1992
29    37.5581
3 12.5295  2
9    49.7853
52    48.2939
4 9.59914  2
9    55.1605
29    58.6671
5 10.0301  2
9    64.848
19    45.5243
6 11.4373  3
9    48.704
29    62.7871
52    38.0973
7 6.03244  5
20    60.8452
21    59.4325
22    54.819
23    39.7536
29    60.6108
8 8.38328  6
10    43.9477
52    38.1788
137    42.5533
174    59.3602
177    57.0338
179    55.1605
9 6.0596  1
10    37.7293
10 8.47179  9
11    64.2547
12    40.5657
13    53.2104
14    64.501
15    41.3704
16    55.838
17    43.0816
18    61.4257
19    39.402
11 6.34861  10
164    52.0449
165    60.6951
166    58.9427
167    53.2196
168    64.5312
169    41.4684
170    56.1576
171    44.1244
172    64.8315
173    42.449
12 9.41572  2
19    56.586
152    43.1347
13 9.43129  3
91    44.1766
154    36.0273
177    46.9865
14 9.48195  2
29    61.2059
150    50.0902
15 9.64736  1
19    52.0907
16 10.1875  3
19    61.3286
178    41.0051
181    61.3286
17 11.9515  2
19    61.0109
151    39.0458
18 7.71157  1
19    49.4099
19 13.8665  7
24    50.558
25    55.8399
26    43.0871
27    61.444
28    61.3881
29    61.5923
102    37.7293
20 13.9654  2
30    43.3883
102    53.2104
21 14.2883  1
192    0
22 5.34242  1
192    0
23 6.1298  1
29    52.3196
24 8.70098  1
51    48.7974
25 7.09723  3
29    35.7727
30    62.4273
101    59.5369
26 11.8603  1
192    0
27 7.41371  7
35    42.5533
36    59.7008
37    55.6952
38    42.6147
39    59.9013
40    56.3498
51    51.0936
28 12.8939  2
52    45.4154
152    48.2472
29 10.7894  6
31    64.599
32    41.69
33    56.8818
34    46.4893
178    39.1859
180    64.2547
30 13.9169  2
79    53.2196
80    64.5312
31 14.1299  1
52    48.2472
32 14.8254  10
41    44.7525
42    36.8815
43    41.1791
44    55.2136
45    41.0427
46    54.7678
47    39.586
48    50.0105
49    54.0518
50    37.2486
33 7.09632  2
150    48.7974
180    54.1992
34 11.8572  6
103    55.838
104    43.0816
105    61.4257
106    61.3286
107    61.0109
108    59.9736
35 7.40364  1
52    50.0902
36 12.861  5
51    36.4951
102    40.5657
152    55.8545
175    38.9827
180    53.2104
37 10.6816  4
51    39.9174
52    39.0458
154    46.1029
178    36.8284
38 13.565  2
51    59.1267
91    57.0338
39 12.9809  1
192    0
40 11.0732  1
192    0
41 14.8437  1
52    54.3118
42 7.15613  7
68    52.3681
69    61.7507
70    62.3898
71    64.4763
72    41.2889
73    55.5716
74    42.2109
43 12.0525  1
192    0
44 8.04147  2
51    57.5886
137    55.6952
45 14.9438  1
51    53.8211
46 7.48299  1
192    0
47 13.1201  2
51    42.3775
52    45.1498
48 11.5276  1
102    64.2547
49 6.32756  10
81    41.4684
82    56.1576
83    44.1244
84    64.8315
85    42.449
86    59.3602
87    54.5828
88    38.9827
89    48.0403
90    47.6182
50 9.34675  5
75    58.5829
76    52.0449
77    60.6951
78    58.9427
137    36.8815
51 9.20606  1
192    0
52 8.74645  6
53    48.4458
54    48.9421
55    50.5626
56    55.8545
57    43.1347
102    41.3704
53 7.24555  1
192    0
54 12.3446  1
137    59.9013
55 8.99548  10
58    61.5996
59    61.8963
60    62.8649
61    36.0273
62    38.3894
63    46.1029
64    41.2917
65    55.5808
66    42.2411
67    58.6818
56 8.05887  8
156    52.3681
157    61.7507
158    62.3898
159    64.4763
160    41.2889
161    55.5716
162    42.2109
163    58.5829
57 5.00031  2
91    41.7367
178    35.0009
58 5.01251  2
102    43.9477
180    40.8687
59 5.05249  1
192    0
60 5.18311  1
152    48.4458
61 5.60945  2
91    46.2394
155    55.5808
62 7.00171  1
101    53.3166
63 11.5484  1
192    0
64 6.39531  1
101    64.848
65 9.56801  2
102    64.501
152    48.2939
66 9.92843  1
192    0
67 11.1055  1
92    35.0009
68 14.9493  1
192    0
69 7.50099  6
127    61.5923
128    61.8725
129    62.7871
130    35.7727
131    37.5581
132    43.3883
70 13.179  10
140    54.7678
141    39.586
142    50.0105
143    54.0518
144    37.2486
145    42.3775
146    59.1267
147    53.8211
148    36.4951
149    39.9174
71 11.7202  1
102    54.1992
72 6.95624  1
150    38.0973
73 11.3997  1
152    48.9421
74 5.90976  4
123    61.2059
124    60.6108
125    58.6671
126    52.3196
75 7.98257  6
93    35.1575
94    35.5493
95    36.8284
96    41.0051
97    54.6451
98    39.1859
76 14.7516  1
192    0
77 6.85522  1
192    0
78 11.0701  1
178    54.6451
79 14.8337  1
192    0
80 7.12348  3
115    59.4325
116    54.819
117    39.7536
81 11.946  1
192    0
82 7.69387  1
192    0
83 13.8086  2
101    40.8687
150    45.1498
84 13.7762  1
192    0
85 13.6703  1
91    46.9865
86 13.3245  1
192    0
87 12.1953  1
192    0
88 8.5081  2
101    42.503
137    42.6147
89 6.46733  1
179    59.5369
90 9.80331  1
92    35.0375
91 10.6969  1
192    0
92 13.6151  1
192    0
93 13.1442  1
192    0
94 11.6063  2
155    58.6818
180    37.7293
95 6.58452  2
99    48.704
100    49.7853
96 10.186  1
192    0
97 11.9466  4
133    62.4273
134    64.599
135    41.69
136    56.8818
98 7.6957  1
192    0
99 13.8147  1
101    55.1605
100 13.796  1
137    59.7008
101 13.7353  1
192    0
102 13.5369  1
137    56.3498
103 12.889  1
150    57.5886
104 10.7732  1
192    0
105 13.8641  2
137    44.7525
153    61.5996
106 13.9575  1
192    0
107 14.2624  6
109    56.586
110    45.5243
111    39.402
112    49.4099
113    52.0907
114    60.8452
108 5.25758  1
192    0
109 5.85269  2
153    61.8963
179    53.3166
110 7.79611  1
178    35.1575
111 14.1424  2
150    54.3118
177    41.7367
112 14.8663  2
150    38.1788
181    41.3704
113 7.22999  1
192    0
114 12.2939  1
192    0
115 8.82977  5
118    50.558
119    55.8399
120    43.0871
121    61.444
122    61.3881
116 7.51778  1
150    51.0936
117 13.2336  1
137    41.1791
118 11.8984  1
192    0
119 7.53822  1
192    0
120 13.3004  1
192    0
121 12.1166  1
192    0
122 8.25083  2
137    46.4893
154    62.8649
123 5.62716  1
176    46.2394
124 7.05969  1
178    35.0375
125 11.7379  1
154    38.3894
126 7.01422  1
192    0
127 11.5893  1
155    42.2411
128 6.52867  1
179    64.848
129 10.0035  1
192    0
130 11.3506  2
151    45.4154
178    44.1766
131 5.74953  2
175    47.6182
179    48.704
132 7.45918  1
192    0
133 13.0422  1
192    0
134 11.2737  1
192    0
135 5.49837  2
138    55.2136
139    41.0427
136 6.63915  1
192    0
137 10.3645  2
174    54.5828
180    64.501
138 12.5295  1
192    0
139 9.59914  1
192    0
140 10.0301  1
175    48.0403
141 11.4373  1
192    0
142 6.03244  1
192    0
143 8.38328  1
179    42.503
144 6.0596  1
192    0
145 8.47179  1
192    0
146 6.34861  1
192    0
147 9.41572  3
152    50.5626
180    40.5657
181    61.4257
148 9.43129  1
192    0
149 9.48195  1
155    41.2917
150 9.64736  1
181    55.838
151 10.1875  1
192    0
152 11.9515  1
192    0
153 7.71157  1
192    0
154 13.8665  1
192    0
155 13.9654  1
192    0
156 14.2883  1
192    0
157 5.34242  1
192    0
158 6.1298  1
192    0
159 8.70098  1
192    0
160 7.09723  1
192    0
161 11.8603  1
192    0
162 7.41371  1
192    0
163 12.8939  1
192    0
164 10.7894  1
192    0
165 13.9169  1
192    0
166 14.1299  10
182    59.9736
183    56.586
184    45.5243
185    39.402
186    49.4099
187    52.0907
188    60.8452
189    59.4325
190    54.819
191    39.7536
167 14.8254  1
180    43.9477
168 7.09632  1
192    0
169 11.8572  1
192    0
170 7.40364  1
192    0
171 12.861  1
192    0
172 10.6816  1
192    0
173 13.565  1
192    0
174 12.9809  1
192    0
175 11.0732  1
179    49.7853
176 14.8437  1
192    0
177 7.15613  1
178    35.5493
178 12.0525  1
181    61.0109
179 8.04147  1
181    43.0816
180 14.9438  1
192    0
181 7.48299  1
192    0
182 13.1201  1
192    0
183 11.5276  1
192    0
184 6.32756  1
192    0
185 9.34675  1
192    0
186 9.20606  1
192    0
187 8.74645  1
192    0
188 7.24555  1
192    0
189 12.3446  1
192    0
190 8.99548  1
192    0
191 8.05887  1
192    0
192 0  0
