42
0 11.5484  5
1    1.04639
2    1.23185
3    1.23745
4    1.25574
5    0.715455
1 6.39531  4
11    1.13764
12    1.19402
31    0.965877
35    1.23501
2 9.56801  1
32    1.23793
3 9.92843  2
12    0.929786
31    0.964943
4 11.1055  8
6    0.751161
7    0.867766
8    1.24855
9    1.29198
10    0.833799
21    1.02187
31    0.968917
35    0.844823
5 14.9493  5
12    1.1139
19    0.79172
31    0.978841
34    0.922059
39    1.06439
6 7.50099  2
12    0.852293
39    1.29062
7 13.179  9
13    1.19803
14    1.127
15    0.89505
16    0.737629
17    0.823582
18    1.10427
19    1.00021
20    0.847551
32    1.2573
8 11.7202  2
20    1.18253
40    0.848979
9 6.95624  1
36    0.844218
10 11.3997  1
21    0.798349
11 5.90976  1
12    0.851067
12 7.98257  2
19    0.820853
35    0.825779
13 14.7516  1
20    0.744972
14 6.85522  1
41    0
15 11.0701  2
19    1.09536
35    1.17364
16 14.8337  1
31    1.01125
17 7.12348  4
19    1.08104
21    1.07642
32    1.23199
40    1.29663
18 11.946  1
39    0.882488
19 7.69387  3
21    0.729902
32    1.11709
40    1.1872
20 13.8086  1
41    0
21 13.7762  9
22    1.15177
23    0.975948
24    1.0018
25    1.08624
26    0.761946
27    0.902997
28    0.763576
29    0.908307
30    0.780917
22 13.6703  1
41    0
23 13.3245  1
39    0.829368
24 12.1953  2
35    1.28953
39    1.12315
25 8.5081  1
41    0
26 6.46733  1
41    0
27 9.80331  1
34    0.825834
28 10.6969  1
32    0.862694
29 13.6151  2
36    1.11143
39    1.17885
30 13.1442  2
35    1.11162
36    1.17166
31 11.6063  2
32    0.720545
35    1.04736
32 6.58452  2
33    0.767788
35    1.24779
33 10.186  1
38    1.2139
34 11.9466  1
41    0
35 7.6957  1
41    0
36 13.8147  1
37    1.0409
37 13.796  1
41    0
38 13.7353  1
41    0
39 13.5369  1
41    0
40 12.889  1
41    0
41 0  0
