227
0 8.25083  4
1    53.2104
17    61.444
155    60.6951
195    41.1791
1 5.62716  4
2    64.501
74    62.3898
117    52.3196
133    45.4154
2 7.05969  9
3    41.3704
4    55.838
5    43.0816
6    61.4257
7    61.3286
8    61.0109
9    59.9736
10    56.586
11    45.5243
3 11.7379  2
131    59.1267
158    39.1859
4 7.01422  6
12    39.402
13    49.4099
14    52.0907
15    60.8452
16    59.4325
82    38.9827
5 11.5893  1
42    50.0105
6 6.52867  3
17    43.0871
42    54.7678
205    53.8211
7 10.0035  5
17    50.558
42    41.0427
82    64.8315
215    50.5626
216    58.6818
8 11.3506  1
17    55.8399
9 5.74953  1
42    39.586
10 7.45918  1
17    61.2059
11 13.0422  1
226    0
12 11.2737  3
17    61.3881
133    45.1498
155    52.0449
13 5.49837  1
17    54.819
14 6.63915  3
17    39.7536
82    48.0403
109    61.4257
15 10.3645  9
33    59.7008
34    55.6952
35    42.6147
36    59.9013
37    56.3498
38    44.7525
39    36.8815
40    41.1791
41    55.2136
16 12.5295  5
28    64.599
29    41.69
30    56.8818
31    46.4893
74    64.4763
17 9.59914  10
18    60.6108
19    58.6671
20    52.3196
21    61.5923
22    61.8725
23    62.7871
24    35.7727
25    37.5581
26    43.3883
27    62.4273
18 10.0301  1
226    0
19 11.4373  2
59    48.9421
74    52.0449
20 6.03244  2
74    61.7507
115    52.0907
21 8.38328  6
53    50.0902
54    54.3118
55    38.0973
56    45.1498
57    38.1788
132    48.7974
22 6.0596  1
116    43.0871
23 8.47179  2
74    41.2889
157    46.9865
24 6.34861  3
82    42.449
131    39.586
157    35.5493
25 9.41572  1
226    0
26 9.43129  2
32    42.5533
82    46.2394
27 9.48195  1
226    0
28 9.64736  2
59    48.4458
215    61.5996
29 10.1875  10
43    54.0518
44    37.2486
45    42.3775
46    59.1267
47    53.8211
48    36.4951
49    39.9174
50    51.0936
51    57.5886
52    48.7974
30 11.9515  1
226    0
31 7.71157  1
131    37.2486
32 13.8665  1
73    52.3681
33 13.9654  3
116    60.6108
156    46.2394
195    56.3498
34 14.2883  2
59    48.2472
157    35.0375
35 5.34242  1
155    64.5312
36 6.1298  2
130    55.2136
205    51.0936
37 8.70098  1
131    53.8211
38 7.09723  1
226    0
39 11.8603  10
145    42.2411
146    58.6818
147    52.3681
148    61.7507
149    62.3898
150    64.4763
151    41.2889
152    55.5716
153    42.2109
154    58.5829
40 7.41371  3
59    39.0458
117    43.3883
205    48.7974
41 12.8939  3
74    58.5829
117    58.6671
133    39.0458
42 10.7894  3
59    48.2939
109    61.3286
132    50.0902
43 13.9169  1
226    0
44 14.1299  5
119    64.599
120    41.69
121    56.8818
122    46.4893
123    42.5533
45 14.8254  6
69    41.2917
70    55.5808
71    42.2411
72    58.6818
74    55.5716
132    51.0936
46 7.09632  1
130    54.7678
47 11.8572  1
133    48.9421
48 7.40364  2
82    54.5828
117    35.7727
49 12.861  2
58    45.4154
194    37.5581
50 10.6816  2
156    48.0403
216    55.5808
51 13.565  1
159    59.5369
52 12.9809  10
60    50.5626
61    55.8545
62    43.1347
63    61.5996
64    61.8963
65    62.8649
66    36.0273
67    38.3894
68    46.1029
82    59.3602
53 11.0732  1
116    55.8399
54 14.8437  1
131    42.3775
55 7.15613  2
82    47.6182
205    39.9174
56 12.0525  2
115    39.7536
158    41.0051
57 8.04147  1
116    50.558
58 14.9438  1
130    41.0427
59 7.48299  8
124    59.7008
125    55.6952
126    42.6147
127    59.9013
128    56.3498
129    44.7525
155    53.2196
215    55.8545
60 13.1201  2
130    36.8815
133    38.0973
61 11.5276  9
83    57.0338
84    46.9865
85    44.1766
86    35.0009
87    35.0375
88    35.1575
89    35.5493
90    36.8284
215    43.1347
62 6.32756  6
160    40.8687
161    54.1992
162    37.7293
163    43.9477
164    64.2547
165    40.5657
63 9.34675  8
166    53.2104
167    64.501
168    41.3704
169    55.838
170    43.0816
171    61.4257
172    61.3286
173    61.0109
64 9.20606  10
91    41.0051
92    54.6451
93    39.1859
94    48.704
95    49.7853
96    53.3166
97    64.848
98    42.503
99    59.5369
131    39.9174
65 8.74645  4
82    41.7367
117    61.8725
156    64.8315
195    59.9013
66 7.24555  1
115    60.8452
67 12.3446  9
75    60.6951
76    58.9427
77    53.2196
78    64.5312
79    41.4684
80    56.1576
81    44.1244
109    55.838
115    54.819
68 8.99548  1
226    0
69 8.05887  2
132    57.5886
155    58.9427
70 5.00031  1
195    36.8815
71 5.01251  1
226    0
72 5.05249  1
74    42.2109
73 5.18311  1
226    0
74 5.60945  10
100    55.1605
101    40.8687
102    54.1992
103    37.7293
104    43.9477
105    64.2547
106    40.5657
107    53.2104
108    64.501
131    36.4951
75 7.00171  5
111    56.586
112    45.5243
113    39.402
114    49.4099
116    61.2059
76 11.5484  1
226    0
77 6.39531  1
226    0
78 9.56801  1
226    0
79 9.92843  1
226    0
80 11.1055  4
109    41.3704
115    59.4325
117    37.5581
133    38.1788
81 14.9493  1
133    54.3118
82 7.50099  2
131    50.0105
155    44.1244
83 13.179  1
216    41.2917
84 11.7202  1
109    43.0816
85 6.95624  6
174    59.9736
175    56.586
176    45.5243
177    39.402
194    41.69
195    59.7008
86 11.3997  1
226    0
87 5.90976  1
226    0
88 7.98257  1
226    0
89 14.7516  1
117    61.5923
90 6.85522  1
226    0
91 11.0701  3
116    61.444
194    43.3883
216    36.0273
92 14.8337  1
226    0
93 7.12348  1
226    0
94 11.946  2
110    61.0109
116    61.3881
95 7.69387  9
217    52.3681
218    61.7507
219    62.3898
220    64.4763
221    41.2889
222    55.5716
223    42.2109
224    58.5829
225    52.0449
96 13.8086  2
187    61.444
216    62.8649
97 13.7762  1
226    0
98 13.6703  1
226    0
99 13.3245  2
156    54.5828
159    64.848
100 12.1953  1
226    0
101 8.5081  3
110    59.9736
118    62.4273
156    41.7367
102 6.46733  2
133    48.4458
157    35.1575
103 9.80331  1
226    0
104 10.6969  1
226    0
105 13.6151  5
206    54.3118
207    38.0973
208    45.1498
209    38.1788
210    45.4154
106 13.1442  1
226    0
107 11.6063  1
158    54.6451
108 6.58452  1
117    62.7871
109 10.186  1
159    42.503
110 11.9466  2
187    61.2059
195    46.4893
111 7.6957  3
143    41.2917
144    55.5808
155    56.1576
112 13.8147  1
226    0
113 13.796  1
158    48.704
114 13.7353  1
130    41.1791
115 13.5369  1
159    55.1605
116 12.889  1
226    0
117 10.7732  2
131    54.0518
133    48.2472
118 13.8641  1
226    0
119 13.9575  1
195    42.6147
120 14.2624  1
226    0
121 5.25758  1
226    0
122 5.85269  1
226    0
123 7.79611  1
226    0
124 14.1424  1
226    0
125 14.8663  1
194    64.599
126 7.22999  9
178    49.4099
179    52.0907
180    60.8452
181    59.4325
182    54.819
183    39.7536
184    50.558
185    55.8399
186    43.0871
127 12.2939  4
211    39.0458
212    48.2472
213    48.2939
214    48.4458
128 8.82977  1
226    0
129 7.51778  10
134    50.5626
135    55.8545
136    43.1347
137    61.5996
138    61.8963
139    62.8649
140    36.0273
141    38.3894
142    46.1029
216    46.1029
130 13.2336  1
133    48.2939
131 11.8984  1
226    0
132 7.53822  1
226    0
133 13.3004  1
158    49.7853
134 12.1166  1
156    57.0338
135 8.25083  1
226    0
136 5.62716  1
194    56.8818
137 7.05969  1
157    36.8284
138 11.7379  1
226    0
139 7.01422  1
157    35.0009
140 11.5893  1
226    0
141 6.52867  1
216    42.2411
142 10.0035  1
205    36.4951
143 11.3506  1
156    47.6182
144 5.74953  1
226    0
145 7.45918  1
155    41.4684
146 13.0422  1
194    35.7727
147 11.2737  1
226    0
148 5.49837  1
156    42.449
149 6.63915  1
226    0
150 10.3645  1
226    0
151 12.5295  1
156    38.9827
152 9.59914  1
157    44.1766
153 10.0301  1
226    0
154 11.4373  1
156    59.3602
155 6.03244  1
158    53.3166
156 8.38328  1
226    0
157 6.0596  1
226    0
158 8.47179  4
201    54.0518
202    37.2486
203    42.3775
204    59.1267
159 6.34861  1
226    0
160 9.41572  1
215    48.9421
161 9.43129  1
226    0
162 9.48195  1
226    0
163 9.64736  1
226    0
164 10.1875  1
226    0
165 11.9515  1
226    0
166 7.71157  1
226    0
167 13.8665  1
226    0
168 13.9654  1
195    44.7525
169 14.2883  1
195    55.6952
170 5.34242  1
195    42.5533
171 6.1298  1
226    0
172 8.70098  1
226    0
173 7.09723  1
226    0
174 11.8603  1
226    0
175 7.41371  6
188    60.6108
189    58.6671
190    52.3196
191    61.5923
192    61.8725
193    62.7871
176 12.8939  1
187    61.3881
177 10.7894  1
216    38.3894
178 13.9169  1
226    0
179 14.1299  1
226    0
180 14.8254  1
226    0
181 7.09632  1
205    57.5886
182 11.8572  1
226    0
183 7.40364  2
200    50.0105
205    50.0902
184 12.861  1
194    62.4273
185 10.6816  1
226    0
186 13.565  1
226    0
187 12.9809  1
226    0
188 11.0732  1
226    0
189 14.8437  1
226    0
190 7.15613  1
216    61.8963
191 12.0525  1
226    0
192 8.04147  4
196    55.2136
197    41.0427
198    54.7678
199    39.586
193 14.9438  1
226    0
194 7.48299  1
226    0
195 13.1201  1
226    0
196 11.5276  1
226    0
197 6.32756  1
226    0
198 9.34675  1
226    0
199 9.20606  1
226    0
200 8.74645  1
226    0
201 7.24555  1
226    0
202 12.3446  1
226    0
203 8.99548  1
226    0
204 8.05887  1
226    0
205 5.00031  1
226    0
206 5.01251  1
226    0
207 5.05249  1
226    0
208 5.18311  1
226    0
209 5.60945  1
226    0
210 7.00171  1
226    0
211 11.5484  1
226    0
212 6.39531  1
226    0
213 9.56801  1
226    0
214 9.92843  1
226    0
215 11.1055  1
226    0
216 14.9493  1
226    0
217 7.50099  1
226    0
218 13.179  1
226    0
219 11.7202  1
226    0
220 6.95624  1
226    0
221 11.3997  1
226    0
222 5.90976  1
226    0
223 7.98257  1
226    0
224 14.7516  1
226    0
225 6.85522  1
226    0
226 0  0
