104
0 9.59914  10
1    1.25574
2    0.715455
3    0.751161
4    0.867766
5    1.24855
6    1.29198
7    0.833799
8    1.13764
9    0.929786
10    1.127
1 10.0301  3
10    0.89505
11    0.744972
16    0.975948
2 11.4373  3
11    1.00021
25    1.2573
26    1.23501
3 6.03244  3
10    0.852293
11    1.18253
26    0.825834
4 8.38328  4
10    1.19803
11    1.10427
16    0.761946
25    0.720545
5 6.0596  5
10    0.823582
11    1.08104
27    1.0409
55    1.29002
71    0.751161
6 8.47179  3
10    1.1139
11    1.09536
25    0.922059
7 6.34861  4
10    0.851067
11    0.847551
54    1.29696
71    1.17334
8 9.41572  6
10    0.737629
11    1.07642
16    0.902997
25    1.23793
26    1.28953
27    0.844218
9 9.43129  4
10    1.19402
11    0.79172
16    1.08624
27    1.17166
10 9.48195  3
11    0.820853
16    1.0018
26    1.24779
11 9.64736  4
12    0.729902
13    0.798349
14    1.02187
15    1.15177
12 10.1875  1
103    0
13 11.9515  3
16    0.908307
26    1.11162
27    1.2139
14 7.71157  9
17    0.780917
18    0.964943
19    0.965877
20    0.968917
21    0.978841
22    1.01125
23    1.11709
24    0.862694
26    0.825779
15 13.8665  3
16    0.763576
25    0.767788
26    1.04736
16 13.9654  2
25    1.23199
62    0.78804
17 14.2883  1
26    1.17364
18 5.34242  1
54    0.817374
19 6.1298  9
29    1.06439
30    1.29062
31    0.829368
32    1.12315
33    0.882488
34    1.29663
35    0.848979
36    1.1872
37    1.09166
20 8.70098  6
56    0.827409
57    1.11676
58    0.861632
59    1.22851
60    1.22657
61    1.22022
21 7.09723  8
83    0.89505
84    0.737629
85    0.823582
86    1.10427
87    0.820853
88    1.09536
89    0.79172
90    1.00021
22 11.8603  2
26    0.844823
54    1.08398
23 7.41371  1
62    1.13172
24 12.8939  1
103    0
25 10.7894  2
26    1.11143
28    1.17885
26 13.9169  1
103    0
27 14.1299  10
38    0.779653
39    0.960805
40    0.952364
41    0.924787
42    0.834733
43    1.14068
44    0.939729
45    0.883532
46    0.700018
55    0.811313
28 14.8254  1
103    0
29 7.09632  2
54    1.19074
91    1.08104
30 11.8572  1
103    0
31 7.40364  2
47    0.703149
54    1.06633
32 12.861  1
62    1.2169
33 10.6816  1
103    0
34 13.565  1
103    0
35 12.9809  2
47    0.700751
55    1.06421
36 11.0732  2
62    1.09638
71    1.04639
37 14.8437  2
54    1.10321
62    1.19947
38 7.15613  1
103    0
39 12.0525  1
103    0
40 8.04147  1
71    1.23185
41 14.9438  1
103    0
42 7.48299  1
71    0.715455
43 13.1201  1
62    0.910486
44 11.5276  7
48    0.736567
49    0.820103
50    1.0929
51    0.783718
52    0.974081
53    0.995706
62    1.04181
45 6.32756  1
103    0
46 9.34675  2
47    0.710987
91    0.847551
47 9.20606  1
71    0.867766
48 8.74645  1
103    0
49 7.24555  2
54    0.85006
62    1.18865
50 12.3446  2
54    0.754585
91    1.18253
51 8.99548  1
71    1.23745
52 8.05887  7
64    1.01116
65    1.1168
66    0.861742
67    1.22888
68    1.22776
69    1.22412
70    1.21222
53 5.00031  1
55    0.878954
54 5.01251  1
55    1.28509
55 5.05249  1
103    0
56 5.18311  1
91    0.744972
57 5.60945  1
103    0
58 7.00171  1
103    0
59 11.5484  1
63    0.795071
60 6.39531  1
62    0.988198
61 9.56801  1
71    1.25574
62 9.92843  9
72    1.24855
73    1.29198
74    0.833799
75    1.13764
76    0.929786
77    0.851067
78    1.19402
79    1.1139
80    0.852293
63 11.1055  1
103    0
64 14.9493  10
93    0.729902
94    0.798349
95    1.02187
96    1.15177
97    0.975948
98    1.0018
99    1.08624
100    0.761946
101    0.902997
102    0.763576
65 7.50099  1
103    0
66 13.179  1
103    0
67 11.7202  2
81    1.19803
82    1.127
68 6.95624  1
103    0
69 11.3997  1
103    0
70 5.90976  1
103    0
71 7.98257  1
103    0
72 14.7516  1
103    0
73 6.85522  1
103    0
74 11.0701  1
103    0
75 14.8337  1
103    0
76 7.12348  1
92    1.07642
77 11.946  1
103    0
78 7.69387  1
103    0
79 13.8086  1
103    0
80 13.7762  1
103    0
81 13.6703  1
103    0
82 13.3245  1
103    0
83 12.1953  1
103    0
84 8.5081  1
103    0
85 6.46733  1
103    0
86 9.80331  1
103    0
87 10.6969  1
103    0
88 13.6151  1
103    0
89 13.1442  1
103    0
90 11.6063  1
103    0
91 6.58452  1
103    0
92 10.186  1
103    0
93 11.9466  1
103    0
94 7.6957  1
103    0
95 13.8147  1
103    0
96 13.796  1
103    0
97 13.7353  1
103    0
98 13.5369  1
103    0
99 12.889  1
103    0
100 10.7732  1
103    0
101 13.8641  1
103    0
102 13.9575  1
103    0
103 0  0
