95
0 11.0701  1
1    10.409
1 14.8337  10
2    12.139
3    11.7885
4    10.6439
5    12.9062
6    8.29368
7    11.2315
8    8.82488
9    12.9663
10    8.48979
11    11.872
2 7.12348  2
20    7.10987
32    8.27409
3 11.946  5
17    8.34733
18    11.4068
20    8.20103
42    10.1116
70    9.02997
4 7.69387  6
12    10.9166
13    7.79653
14    9.60805
15    9.52364
16    9.24787
20    7.36567
5 13.8086  2
19    7.00018
43    12.2888
6 13.7762  1
20    7.83718
7 13.6703  3
30    12.8509
31    8.11313
68    7.98349
8 13.3245  1
19    9.39729
9 12.1953  2
20    7.00751
44    11.7334
10 8.5081  3
21    9.95706
44    12.1222
71    10.1125
11 6.46733  1
94    0
12 9.80331  2
20    7.0315
32    10.6421
13 10.6969  1
94    0
14 13.6151  8
34    9.10486
35    7.8804
36    9.88198
37    10.4181
38    12.169
39    11.8865
68    10.8104
70    9.65877
15 13.1442  3
19    8.83532
21    10.6633
32    12.9002
16 11.6063  2
20    9.74081
44    12.3745
17 6.58452  2
32    12.2657
68    11.8253
18 10.186  1
20    10.929
19 11.9466  1
94    0
20 7.6957  10
22    12.9696
23    8.5006
24    11.9074
25    11.0321
26    8.17374
27    10.8398
28    7.54585
29    8.78954
32    12.2851
33    11.3172
21 13.8147  1
70    9.68917
22 13.796  1
94    0
23 13.7353  2
32    11.1676
71    9.78841
24 13.5369  1
94    0
25 12.889  1
94    0
26 10.7732  1
71    11.1709
27 13.8641  1
68    10.2187
28 13.9575  1
32    8.61632
29 14.2624  1
44    12.2776
30 5.25758  1
32    12.2022
31 5.85269  1
33    11.9947
32 7.79611  1
69    10.018
33 14.1424  10
84    12.478
85    12.8953
86    8.25779
87    11.1143
88    8.44218
89    11.7166
90    10.409
91    12.139
92    11.7885
93    10.6439
34 14.8663  1
44    12.2412
35 7.22999  2
40    10.9638
41    7.95071
36 12.2939  1
43    8.61742
37 8.82977  1
94    0
38 7.51778  3
55    11.9402
56    11.139
57    8.52293
39 13.2336  2
43    11.168
70    7.63576
40 11.8984  9
75    7.20545
76    7.67788
77    9.22059
78    8.25834
79    11.1162
80    8.44823
81    11.7364
82    10.4736
83    12.3501
41 7.53822  1
94    0
42 13.3004  1
44    12.3185
43 12.1166  1
44    10.4639
44 8.25083  10
45    12.5574
46    7.15455
47    7.51161
48    8.67766
49    12.4855
50    12.9198
51    8.33799
52    11.3764
53    9.29786
54    8.51067
45 5.62716  2
58    11.9803
59    11.27
46 7.05969  1
94    0
47 11.7379  1
94    0
48 7.01422  1
70    9.64943
49 11.5893  2
68    8.47551
70    7.61946
50 6.52867  1
68    10.7642
51 10.0035  1
68    7.29902
52 11.3506  1
68    7.44972
53 5.74953  1
94    0
54 7.45918  3
72    12.3199
73    12.3793
74    12.573
55 13.0422  1
70    9.08307
56 11.2737  1
94    0
57 5.49837  8
60    8.9505
61    7.37629
62    8.23582
63    11.0427
64    8.20853
65    10.9536
66    7.9172
67    10.0021
58 6.63915  1
68    11.5177
59 10.3645  1
94    0
60 12.5295  1
94    0
61 9.59914  1
68    9.75948
62 10.0301  1
94    0
63 11.4373  1
69    10.8624
64 6.03244  1
94    0
65 8.38328  1
94    0
66 6.0596  1
70    7.80917
67 8.47179  1
94    0
68 6.34861  1
94    0
69 9.41572  1
71    8.62694
70 9.43129  1
94    0
71 9.48195  1
94    0
72 9.64736  1
94    0
73 10.1875  1
94    0
74 11.9515  1
94    0
75 7.71157  1
94    0
76 13.8665  1
94    0
77 13.9654  1
94    0
78 14.2883  1
94    0
79 5.34242  1
94    0
80 6.1298  1
94    0
81 8.70098  1
94    0
82 7.09723  1
94    0
83 11.8603  1
94    0
84 7.41371  1
94    0
85 12.8939  1
94    0
86 10.7894  1
94    0
87 13.9169  1
94    0
88 14.1299  1
94    0
89 14.8254  1
94    0
90 7.09632  1
94    0
91 11.8572  1
94    0
92 7.40364  1
94    0
93 12.861  1
94    0
94 0  0
