53
0 8.38328  9
1    7.10987
2    7.36567
3    8.20103
4    10.929
5    9.95706
16    8.27409
17    11.9947
18    12.2776
30    10.0021
1 6.0596  4
5    9.74081
17    7.8804
18    12.1222
30    8.23582
2 8.47179  2
5    12.9696
17    9.10486
3 6.34861  5
5    10.6633
16    12.2851
18    8.61742
30    11.0427
37    9.02997
4 9.41572  4
5    7.83718
16    11.1676
28    9.29786
31    11.8253
5 9.43129  10
6    8.5006
7    11.9074
8    11.0321
9    8.17374
10    10.8398
11    7.54585
12    8.78954
13    12.8509
14    8.11313
15    10.6421
6 9.48195  1
16    12.2022
7 9.64736  3
16    12.2657
17    10.4181
30    7.9172
8 10.1875  4
16    12.9002
18    12.2412
30    11.27
37    10.8624
9 11.9515  5
16    8.61632
17    12.169
28    11.3764
30    10.9536
31    8.47551
10 7.71157  1
52    0
11 13.8665  3
17    9.88198
18    11.7334
37    10.018
12 13.9654  4
17    11.3172
18    12.2888
28    8.33799
31    10.8104
13 14.2883  3
17    10.9638
28    11.139
47    12.3793
14 5.34242  1
18    11.168
15 6.1298  1
17    11.8865
16 8.70098  3
18    7.95071
29    8.52293
31    10.7642
17 7.09723  2
18    10.1116
30    8.9505
18 11.8603  3
19    10.4639
20    12.3185
21    12.3745
19 7.41371  1
52    0
20 12.8939  6
22    12.5574
23    7.15455
24    7.51161
25    8.67766
26    12.4855
27    12.9198
21 10.7894  1
30    8.20853
22 13.9169  1
28    11.9402
23 14.1299  1
52    0
24 14.8254  1
31    7.44972
25 7.09632  5
32    7.29902
33    7.98349
34    10.2187
35    11.5177
36    9.75948
26 11.8572  1
28    8.51067
27 7.40364  1
30    11.9803
28 12.861  1
30    7.37629
29 10.6816  1
52    0
30 13.565  3
45    11.1709
46    8.62694
47    12.3199
31 12.9809  2
38    9.08307
39    7.80917
32 11.0732  1
47    12.573
33 14.8437  1
37    7.61946
34 7.15613  1
52    0
35 12.0525  1
37    7.63576
36 8.04147  1
52    0
37 14.9438  5
40    9.64943
41    9.65877
42    9.68917
43    9.78841
44    10.1125
38 7.48299  1
52    0
39 13.1201  1
52    0
40 11.5276  1
52    0
41 6.32756  1
52    0
42 9.34675  1
52    0
43 9.20606  1
52    0
44 8.74645  1
52    0
45 7.24555  1
52    0
46 12.3446  4
48    7.20545
49    7.67788
50    9.22059
51    8.25834
47 8.99548  1
52    0
48 8.05887  1
52    0
49 5.00031  1
52    0
50 5.01251  1
52    0
51 5.05249  1
52    0
52 0  0
