96
0 9.56801  3
1    8.25834
2    11.1162
30    8.11313
1 9.92843  4
3    8.44823
4    11.7364
14    10.9166
29    8.17374
2 11.1055  1
95    0
3 14.9493  10
5    10.4736
6    12.3501
7    12.478
8    12.8953
9    8.25779
10    11.1143
11    8.44218
12    11.7166
15    9.24787
51    12.3745
4 7.50099  3
13    12.9062
15    9.60805
63    7.37629
5 13.179  3
13    12.139
14    8.29368
30    10.6421
6 11.7202  5
13    11.7885
29    11.0321
62    8.9505
63    10.9536
68    11.5177
7 6.95624  3
16    11.4068
17    9.39729
18    8.83532
8 11.3997  4
14    8.48979
15    8.34733
29    10.6633
51    10.4639
9 5.90976  10
19    7.00018
20    7.00751
21    7.0315
22    7.10987
23    7.36567
24    8.20103
25    10.929
26    7.83718
27    9.74081
28    9.95706
10 7.98257  5
13    10.6439
14    11.2315
15    9.52364
30    8.27409
63    8.20853
11 14.7516  2
14    11.872
61    8.52293
12 6.85522  3
13    10.409
14    12.9663
78    7.20545
13 11.0701  1
14    8.82488
14 14.8337  3
15    7.79653
30    12.9002
68    9.75948
15 7.12348  1
30    7.54585
16 11.946  1
80    11.1162
17 7.69387  2
30    10.8398
51    12.2412
18 13.8086  1
63    7.44972
19 13.7762  1
95    0
20 13.6703  1
29    12.9696
21 13.3245  3
30    8.78954
61    11.27
78    12.573
22 12.1953  2
29    11.9074
51    12.1222
23 8.5081  8
43    11.8865
44    10.9638
45    7.95071
46    10.1116
47    11.168
48    8.61742
49    12.2888
50    12.2776
24 6.46733  2
30    12.8509
51    12.3185
25 9.80331  1
42    12.169
26 10.6969  4
29    8.5006
61    11.9803
68    7.98349
78    9.78841
27 13.6151  1
78    7.67788
28 13.1442  1
95    0
29 11.6063  1
95    0
30 6.58452  6
31    11.1676
32    8.61632
33    12.2851
34    12.2657
35    12.2022
63    11.0427
31 10.186  1
51    11.7334
32 11.9466  1
68    10.2187
33 7.6957  1
95    0
34 13.8147  6
36    11.9947
37    11.3172
38    9.10486
39    7.8804
40    9.88198
41    10.4181
35 13.796  1
95    0
36 13.7353  1
95    0
37 13.5369  1
95    0
38 12.889  1
95    0
39 10.7732  2
61    11.139
63    7.9172
40 13.8641  10
52    12.5574
53    7.15455
54    7.51161
55    8.67766
56    12.4855
57    12.9198
58    8.33799
59    11.3764
60    9.29786
78    12.3199
41 13.9575  1
95    0
42 14.2624  1
95    0
43 5.25758  4
64    8.47551
65    11.8253
66    10.7642
67    7.29902
44 5.85269  1
95    0
45 7.79611  1
61    8.51067
46 14.1424  1
95    0
47 14.8663  2
78    11.1709
80    10.4736
48 7.22999  1
95    0
49 12.2939  1
78    12.3793
50 8.82977  1
68    10.018
51 7.51778  1
95    0
52 13.2336  4
91    12.9062
92    8.29368
93    11.2315
94    8.82488
53 11.8984  1
63    10.8104
54 7.53822  2
63    10.0021
80    12.3501
55 13.3004  1
63    8.23582
56 12.1166  1
78    8.62694
57 8.25083  1
95    0
58 5.62716  1
61    11.9402
59 7.05969  10
69    10.8624
70    7.61946
71    9.02997
72    7.63576
73    9.08307
74    7.80917
75    9.64943
76    9.65877
77    9.68917
78    10.1125
60 11.7379  1
95    0
61 7.01422  1
79    9.22059
62 11.5893  1
95    0
63 6.52867  1
95    0
64 10.0035  1
80    8.44823
65 11.3506  1
95    0
66 5.74953  1
90    10.6439
67 7.45918  1
95    0
68 13.0422  1
95    0
69 11.2737  1
95    0
70 5.49837  1
95    0
71 6.63915  1
95    0
72 10.3645  1
79    8.25834
73 12.5295  1
95    0
74 9.59914  1
80    11.7364
75 10.0301  1
95    0
76 11.4373  1
95    0
77 6.03244  9
81    12.478
82    12.8953
83    8.25779
84    11.1143
85    8.44218
86    11.7166
87    10.409
88    12.139
89    11.7885
78 8.38328  1
95    0
79 6.0596  1
95    0
80 8.47179  1
95    0
81 6.34861  1
95    0
82 9.41572  1
95    0
83 9.43129  1
95    0
84 9.48195  1
95    0
85 9.64736  1
95    0
86 10.1875  1
95    0
87 11.9515  1
95    0
88 7.71157  1
95    0
89 13.8665  1
95    0
90 13.9654  1
95    0
91 14.2883  1
95    0
92 5.34242  1
95    0
93 6.1298  1
95    0
94 8.70098  1
95    0
95 0  0
