83
0 13.1442  3
1    10.6439
2    12.9062
9    8.34733
1 11.6063  4
7    8.48979
8    10.9166
9    11.4068
64    8.23582
2 6.58452  6
3    8.29368
4    11.2315
5    8.82488
6    12.9663
9    7.79653
20    8.5006
3 10.186  9
11    7.00018
12    7.00751
13    7.0315
14    7.10987
15    7.36567
16    8.20103
17    10.929
18    7.83718
19    9.74081
4 11.9466  1
9    9.60805
5 7.6957  2
9    9.39729
24    10.8398
6 13.8147  4
7    11.872
9    9.52364
20    10.6633
77    10.8624
7 13.796  2
10    8.83532
20    9.95706
8 13.7353  2
9    9.24787
24    8.11313
9 13.5369  1
24    8.27409
10 12.889  1
82    0
11 10.7732  1
82    0
12 13.8641  1
82    0
13 13.9575  3
21    11.9074
22    11.0321
23    8.17374
14 14.2624  1
82    0
15 5.25758  2
24    7.54585
64    11.0427
16 5.85269  3
20    12.9696
24    11.1676
41    8.61742
17 7.79611  4
78    7.61946
79    9.02997
80    7.63576
81    9.08307
18 14.1424  1
24    12.8509
19 14.8663  1
24    12.9002
20 7.22999  1
82    0
21 12.2939  6
25    8.61632
26    12.2851
27    12.2657
28    12.2022
29    11.9947
30    11.3172
22 8.82977  2
24    10.6421
64    10.9536
23 7.51778  1
24    8.78954
24 13.2336  10
31    9.10486
32    7.8804
33    9.88198
34    10.4181
35    12.169
36    11.8865
37    10.9638
38    7.95071
39    10.1116
40    11.168
25 11.8984  1
82    0
26 7.53822  1
82    0
27 13.3004  1
82    0
28 12.1166  1
82    0
29 8.25083  1
82    0
30 5.62716  1
82    0
31 7.05969  1
82    0
32 11.7379  9
42    12.2776
43    12.2412
44    12.1222
45    11.7334
46    10.4639
47    12.3185
48    12.3745
49    12.5574
50    7.15455
33 7.01422  1
82    0
34 11.5893  1
41    12.2888
35 6.52867  1
82    0
36 10.0035  1
82    0
37 11.3506  1
82    0
38 5.74953  1
64    8.20853
39 7.45918  6
51    7.51161
52    8.67766
53    12.4855
54    12.9198
55    8.33799
56    11.3764
40 13.0422  1
82    0
41 11.2737  1
77    10.018
42 5.49837  7
57    9.29786
58    8.51067
59    11.9402
60    11.139
61    8.52293
62    11.9803
63    11.27
43 6.63915  1
82    0
44 10.3645  1
82    0
45 12.5295  1
82    0
46 9.59914  1
82    0
47 10.0301  2
75    11.5177
76    9.75948
48 11.4373  1
82    0
49 6.03244  10
65    7.9172
66    10.0021
67    10.8104
68    7.44972
69    8.47551
70    11.8253
71    10.7642
72    7.29902
73    7.98349
74    10.2187
50 8.38328  1
64    8.9505
51 6.0596  1
82    0
52 8.47179  1
82    0
53 6.34861  1
82    0
54 9.41572  1
64    7.37629
55 9.43129  1
82    0
56 9.48195  1
82    0
57 9.64736  1
82    0
58 10.1875  1
82    0
59 11.9515  1
82    0
60 7.71157  1
82    0
61 13.8665  1
82    0
62 13.9654  1
82    0
63 14.2883  1
82    0
64 5.34242  1
82    0
65 6.1298  1
82    0
66 8.70098  1
82    0
67 7.09723  1
82    0
68 11.8603  1
82    0
69 7.41371  1
82    0
70 12.8939  1
82    0
71 10.7894  1
82    0
72 13.9169  1
82    0
73 14.1299  1
82    0
74 14.8254  1
82    0
75 7.09632  1
82    0
76 11.8572  1
82    0
77 7.40364  1
82    0
78 12.861  1
82    0
79 10.6816  1
82    0
80 13.565  1
82    0
81 12.9809  1
82    0
82 0  0
