48
0 13.5369  8
1    0.968917
2    0.978841
3    1.01125
4    1.11709
5    0.862694
6    1.23199
7    1.23793
27    0.882488
1 12.889  2
27    0.829368
30    0.736567
2 10.7732  10
13    1.11162
14    0.844823
15    1.17364
16    1.04736
17    1.23501
18    1.24779
19    1.28953
20    0.825779
21    1.11143
22    0.844218
3 13.8641  1
47    0
4 13.9575  1
47    0
5 14.2624  2
27    1.06439
30    0.834733
6 5.25758  6
8    1.2573
9    0.720545
10    0.767788
11    0.922059
12    0.825834
30    0.700018
7 5.85269  4
23    1.17166
24    1.0409
25    1.2139
26    1.17885
8 7.79611  1
30    0.710987
9 14.1424  3
27    1.29062
29    1.09166
30    0.703149
10 14.8663  9
34    0.974081
35    0.995706
36    1.06633
37    1.29696
38    0.85006
39    1.19074
40    1.10321
41    0.817374
42    1.08398
11 7.22999  1
47    0
12 12.2939  1
47    0
13 8.82977  2
29    0.779653
30    0.939729
14 7.51778  1
47    0
15 13.2336  1
29    0.924787
16 11.8984  1
29    0.960805
17 7.53822  1
47    0
18 13.3004  4
31    0.820103
32    1.0929
33    0.783718
43    0.754585
19 12.1166  1
30    1.14068
20 8.25083  1
47    0
21 5.62716  1
47    0
22 7.05969  3
27    1.12315
29    1.1872
30    0.883532
23 11.7379  1
29    0.952364
24 7.01422  1
28    1.29663
25 11.5893  1
47    0
26 6.52867  1
47    0
27 10.0035  1
47    0
28 11.3506  1
29    0.848979
29 5.74953  1
30    0.700751
30 7.45918  1
47    0
31 13.0422  1
47    0
32 11.2737  1
47    0
33 5.49837  1
47    0
34 6.63915  1
47    0
35 10.3645  3
44    0.878954
45    1.28509
46    0.811313
36 12.5295  1
47    0
37 9.59914  1
47    0
38 10.0301  1
47    0
39 11.4373  1
47    0
40 6.03244  1
47    0
41 8.38328  1
47    0
42 6.0596  1
47    0
43 8.47179  1
47    0
44 6.34861  1
47    0
45 9.41572  1
47    0
46 9.43129  1
47    0
47 0  0
