219
0 8.74645  6
1    0.729902
2    0.798349
3    1.02187
4    1.15177
76    0.847551
92    0.922059
1 7.24555  10
22    0.767788
23    0.922059
24    0.825834
25    1.11162
26    0.844823
27    1.17364
28    1.04736
29    1.23501
76    0.79172
117    1.2169
2 12.3446  1
5    0.975948
3 8.99548  2
30    1.28953
64    1.19947
4 8.05887  9
6    1.0018
7    1.08624
8    0.761946
9    0.902997
10    0.763576
11    0.908307
12    0.780917
13    0.964943
112    1.10321
5 5.00031  5
96    1.06439
97    1.29062
98    0.829368
99    1.12315
100    0.882488
6 5.01251  3
30    1.11143
68    0.715455
111    0.700751
7 5.05249  2
30    1.2139
65    0.910486
8 5.18311  4
74    0.737629
75    0.823582
117    1.18865
138    0.744972
9 5.60945  3
18    1.11709
19    0.862694
20    1.23199
10 7.00171  2
36    0.882488
139    0.729902
11 11.5484  5
31    1.17885
32    1.06439
33    1.29062
34    0.829368
35    1.12315
12 6.39531  3
21    1.2573
30    0.844218
76    0.744972
13 9.56801  6
14    0.965877
15    0.968917
16    0.978841
17    1.01125
30    0.825779
76    0.820853
14 9.92843  4
21    0.720545
63    0.811313
65    1.2169
199    1.22022
15 11.1055  2
30    1.24779
64    1.22657
16 14.9493  1
115    0.827409
17 7.50099  3
38    0.848979
92    1.11162
205    1.22776
18 13.179  5
21    1.23793
65    0.988198
67    1.21222
92    1.23793
117    1.04181
19 11.7202  1
205    1.22888
20 6.95624  2
37    1.29663
68    0.751161
21 11.3997  3
30    1.17166
64    1.29002
113    0.878954
22 5.90976  2
51    0.703149
118    0.795071
23 7.98257  8
39    1.1872
40    1.09166
41    0.779653
42    0.960805
43    0.952364
44    0.924787
128    1.25574
175    1.09166
24 14.7516  4
68    1.24855
116    0.78804
129    1.1139
154    0.978841
25 6.85522  1
129    1.19402
26 11.0701  3
50    0.700751
65    0.78804
112    1.06633
27 14.8337  3
64    1.22022
94    1.17166
118    1.01116
28 7.12348  3
52    0.710987
53    0.736567
115    1.22022
29 11.946  3
30    1.0409
57    1.06633
90    0.964943
30 7.69387  4
57    1.29696
64    0.861632
76    1.08104
128    0.751161
31 13.8086  2
63    0.754585
68    1.17334
32 13.7762  3
65    1.01116
94    0.844218
197    1.06421
33 13.6703  4
172    0.829368
173    1.12315
174    0.882488
197    1.28509
34 13.3245  2
63    1.28509
205    1.22412
35 12.1953  1
112    1.29696
36 8.5081  6
64    1.22851
65    1.18865
66    0.861742
90    0.780917
94    1.28953
138    1.07642
37 6.46733  1
65    1.1168
38 9.80331  1
218    0
39 10.6969  5
57    0.995706
73    0.851067
76    1.09536
92    0.844823
111    0.883532
40 13.6151  6
69    1.29198
70    0.833799
71    1.13764
72    0.929786
112    0.85006
128    0.715455
41 13.1442  7
45    0.834733
46    1.14068
47    0.939729
48    0.883532
49    0.700018
66    1.22776
76    1.10427
42 11.6063  4
65    1.04181
73    1.19402
116    1.13172
199    0.910486
43 6.58452  5
68    1.23745
91    0.978841
92    0.825834
112    0.783718
129    0.89505
44 10.186  6
54    0.820103
55    1.0929
56    0.783718
73    0.852293
116    0.988198
175    0.848979
45 11.9466  1
77    1.18253
46 7.6957  3
64    1.11676
73    1.19803
94    1.24779
47 13.8147  2
67    1.22412
154    1.23199
48 13.796  2
63    0.878954
66    1.22888
49 13.7353  5
58    0.85006
59    1.19074
60    1.10321
61    0.817374
62    1.08398
50 13.5369  2
94    1.11143
111    0.710987
51 12.889  2
68    1.23185
111    0.736567
52 10.7732  4
57    0.974081
65    0.795071
92    1.17364
128    1.24855
53 13.8641  2
68    1.04639
128    0.833799
54 13.9575  1
205    0.795071
55 14.2624  1
64    1.13172
56 5.25758  2
115    1.22851
116    0.910486
57 5.85269  6
148    0.763576
149    0.908307
150    0.780917
151    0.964943
152    0.965877
153    0.968917
58 7.79611  4
64    1.06421
68    1.25574
73    1.127
196    0.754585
59 14.1424  1
112    1.19074
60 14.8663  3
64    0.827409
65    1.09638
73    1.1139
61 7.22999  1
218    0
62 12.2939  1
76    1.00021
63 8.82977  2
113    0.754585
115    0.861632
64 7.51778  2
68    0.867766
128    0.867766
65 13.2336  7
84    1.0018
85    1.08624
86    0.761946
87    0.902997
88    0.763576
89    0.908307
91    0.965877
66 11.8984  1
92    0.720545
67 7.53822  1
93    1.04736
68 13.3004  6
78    1.07642
79    0.729902
80    0.798349
81    1.02187
82    1.15177
83    0.975948
69 12.1166  1
73    0.89505
70 8.25083  1
118    1.1168
71 5.62716  1
218    0
72 7.05969  2
94    1.23501
112    0.817374
73 11.7379  1
218    0
74 7.01422  2
95    1.17885
129    0.851067
75 11.5893  1
115    1.22657
76 6.52867  1
218    0
77 10.0035  2
92    0.767788
175    0.779653
78 11.3506  1
115    1.29002
79 5.74953  2
92    1.2573
154    1.01125
80 7.45918  1
95    1.2139
81 13.0422  1
147    0.902997
82 11.2737  3
91    1.11709
112    0.995706
205    0.861742
83 5.49837  1
91    1.01125
84 6.63915  2
112    1.0929
175    1.1872
85 10.3645  5
190    0.783718
191    0.974081
192    0.995706
193    1.06633
194    1.29696
86 12.5295  1
115    1.06421
87 9.59914  5
92    1.23199
94    0.825779
114    1.28509
154    1.2573
199    1.22851
88 10.0301  2
91    0.968917
128    1.13764
89 11.4373  2
91    0.862694
95    1.0409
90 6.03244  1
218    0
91 8.38328  1
199    1.22657
92 6.0596  1
218    0
93 8.47179  1
115    1.11676
94 6.34861  10
101    1.29663
102    0.848979
103    1.1872
104    1.09166
105    0.779653
106    0.960805
107    0.952364
108    0.924787
109    0.834733
110    1.14068
95 9.41572  1
218    0
96 9.43129  1
111    0.700018
97 9.48195  1
112    0.974081
98 9.64736  2
117    1.09638
205    1.1168
99 10.1875  8
164    1.11143
165    0.844218
166    1.17166
167    1.0409
168    1.2139
169    1.17885
170    1.06439
171    1.29062
100 11.9515  1
111    0.939729
101 7.71157  1
111    0.820103
102 13.8665  3
113    1.08398
115    1.19947
128    1.29198
103 13.9654  1
218    0
104 14.2883  1
111    0.703149
105 5.34242  10
119    0.861742
120    1.22888
121    1.22776
122    1.22412
123    1.21222
124    1.17334
125    1.04639
126    1.23185
127    1.23745
154    1.23793
106 6.1298  1
138    1.18253
107 8.70098  1
154    0.720545
108 7.09723  1
129    1.19803
109 11.8603  3
114    0.811313
154    0.922059
199    1.13172
110 7.41371  8
177    0.952364
178    0.924787
179    0.834733
180    1.14068
181    0.939729
182    0.883532
183    0.700018
184    0.700751
111 12.8939  1
218    0
112 10.7894  1
218    0
113 13.9169  1
218    0
114 14.1299  1
129    0.852293
115 14.8254  1
198    1.29002
116 7.09632  1
218    0
117 11.8572  1
218    0
118 7.40364  3
138    0.847551
195    0.85006
197    0.878954
119 12.861  1
218    0
120 10.6816  1
218    0
121 13.565  1
129    1.127
122 12.9809  1
218    0
123 11.0732  4
214    1.24855
215    1.29198
216    0.833799
217    1.13764
124 14.8437  1
218    0
125 7.15613  8
130    0.737629
131    0.823582
132    1.10427
133    0.820853
134    1.09536
135    0.79172
136    1.00021
137    1.08104
126 12.0525  1
129    0.929786
127 8.04147  4
186    0.710987
187    0.736567
188    0.820103
189    1.0929
128 14.9438  1
218    0
129 7.48299  1
218    0
130 13.1201  7
140    0.798349
141    1.02187
142    1.15177
143    0.975948
144    1.0018
145    1.08624
146    0.761946
131 11.5276  1
218    0
132 6.32756  1
218    0
133 9.34675  1
218    0
134 9.20606  1
218    0
135 8.74645  1
218    0
136 7.24555  5
200    0.988198
201    1.04181
202    1.2169
203    1.18865
204    1.09638
137 12.3446  1
218    0
138 8.99548  2
154    1.11709
197    0.811313
139 8.05887  1
218    0
140 5.00031  1
154    0.767788
141 5.01251  1
218    0
142 5.05249  1
199    0.861632
143 5.18311  1
218    0
144 5.60945  1
218    0
145 7.00171  1
218    0
146 11.5484  1
218    0
147 6.39531  3
195    1.19074
196    1.08398
199    1.19947
148 9.56801  9
155    0.825834
156    1.11162
157    0.844823
158    1.17364
159    1.04736
160    1.23501
161    1.24779
162    1.28953
163    0.825779
149 9.92843  1
154    0.862694
150 11.1055  1
218    0
151 14.9493  1
218    0
152 7.50099  1
218    0
153 13.179  1
218    0
154 11.7202  1
218    0
155 6.95624  1
218    0
156 11.3997  1
218    0
157 5.90976  1
218    0
158 7.98257  1
205    1.21222
159 14.7516  1
218    0
160 6.85522  1
218    0
161 11.0701  1
218    0
162 14.8337  1
218    0
163 7.12348  2
176    0.960805
196    0.817374
164 11.946  1
185    0.703149
165 7.69387  1
218    0
166 13.8086  1
195    1.10321
167 13.7762  1
218    0
168 13.6703  2
175    1.29663
199    0.827409
169 13.3245  1
218    0
170 12.1953  1
218    0
171 8.5081  1
218    0
172 6.46733  1
218    0
173 9.80331  1
218    0
174 10.6969  1
218    0
175 13.6151  1
218    0
176 13.1442  1
218    0
177 11.6063  1
218    0
178 6.58452  1
218    0
179 10.186  1
218    0
180 11.9466  1
218    0
181 7.6957  1
218    0
182 13.8147  1
218    0
183 13.796  1
218    0
184 13.7353  1
199    0.78804
185 13.5369  1
218    0
186 12.889  1
199    1.11676
187 10.7732  1
218    0
188 13.8641  1
218    0
189 13.9575  1
218    0
190 14.2624  1
218    0
191 5.25758  1
218    0
192 5.85269  1
218    0
193 7.79611  1
218    0
194 14.1424  1
218    0
195 14.8663  1
218    0
196 7.22999  1
218    0
197 12.2939  1
205    1.01116
198 8.82977  1
218    0
199 7.51778  1
218    0
200 13.2336  1
218    0
201 11.8984  1
218    0
202 7.53822  1
218    0
203 13.3004  8
206    1.17334
207    1.04639
208    1.23185
209    1.23745
210    1.25574
211    0.715455
212    0.751161
213    0.867766
204 12.1166  1
218    0
205 8.25083  1
218    0
206 5.62716  1
218    0
207 7.05969  1
218    0
208 11.7379  1
218    0
209 7.01422  1
218    0
210 11.5893  1
218    0
211 6.52867  1
218    0
212 10.0035  1
218    0
213 11.3506  1
218    0
214 5.74953  1
218    0
215 7.45918  1
218    0
216 13.0422  1
218    0
217 11.2737  1
218    0
218 0  0
