53
0 13.8665  10
1    55.1605
2    40.8687
3    54.1992
4    37.7293
5    43.9477
6    64.2547
7    40.5657
8    53.2104
9    64.501
10    61.4257
1 13.9654  4
10    55.838
13    60.8452
33    44.7525
42    54.3118
2 14.2883  1
11    61.3286
3 5.34242  3
10    43.0816
12    56.586
32    59.9013
4 6.1298  3
12    59.9736
13    59.4325
32    59.7008
5 8.70098  3
10    41.3704
12    39.402
13    39.7536
6 7.09723  2
12    61.0109
13    52.0907
7 11.8603  2
13    55.8399
33    56.3498
8 7.41371  2
13    50.558
33    54.7678
9 12.8939  1
13    43.0871
10 10.7894  1
12    45.5243
11 13.9169  2
12    49.4099
13    54.819
12 14.1299  1
52    0
13 14.8254  6
14    61.444
15    61.3881
16    61.2059
17    60.6108
18    58.6671
19    52.3196
14 7.09632  1
52    0
15 11.8572  10
21    61.8725
22    62.7871
23    35.7727
24    37.5581
25    43.3883
26    62.4273
27    64.599
28    41.69
29    56.8818
30    46.4893
16 7.40364  1
33    41.1791
17 12.861  1
31    42.5533
18 10.6816  3
20    61.5923
32    55.6952
33    41.0427
19 13.565  1
52    0
20 12.9809  1
52    0
21 11.0732  1
52    0
22 14.8437  8
34    50.0105
35    54.0518
36    37.2486
37    42.3775
38    59.1267
39    53.8211
40    36.4951
41    39.9174
23 7.15613  1
33    39.586
24 12.0525  1
52    0
25 8.04147  1
52    0
26 14.9438  2
33    55.2136
42    51.0936
27 7.48299  2
33    36.8815
42    57.5886
28 13.1201  1
42    50.0902
29 11.5276  1
32    42.6147
30 6.32756  1
52    0
31 9.34675  9
43    38.0973
44    45.1498
45    38.1788
46    45.4154
47    39.0458
48    48.2472
49    48.2939
50    48.4458
51    48.9421
32 9.20606  1
52    0
33 8.74645  1
52    0
34 7.24555  1
52    0
35 12.3446  1
52    0
36 8.99548  1
52    0
37 8.05887  1
52    0
38 5.00031  1
52    0
39 5.01251  1
42    48.7974
40 5.05249  1
52    0
41 5.18311  1
52    0
42 5.60945  1
52    0
43 7.00171  1
52    0
44 11.5484  1
52    0
45 6.39531  1
52    0
46 9.56801  1
52    0
47 9.92843  1
52    0
48 11.1055  1
52    0
49 14.9493  1
52    0
50 7.50099  1
52    0
51 13.179  1
52    0
52 0  0
