224
0 6.34861  5
1    1.22888
2    1.22776
3    1.17334
38    0.844218
105    1.15177
1 9.41572  3
3    1.21222
15    0.851067
36    1.23501
2 9.43129  6
3    1.22412
15    0.89505
16    1.09536
17    1.15177
36    1.04736
38    1.11143
3 9.48195  10
4    1.04639
5    1.23185
6    1.23745
7    1.25574
8    0.715455
9    0.751161
10    0.867766
11    1.24855
17    0.847551
70    1.10321
4 9.64736  5
15    1.1139
16    1.10427
17    1.07642
28    1.23793
60    0.710987
5 10.1875  4
15    1.19803
17    1.02187
106    1.08624
204    1.17885
6 11.9515  10
19    1.08624
20    0.761946
21    0.902997
22    0.763576
23    0.908307
24    0.780917
25    0.964943
26    0.965877
27    0.968917
60    0.703149
7 7.71157  4
15    1.19402
70    0.817374
72    1.13172
97    1.19803
8 13.8665  4
12    1.29198
13    0.833799
14    1.13764
70    0.878954
9 13.9654  3
15    1.127
16    0.820853
170    1.22412
10 14.2883  2
28    0.978841
80    0.861742
11 5.34242  5
16    0.79172
17    1.18253
60    0.700018
104    0.744972
191    0.978841
12 6.1298  3
15    0.852293
16    0.737629
17    0.729902
13 8.70098  2
16    1.00021
17    0.798349
14 7.09723  6
15    0.929786
16    0.823582
17    0.975948
28    1.11709
113    0.720545
171    1.23745
15 11.8603  4
16    1.08104
80    1.22776
171    1.29198
204    1.06439
16 7.41371  4
17    0.744972
18    1.0018
28    1.2573
104    1.18253
17 12.8939  1
36    1.28953
18 10.7894  1
72    1.22022
19 13.9169  3
28    0.862694
36    1.24779
106    0.965877
20 14.1299  5
29    0.720545
30    0.767788
31    0.922059
32    0.825834
80    1.22888
21 14.8254  2
104    0.729902
106    0.761946
22 7.09632  2
28    1.23199
191    0.965877
23 11.8572  1
72    1.22657
24 7.40364  1
196    1.2573
25 12.861  10
39    1.17166
40    1.0409
41    1.2139
42    1.17885
43    1.06439
44    1.29062
45    0.829368
46    1.12315
155    1.06633
156    0.878954
26 10.6816  6
73    0.988198
74    1.04181
75    1.2169
76    1.18865
77    1.09638
78    0.795071
27 13.565  4
28    1.01125
80    1.21222
97    0.852293
191    0.761946
28 12.9809  8
172    0.851067
173    1.19402
174    1.1139
175    0.852293
176    1.19803
177    1.127
178    0.89505
179    0.737629
29 11.0732  3
37    0.825779
72    1.19947
104    0.847551
30 14.8437  1
223    0
31 7.15613  3
72    0.827409
99    0.737629
155    1.19074
32 12.0525  6
33    1.11162
34    0.844823
35    1.17364
79    1.01116
80    1.1168
105    0.975948
33 8.04147  3
72    0.861632
155    0.85006
191    0.968917
34 14.9438  2
104    1.07642
196    0.767788
35 7.48299  1
71    1.29002
36 13.1201  2
104    1.00021
113    1.2573
37 11.5276  1
98    0.89505
38 6.32756  2
70    1.08398
156    1.29002
39 9.34675  1
60    0.700751
40 9.20606  2
72    1.11676
171    0.751161
41 8.74645  2
55    0.924787
56    0.834733
42 7.24555  10
160    1.19947
161    1.13172
162    0.910486
163    0.78804
164    0.988198
165    1.04181
166    1.2169
167    1.18865
168    1.09638
169    0.795071
43 12.3446  6
107    0.968917
108    0.978841
109    1.01125
110    1.11709
111    0.862694
112    1.23199
44 8.99548  5
57    1.14068
58    0.939729
59    0.883532
71    1.06421
156    1.11676
45 8.05887  1
223    0
46 5.00031  8
47    0.882488
48    1.29663
49    0.848979
50    1.1872
51    1.09166
52    0.779653
53    0.960805
70    1.19074
47 5.01251  1
223    0
48 5.05249  9
61    0.736567
62    0.820103
63    1.0929
64    0.783718
65    0.974081
66    0.995706
67    1.06633
68    1.29696
69    0.85006
49 5.18311  1
223    0
50 5.60945  3
70    0.754585
71    1.28509
80    1.22412
51 7.00171  1
54    0.952364
52 11.5484  1
72    0.910486
53 6.39531  2
72    1.22851
156    0.811313
54 9.56801  1
131    0.829368
55 9.92843  2
72    0.78804
180    0.823582
56 11.1055  2
97    1.127
171    0.867766
57 14.9493  2
155    1.10321
170    1.22888
58 7.50099  4
100    1.10427
101    0.820853
102    1.09536
103    0.79172
59 13.179  7
81    1.17334
82    1.04639
83    1.23185
84    1.23745
85    1.25574
86    0.715455
87    0.751161
60 11.7202  1
223    0
61 6.95624  10
146    0.700751
147    0.703149
148    0.710987
149    0.736567
150    0.820103
151    1.0929
152    0.783718
153    0.974081
154    0.995706
155    1.08398
62 11.3997  1
223    0
63 5.90976  1
223    0
64 7.98257  1
223    0
65 14.7516  1
113    0.767788
66 6.85522  2
145    0.883532
156    1.28509
67 11.0701  1
71    0.811313
68 14.8337  1
223    0
69 7.12348  10
88    0.867766
89    1.24855
90    1.29198
91    0.833799
92    1.13764
93    0.929786
94    0.851067
95    1.19402
96    1.1139
113    0.922059
70 11.946  1
145    0.700018
71 7.69387  1
223    0
72 13.8086  1
106    0.964943
73 13.7762  1
205    0.882488
74 13.6703  1
223    0
75 13.3245  1
106    0.902997
76 12.1953  1
223    0
77 8.5081  1
223    0
78 6.46733  1
223    0
79 9.80331  2
99    0.823582
106    0.763576
80 10.6969  1
171    0.833799
81 13.6151  1
223    0
82 13.1442  1
223    0
83 11.6063  1
171    0.929786
84 6.58452  1
155    1.29696
85 10.186  7
139    0.960805
140    0.952364
141    0.924787
142    0.834733
143    1.14068
144    0.939729
180    1.09536
86 11.9466  1
223    0
87 7.6957  2
104    1.02187
106    0.908307
88 13.8147  1
223    0
89 13.796  1
104    1.08104
90 13.7353  1
223    0
91 13.5369  8
132    1.12315
133    0.882488
134    1.29663
135    0.848979
136    1.1872
137    1.09166
138    0.779653
170    1.23185
92 12.889  1
196    0.720545
93 10.7732  1
180    1.08104
94 13.8641  3
104    0.798349
170    1.17334
180    1.10427
95 13.9575  1
171    1.13764
96 14.2624  3
113    1.23793
180    0.820853
204    1.29062
97 5.25758  1
223    0
98 5.85269  1
223    0
99 7.79611  3
106    0.780917
156    0.861632
191    0.964943
100 14.1424  2
105    1.0018
170    1.22776
101 14.8663  1
223    0
102 7.22999  1
223    0
103 12.2939  1
223    0
104 8.82977  1
223    0
105 7.51778  1
223    0
106 13.2336  1
223    0
107 11.8984  7
114    0.825834
115    1.11162
116    0.844823
117    1.17364
118    1.04736
119    1.23501
120    1.24779
108 7.53822  1
155    0.817374
109 13.3004  1
223    0
110 12.1166  2
203    1.28953
204    1.12315
111 8.25083  1
223    0
112 5.62716  1
223    0
113 7.05969  1
223    0
114 11.7379  1
196    1.23793
115 7.01422  1
223    0
116 11.5893  10
121    1.28953
122    0.825779
123    1.11143
124    0.844218
125    1.17166
126    1.0409
127    1.2139
128    1.17885
129    1.06439
130    1.29062
117 6.52867  1
171    0.715455
118 10.0035  1
191    0.908307
119 11.3506  1
180    0.744972
120 5.74953  1
223    0
121 7.45918  1
170    1.04639
122 13.0422  1
204    1.2139
123 11.2737  1
223    0
124 5.49837  1
223    0
125 6.63915  1
216    0.883532
126 10.3645  1
156    1.06421
127 12.5295  1
223    0
128 9.59914  10
181    0.847551
182    1.18253
183    1.07642
184    0.729902
185    0.798349
186    1.02187
187    1.15177
188    0.975948
189    1.0018
190    1.08624
129 10.0301  1
223    0
130 11.4373  1
223    0
131 6.03244  3
157    1.22851
158    1.22657
159    1.22022
132 8.38328  1
223    0
133 6.0596  1
156    0.827409
134 8.47179  1
223    0
135 6.34861  1
223    0
136 9.41572  1
203    1.11143
137 9.43129  1
223    0
138 9.48195  1
223    0
139 9.64736  1
191    0.763576
140 10.1875  1
155    0.754585
141 11.9515  1
223    0
142 7.71157  1
223    0
143 13.8665  1
170    1.1168
144 13.9654  1
223    0
145 14.2883  1
223    0
146 5.34242  1
223    0
147 6.1298  1
204    1.0409
148 8.70098  1
223    0
149 7.09723  1
223    0
150 11.8603  1
223    0
151 7.41371  1
223    0
152 12.8939  1
223    0
153 10.7894  1
223    0
154 13.9169  1
191    0.902997
155 14.1299  1
223    0
156 14.8254  1
223    0
157 7.09632  3
170    1.01116
171    1.25574
196    0.922059
158 11.8572  1
223    0
159 7.40364  1
223    0
160 12.861  1
223    0
161 10.6816  1
223    0
162 13.565  1
223    0
163 12.9809  1
170    1.21222
164 11.0732  1
170    0.861742
165 14.8437  1
223    0
166 7.15613  1
223    0
167 12.0525  2
171    1.24855
180    1.00021
168 8.04147  1
223    0
169 14.9438  4
192    1.01125
193    1.11709
194    0.862694
195    1.23199
170 7.48299  1
223    0
171 13.1201  1
223    0
172 11.5276  1
223    0
173 6.32756  1
223    0
174 9.34675  1
180    0.79172
175 9.20606  1
223    0
176 8.74645  1
223    0
177 7.24555  1
223    0
178 12.3446  1
223    0
179 8.99548  2
203    0.825779
205    1.29663
180 8.05887  1
223    0
181 5.00031  1
223    0
182 5.01251  1
223    0
183 5.05249  1
223    0
184 5.18311  1
191    0.780917
185 5.60945  1
223    0
186 7.00171  1
223    0
187 11.5484  1
223    0
188 6.39531  1
223    0
189 9.56801  1
216    0.700018
190 9.92843  1
203    1.24779
191 11.1055  1
223    0
192 14.9493  1
223    0
193 7.50099  1
203    0.844218
194 13.179  10
206    0.848979
207    1.1872
208    1.09166
209    0.779653
210    0.960805
211    0.952364
212    0.924787
213    0.834733
214    1.14068
215    0.939729
195 11.7202  1
223    0
196 6.95624  7
197    0.825834
198    1.11162
199    0.844823
200    1.17364
201    1.04736
202    1.23501
204    1.17166
197 11.3997  1
223    0
198 5.90976  1
223    0
199 7.98257  1
223    0
200 14.7516  1
204    0.829368
201 6.85522  1
223    0
202 11.0701  1
223    0
203 14.8337  1
223    0
204 7.12348  1
223    0
205 11.946  1
223    0
206 7.69387  1
223    0
207 13.8086  1
223    0
208 13.7762  1
223    0
209 13.6703  1
223    0
210 13.3245  1
223    0
211 12.1953  1
223    0
212 8.5081  1
223    0
213 6.46733  1
223    0
214 9.80331  6
217    0.700751
218    0.703149
219    0.710987
220    0.736567
221    0.820103
222    1.0929
215 10.6969  1
223    0
216 13.6151  1
223    0
217 13.1442  1
223    0
218 11.6063  1
223    0
219 6.58452  1
223    0
220 10.186  1
223    0
221 11.9466  1
223    0
222 7.6957  1
223    0
223 0  0
