62
0 6.58452  10
1    6.28649
2    3.60273
3    3.83894
4    4.61029
5    4.12917
6    5.55808
7    4.22411
8    5.86818
10    6.44763
38    4.13704
1 10.186  1
29    6.4848
2 11.9466  4
9    6.17507
10    4.22109
11    5.85829
12    6.48315
3 7.6957  3
9    6.23898
11    5.32196
12    4.14684
4 13.8147  2
11    6.06951
12    5.93602
5 13.796  2
9    5.23681
12    5.61576
6 13.7353  9
39    6.14257
40    6.13286
41    6.10109
42    5.99736
43    5.6586
44    4.55243
45    3.9402
46    4.94099
47    5.20907
7 13.5369  4
10    5.55716
11    5.89427
12    4.41244
25    3.68284
8 12.889  2
13    3.89827
29    4.97853
9 10.7732  3
10    4.12889
11    6.45312
12    5.45828
10 13.8641  2
11    5.20449
12    4.2449
11 13.9575  1
61    0
12 14.2624  9
14    4.80403
15    4.76182
16    4.62394
17    4.17367
18    5.70338
19    4.69865
20    4.41766
21    3.50009
22    3.50375
13 5.25758  1
61    0
14 5.85269  1
61    0
15 7.79611  1
38    6.4501
16 14.1424  1
61    0
17 14.8663  1
29    4.8704
18 7.22999  3
26    4.10051
27    5.46451
28    3.91859
19 12.2939  4
48    6.08452
49    5.94325
50    5.4819
51    3.97536
20 8.82977  3
23    3.51575
24    3.55493
38    5.5838
21 7.51778  1
37    4.05657
22 13.2336  1
61    0
23 11.8984  7
30    4.2503
31    5.95369
32    5.51605
33    4.08687
34    5.41992
35    3.77293
36    4.39477
24 7.53822  1
61    0
25 13.3004  2
37    6.42547
38    5.32104
26 12.1166  1
61    0
27 8.25083  1
61    0
28 5.62716  2
29    5.33166
38    4.30816
29 7.05969  1
61    0
30 11.7379  1
61    0
31 7.01422  1
61    0
32 11.5893  1
61    0
33 6.52867  1
61    0
34 10.0035  1
61    0
35 11.3506  1
61    0
36 5.74953  1
61    0
37 7.45918  1
61    0
38 13.0422  1
61    0
39 11.2737  1
61    0
40 5.49837  1
61    0
41 6.63915  1
61    0
42 10.3645  1
61    0
43 12.5295  1
61    0
44 9.59914  9
52    5.0558
53    5.58399
54    4.30871
55    6.1444
56    6.13881
57    6.12059
58    6.06108
59    5.86671
60    5.23196
45 10.0301  1
61    0
46 11.4373  1
61    0
47 6.03244  1
61    0
48 8.38328  1
61    0
49 6.0596  1
61    0
50 8.47179  1
61    0
51 6.34861  1
61    0
52 9.41572  1
61    0
53 9.43129  1
61    0
54 9.48195  1
61    0
55 9.64736  1
61    0
56 10.1875  1
61    0
57 11.9515  1
61    0
58 7.71157  1
61    0
59 13.8665  1
61    0
60 13.9654  1
61    0
61 0  0
