235
0 13.2336  7
1    11.1676
2    8.61632
3    12.2851
4    12.2657
100    11.9402
159    8.17374
177    11.27
1 11.8984  8
5    12.2022
6    11.9947
7    11.3172
8    9.10486
9    7.8804
11    12.169
90    8.78954
159    8.27409
2 7.53822  6
33    10.0021
34    10.8104
35    7.44972
36    8.47551
117    7.61946
161    10.1116
3 13.3004  3
12    12.2888
21    11.3764
101    7.37629
4 12.1166  2
10    9.88198
12    7.95071
5 8.25083  4
11    10.4181
118    12.573
161    8.61742
180    10.2187
6 5.62716  2
12    8.61742
177    11.9803
7 7.05969  2
12    10.1116
178    7.9172
8 11.7379  4
12    11.8865
52    12.573
101    11.27
161    10.9638
9 7.01422  4
12    11.168
21    12.4855
98    12.2412
161    12.169
10 11.5893  4
12    10.9638
41    9.02997
75    9.24787
181    10.8624
11 6.52867  3
12    12.2776
21    11.9402
86    7.83718
12 10.0035  7
13    12.2412
14    12.1222
15    11.7334
16    10.4639
17    12.3185
21    8.33799
41    9.08307
13 11.3506  4
18    12.3745
19    12.5574
20    7.15455
21    12.9198
14 5.74953  1
21    9.29786
15 7.45918  6
124    8.44823
125    11.7364
126    10.4736
127    12.3501
128    12.478
129    12.8953
16 13.0422  1
234    0
17 11.2737  3
21    7.51161
41    11.5177
97    12.169
18 5.49837  10
22    11.139
23    8.52293
24    11.9803
25    11.27
26    8.9505
27    7.37629
28    8.23582
29    11.0427
30    8.20853
65    12.139
19 6.63915  3
21    8.51067
101    8.9505
146    7.00751
20 10.3645  3
21    8.67766
97    8.61742
146    9.39729
21 12.5295  10
150    8.20103
151    10.929
152    7.83718
153    9.74081
154    9.95706
155    10.6633
156    12.9696
157    8.5006
158    11.9074
161    11.168
22 9.59914  10
42    7.80917
43    9.64943
44    9.65877
45    9.68917
46    9.78841
47    10.1125
48    11.1709
49    8.62694
50    12.3199
51    12.3793
23 10.0301  6
31    10.9536
32    7.9172
41    10.2187
65    11.7885
98    12.3185
160    9.10486
24 11.4373  2
101    11.139
180    7.29902
25 6.03244  1
41    9.75948
26 8.38328  1
41    10.018
27 6.0596  1
88    8.17374
28 8.47179  3
65    8.29368
97    11.8865
99    8.51067
29 6.34861  10
53    7.20545
54    7.67788
55    9.22059
56    8.25834
57    11.1162
58    8.44823
59    11.7364
60    10.4736
61    12.3501
65    11.7166
30 9.41572  3
41    10.8624
99    12.9198
101    8.23582
31 9.43129  4
88    10.8398
98    11.7334
159    12.8509
177    11.139
32 9.48195  1
234    0
33 9.64736  1
234    0
34 10.1875  2
41    7.63576
65    11.1143
35 11.9515  7
102    8.20853
103    10.9536
104    7.9172
105    10.0021
106    10.8104
107    7.44972
108    8.47551
36 7.71157  5
37    11.8253
38    10.7642
39    7.29902
40    7.98349
117    7.80917
37 13.8665  6
119    7.20545
120    7.67788
121    9.22059
122    8.25834
123    11.1162
161    10.4181
38 13.9654  2
41    7.61946
90    12.8509
39 14.2883  2
117    9.64943
159    12.9002
40 5.34242  1
99    12.4855
41 6.1298  1
234    0
42 8.70098  2
90    10.6421
146    9.52364
43 7.09723  1
177    8.52293
44 11.8603  4
65    12.9062
90    11.1676
91    12.2022
118    11.1709
45 7.41371  2
98    12.1222
99    8.67766
46 12.8939  10
66    11.2315
67    8.82488
68    12.9663
69    8.48979
70    11.872
71    10.9166
72    7.79653
73    9.60805
74    9.52364
91    12.2657
47 10.7894  4
62    12.478
63    12.8953
64    8.25779
86    10.929
48 13.9169  1
65    10.409
49 14.1299  1
118    9.68917
50 14.8254  5
78    9.39729
79    8.83532
80    7.00018
81    7.00751
82    7.0315
51 7.09632  3
88    10.6633
90    12.2851
117    9.02997
52 11.8572  2
89    7.54585
180    10.7642
53 7.40364  1
88    8.5006
54 12.861  1
222    8.20103
55 10.6816  1
234    0
56 13.565  2
65    10.6439
211    8.48979
57 12.9809  1
234    0
58 11.0732  1
98    10.4639
59 14.8437  1
234    0
60 7.15613  2
97    10.9638
98    12.3745
61 12.0525  3
97    12.2888
99    8.33799
146    11.4068
62 8.04147  5
83    7.10987
84    7.36567
85    8.20103
98    7.15455
117    10.8624
63 14.9438  1
234    0
64 7.48299  2
65    8.44218
97    11.168
65 13.1201  3
76    8.34733
77    11.4068
99    11.3764
66 11.5276  5
92    11.3172
93    9.10486
94    7.8804
95    9.88198
96    10.4181
67 6.32756  1
117    9.08307
68 9.34675  1
90    8.61632
69 9.20606  4
88    11.0321
90    8.11313
97    7.95071
101    11.9803
70 8.74645  3
146    8.83532
160    11.1676
180    11.8253
71 7.24555  2
117    9.65877
160    11.3172
72 12.3446  1
87    9.74081
73 8.99548  1
234    0
74 8.05887  2
88    12.9696
176    11.3764
75 5.00031  5
187    9.64943
188    9.65877
189    9.68917
190    9.78841
191    10.1125
76 5.01251  1
234    0
77 5.05249  1
234    0
78 5.18311  3
90    12.9002
101    8.52293
159    8.11313
79 5.60945  1
234    0
80 7.00171  1
117    7.63576
81 11.5484  1
88    11.9074
82 6.39531  2
99    7.51161
180    7.44972
83 9.56801  1
146    9.24787
84 9.92843  2
118    8.62694
200    8.25834
85 11.1055  3
99    9.29786
160    11.9947
211    8.29368
86 14.9493  1
98    12.5574
87 7.50099  4
88    9.95706
90    8.27409
118    10.1125
180    10.8104
88 13.179  1
234    0
89 11.7202  1
161    9.88198
90 6.95624  1
91    11.9947
91 11.3997  9
162    12.2776
163    12.2412
164    12.1222
165    11.7334
166    10.4639
167    12.3185
168    12.3745
169    12.5574
170    7.15455
92 5.90976  1
101    11.0427
93 7.98257  1
97    10.1116
94 14.7516  2
159    10.8398
222    7.10987
95 6.85522  1
118    12.3793
96 11.0701  3
133    11.7166
134    10.409
135    12.139
97 14.8337  4
98    12.2776
118    9.78841
136    10.6439
146    7.00018
98 7.12348  1
234    0
99 11.946  1
234    0
100 7.69387  1
180    9.75948
101 13.8086  8
109    11.8253
110    10.7642
111    7.29902
112    7.98349
113    10.2187
114    11.5177
115    9.75948
116    10.018
102 13.7762  1
118    12.3199
103 13.6703  1
234    0
104 13.3245  4
142    8.48979
143    11.872
144    10.9166
145    7.79653
105 12.1953  1
146    9.60805
106 8.5081  3
160    12.2851
177    7.37629
178    11.0427
107 6.46733  1
234    0
108 9.80331  2
180    7.98349
211    11.872
109 10.6969  1
222    7.36567
110 13.6151  1
234    0
111 13.1442  1
200    10.4736
112 11.6063  6
130    8.25779
131    11.1143
132    8.44218
136    11.7885
160    7.8804
161    12.2888
113 6.58452  2
160    12.2657
180    11.5177
114 10.186  1
234    0
115 11.9466  2
159    11.0321
181    10.018
116 7.6957  1
234    0
117 13.8147  7
137    12.9062
138    8.29368
139    11.2315
140    8.82488
141    12.9663
159    8.78954
200    8.44823
118 13.796  1
234    0
119 13.7353  1
200    12.478
120 13.5369  1
234    0
121 12.889  1
234    0
122 10.7732  1
234    0
123 13.8641  1
211    12.9663
124 13.9575  1
234    0
125 14.2624  1
234    0
126 5.25758  1
211    10.9166
127 5.85269  1
234    0
128 7.79611  1
161    11.8865
129 14.1424  1
234    0
130 14.8663  6
171    7.51161
172    8.67766
173    12.4855
174    12.9198
175    8.33799
200    11.1162
131 7.22999  3
147    7.0315
148    7.10987
149    7.36567
132 12.2939  1
234    0
133 8.82977  1
146    8.34733
134 7.51778  1
178    10.9536
135 13.2336  1
234    0
136 11.8984  2
159    10.6421
180    8.47551
137 7.53822  1
159    7.54585
138 13.3004  1
234    0
139 12.1166  1
176    9.29786
140 8.25083  1
160    12.2022
141 5.62716  1
234    0
142 7.05969  1
234    0
143 11.7379  1
234    0
144 7.01422  1
178    8.20853
145 11.5893  1
234    0
146 6.52867  1
234    0
147 10.0035  1
177    8.9505
148 11.3506  1
160    8.61632
149 5.74953  1
234    0
150 7.45918  1
200    11.7364
151 13.0422  1
234    0
152 11.2737  1
200    12.3501
153 5.49837  3
161    7.95071
177    8.51067
211    8.82488
154 6.63915  1
234    0
155 10.3645  1
234    0
156 12.5295  10
201    12.8953
202    8.25779
203    11.1143
204    8.44218
205    11.7166
206    10.409
207    12.139
208    11.7885
209    10.6439
210    12.9062
157 9.59914  1
234    0
158 10.0301  2
223    10.929
224    7.83718
159 11.4373  1
177    11.9402
160 6.03244  1
234    0
161 8.38328  1
179    10.0021
162 6.0596  1
234    0
163 8.47179  1
234    0
164 6.34861  1
234    0
165 9.41572  1
234    0
166 9.43129  1
234    0
167 9.48195  9
225    9.74081
226    9.95706
227    10.6633
228    12.9696
229    8.5006
230    11.9074
231    11.0321
232    8.17374
233    10.8398
168 9.64736  1
234    0
169 10.1875  1
234    0
170 11.9515  1
234    0
171 7.71157  1
234    0
172 13.8665  1
177    8.23582
173 13.9654  1
234    0
174 14.2883  1
234    0
175 5.34242  1
234    0
176 6.1298  1
234    0
177 8.70098  1
234    0
178 7.09723  1
234    0
179 11.8603  5
182    7.61946
183    9.02997
184    7.63576
185    9.08307
186    7.80917
180 7.41371  1
234    0
181 12.8939  1
234    0
182 10.7894  1
234    0
183 13.9169  10
212    7.79653
213    9.60805
214    9.52364
215    9.24787
216    8.34733
217    11.4068
218    9.39729
219    8.83532
220    7.00018
221    7.00751
184 14.1299  1
222    7.0315
185 14.8254  1
234    0
186 7.09632  1
234    0
187 11.8572  8
192    11.1709
193    8.62694
194    12.3199
195    12.3793
196    12.573
197    7.20545
198    7.67788
199    9.22059
188 7.40364  1
234    0
189 12.861  1
234    0
190 10.6816  1
234    0
191 13.565  1
234    0
192 12.9809  1
234    0
193 11.0732  1
234    0
194 14.8437  1
234    0
195 7.15613  1
234    0
196 12.0525  1
234    0
197 8.04147  1
234    0
198 14.9438  1
234    0
199 7.48299  1
234    0
200 13.1201  1
234    0
201 11.5276  1
234    0
202 6.32756  1
234    0
203 9.34675  1
234    0
204 9.20606  1
234    0
205 8.74645  1
234    0
206 7.24555  1
234    0
207 12.3446  1
211    11.2315
208 8.99548  1
234    0
209 8.05887  1
234    0
210 5.00031  1
234    0
211 5.01251  1
234    0
212 5.05249  1
234    0
213 5.18311  1
234    0
214 5.60945  1
234    0
215 7.00171  1
234    0
216 11.5484  1
234    0
217 6.39531  1
234    0
218 9.56801  1
234    0
219 9.92843  1
234    0
220 11.1055  1
234    0
221 14.9493  1
234    0
222 7.50099  1
234    0
223 13.179  1
234    0
224 11.7202  1
234    0
225 6.95624  1
234    0
226 11.3997  1
234    0
227 5.90976  1
234    0
228 7.98257  1
234    0
229 14.7516  1
234    0
230 6.85522  1
234    0
231 11.0701  1
234    0
232 14.8337  1
234    0
233 7.12348  1
234    0
234 0  0
