206
0 9.43129  4
1    12.2851
2    12.2022
46    11.1709
179    12.3793
1 9.48195  3
2    12.2657
50    12.139
125    10.1125
2 9.64736  10
3    11.9947
4    11.3172
5    9.10486
6    7.8804
7    9.88198
8    10.4181
9    12.169
10    11.8865
11    10.9638
21    10.4639
3 10.1875  4
42    10.9536
44    7.61946
50    10.6439
96    12.2888
4 11.9515  7
21    12.3185
46    7.20545
48    11.7364
116    10.7642
129    10.409
161    11.168
170    11.0427
5 7.71157  3
47    8.44823
96    12.2412
194    11.872
6 13.8665  5
44    9.75948
48    12.3501
49    11.1143
125    12.3793
171    7.29902
7 13.9654  4
43    10.7642
107    8.33799
109    8.51067
128    11.1162
8 14.2883  4
41    8.20853
46    12.573
92    11.9947
171    10.0021
9 5.34242  2
46    8.62694
188    11.7166
10 6.1298  2
82    12.8509
92    11.3172
11 8.70098  10
12    7.95071
13    10.1116
14    11.168
15    8.61742
16    12.2888
17    12.2776
18    12.2412
19    12.1222
20    11.7334
42    7.9172
12 7.09723  1
44    10.8624
13 11.8603  2
46    12.3793
109    7.37629
14 7.41371  9
62    9.24787
63    8.34733
64    11.4068
65    9.39729
66    8.83532
82    8.78954
92    7.8804
148    8.27409
170    11.9803
15 12.8939  2
43    11.8253
48    12.478
16 10.7894  2
21    12.3745
147    12.9002
17 13.9169  10
24    7.51161
25    8.67766
26    12.4855
27    12.9198
28    8.33799
29    11.3764
30    9.29786
31    8.51067
129    12.139
161    7.95071
18 14.1299  1
190    8.29368
19 14.8254  3
22    12.5574
23    7.15455
172    11.5177
20 7.09632  5
43    7.44972
44    10.2187
45    7.80917
82    8.17374
146    11.0321
21 11.8572  2
82    7.54585
169    8.33799
22 7.40364  1
46    7.67788
23 12.861  2
47    8.25834
95    10.1116
24 10.6816  2
50    11.7885
109    11.27
25 13.565  3
45    9.64943
49    8.44218
92    10.4181
26 12.9809  7
130    10.6439
131    12.9062
132    8.29368
133    11.2315
134    8.82488
135    12.9663
168    7.15455
27 11.0732  6
32    11.9402
43    10.0021
45    9.68917
108    11.3764
116    7.29902
178    9.64943
28 14.8437  10
33    11.139
34    8.52293
35    11.9803
36    11.27
37    8.9505
38    7.37629
39    8.23582
40    11.0427
46    10.1125
47    11.1162
29 7.15613  5
44    11.5177
46    9.22059
109    8.23582
117    7.61946
178    10.1125
30 12.0525  1
49    12.8953
31 8.04147  3
43    8.47551
44    7.98349
48    10.4736
32 14.9438  4
95    11.168
109    8.9505
125    7.20545
179    11.1162
33 7.48299  5
43    10.8104
44    9.02997
94    10.9638
169    9.29786
170    8.52293
34 13.1201  2
50    11.7166
108    9.29786
35 11.5276  1
44    7.29902
36 6.32756  2
45    7.63576
50    10.409
37 9.34675  1
44    10.018
38 9.20606  10
51    12.9062
52    8.29368
53    11.2315
54    8.82488
55    12.9663
56    8.48979
57    11.872
58    10.9166
59    7.79653
60    9.60805
39 8.74645  2
128    12.8953
168    12.3185
40 7.24555  1
45    9.65877
41 12.3446  1
205    0
42 8.99548  3
46    12.3199
49    8.25779
128    12.3501
43 8.05887  2
45    9.08307
61    9.52364
44 5.00031  2
45    9.78841
188    10.409
45 5.01251  6
67    7.00018
68    7.00751
69    7.0315
70    7.10987
71    7.36567
72    8.20103
46 5.05249  1
128    11.1143
47 5.18311  3
82    10.8398
116    8.47551
146    12.8509
48 5.60945  3
128    10.4736
179    7.67788
189    12.139
49 7.00171  1
92    9.10486
50 11.5484  1
168    12.3745
51 6.39531  2
109    11.9803
145    9.74081
52 9.56801  9
149    11.1676
150    8.61632
151    12.2851
152    12.2657
153    12.2022
154    11.9947
155    11.3172
156    9.10486
157    7.8804
53 9.92843  2
129    11.7166
169    8.67766
54 11.1055  10
73    10.929
74    7.83718
75    9.74081
76    9.95706
77    10.6633
78    12.9696
79    8.5006
80    11.9074
81    11.0321
95    8.61742
55 14.9493  8
180    11.7364
181    10.4736
182    12.3501
183    12.478
184    12.8953
185    8.25779
186    11.1143
187    8.44218
56 7.50099  1
95    7.95071
57 13.179  2
125    9.78841
178    7.63576
58 11.7202  1
92    9.88198
59 6.95624  1
117    10.018
60 11.3997  2
125    8.62694
136    11.872
61 5.90976  2
109    8.52293
146    10.6421
62 7.98257  5
116    11.8253
136    8.48979
170    8.9505
171    7.9172
178    9.65877
63 14.7516  2
91    12.2022
109    11.139
64 6.85522  4
125    7.67788
136    10.9166
145    10.929
146    8.78954
65 11.0701  2
129    11.7885
170    8.23582
66 14.8337  1
145    8.20103
67 7.12348  2
125    11.1709
136    7.79653
68 11.946  2
145    7.83718
168    12.5574
69 7.69387  1
194    10.9166
70 13.8086  1
128    8.44218
71 13.7762  3
117    11.5177
179    12.573
194    8.48979
72 13.6703  1
179    9.22059
73 13.3245  1
96    12.2776
74 12.1953  1
109    11.9402
75 8.5081  1
136    9.24787
76 6.46733  4
142    7.0315
143    7.10987
144    7.36567
146    10.8398
77 9.80331  1
205    0
78 10.6969  1
93    11.8865
79 13.6151  1
107    12.9198
80 13.1442  9
83    8.11313
84    10.6421
85    12.9002
86    8.27409
87    11.1676
88    8.61632
89    12.2851
90    12.2657
128    8.44823
81 11.6063  2
123    9.65877
124    9.68917
82 6.58452  1
92    12.169
83 10.186  2
145    12.9696
170    11.27
84 11.9466  10
97    12.1222
98    11.7334
99    10.4639
100    12.3185
101    12.3745
102    12.5574
103    7.15455
104    7.51161
105    8.67766
106    12.4855
85 7.6957  1
170    11.9402
86 13.8147  7
110    11.0427
111    8.20853
112    10.9536
113    7.9172
114    10.0021
117    10.2187
178    11.1709
87 13.796  1
205    0
88 13.7353  1
205    0
89 13.5369  2
126    9.22059
127    8.25834
90 12.889  4
118    9.02997
119    7.63576
120    9.08307
171    11.8253
91 10.7732  1
205    0
92 13.8641  2
116    7.98349
161    11.8865
93 13.9575  2
146    8.11313
171    10.9536
94 14.2624  2
145    9.95706
170    11.139
95 5.25758  1
205    0
96 5.85269  1
136    8.34733
97 7.79611  1
171    8.47551
98 14.1424  1
136    9.52364
99 14.8663  1
205    0
100 7.22999  9
196    9.24787
197    8.34733
198    11.4068
199    9.39729
200    8.83532
201    7.00018
202    7.00751
203    7.0315
204    7.10987
101 12.2939  2
146    8.17374
179    8.44823
102 8.82977  1
146    7.54585
103 7.51778  1
178    9.78841
104 13.2336  1
205    0
105 11.8984  1
116    7.44972
106 7.53822  1
117    9.75948
107 13.3004  1
115    10.8104
108 12.1166  1
205    0
109 8.25083  3
125    12.3199
128    8.25779
161    8.61742
110 5.62716  2
117    10.8624
169    11.3764
111 7.05969  1
205    0
112 11.7379  1
205    0
113 7.01422  1
205    0
114 11.5893  1
128    11.7364
115 6.52867  1
205    0
116 10.0035  1
178    7.80917
117 11.3506  1
195    9.52364
118 5.74953  1
178    9.08307
119 7.45918  2
171    8.20853
179    12.3199
120 13.0422  3
121    7.80917
122    9.64943
136    9.60805
121 11.2737  3
125    12.573
161    10.9638
178    9.68917
122 5.49837  1
205    0
123 6.63915  6
137    11.4068
138    9.39729
139    8.83532
140    7.00018
141    7.00751
189    11.7885
124 10.3645  1
128    12.478
125 12.5295  2
168    7.51161
195    9.60805
126 9.59914  1
205    0
127 10.0301  1
205    0
128 11.4373  1
205    0
129 6.03244  1
145    8.5006
130 8.38328  1
145    11.9074
131 6.0596  1
171    10.8104
132 8.47179  3
158    9.88198
159    10.4181
160    12.169
133 6.34861  1
171    10.7642
134 9.41572  1
170    7.37629
135 9.43129  5
173    9.75948
174    10.018
175    10.8624
176    7.61946
177    9.02997
136 9.48195  1
179    8.62694
137 9.64736  1
205    0
138 10.1875  1
189    10.6439
139 11.9515  1
205    0
140 7.71157  1
205    0
141 13.8665  2
145    10.6633
171    7.44972
142 13.9654  1
170    8.51067
143 14.2883  3
172    10.2187
179    8.25834
194    7.79653
144 5.34242  1
205    0
145 6.1298  1
205    0
146 8.70098  1
205    0
147 7.09723  1
205    0
148 11.8603  1
205    0
149 7.41371  1
205    0
150 12.8939  1
205    0
151 10.7894  1
205    0
152 13.9169  1
205    0
153 14.1299  1
161    10.1116
154 14.8254  1
205    0
155 7.09632  1
205    0
156 11.8572  3
191    11.2315
192    8.82488
193    12.9663
157 7.40364  1
205    0
158 12.861  1
205    0
159 10.6816  6
162    12.2888
163    12.2776
164    12.2412
165    12.1222
166    11.7334
167    10.4639
160 13.565  1
205    0
161 12.9809  1
205    0
162 11.0732  1
169    12.9198
163 14.8437  1
205    0
164 7.15613  1
205    0
165 12.0525  1
205    0
166 8.04147  1
169    12.4855
167 14.9438  1
205    0
168 7.48299  1
205    0
169 13.1201  1
172    7.98349
170 11.5276  1
205    0
171 6.32756  1
205    0
172 9.34675  1
205    0
173 9.20606  1
205    0
174 8.74645  1
205    0
175 7.24555  1
205    0
176 12.3446  1
179    7.20545
177 8.99548  1
205    0
178 8.05887  1
205    0
179 5.00031  1
205    0
180 5.01251  1
205    0
181 5.05249  1
205    0
182 5.18311  1
205    0
183 5.60945  1
205    0
184 7.00171  1
205    0
185 11.5484  1
205    0
186 6.39531  1
205    0
187 9.56801  1
189    12.9062
188 9.92843  1
205    0
189 11.1055  1
205    0
190 14.9493  1
205    0
191 7.50099  1
205    0
192 13.179  1
205    0
193 11.7202  1
205    0
194 6.95624  1
205    0
195 11.3997  1
205    0
196 5.90976  1
205    0
197 7.98257  1
205    0
198 14.7516  1
205    0
199 6.85522  1
205    0
200 11.0701  1
205    0
201 14.8337  1
205    0
202 7.12348  1
205    0
203 11.946  1
205    0
204 7.69387  1
205    0
205 0  0
