231
0 14.1299  7
1    41.0427
2    54.7678
3    39.586
5    54.0518
74    59.7008
79    48.9421
98    58.5829
1 14.8254  5
5    42.3775
67    61.3881
76    53.8211
79    50.5626
185    56.8818
2 7.09632  3
5    59.1267
57    53.2104
79    39.0458
3 11.8572  5
4    50.0105
5    37.2486
74    42.6147
76    50.0105
210    64.4763
4 7.40364  7
5    53.8211
31    62.3898
32    42.2109
56    59.5369
77    36.4951
167    35.0375
180    54.819
5 12.861  4
6    36.4951
65    60.8452
73    37.5581
74    56.8818
6 10.6816  10
7    39.9174
8    51.0936
9    57.5886
10    48.7974
11    50.0902
12    54.3118
13    38.0973
56    49.7853
76    54.0518
209    36.0273
7 13.565  4
67    61.2059
75    44.7525
76    37.2486
144    36.0273
8 12.9809  10
14    45.1498
15    38.1788
16    45.4154
17    39.0458
18    48.2472
19    48.2939
20    48.4458
21    48.9421
22    50.5626
32    58.5829
9 11.0732  4
31    58.6818
56    53.3166
57    40.5657
111    45.5243
10 14.8437  3
32    55.5716
67    55.8399
115    55.8399
11 7.15613  3
56    64.848
76    41.0427
100    46.2394
12 12.0525  1
31    42.2411
13 8.04147  5
31    64.4763
57    64.2547
110    43.9477
167    41.0051
219    35.0009
14 14.9438  4
32    60.6951
107    41.0051
108    64.848
117    61.8725
15 7.48299  3
77    45.1498
110    54.1992
185    42.5533
16 13.1201  10
33    41.4684
34    56.1576
35    44.1244
36    64.8315
37    42.449
38    59.3602
39    54.5828
40    38.9827
115    61.2059
166    35.0009
17 11.5276  3
31    61.7507
56    42.503
179    56.586
18 6.32756  10
23    55.8545
24    43.1347
25    61.5996
26    61.8963
27    62.8649
28    36.0273
29    38.3894
30    46.1029
32    64.5312
57    37.7293
19 9.34675  5
65    39.402
75    59.9013
76    42.3775
115    58.6671
209    61.5996
20 9.20606  3
41    48.0403
57    55.1605
74    55.6952
21 8.74645  4
32    53.2196
57    40.8687
65    49.4099
179    55.838
22 7.24555  2
98    60.6951
166    44.1766
23 12.3446  3
32    52.0449
184    35.7727
212    60.6951
24 8.99548  4
31    55.5808
76    39.586
79    48.2472
200    54.3118
25 8.05887  4
32    58.9427
79    45.4154
111    43.0816
184    62.4273
26 5.00031  2
31    41.2917
100    47.6182
27 5.01251  2
46    44.1766
108    59.5369
28 5.05249  3
57    41.3704
65    54.819
67    50.558
29 5.18311  4
31    52.3681
75    56.3498
77    54.3118
100    46.9865
30 5.60945  4
31    41.2889
77    50.0902
100    54.5828
179    61.0109
31 7.00171  4
41    47.6182
74    46.4893
75    36.8815
179    61.3286
32 11.5484  9
58    55.838
59    43.0816
60    61.4257
61    61.3286
62    61.0109
63    59.9736
64    56.586
65    59.4325
77    38.0973
33 6.39531  2
73    35.7727
112    60.8452
34 9.56801  4
99    64.8315
110    64.501
111    59.9736
144    46.1029
35 9.92843  10
47    35.0009
48    35.0375
49    35.1575
50    35.5493
51    36.8284
52    41.0051
53    54.6451
54    39.1859
55    48.704
73    43.3883
36 11.1055  3
98    58.9427
126    55.2136
186    41.1791
37 14.9493  1
79    48.4458
38 7.50099  1
179    49.4099
39 13.179  8
43    41.7367
44    57.0338
45    46.9865
66    39.7536
107    54.6451
110    41.3704
117    37.5581
185    59.7008
40 11.7202  1
117    41.69
41 6.95624  3
42    46.2394
111    52.0907
117    43.3883
42 11.3997  2
108    42.503
209    46.1029
43 5.90976  3
75    55.2136
79    48.2939
111    61.3286
44 7.98257  1
230    0
45 14.7516  3
57    54.1992
67    61.444
75    41.1791
46 6.85522  2
98    42.2109
99    64.5312
47 11.0701  3
155    52.0449
208    55.8545
219    41.7367
48 14.8337  3
97    55.5716
100    41.7367
111    49.4099
49 7.12348  6
69    58.6671
70    52.3196
71    61.5923
72    61.8725
100    48.0403
166    41.7367
50 11.946  3
57    43.9477
76    54.7678
209    61.8963
51 7.69387  1
57    64.501
52 13.8086  1
210    62.3898
53 13.7762  7
67    43.0871
73    62.4273
74    41.69
77    51.0936
99    41.4684
117    64.599
184    64.599
54 13.6703  5
84    62.8649
85    36.0273
86    38.3894
87    46.1029
88    41.2917
55 13.3245  4
77    48.7974
115    60.6108
143    48.2472
179    59.9736
56 12.1953  1
110    37.7293
57 8.5081  1
110    53.2104
58 6.46733  1
181    50.558
59 9.80331  2
65    45.5243
167    54.6451
60 10.6969  1
100    38.9827
61 13.6151  2
144    62.8649
155    53.2196
62 13.1442  2
116    61.5923
176    64.2547
63 11.6063  3
77    39.9174
110    55.838
143    48.2939
64 6.58452  1
65    52.0907
65 10.186  1
76    59.1267
66 11.9466  6
68    60.6108
73    64.599
99    59.3602
111    56.586
143    48.9421
155    60.6951
67 7.6957  4
73    62.7871
74    42.5533
115    61.3881
219    46.2394
68 13.8147  5
77    57.5886
108    48.704
109    55.1605
110    40.5657
176    40.5657
69 13.796  3
108    49.7853
144    61.5996
212    41.4684
70 13.7353  9
145    55.5808
146    42.2411
147    58.6818
148    52.3681
149    61.7507
150    62.3898
151    64.4763
152    41.2889
153    55.5716
71 13.5369  2
78    38.1788
219    48.0403
72 12.889  2
99    44.1244
117    35.7727
73 10.7732  3
111    39.402
143    45.4154
212    55.5716
74 13.8641  2
82    61.5996
83    61.8963
75 13.9575  3
101    44.1766
102    35.0009
167    39.1859
76 14.2624  1
182    58.6671
77 5.25758  1
230    0
78 5.85269  10
157    44.1244
158    64.8315
159    42.449
160    59.3602
161    54.5828
162    38.9827
163    48.0403
164    47.6182
165    46.2394
219    47.6182
79 7.79611  3
80    55.8545
81    43.1347
143    39.0458
80 14.1424  5
103    35.0375
104    35.1575
105    35.5493
106    36.8284
200    50.0902
81 14.8663  2
126    41.0427
185    55.6952
82 7.22999  1
108    53.3166
83 12.2939  2
126    44.7525
156    56.1576
84 8.82977  10
89    55.5808
90    42.2411
91    58.6818
92    52.3681
93    61.7507
94    62.3898
95    64.4763
96    41.2889
115    52.3196
166    57.0338
85 7.51778  1
99    42.449
86 13.2336  2
111    61.4257
115    61.444
87 11.8984  1
230    0
88 7.53822  1
230    0
89 13.3004  10
118    56.8818
119    46.4893
120    42.5533
121    59.7008
122    55.6952
123    42.6147
124    59.9013
125    56.3498
155    58.9427
167    35.5493
90 12.1166  4
100    57.0338
107    39.1859
117    62.4273
144    61.8963
91 8.25083  1
230    0
92 5.62716  1
207    48.2939
93 7.05969  3
113    59.4325
114    54.819
209    38.3894
94 11.7379  2
98    53.2196
144    55.8545
95 7.01422  1
109    40.8687
96 11.5893  2
98    52.0449
110    64.2547
97 6.52867  6
134    36.4951
135    39.9174
136    51.0936
137    57.5886
138    48.7974
139    50.0902
98 10.0035  2
99    56.1576
182    60.6108
99 11.3506  1
186    36.8815
100 5.74953  1
185    41.69
101 7.45918  2
115    43.0871
117    62.7871
102 13.0422  2
166    46.9865
184    62.7871
103 11.2737  1
230    0
104 5.49837  1
180    52.0907
105 6.63915  1
186    56.3498
106 10.3645  1
111    61.0109
107 12.5295  1
230    0
108 9.59914  1
230    0
109 10.0301  4
115    50.558
179    43.0816
209    62.8649
212    58.9427
110 11.4373  1
167    36.8284
111 6.03244  3
126    41.1791
181    55.8399
212    52.0449
112 8.38328  3
115    39.7536
126    36.8815
185    59.9013
113 6.0596  1
230    0
114 8.47179  3
126    54.7678
144    43.1347
183    61.8725
115 6.34861  3
155    64.5312
176    53.2104
185    42.6147
116 9.41572  1
230    0
117 9.43129  8
127    39.586
128    50.0105
129    54.0518
130    37.2486
131    42.3775
132    59.1267
133    53.8211
180    60.8452
118 9.48195  1
182    61.444
119 9.64736  2
180    59.4325
184    43.3883
120 10.1875  1
167    35.1575
121 11.9515  1
230    0
122 7.71157  1
211    41.2889
123 13.8665  1
230    0
124 13.9654  1
186    44.7525
125 14.2883  5
141    38.0973
142    45.1498
143    38.1788
144    38.3894
155    58.5829
126 5.34242  1
230    0
127 6.1298  1
230    0
128 8.70098  1
143    50.5626
129 7.09723  1
230    0
130 11.8603  1
230    0
131 7.41371  2
155    41.4684
208    48.4458
132 12.8939  1
230    0
133 10.7894  1
230    0
134 13.9169  2
143    48.4458
144    41.2917
135 14.1299  1
182    43.0871
136 14.8254  2
140    54.3118
219    46.9865
137 7.09632  1
230    0
138 11.8572  1
230    0
139 7.40364  8
187    55.2136
188    41.0427
189    54.7678
190    39.586
191    50.0105
192    54.0518
193    37.2486
194    42.3775
140 12.861  2
200    48.7974
212    53.2196
141 10.6816  1
230    0
142 13.565  1
180    39.7536
143 12.9809  1
154    42.2109
144 11.0732  1
200    57.5886
145 14.8437  2
177    64.501
178    41.3704
146 7.15613  1
230    0
147 12.0525  1
230    0
148 8.04147  1
230    0
149 14.9438  1
230    0
150 7.48299  1
230    0
151 13.1201  1
182    61.3881
152 11.5276  1
230    0
153 6.32756  1
230    0
154 9.34675  2
179    45.5243
210    61.7507
155 9.20606  1
175    40.8687
156 8.74645  1
230    0
157 7.24555  1
182    61.2059
158 12.3446  1
219    57.0338
159 8.99548  1
230    0
160 8.05887  2
175    54.1992
182    52.3196
161 5.00031  1
230    0
162 5.01251  1
230    0
163 5.05249  7
168    48.704
169    49.7853
170    53.3166
171    64.848
172    42.503
173    59.5369
174    55.1605
164 5.18311  2
176    43.9477
208    50.5626
165 5.60945  3
179    61.4257
208    48.9421
212    56.1576
166 7.00171  1
230    0
167 11.5484  2
210    52.3681
212    58.5829
168 6.39531  1
230    0
169 9.56801  1
209    43.1347
170 9.92843  1
210    42.2411
171 11.1055  1
179    39.402
172 14.9493  3
176    37.7293
185    46.4893
219    44.1766
173 7.50099  1
230    0
174 13.179  1
230    0
175 11.7202  1
230    0
176 6.95624  1
230    0
177 11.3997  1
230    0
178 5.90976  2
183    61.5923
184    37.5581
179 7.98257  1
230    0
180 14.7516  1
230    0
181 6.85522  1
230    0
182 11.0701  10
220    35.0375
221    35.1575
222    35.5493
223    36.8284
224    41.0051
225    54.6451
226    39.1859
227    48.704
228    49.7853
229    53.3166
183 14.8337  6
201    38.0973
202    45.1498
203    38.1788
204    45.4154
205    39.0458
206    48.2472
184 7.12348  1
230    0
185 11.946  1
230    0
186 7.69387  1
212    64.5312
187 13.8086  1
230    0
188 13.7762  1
230    0
189 13.6703  1
230    0
190 13.3245  5
195    59.1267
196    53.8211
197    36.4951
198    39.9174
199    51.0936
191 12.1953  1
230    0
192 8.5081  1
230    0
193 6.46733  1
230    0
194 9.80331  1
230    0
195 10.6969  1
230    0
196 13.6151  1
230    0
197 13.1442  1
230    0
198 11.6063  1
230    0
199 6.58452  1
230    0
200 10.186  1
230    0
201 11.9466  2
209    41.2917
212    42.2109
202 7.6957  1
230    0
203 13.8147  1
210    58.6818
204 13.796  1
230    0
205 13.7353  1
230    0
206 13.5369  1
230    0
207 12.889  1
230    0
208 10.7732  1
209    55.5808
209 13.8641  1
230    0
210 13.9575  1
230    0
211 14.2624  1
230    0
212 5.25758  6
213    44.1244
214    64.8315
215    42.449
216    59.3602
217    54.5828
218    38.9827
213 5.85269  1
230    0
214 7.79611  1
230    0
215 14.1424  1
230    0
216 14.8663  1
230    0
217 7.22999  1
230    0
218 12.2939  1
230    0
219 8.82977  1
230    0
220 7.51778  1
230    0
221 13.2336  1
230    0
222 11.8984  1
230    0
223 7.53822  1
230    0
224 13.3004  1
230    0
225 12.1166  1
230    0
226 8.25083  1
230    0
227 5.62716  1
230    0
228 7.05969  1
230    0
229 11.7379  1
230    0
230 0  0
