45
0 6.1298  3
1    10.6633
12    8.27409
24    12.2776
1 8.70098  10
2    12.9696
3    8.5006
4    11.9074
5    11.0321
6    8.17374
7    10.8398
8    7.54585
9    8.78954
10    12.8509
11    8.11313
2 7.09723  1
12    11.1676
3 11.8603  1
12    12.2022
4 7.41371  10
14    9.10486
15    7.8804
16    9.88198
17    10.4181
18    12.169
19    11.8865
20    10.9638
21    7.95071
22    10.1116
23    11.168
5 12.8939  1
44    0
6 10.7894  1
12    8.61632
7 13.9169  2
12    12.2657
24    12.2412
8 14.1299  1
25    11.7334
9 14.8254  2
12    12.9002
13    11.9947
10 7.09632  3
12    10.6421
13    11.3172
25    12.3745
11 11.8572  1
12    12.2851
12 7.40364  1
44    0
13 12.861  1
44    0
14 10.6816  2
25    10.4639
26    7.15455
15 13.565  1
24    8.61742
16 12.9809  1
44    0
17 11.0732  2
24    12.1222
27    12.9198
18 14.8437  3
24    12.2888
25    12.3185
26    7.51161
19 7.15613  1
44    0
20 12.0525  1
26    8.67766
21 8.04147  2
26    12.4855
27    8.51067
22 14.9438  1
43    8.47551
23 7.48299  1
44    0
24 13.1201  2
25    12.5574
27    8.33799
25 11.5276  1
27    9.29786
26 6.32756  1
27    11.3764
27 9.34675  8
28    11.9402
29    11.139
30    8.52293
31    11.9803
32    11.27
33    8.9505
34    7.37629
35    8.23582
28 9.20606  1
44    0
29 8.74645  1
44    0
30 7.24555  7
36    11.0427
37    8.20853
38    10.9536
39    7.9172
40    10.0021
41    10.8104
42    7.44972
31 12.3446  1
44    0
32 8.99548  1
44    0
33 8.05887  1
44    0
34 5.00031  1
44    0
35 5.01251  1
44    0
36 5.05249  1
44    0
37 5.18311  1
44    0
38 5.60945  1
44    0
39 7.00171  1
44    0
40 11.5484  1
44    0
41 6.39531  1
44    0
42 9.56801  1
44    0
43 9.92843  1
44    0
44 0  0
