88
0 12.0525  5
1    5.40518
2    3.72486
3    4.23775
4    5.91267
46    4.55243
1 8.04147  3
5    3.64951
43    4.10051
45    6.14257
2 14.9438  10
6    3.99174
7    5.10936
8    5.75886
9    4.87974
10    5.00902
11    5.43118
12    3.80973
13    4.51498
14    3.81788
15    4.54154
3 7.48299  3
5    5.38211
34    5.20449
42    4.69865
4 13.1201  3
32    5.23681
42    5.70338
46    6.08452
5 11.5276  2
32    6.17507
35    5.32196
6 6.32756  1
45    4.13704
7 9.34675  3
33    4.12889
42    3.50375
45    4.30816
8 9.20606  2
32    4.22411
43    5.33166
9 8.74645  1
35    6.06951
10 7.24555  1
35    5.89427
11 12.3446  10
16    3.90458
17    4.82472
18    4.82939
19    4.84458
20    4.89421
21    5.05626
22    5.58545
34    5.55716
42    4.62394
44    4.2503
12 8.99548  2
32    6.23898
46    3.97536
13 8.05887  1
41    5.45828
14 5.00031  6
36    4.14684
37    5.61576
38    4.41244
41    3.89827
44    5.51605
45    5.32104
15 5.01251  1
45    6.13286
16 5.05249  1
87    0
17 5.18311  1
87    0
18 5.60945  4
48    6.1444
49    6.13881
50    6.12059
51    6.06108
19 7.00171  2
35    6.45312
44    4.05657
20 11.5484  3
43    4.97853
44    4.08687
45    6.10109
21 6.39531  10
23    4.31347
24    6.15996
25    6.18963
26    6.28649
27    3.60273
28    3.83894
29    4.61029
30    4.12917
31    5.55808
32    5.86818
22 9.56801  3
41    4.80403
43    5.46451
45    5.99736
23 9.92843  4
34    4.22109
42    3.50009
44    5.41992
46    5.0558
24 11.1055  1
45    6.4501
25 14.9493  1
87    0
26 7.50099  1
46    3.9402
27 13.179  1
47    4.30871
28 11.7202  2
32    6.44763
34    5.85829
29 6.95624  1
44    3.77293
30 11.3997  1
42    4.76182
31 5.90976  2
46    5.4819
47    5.58399
32 7.98257  1
43    3.68284
33 14.7516  1
87    0
34 6.85522  5
39    6.48315
40    4.2449
41    5.93602
43    4.8704
44    4.39477
35 11.0701  3
42    4.17367
44    6.42547
45    5.5838
36 14.8337  1
87    0
37 7.12348  2
43    3.91859
46    5.94325
38 11.946  1
44    5.95369
39 7.69387  1
87    0
40 13.8086  2
42    3.51575
43    6.4848
41 13.7762  3
42    4.41766
43    3.55493
46    5.6586
42 13.6703  1
87    0
43 13.3245  1
46    4.94099
44 12.1953  1
87    0
45 8.5081  1
46    5.20907
46 6.46733  1
87    0
47 9.80331  1
87    0
48 10.6969  1
87    0
49 13.6151  9
61    6.4599
62    4.169
63    5.68818
64    4.64893
65    4.25533
66    5.97008
67    5.56952
68    4.26147
69    5.99013
50 13.1442  1
87    0
51 11.6063  9
52    5.86671
53    5.23196
54    6.15923
55    6.18725
56    6.27871
57    3.57727
58    3.75581
59    4.33883
60    6.24273
52 6.58452  1
87    0
53 10.186  1
87    0
54 11.9466  1
87    0
55 7.6957  1
87    0
56 13.8147  1
87    0
57 13.796  1
87    0
58 13.7353  1
87    0
59 13.5369  1
87    0
60 12.889  8
79    5.40518
80    3.72486
81    4.23775
82    5.91267
83    5.38211
84    3.64951
85    3.99174
86    5.10936
61 10.7732  9
70    5.63498
71    4.47525
72    3.68815
73    4.11791
74    5.52136
75    4.10427
76    5.47678
77    3.9586
78    5.00105
62 13.8641  1
87    0
63 13.9575  1
87    0
64 14.2624  1
87    0
65 5.25758  1
87    0
66 5.85269  1
87    0
67 7.79611  1
87    0
68 14.1424  1
87    0
69 14.8663  1
87    0
70 7.22999  1
87    0
71 12.2939  1
87    0
72 8.82977  1
87    0
73 7.51778  1
87    0
74 13.2336  1
87    0
75 11.8984  1
87    0
76 7.53822  1
87    0
77 13.3004  1
87    0
78 12.1166  1
87    0
79 8.25083  1
87    0
80 5.62716  1
87    0
81 7.05969  1
87    0
82 11.7379  1
87    0
83 7.01422  1
87    0
84 11.5893  1
87    0
85 6.52867  1
87    0
86 10.0035  1
87    0
87 0  0
