53
0 10.7894  6
1    1.11676
2    1.22851
3    1.22657
4    1.19947
7    0.78804
9    1.22776
1 13.9169  4
2    0.861632
4    1.22022
7    0.988198
30    0.79172
2 14.1299  2
5    1.13172
6    0.910486
3 14.8254  4
8    1.18865
9    1.01116
20    1.29198
41    1.01125
4 7.09632  2
8    1.09638
20    1.13764
5 11.8572  2
8    1.04181
9    0.861742
6 7.40364  1
9    1.1168
7 12.861  3
8    1.2169
9    1.22888
42    1.23793
8 10.6816  3
9    0.795071
20    1.24855
31    1.0018
9 13.565  10
10    1.22412
11    1.21222
12    1.17334
13    1.04639
14    1.23185
15    1.23745
16    1.25574
17    0.715455
18    0.751161
19    0.867766
10 12.9809  1
52    0
11 11.0732  1
20    1.19402
12 14.8437  3
30    1.08104
31    0.847551
42    1.23199
13 7.15613  2
20    0.833799
41    0.862694
14 12.0525  10
21    1.1139
22    0.852293
23    1.19803
24    1.127
25    0.89505
26    0.737629
27    0.823582
28    1.10427
29    0.820853
42    0.720545
15 8.04147  1
31    0.798349
16 14.9438  1
31    0.744972
17 7.48299  1
31    0.975948
18 13.1201  3
20    0.929786
30    1.00021
31    0.729902
19 11.5276  3
20    0.851067
31    1.18253
42    0.825834
20 6.32756  1
30    1.09536
21 9.34675  1
52    0
22 9.20606  2
31    1.02187
42    0.922059
23 8.74645  1
52    0
24 7.24555  1
52    0
25 12.3446  1
52    0
26 8.99548  10
32    1.08624
33    0.761946
34    0.902997
35    0.763576
36    0.908307
37    0.780917
38    0.964943
39    0.965877
40    0.968917
42    1.11162
27 8.05887  1
31    1.07642
28 5.00031  1
52    0
29 5.01251  1
42    0.767788
30 5.05249  2
31    1.15177
41    0.978841
31 5.18311  1
42    0.844823
32 5.60945  1
52    0
33 7.00171  9
43    1.17364
44    1.04736
45    1.23501
46    1.24779
47    1.28953
48    0.825779
49    1.11143
50    0.844218
51    1.17166
34 11.5484  1
52    0
35 6.39531  1
42    1.2573
36 9.56801  1
41    1.11709
37 9.92843  1
52    0
38 11.1055  1
52    0
39 14.9493  1
52    0
40 7.50099  1
52    0
41 13.179  1
52    0
42 11.7202  1
52    0
43 6.95624  1
52    0
44 11.3997  1
52    0
45 5.90976  1
52    0
46 7.98257  1
52    0
47 14.7516  1
52    0
48 6.85522  1
52    0
49 11.0701  1
52    0
50 14.8337  1
52    0
51 7.12348  1
52    0
52 0  0
