43
0 5.01251  5
1    61.3881
2    61.2059
3    60.6108
4    58.6671
8    43.3883
1 5.05249  10
9    62.4273
10    64.599
11    41.69
12    56.8818
13    46.4893
14    42.5533
15    59.7008
16    55.6952
17    42.6147
18    59.9013
2 5.18311  1
19    44.7525
3 5.60945  1
4    52.3196
4 7.00171  4
5    61.5923
6    61.8725
7    62.7871
8    35.7727
5 11.5484  1
42    0
6 6.39531  1
8    37.5581
7 9.56801  1
42    0
8 9.92843  1
42    0
9 11.1055  1
42    0
10 14.9493  1
42    0
11 7.50099  1
42    0
12 13.179  1
42    0
13 11.7202  5
20    36.8815
21    41.1791
22    55.2136
23    41.0427
24    54.7678
14 6.95624  1
42    0
15 11.3997  1
42    0
16 5.90976  1
19    56.3498
17 7.98257  1
42    0
18 14.7516  9
25    39.586
26    50.0105
27    54.0518
28    37.2486
29    42.3775
30    59.1267
31    53.8211
32    36.4951
33    39.9174
19 6.85522  1
42    0
20 11.0701  1
42    0
21 14.8337  1
42    0
22 7.12348  1
42    0
23 11.946  1
42    0
24 7.69387  1
42    0
25 13.8086  1
42    0
26 13.7762  1
42    0
27 13.6703  6
34    51.0936
35    57.5886
36    48.7974
37    50.0902
38    54.3118
39    38.0973
28 13.3245  1
42    0
29 12.1953  1
42    0
30 8.5081  1
42    0
31 6.46733  2
40    45.1498
41    38.1788
32 9.80331  1
42    0
33 10.6969  1
42    0
34 13.6151  1
42    0
35 13.1442  1
42    0
36 11.6063  1
42    0
37 6.58452  1
42    0
38 10.186  1
42    0
39 11.9466  1
42    0
40 7.6957  1
42    0
41 13.8147  1
42    0
42 0  0
