164
0 11.0732  4
1    1.29696
3    1.19074
6    0.754585
7    1.29002
1 14.8437  7
2    0.85006
6    1.06421
7    1.22022
8    0.78804
9    1.09638
32    0.729902
109    1.0018
2 7.15613  6
4    1.10321
6    0.878954
7    1.22851
9    0.861742
21    0.929786
89    1.13172
3 12.0525  7
5    0.817374
7    1.11676
8    0.910486
9    1.01116
11    1.22776
32    0.847551
129    0.848979
4 8.04147  8
5    1.08398
6    0.811313
7    0.861632
8    1.19947
9    0.795071
32    0.744972
108    1.08104
129    0.952364
5 14.9438  6
6    1.28509
7    0.827409
8    1.04181
9    1.1168
21    1.29198
89    1.19947
6 7.48299  4
7    1.22657
8    1.13172
9    1.18865
112    0.767788
7 13.1201  2
8    0.988198
9    1.2169
8 11.5276  3
11    1.22412
21    1.13764
43    1.23199
9 6.32756  3
10    1.22888
21    0.833799
43    0.720545
10 9.34675  8
140    1.0929
141    0.783718
142    0.974081
143    0.995706
144    1.06633
145    1.29696
146    0.85006
147    1.19074
11 9.20606  10
12    1.21222
13    1.17334
14    1.04639
15    1.23185
16    1.23745
17    1.25574
18    0.715455
19    0.751161
20    0.867766
31    1.08104
12 8.74645  4
21    1.1139
43    0.767788
98    1.23185
108    1.18253
13 7.24555  3
43    1.23793
78    1.29696
89    1.04181
14 12.3446  10
33    1.0018
34    1.08624
35    0.761946
36    0.902997
37    0.763576
38    0.908307
39    0.780917
40    0.964943
41    0.965877
42    0.968917
15 8.99548  8
53    1.0409
54    1.2139
55    1.17885
56    1.06439
57    1.29062
58    0.829368
59    1.12315
149    1.28509
16 8.05887  1
21    1.24855
17 5.00031  9
22    0.852293
23    1.19803
24    1.127
25    0.89505
26    0.737629
27    0.823582
28    1.10427
29    0.820853
30    1.09536
18 5.01251  1
21    0.851067
19 5.05249  5
21    1.19402
32    1.15177
77    0.783718
98    1.04639
99    0.715455
20 5.18311  3
31    1.00021
32    0.975948
52    0.825779
21 5.60945  3
32    1.07642
43    1.01125
78    1.06633
22 7.00171  2
52    0.844218
100    1.19402
23 11.5484  2
32    1.18253
78    1.19074
24 6.39531  9
44    0.922059
45    0.825834
46    1.11162
47    0.844823
48    1.17364
49    1.04736
50    1.23501
51    1.24779
108    1.07642
25 9.56801  2
43    1.2573
129    1.12315
26 9.92843  1
100    0.929786
27 11.1055  2
32    1.02187
111    0.968917
28 14.9493  4
31    0.79172
32    0.798349
69    0.834733
78    1.10321
29 7.50099  1
43    0.978841
30 13.179  2
89    0.910486
109    0.798349
31 11.7202  1
77    0.995706
32 6.95624  1
163    0
33 11.3997  1
163    0
34 5.90976  10
70    0.883532
71    0.700018
72    0.700751
73    0.703149
74    0.710987
75    0.736567
76    0.820103
89    1.2169
100    0.833799
109    1.08624
35 7.98257  10
114    0.844823
115    1.17364
116    1.04736
117    1.23501
118    1.24779
119    1.28953
120    0.825779
121    1.11143
122    0.844218
123    1.17166
36 14.7516  1
163    0
37 6.85522  2
43    0.862694
52    1.28953
38 11.0701  1
163    0
39 14.8337  1
43    1.11709
40 7.12348  3
78    0.817374
100    1.13764
111    0.978841
41 11.946  3
52    1.11143
77    1.0929
98    1.17334
42 7.69387  1
99    0.751161
43 13.8086  8
90    1.18865
91    1.09638
92    0.795071
93    1.01116
94    1.1168
95    0.861742
96    1.22888
97    1.22776
44 13.7762  1
52    1.17166
45 13.6703  1
69    0.939729
46 13.3245  6
65    0.779653
66    0.960805
67    0.952364
68    0.924787
98    1.22412
110    0.780917
47 12.1953  2
111    1.23199
112    0.922059
48 8.5081  1
109    0.975948
49 6.46733  2
69    1.14068
108    0.744972
50 9.80331  1
100    1.1139
51 10.6969  1
111    1.2573
52 13.6151  3
82    0.811313
83    1.06421
89    0.78804
53 13.1442  1
163    0
54 11.6063  7
60    0.882488
61    1.29663
62    0.848979
63    1.1872
64    1.09166
78    1.08398
98    1.25574
55 6.58452  2
78    0.85006
111    0.965877
56 10.186  1
129    1.29663
57 11.9466  1
163    0
58 7.6957  3
160    0.910486
161    0.78804
162    0.988198
59 13.8147  1
111    0.862694
60 13.796  1
89    1.22022
61 13.7353  2
110    0.908307
111    1.23793
62 13.5369  7
84    1.29002
85    0.827409
86    1.11676
87    0.861632
88    1.22851
99    0.867766
108    0.729902
63 12.889  6
130    0.924787
131    0.834733
132    1.14068
133    0.939729
134    0.883532
135    0.700018
64 10.7732  1
163    0
65 13.8641  3
89    1.22657
100    1.29198
129    0.779653
66 13.9575  1
163    0
67 14.2624  2
77    0.974081
113    0.825834
68 5.25758  1
109    0.761946
69 5.85269  1
108    1.00021
70 7.79611  3
79    0.754585
80    0.878954
81    1.28509
71 14.1424  8
101    0.852293
102    1.19803
103    1.127
104    0.89505
105    0.737629
106    0.823582
107    1.10427
129    0.960805
72 14.8663  1
98    1.21222
73 7.22999  1
99    1.24855
74 12.2939  2
89    0.988198
148    1.08398
75 8.82977  1
100    0.851067
76 7.51778  1
113    1.11162
77 13.2336  1
163    0
78 11.8984  1
148    0.754585
79 7.53822  9
150    1.06421
151    1.29002
152    0.827409
153    1.11676
154    0.861632
155    1.22851
156    1.22657
157    1.22022
158    1.19947
80 13.3004  1
149    0.811313
81 12.1166  1
163    0
82 8.25083  2
98    1.23745
129    0.829368
83 5.62716  1
112    0.720545
84 7.05969  1
163    0
85 11.7379  1
108    0.847551
86 7.01422  1
129    1.09166
87 11.5893  1
163    0
88 6.52867  1
163    0
89 10.0035  1
163    0
90 11.3506  1
109    0.902997
91 5.74953  1
163    0
92 7.45918  1
163    0
93 13.0422  1
163    0
94 11.2737  1
163    0
95 5.49837  1
163    0
96 6.63915  1
163    0
97 10.3645  1
109    1.15177
98 12.5295  1
108    1.09536
99 9.59914  2
109    1.02187
110    0.964943
100 10.0301  1
139    0.820103
101 11.4373  1
163    0
102 6.03244  2
108    0.79172
139    0.736567
103 8.38328  2
108    0.820853
109    0.763576
104 6.0596  2
137    0.703149
138    0.710987
105 8.47179  1
111    1.01125
106 6.34861  1
148    1.10321
107 9.41572  1
129    1.1872
108 9.43129  1
163    0
109 9.48195  1
111    1.11709
110 9.64736  5
124    1.0409
125    1.2139
126    1.17885
127    1.06439
128    1.29062
111 10.1875  1
163    0
112 11.9515  1
163    0
113 7.71157  1
163    0
114 13.8665  1
163    0
115 13.9654  1
163    0
116 14.2883  1
163    0
117 5.34242  1
163    0
118 6.1298  1
163    0
119 8.70098  1
163    0
120 7.09723  1
136    0.700751
121 11.8603  1
129    0.882488
122 7.41371  1
163    0
123 12.8939  1
163    0
124 10.7894  1
163    0
125 13.9169  1
163    0
126 14.1299  1
163    0
127 14.8254  1
163    0
128 7.09632  1
163    0
129 11.8572  1
159    1.13172
130 7.40364  1
163    0
131 12.861  1
163    0
132 10.6816  1
163    0
133 13.565  1
163    0
134 12.9809  1
163    0
135 11.0732  1
149    0.878954
136 14.8437  1
163    0
137 7.15613  1
163    0
138 12.0525  1
163    0
139 8.04147  1
163    0
140 14.9438  1
163    0
141 7.48299  1
148    0.817374
142 13.1201  1
163    0
143 11.5276  1
163    0
144 6.32756  1
163    0
145 9.34675  1
163    0
146 9.20606  1
163    0
147 8.74645  1
163    0
148 7.24555  1
163    0
149 12.3446  1
163    0
150 8.99548  1
163    0
151 8.05887  1
163    0
152 5.00031  1
163    0
153 5.01251  1
163    0
154 5.05249  1
163    0
155 5.18311  1
163    0
156 5.60945  1
163    0
157 7.00171  1
163    0
158 11.5484  1
163    0
159 6.39531  1
163    0
160 9.56801  1
163    0
161 9.92843  1
163    0
162 11.1055  1
163    0
163 0  0
