57
0 13.9169  3
1    5.99736
2    4.55243
3    3.9402
1 14.1299  1
2    5.6586
2 14.8254  1
3    4.94099
3 7.09632  1
4    5.20907
4 11.8572  6
5    6.08452
6    5.94325
7    5.4819
8    3.97536
9    5.0558
28    4.25533
5 7.40364  9
10    5.58399
11    4.30871
12    6.1444
13    6.13881
14    6.12059
15    6.06108
16    5.86671
17    5.23196
18    6.15923
6 12.861  1
56    0
7 10.6816  1
30    4.47525
8 13.565  1
56    0
9 12.9809  10
19    6.18725
20    6.27871
21    3.57727
22    3.75581
23    4.33883
24    6.24273
25    6.4599
26    4.169
27    5.68818
30    5.52136
10 11.0732  7
38    3.64951
39    3.99174
40    5.10936
41    5.75886
42    4.87974
43    5.00902
44    5.43118
11 14.8437  1
30    3.68815
12 7.15613  1
29    5.99013
13 12.0525  2
30    4.10427
55    6.18963
14 8.04147  1
30    4.11791
15 14.9438  1
56    0
16 7.48299  1
56    0
17 13.1201  1
29    5.56952
18 11.5276  7
31    3.9586
32    5.00105
33    5.40518
34    3.72486
35    4.23775
36    5.91267
37    5.38211
19 6.32756  1
55    6.15996
20 9.34675  1
56    0
21 9.20606  2
28    5.97008
30    5.47678
22 8.74645  1
28    4.64893
23 7.24555  1
56    0
24 12.3446  1
29    4.26147
25 8.99548  1
56    0
26 8.05887  1
56    0
27 5.00031  1
56    0
28 5.01251  1
30    5.63498
29 5.05249  1
56    0
30 5.18311  1
56    0
31 5.60945  1
56    0
32 7.00171  1
56    0
33 11.5484  1
56    0
34 6.39531  1
56    0
35 9.56801  1
56    0
36 9.92843  1
54    5.58545
37 11.1055  1
56    0
38 14.9493  1
56    0
39 7.50099  1
56    0
40 13.179  9
45    3.80973
46    4.51498
47    3.81788
48    4.54154
49    3.90458
50    4.82472
51    4.82939
52    4.84458
53    4.89421
41 11.7202  1
56    0
42 6.95624  1
54    4.31347
43 11.3997  1
54    5.05626
44 5.90976  1
56    0
45 7.98257  1
56    0
46 14.7516  1
56    0
47 6.85522  1
56    0
48 11.0701  1
56    0
49 14.8337  1
56    0
50 7.12348  1
56    0
51 11.946  1
56    0
52 7.69387  1
56    0
53 13.8086  1
56    0
54 13.7762  1
56    0
55 13.6703  1
56    0
56 0  0
