98
0 7.22999  8
1    8.78954
2    12.8509
3    8.11313
4    10.6421
5    12.9002
6    8.27409
41    8.52293
52    10.8624
1 12.2939  2
7    8.61632
27    10.4639
2 8.82977  1
7    12.2851
3 7.51778  9
8    12.2022
9    11.9947
10    11.3172
11    9.10486
12    7.8804
13    9.88198
14    10.4181
15    12.169
16    11.8865
4 13.2336  2
41    11.27
53    9.78841
5 11.8984  2
7    11.1676
80    10.6633
6 7.53822  2
7    12.2657
57    7.67788
7 13.3004  1
59    12.139
8 12.1166  1
41    11.9803
9 8.25083  2
53    9.65877
58    12.3501
10 5.62716  1
58    8.44823
11 7.05969  3
41    11.0427
53    9.08307
80    12.9696
12 11.7379  2
41    8.9505
52    11.5177
13 7.01422  10
17    10.9638
18    7.95071
19    10.1116
20    11.168
21    8.61742
22    12.2888
23    12.2776
24    12.2412
25    12.1222
26    11.7334
14 11.5893  1
97    0
15 6.52867  2
41    8.23582
59    11.7166
16 10.0035  1
97    0
17 11.3506  1
41    11.139
18 5.74953  1
52    9.75948
19 7.45918  2
53    10.1125
62    12.9062
20 13.0422  1
97    0
21 11.2737  3
52    10.018
53    7.63576
59    8.44218
22 5.49837  6
28    12.3185
29    12.3745
30    12.5574
31    7.15455
32    7.51161
62    11.2315
23 6.63915  3
58    8.25779
69    9.60805
82    8.78954
24 10.3645  1
53    8.62694
25 12.5295  1
41    7.37629
26 9.59914  3
54    12.3199
55    12.3793
56    12.573
27 10.0301  1
58    12.8953
28 11.4373  2
53    11.1709
58    10.4736
29 6.03244  1
57    7.20545
30 8.38328  1
59    11.1143
31 6.0596  9
33    8.67766
34    12.4855
35    12.9198
36    8.33799
37    11.3764
38    9.29786
39    8.51067
40    11.9402
52    7.61946
32 8.47179  1
57    8.25834
33 6.34861  3
60    11.7885
61    10.6439
81    11.0321
34 9.41572  1
80    11.9074
35 9.43129  2
69    9.39729
80    8.5006
36 9.48195  1
41    8.20853
37 9.64736  1
59    10.409
38 10.1875  2
58    12.478
69    11.4068
39 11.9515  1
53    9.68917
40 7.71157  3
58    11.7364
69    9.24787
70    8.83532
41 13.8665  10
42    10.9536
43    7.9172
44    10.0021
45    10.8104
46    7.44972
47    8.47551
48    11.8253
49    10.7642
50    7.29902
51    7.98349
42 13.9654  1
52    10.2187
43 14.2883  2
69    9.52364
82    8.17374
44 5.34242  2
53    9.64943
57    9.22059
45 6.1298  2
52    9.02997
62    8.29368
46 8.70098  1
97    0
47 7.09723  1
82    10.8398
48 11.8603  1
53    7.80917
49 7.41371  1
97    0
50 12.8939  1
57    11.1162
51 10.7894  1
97    0
52 13.9169  1
70    7.00018
53 14.1299  1
97    0
54 14.8254  1
97    0
55 7.09632  3
94    11.3172
95    9.10486
96    7.8804
56 11.8572  1
97    0
57 7.40364  3
83    12.8509
84    8.11313
85    10.6421
58 12.861  6
63    8.82488
64    12.9663
65    8.48979
66    11.872
67    10.9166
68    7.79653
59 10.6816  1
97    0
60 13.565  1
97    0
61 12.9809  1
97    0
62 11.0732  1
97    0
63 14.8437  1
97    0
64 7.15613  1
97    0
65 12.0525  1
97    0
66 8.04147  1
69    8.34733
67 14.9438  1
97    0
68 7.48299  9
71    7.00751
72    7.0315
73    7.10987
74    7.36567
75    8.20103
76    10.929
77    7.83718
78    9.74081
79    9.95706
69 13.1201  1
97    0
70 11.5276  1
97    0
71 6.32756  1
97    0
72 9.34675  1
97    0
73 9.20606  1
97    0
74 8.74645  1
97    0
75 7.24555  1
97    0
76 12.3446  1
97    0
77 8.99548  1
97    0
78 8.05887  1
97    0
79 5.00031  1
97    0
80 5.01251  1
97    0
81 5.05249  1
82    7.54585
82 5.18311  1
97    0
83 5.60945  1
97    0
84 7.00171  1
97    0
85 11.5484  8
86    12.9002
87    8.27409
88    11.1676
89    8.61632
90    12.2851
91    12.2657
92    12.2022
93    11.9947
86 6.39531  1
97    0
87 9.56801  1
97    0
88 9.92843  1
97    0
89 11.1055  1
97    0
90 14.9493  1
97    0
91 7.50099  1
97    0
92 13.179  1
97    0
93 11.7202  1
97    0
94 6.95624  1
97    0
95 11.3997  1
97    0
96 5.90976  1
97    0
97 0  0
