171
0 5.25758  4
1    0.902997
2    0.763576
3    0.908307
10    1.23199
1 5.85269  5
3    0.780917
10    0.844823
21    1.17885
33    1.08398
136    0.817374
2 7.79611  8
4    0.964943
5    0.965877
6    0.968917
7    0.978841
8    1.01125
9    1.11709
10    1.11162
33    0.85006
3 14.1424  3
10    1.23793
21    0.829368
134    0.736567
4 14.8663  2
10    0.767788
33    0.754585
5 7.22999  2
10    0.922059
22    1.09166
6 12.2939  3
10    0.720545
21    1.29062
135    0.974081
7 8.82977  1
10    0.862694
8 7.51778  3
10    0.825834
22    0.960805
134    0.710987
9 13.2336  3
10    1.2573
22    0.882488
32    0.710987
10 11.8984  10
11    1.17364
12    1.04736
13    1.23501
14    1.24779
15    1.28953
16    0.825779
17    1.11143
18    0.844218
19    1.17166
20    1.0409
11 7.53822  1
21    1.06439
12 13.3004  1
33    1.19074
13 12.1166  1
22    0.779653
14 8.25083  1
170    0
15 5.62716  3
22    1.29663
102    0.908307
135    1.0929
16 7.05969  1
33    0.878954
17 11.7379  2
21    1.12315
32    1.06633
18 7.01422  1
22    0.848979
19 11.5893  2
21    1.2139
32    0.974081
20 6.52867  9
23    0.952364
24    0.924787
25    0.834733
26    1.14068
27    0.939729
28    0.883532
29    0.700018
30    0.700751
31    0.703149
21 10.0035  4
22    1.1872
32    1.29696
33    0.817374
101    0.763576
22 11.3506  1
32    0.820103
23 5.74953  7
34    1.28509
35    0.811313
36    1.06421
37    1.29002
38    0.827409
39    1.11676
115    1.28953
24 7.45918  2
32    1.0929
135    1.10321
25 13.0422  2
32    0.736567
142    1.22022
26 11.2737  9
161    1.127
162    0.89505
163    0.737629
164    0.823582
165    1.10427
166    0.820853
167    1.09536
168    0.79172
169    1.00021
27 5.49837  1
32    0.995706
28 6.63915  2
32    0.783718
33    1.10321
29 10.3645  10
40    0.861632
41    1.22851
42    1.22657
43    1.22022
44    1.19947
45    1.13172
46    0.910486
47    0.78804
48    0.988198
49    1.04181
30 12.5295  1
170    0
31 9.59914  1
142    1.19947
32 10.0301  1
170    0
33 11.4373  1
170    0
34 6.03244  9
50    1.2169
51    1.18865
52    1.09638
53    0.795071
54    1.01116
55    1.1168
56    0.861742
57    1.22888
58    1.22776
35 8.38328  1
170    0
36 6.0596  1
170    0
37 8.47179  1
102    0.964943
38 6.34861  1
102    0.965877
39 9.41572  5
67    0.751161
68    0.867766
69    1.24855
70    1.29198
71    0.833799
40 9.43129  8
116    1.2139
117    1.17885
118    1.06439
119    1.29062
120    0.829368
121    1.12315
122    0.882488
123    1.29663
41 9.48195  1
170    0
42 9.64736  1
142    1.22657
43 10.1875  1
170    0
44 11.9515  1
136    1.08398
45 7.71157  1
170    0
46 13.8665  3
103    0.862694
104    1.23199
105    1.23793
47 13.9654  1
160    0.851067
48 14.2883  1
93    0.729902
49 5.34242  1
170    0
50 6.1298  2
135    1.19074
160    1.19803
51 8.70098  1
170    0
52 7.09723  1
170    0
53 11.8603  6
88    1.08104
89    0.744972
90    0.847551
91    1.18253
92    1.07642
125    1.09166
54 7.41371  1
145    1.2169
55 12.8939  2
135    1.29696
142    0.910486
56 10.7894  9
59    1.22412
60    1.21222
61    1.17334
62    1.04639
63    1.23185
64    1.23745
65    1.25574
125    1.1872
141    1.29002
57 13.9169  1
170    0
58 14.1299  1
102    0.978841
59 14.8254  1
170    0
60 7.09632  9
72    1.13764
73    0.929786
74    0.851067
75    1.19402
76    1.1139
77    0.852293
78    1.19803
79    1.127
134    0.700751
61 11.8572  1
124    0.848979
62 7.40364  1
170    0
63 12.861  3
66    0.715455
102    1.11709
125    0.779653
64 10.6816  1
170    0
65 13.565  1
115    1.0409
66 12.9809  1
135    1.06633
67 11.0732  1
170    0
68 14.8437  1
170    0
69 7.15613  1
141    0.827409
70 12.0525  8
80    0.89505
81    0.737629
82    0.823582
83    1.10427
84    0.820853
85    1.09536
86    0.79172
87    1.00021
71 8.04147  2
115    0.825779
135    0.85006
72 14.9438  1
102    1.01125
73 7.48299  1
170    0
74 13.1201  1
170    0
75 11.5276  1
170    0
76 6.32756  1
115    1.17166
77 9.34675  1
147    1.1168
78 9.20606  1
115    1.11143
79 8.74645  2
141    1.11676
143    0.78804
80 7.24555  1
170    0
81 12.3446  4
137    0.754585
138    0.878954
139    1.28509
140    0.811313
82 8.99548  1
170    0
83 8.05887  1
170    0
84 5.00031  1
170    0
85 5.01251  1
170    0
86 5.05249  2
134    0.703149
145    1.04181
87 5.18311  1
141    0.861632
88 5.60945  2
102    0.968917
115    1.24779
89 7.00171  2
106    1.2573
135    0.995706
90 11.5484  1
102    0.780917
91 6.39531  8
94    0.798349
95    1.02187
96    1.15177
97    0.975948
98    1.0018
99    1.08624
100    0.761946
148    1.22888
92 9.56801  8
126    0.960805
127    0.952364
128    0.924787
129    0.834733
130    1.14068
131    0.939729
132    0.883532
133    0.700018
93 9.92843  8
107    0.767788
108    0.922059
109    0.825834
110    1.11162
111    0.844823
112    1.17364
113    1.04736
114    1.23501
94 11.1055  1
160    1.24855
95 14.9493  1
101    0.902997
96 7.50099  1
146    1.01116
97 13.179  1
170    0
98 11.7202  1
170    0
99 6.95624  1
170    0
100 11.3997  1
170    0
101 5.90976  1
170    0
102 7.98257  1
170    0
103 14.7516  1
170    0
104 6.85522  2
106    0.720545
160    0.929786
105 11.0701  1
160    0.852293
106 14.8337  1
170    0
107 7.12348  1
142    1.13172
108 11.946  1
146    1.09638
109 7.69387  1
145    1.18865
110 13.8086  1
170    0
111 13.7762  2
115    0.844218
146    0.795071
112 13.6703  1
135    0.783718
113 13.3245  1
170    0
114 12.1953  1
170    0
115 8.5081  1
170    0
116 6.46733  1
135    0.820103
117 9.80331  1
170    0
118 10.6969  1
142    1.22851
119 13.6151  1
170    0
120 13.1442  1
160    1.1139
121 11.6063  1
141    1.06421
122 6.58452  1
170    0
123 10.186  1
170    0
124 11.9466  1
170    0
125 7.6957  1
170    0
126 13.8147  1
147    0.861742
127 13.796  1
170    0
128 13.7353  1
170    0
129 13.5369  1
170    0
130 12.889  1
170    0
131 10.7732  1
170    0
132 13.8641  1
170    0
133 13.9575  1
170    0
134 14.2624  1
170    0
135 5.25758  1
170    0
136 5.85269  1
170    0
137 7.79611  1
170    0
138 14.1424  1
144    0.988198
139 14.8663  1
170    0
140 7.22999  1
170    0
141 12.2939  1
160    1.29198
142 8.82977  1
160    0.833799
143 7.51778  1
170    0
144 13.2336  1
170    0
145 11.8984  10
149    1.22776
150    1.22412
151    1.21222
152    1.17334
153    1.04639
154    1.23185
155    1.23745
156    1.25574
157    0.715455
158    0.751161
146 7.53822  1
170    0
147 13.3004  1
170    0
148 12.1166  1
170    0
149 8.25083  1
160    1.19402
150 5.62716  1
170    0
151 7.05969  1
170    0
152 11.7379  1
170    0
153 7.01422  1
170    0
154 11.5893  1
170    0
155 6.52867  1
170    0
156 10.0035  1
170    0
157 11.3506  2
159    0.867766
160    1.13764
158 5.74953  1
170    0
159 7.45918  1
170    0
160 13.0422  1
170    0
161 11.2737  1
170    0
162 5.49837  1
170    0
163 6.63915  1
170    0
164 10.3645  1
170    0
165 12.5295  1
170    0
166 9.59914  1
170    0
167 10.0301  1
170    0
168 11.4373  1
170    0
169 6.03244  1
170    0
170 0  0
