102
0 11.946  5
1    5.93602
2    5.45828
3    3.89827
4    4.80403
5    4.76182
1 7.69387  9
6    4.62394
7    4.17367
8    5.70338
9    4.69865
10    4.41766
11    3.50009
12    3.50375
13    3.51575
32    6.10109
2 13.8086  7
26    5.41992
27    3.77293
28    4.39477
29    6.42547
30    4.05657
32    5.5838
34    6.12059
3 13.7762  1
32    5.6586
4 13.6703  6
15    4.10051
16    5.46451
17    3.91859
18    4.8704
33    4.94099
70    4.54154
5 13.3245  8
19    4.97853
20    5.33166
21    6.4848
22    4.2503
23    5.95369
24    5.51605
25    4.08687
34    6.06108
6 12.1953  1
101    0
7 8.5081  1
101    0
8 6.46733  1
14    3.55493
9 9.80331  3
49    5.63498
50    4.47525
51    3.68815
10 10.6969  1
33    5.94325
11 13.6151  2
14    3.68284
32    6.14257
12 13.1442  2
33    3.97536
34    5.86671
13 11.6063  2
32    4.30816
34    6.1444
14 6.58452  2
33    5.58399
34    6.15923
15 10.186  1
32    5.99736
16 11.9466  6
35    6.27871
36    3.57727
37    3.75581
38    4.33883
39    6.24273
70    3.90458
17 7.6957  1
70    3.81788
18 13.8147  1
34    6.18725
19 13.796  1
33    5.4819
20 13.7353  1
33    5.20907
21 13.5369  2
31    6.4501
32    6.13286
22 12.889  1
31    5.32104
23 10.7732  2
33    5.0558
34    4.30871
24 13.8641  1
34    5.23196
25 13.9575  1
32    4.13704
26 14.2624  1
101    0
27 5.25758  1
32    4.55243
28 5.85269  1
101    0
29 7.79611  1
34    6.13881
30 14.1424  9
40    6.4599
41    4.169
42    5.68818
43    4.64893
44    4.25533
45    5.97008
46    5.56952
47    4.26147
48    5.99013
31 14.8663  1
32    3.9402
32 7.22999  1
33    6.08452
33 12.2939  1
101    0
34 8.82977  1
101    0
35 7.51778  1
101    0
36 13.2336  6
64    3.99174
65    5.10936
66    5.75886
67    4.87974
68    5.00902
69    5.43118
37 11.8984  1
81    4.12917
38 7.53822  1
101    0
39 13.3004  1
101    0
40 12.1166  1
70    3.80973
41 8.25083  10
52    4.11791
53    5.52136
54    4.10427
55    5.47678
56    3.9586
57    5.00105
58    5.40518
59    3.72486
60    4.23775
61    5.91267
42 5.62716  2
62    5.38211
63    3.64951
43 7.05969  1
101    0
44 11.7379  1
101    0
45 7.01422  1
101    0
46 11.5893  1
101    0
47 6.52867  1
101    0
48 10.0035  1
101    0
49 11.3506  2
70    4.84458
81    5.55808
50 5.74953  1
101    0
51 7.45918  1
101    0
52 13.0422  1
101    0
53 11.2737  1
101    0
54 5.49837  1
101    0
55 6.63915  1
101    0
56 10.3645  1
70    4.82939
57 12.5295  1
101    0
58 9.59914  1
101    0
59 10.0301  1
101    0
60 11.4373  1
101    0
61 6.03244  1
70    4.51498
62 8.38328  1
101    0
63 6.0596  1
101    0
64 8.47179  1
70    4.82472
65 6.34861  10
71    4.89421
72    5.05626
73    5.58545
74    4.31347
75    6.15996
76    6.18963
77    6.28649
78    3.60273
79    3.83894
80    4.61029
66 9.41572  1
101    0
67 9.43129  9
82    5.86818
83    5.23681
84    6.17507
85    6.23898
86    6.44763
87    4.12889
88    5.55716
89    4.22109
90    5.85829
68 9.48195  1
101    0
69 9.64736  1
101    0
70 10.1875  1
101    0
71 11.9515  1
81    4.22411
72 7.71157  1
101    0
73 13.8665  1
101    0
74 13.9654  1
101    0
75 14.2883  1
101    0
76 5.34242  1
101    0
77 6.1298  1
101    0
78 8.70098  1
101    0
79 7.09723  1
101    0
80 11.8603  10
91    5.20449
92    6.06951
93    5.89427
94    5.32196
95    6.45312
96    4.14684
97    5.61576
98    4.41244
99    6.48315
100    4.2449
81 7.41371  1
101    0
82 12.8939  1
101    0
83 10.7894  1
101    0
84 13.9169  1
101    0
85 14.1299  1
101    0
86 14.8254  1
101    0
87 7.09632  1
101    0
88 11.8572  1
101    0
89 7.40364  1
101    0
90 12.861  1
101    0
91 10.6816  1
101    0
92 13.565  1
101    0
93 12.9809  1
101    0
94 11.0732  1
101    0
95 14.8437  1
101    0
96 7.15613  1
101    0
97 12.0525  1
101    0
98 8.04147  1
101    0
99 14.9438  1
101    0
100 7.48299  1
101    0
101 0  0
