50
0 13.2336  4
1    62.3898
2    41.2889
9    64.5312
38    55.8399
1 11.8984  3
2    64.4763
7    60.6951
9    56.1576
2 7.53822  5
3    55.5716
4    42.2109
5    58.5829
6    52.0449
38    39.7536
3 13.3004  1
19    35.0009
4 12.1166  2
9    41.4684
19    35.1575
5 8.25083  3
7    58.9427
19    44.1766
38    58.6671
6 5.62716  2
8    53.2196
19    46.9865
7 7.05969  2
9    44.1244
21    55.1605
8 11.7379  3
20    54.6451
21    53.3166
37    56.586
9 7.01422  9
10    64.8315
11    42.449
12    59.3602
13    54.5828
14    38.9827
15    48.0403
16    47.6182
17    46.2394
20    39.1859
10 11.5893  1
21    48.704
11 6.52867  4
24    37.7293
25    43.9477
26    64.2547
38    60.6108
12 10.0035  4
32    43.0816
33    61.4257
34    61.3286
35    61.0109
13 11.3506  3
19    36.8284
37    45.5243
38    61.444
14 5.74953  2
19    41.0051
37    52.0907
15 7.45918  2
22    40.8687
23    54.1992
16 13.0422  2
19    57.0338
37    39.402
17 11.2737  4
18    41.7367
19    35.5493
21    64.848
37    60.8452
18 5.49837  2
19    35.0375
21    49.7853
19 6.63915  1
21    59.5369
20 10.3645  1
21    42.503
21 12.5295  1
49    0
22 9.59914  5
27    40.5657
28    53.2104
29    64.501
30    41.3704
31    55.838
23 10.0301  10
39    52.3196
40    61.5923
41    61.8725
42    62.7871
43    35.7727
44    37.5581
45    43.3883
46    62.4273
47    64.599
48    41.69
24 11.4373  1
36    59.9736
25 6.03244  1
49    0
26 8.38328  1
49    0
27 6.0596  1
49    0
28 8.47179  1
38    43.0871
29 6.34861  1
49    0
30 9.41572  1
49    0
31 9.43129  1
38    50.558
32 9.48195  1
49    0
33 9.64736  2
37    54.819
38    61.3881
34 10.1875  1
37    49.4099
35 11.9515  1
49    0
36 7.71157  1
37    59.4325
37 13.8665  1
38    61.2059
38 13.9654  1
49    0
39 14.2883  1
49    0
40 5.34242  1
49    0
41 6.1298  1
49    0
42 8.70098  1
49    0
43 7.09723  1
49    0
44 11.8603  1
49    0
45 7.41371  1
49    0
46 12.8939  1
49    0
47 10.7894  1
49    0
48 13.9169  1
49    0
49 0  0
