201
0 8.70098  2
1    3.9402
141    3.50375
1 7.09723  10
2    4.94099
3    5.20907
4    6.08452
5    5.94325
6    5.4819
7    3.97536
8    5.0558
9    5.58399
10    4.30871
11    6.1444
2 11.8603  7
12    6.13881
13    6.12059
14    6.06108
15    5.86671
16    5.23196
17    6.15923
86    6.08452
3 7.41371  7
40    3.99174
41    5.10936
42    5.75886
43    4.87974
44    5.00902
45    5.43118
110    5.38211
4 12.8939  3
83    5.32104
122    5.86818
123    4.22109
5 10.7894  8
21    3.75581
22    4.33883
23    6.24273
24    6.4599
25    4.169
26    5.68818
27    4.64893
28    4.25533
6 13.9169  1
83    4.39477
7 14.1299  3
38    3.72486
122    3.83894
123    6.23898
8 14.8254  4
68    3.89827
69    4.80403
70    4.76182
71    4.62394
9 7.09632  1
147    5.51605
10 11.8572  9
49    4.84458
50    4.89421
51    5.05626
52    5.58545
53    4.31347
54    6.15996
55    6.18963
56    6.28649
57    3.60273
11 7.40364  2
111    3.99174
123    5.55716
12 12.861  2
48    4.82472
87    5.4819
13 10.6816  2
38    5.47678
87    6.12059
14 13.565  10
176    3.75581
177    4.33883
178    6.24273
179    6.4599
180    4.169
181    5.68818
182    4.64893
183    4.25533
184    5.97008
185    5.56952
15 12.9809  1
200    0
16 11.0732  3
38    4.10427
74    4.10051
158    6.13286
17 14.8437  4
18    6.18725
19    6.27871
20    3.57727
38    5.38211
18 7.15613  5
67    5.93602
83    6.42547
87    5.0558
122    5.55808
142    3.91859
19 12.0525  2
58    6.23898
83    6.13286
20 8.04147  1
38    5.00105
21 14.9438  3
38    3.9586
58    6.44763
86    4.55243
22 7.48299  1
83    4.13704
23 13.1201  2
98    5.97008
117    4.89421
24 11.5276  5
38    5.40518
58    4.61029
83    6.4501
123    5.20449
158    3.9402
25 6.32756  8
76    6.4848
77    4.2503
78    5.95369
79    5.51605
80    4.08687
81    5.41992
82    3.77293
142    4.8704
26 9.34675  2
39    3.64951
141    4.41766
27 9.20606  1
142    4.97853
28 8.74645  10
29    5.97008
30    5.56952
31    4.26147
32    5.99013
33    5.63498
34    4.47525
35    3.68815
36    4.11791
37    5.52136
67    5.45828
29 7.24555  3
38    4.23775
48    3.81788
67    6.45312
30 12.3446  1
98    5.56952
31 8.99548  1
200    0
32 8.05887  1
123    4.12889
33 5.00031  9
148    5.41992
149    3.77293
150    4.39477
151    6.42547
152    4.05657
153    5.32104
154    6.4501
155    4.13704
156    5.5838
34 5.01251  3
87    5.58399
147    4.08687
158    5.20907
35 5.05249  4
48    4.82939
67    4.41244
83    4.30816
98    4.26147
36 5.18311  2
48    3.90458
58    6.17507
37 5.60945  4
38    5.91267
58    5.23681
87    6.1444
110    4.23775
38 7.00171  1
158    4.55243
39 11.5484  3
58    3.83894
72    4.17367
83    6.14257
40 6.39531  2
74    5.46451
122    4.61029
41 9.56801  3
48    4.54154
86    5.20907
111    5.43118
42 9.92843  1
58    5.86818
43 11.1055  1
123    6.17507
44 14.9493  3
67    4.14684
117    4.82472
122    4.12917
45 7.50099  3
46    3.80973
47    4.51498
58    4.22411
46 13.179  1
200    0
47 11.7202  1
58    4.12917
48 6.95624  9
163    5.0558
164    5.58399
165    4.30871
166    6.1444
167    6.13881
168    6.12059
169    6.06108
170    5.86671
171    5.23196
49 11.3997  2
67    6.48315
74    3.91859
50 5.90976  1
141    4.69865
51 7.98257  1
73    3.50375
52 14.7516  1
200    0
53 6.85522  4
119    6.15996
120    6.18963
121    6.28649
141    4.10051
54 11.0701  1
200    0
55 14.8337  2
58    5.55808
86    4.94099
56 7.12348  4
59    4.12889
74    3.55493
87    4.30871
98    4.64893
57 11.946  10
60    5.55716
61    4.22109
62    5.85829
63    5.20449
64    6.06951
65    5.89427
66    5.32196
72    5.70338
73    4.41766
117    5.58545
58 7.69387  2
73    3.51575
141    3.55493
59 13.8086  2
67    4.2449
98    4.25533
60 13.7762  4
67    5.61576
74    4.97853
86    3.9402
111    5.75886
61 13.6703  4
73    4.69865
74    4.8704
87    3.97536
110    5.91267
62 13.3245  1
98    5.68818
63 12.1953  7
128    4.14684
129    5.61576
130    4.41244
131    6.48315
132    4.2449
133    5.93602
134    5.45828
64 8.5081  2
75    5.33166
83    4.05657
65 6.46733  1
87    6.13881
66 9.80331  3
84    6.10109
85    5.99736
117    4.82939
67 10.6969  1
200    0
68 13.6151  3
83    5.5838
98    6.4599
123    5.85829
69 13.1442  1
73    3.50009
70 11.6063  1
158    5.6586
71 6.58452  1
200    0
72 10.186  1
86    5.6586
73 11.9466  1
74    3.68284
74 7.6957  1
200    0
75 13.8147  1
111    5.00902
76 13.796  1
200    0
77 13.7353  1
117    4.84458
78 13.5369  1
87    5.94325
79 12.889  1
98    5.99013
80 10.7732  1
200    0
81 13.8641  7
135    3.89827
136    4.80403
137    4.76182
138    4.62394
139    4.17367
140    5.70338
141    3.51575
82 13.9575  1
200    0
83 14.2624  1
158    5.99736
84 5.25758  3
88    6.06108
89    5.86671
90    5.23196
85 5.85269  9
91    6.15923
92    6.18725
93    6.27871
94    3.57727
95    3.75581
96    4.33883
97    6.24273
111    5.10936
158    6.10109
86 7.79611  1
200    0
87 14.1424  1
122    3.60273
88 14.8663  1
122    4.22411
89 7.22999  1
200    0
90 12.2939  8
99    5.63498
100    4.47525
101    3.68815
102    4.11791
103    5.52136
104    4.10427
105    5.47678
106    3.9586
91 8.82977  1
200    0
92 7.51778  1
200    0
93 13.2336  1
98    4.169
94 11.8984  1
158    4.94099
95 7.53822  3
107    5.00105
108    5.40518
109    3.72486
96 13.3004  1
123    6.44763
97 12.1166  1
200    0
98 8.25083  1
200    0
99 5.62716  1
141    5.46451
100 7.05969  1
110    3.64951
101 11.7379  1
200    0
102 7.01422  1
200    0
103 11.5893  1
118    4.31347
104 6.52867  1
200    0
105 10.0035  1
200    0
106 11.3506  1
200    0
107 5.74953  5
112    3.80973
113    4.51498
114    3.81788
115    4.54154
116    3.90458
108 7.45918  1
122    5.23681
109 13.0422  1
117    5.05626
110 11.2737  2
111    4.87974
141    3.50009
111 5.49837  1
200    0
112 6.63915  1
200    0
113 10.3645  1
200    0
114 12.5295  1
200    0
115 9.59914  1
200    0
116 10.0301  4
124    6.06951
125    5.89427
126    5.32196
127    6.45312
117 11.4373  1
157    4.30816
118 6.03244  1
200    0
119 8.38328  1
200    0
120 6.0596  1
200    0
121 8.47179  1
200    0
122 6.34861  1
200    0
123 9.41572  1
200    0
124 9.43129  1
200    0
125 9.48195  1
200    0
126 9.64736  1
200    0
127 10.1875  1
200    0
128 11.9515  1
158    6.14257
129 7.71157  1
200    0
130 13.8665  1
200    0
131 13.9654  1
141    3.68284
132 14.2883  1
200    0
133 5.34242  1
200    0
134 6.1298  4
172    6.15923
173    6.18725
174    6.27871
175    3.57727
135 8.70098  1
200    0
136 7.09723  1
200    0
137 11.8603  4
143    5.33166
144    6.4848
145    4.2503
146    5.95369
138 7.41371  1
200    0
139 12.8939  1
200    0
140 10.7894  1
200    0
141 13.9169  1
200    0
142 14.1299  1
200    0
143 14.8254  1
200    0
144 7.09632  1
200    0
145 11.8572  1
200    0
146 7.40364  1
200    0
147 12.861  1
200    0
148 10.6816  1
200    0
149 13.565  1
200    0
150 12.9809  1
200    0
151 11.0732  1
200    0
152 14.8437  1
200    0
153 7.15613  1
200    0
154 12.0525  4
159    6.08452
160    5.94325
161    5.4819
162    3.97536
155 8.04147  4
186    4.26147
187    5.99013
188    5.63498
189    4.47525
156 14.9438  1
200    0
157 7.48299  1
200    0
158 13.1201  1
200    0
159 11.5276  1
200    0
160 6.32756  1
200    0
161 9.34675  1
200    0
162 9.20606  1
200    0
163 8.74645  1
200    0
164 7.24555  1
200    0
165 12.3446  1
200    0
166 8.99548  10
190    3.68815
191    4.11791
192    5.52136
193    4.10427
194    5.47678
195    3.9586
196    5.00105
197    5.40518
198    3.72486
199    4.23775
167 8.05887  1
200    0
168 5.00031  1
200    0
169 5.01251  1
200    0
170 5.05249  1
200    0
171 5.18311  1
200    0
172 5.60945  1
200    0
173 7.00171  1
200    0
174 11.5484  1
200    0
175 6.39531  1
200    0
176 9.56801  1
200    0
177 9.92843  1
200    0
178 11.1055  1
200    0
179 14.9493  1
200    0
180 7.50099  1
200    0
181 13.179  1
200    0
182 11.7202  1
200    0
183 6.95624  1
200    0
184 11.3997  1
200    0
185 5.90976  1
200    0
186 7.98257  1
200    0
187 14.7516  1
200    0
188 6.85522  1
200    0
189 11.0701  1
200    0
190 14.8337  1
200    0
191 7.12348  1
200    0
192 11.946  1
200    0
193 7.69387  1
200    0
194 13.8086  1
200    0
195 13.7762  1
200    0
196 13.6703  1
200    0
197 13.3245  1
200    0
198 12.1953  1
200    0
199 8.5081  1
200    0
200 0  0
