179
0 7.40364  7
1    53.2104
6    61.3286
8    52.0907
9    58.6671
10    62.7871
18    55.2136
74    35.7727
1 12.861  10
2    64.501
3    41.3704
4    55.838
5    43.0816
6    45.5243
8    49.4099
9    50.558
18    39.586
23    46.1029
53    43.9477
2 10.6816  8
6    56.586
8    59.4325
10    35.7727
11    41.69
30    64.4763
51    42.503
56    59.9736
78    37.2486
3 13.565  6
6    59.9736
8    54.819
9    55.8399
10    37.5581
21    38.0973
78    57.5886
4 12.9809  5
6    61.0109
8    39.7536
9    60.6108
10    61.5923
21    54.3118
5 11.0732  6
6    61.4257
8    60.8452
9    61.3881
18    59.9013
21    38.1788
114    59.5369
6 14.8437  9
7    39.402
9    43.0871
10    61.8725
11    64.599
18    56.3498
19    54.0518
21    57.5886
23    38.3894
40    41.4684
7 7.15613  8
9    61.2059
10    52.3196
18    54.7678
23    62.8649
50    35.5493
78    51.0936
81    38.1788
114    64.848
8 12.0525  6
9    61.444
18    50.0105
20    51.0936
21    48.7974
42    47.6182
56    56.586
9 8.04147  2
10    43.3883
18    36.8815
10 14.9438  4
11    62.4273
19    42.3775
74    46.4893
78    53.8211
11 7.48299  10
12    56.8818
13    46.4893
14    42.5533
15    59.7008
16    55.6952
17    42.6147
19    59.1267
21    45.4154
23    61.5996
51    41.0051
12 13.1201  1
42    54.5828
13 11.5276  5
18    44.7525
19    37.2486
20    53.8211
21    48.2472
42    48.0403
14 6.32756  2
23    36.0273
76    59.9013
15 9.34675  3
21    39.0458
22    48.9421
30    62.3898
16 9.20606  8
18    41.0427
20    39.9174
22    55.8545
23    61.8963
51    48.704
56    61.0109
74    56.8818
94    64.4763
17 8.74645  5
18    41.1791
21    50.0902
22    50.5626
77    54.7678
114    49.7853
18 7.24555  3
20    36.4951
22    48.4458
94    41.2889
19 12.3446  7
21    45.1498
22    48.2939
40    42.449
75    55.6952
77    39.586
95    41.4684
114    53.3166
20 8.99548  6
31    41.2889
32    55.5716
33    42.2109
34    58.5829
35    52.0449
40    44.1244
21 8.05887  6
24    41.2917
25    55.5808
26    42.2411
27    58.6818
28    52.3681
29    61.7507
22 5.00031  2
23    43.1347
51    39.1859
23 5.01251  9
66    61.3881
67    61.2059
68    60.6108
69    58.6671
70    52.3196
71    61.5923
72    61.8725
73    62.7871
95    58.5829
24 5.05249  2
42    38.9827
56    61.4257
25 5.18311  2
40    64.8315
78    36.4951
26 5.60945  9
43    46.2394
44    41.7367
45    57.0338
46    46.9865
47    44.1766
48    35.0009
49    35.0375
78    42.3775
83    55.8545
27 7.00171  5
50    35.1575
53    53.2104
74    43.3883
83    48.4458
95    60.6951
28 11.5484  1
93    62.3898
29 6.39531  2
51    54.6451
57    52.0907
30 9.56801  1
77    44.7525
31 9.92843  1
53    64.2547
32 11.1055  2
53    40.5657
78    50.0902
33 14.9493  3
57    45.5243
78    39.9174
104    47.6182
34 7.50099  8
36    60.6951
37    58.9427
38    53.2196
39    64.5312
52    55.1605
93    61.7507
95    58.9427
104    57.0338
35 13.179  2
40    56.1576
167    39.586
36 11.7202  2
51    64.848
83    43.1347
37 6.95624  2
41    59.3602
53    54.1992
38 11.3997  1
77    41.0427
39 5.90976  1
178    0
40 7.98257  1
76    42.6147
41 14.7516  1
53    41.3704
42 6.85522  3
53    64.501
57    49.4099
74    59.7008
43 11.0701  1
53    37.7293
44 14.8337  1
178    0
45 7.12348  3
54    55.838
55    43.0816
95    53.2196
46 11.946  3
51    59.5369
56    61.3286
95    64.5312
47 7.69387  3
53    40.8687
57    39.402
74    37.5581
48 13.8086  1
51    53.3166
49 13.7762  2
51    36.8284
74    64.599
50 13.6703  2
51    49.7853
95    52.0449
51 13.3245  2
65    61.444
76    56.3498
52 12.1953  8
58    60.8452
59    59.4325
60    54.819
61    39.7536
62    50.558
63    55.8399
64    43.0871
77    55.2136
53 8.5081  2
77    54.0518
114    48.704
54 6.46733  1
83    39.0458
55 9.80331  2
77    50.0105
132    52.0907
56 10.6969  2
77    41.1791
104    41.7367
57 13.6151  1
178    0
58 13.1442  1
74    41.69
59 11.6063  1
77    36.8815
60 6.58452  1
83    61.5996
61 10.186  4
159    55.6952
160    42.6147
161    59.9013
162    56.3498
62 11.9466  1
178    0
63 7.6957  1
81    45.1498
64 13.8147  9
144    58.6671
145    52.3196
146    61.5923
147    61.8725
148    62.7871
149    35.7727
150    37.5581
151    43.3883
152    62.4273
65 13.796  8
96    56.1576
97    44.1244
98    64.8315
99    42.449
100    59.3602
101    54.5828
102    38.9827
103    48.0403
66 13.7353  1
74    42.5533
67 13.5369  1
104    46.9865
68 12.889  2
74    62.4273
83    48.9421
69 10.7732  1
178    0
70 13.8641  1
178    0
71 13.9575  1
178    0
72 14.2624  1
178    0
73 5.25758  1
178    0
74 5.85269  2
78    48.7974
83    48.2939
75 7.79611  1
78    59.1267
76 14.1424  10
84    61.8963
85    62.8649
86    36.0273
87    38.3894
88    46.1029
89    41.2917
90    55.5808
91    42.2411
92    58.6818
133    60.8452
77 14.8663  1
178    0
78 7.22999  2
79    54.3118
80    38.0973
79 12.2939  1
178    0
80 8.82977  2
82    45.4154
83    50.5626
81 7.51778  2
83    48.2472
95    42.2109
82 13.2336  1
94    55.5716
83 11.8984  1
178    0
84 7.53822  1
178    0
85 13.3004  2
132    49.4099
167    41.0427
86 12.1166  1
178    0
87 8.25083  9
115    54.1992
116    37.7293
117    43.9477
118    64.2547
119    40.5657
120    53.2104
121    64.501
122    41.3704
123    55.838
88 5.62716  1
178    0
89 7.05969  1
93    52.3681
90 11.7379  1
178    0
91 7.01422  1
178    0
92 11.5893  1
178    0
93 6.52867  1
178    0
94 10.0035  4
110    36.8284
111    41.0051
112    54.6451
113    39.1859
95 11.3506  1
178    0
96 5.74953  5
105    44.1766
106    35.0009
107    35.0375
108    35.1575
109    35.5493
97 7.45918  1
104    46.2394
98 13.0422  1
178    0
99 11.2737  1
178    0
100 5.49837  1
178    0
101 6.63915  1
114    40.8687
102 10.3645  1
178    0
103 12.5295  1
178    0
104 9.59914  1
178    0
105 10.0301  8
124    43.0816
125    61.4257
126    61.3286
127    61.0109
128    59.9736
129    56.586
130    45.5243
131    39.402
106 11.4373  1
114    55.1605
107 6.03244  1
178    0
108 8.38328  1
178    0
109 6.0596  1
178    0
110 8.47179  1
114    42.503
111 6.34861  1
178    0
112 9.41572  7
171    42.3775
172    59.1267
173    53.8211
174    36.4951
175    39.9174
176    51.0936
177    57.5886
113 9.43129  1
178    0
114 9.48195  1
178    0
115 9.64736  1
178    0
116 10.1875  1
178    0
117 11.9515  1
178    0
118 7.71157  1
178    0
119 13.8665  1
178    0
120 13.9654  1
178    0
121 14.2883  1
178    0
122 5.34242  1
167    54.7678
123 6.1298  1
178    0
124 8.70098  1
178    0
125 7.09723  1
178    0
126 11.8603  1
178    0
127 7.41371  10
134    59.4325
135    54.819
136    39.7536
137    50.558
138    55.8399
139    43.0871
140    61.444
141    61.3881
142    61.2059
143    60.6108
128 12.8939  1
178    0
129 10.7894  1
178    0
130 13.9169  1
178    0
131 14.1299  1
178    0
132 14.8254  1
178    0
133 7.09632  1
178    0
134 11.8572  1
178    0
135 7.40364  1
178    0
136 12.861  1
178    0
137 10.6816  1
178    0
138 13.565  1
178    0
139 12.9809  1
178    0
140 11.0732  6
153    64.599
154    41.69
155    56.8818
156    46.4893
157    42.5533
158    59.7008
141 14.8437  1
178    0
142 7.15613  1
178    0
143 12.0525  1
178    0
144 8.04147  1
178    0
145 14.9438  1
178    0
146 7.48299  1
178    0
147 13.1201  1
178    0
148 11.5276  4
163    44.7525
164    36.8815
165    41.1791
166    55.2136
149 6.32756  3
168    50.0105
169    54.0518
170    37.2486
150 9.34675  1
178    0
151 9.20606  1
178    0
152 8.74645  1
178    0
153 7.24555  1
178    0
154 12.3446  1
178    0
155 8.99548  1
178    0
156 8.05887  1
178    0
157 5.00031  1
178    0
158 5.01251  1
178    0
159 5.05249  1
178    0
160 5.18311  1
178    0
161 5.60945  1
178    0
162 7.00171  1
178    0
163 11.5484  1
178    0
164 6.39531  1
178    0
165 9.56801  1
178    0
166 9.92843  1
178    0
167 11.1055  1
178    0
168 14.9493  1
178    0
169 7.50099  1
178    0
170 13.179  1
178    0
171 11.7202  1
178    0
172 6.95624  1
178    0
173 11.3997  1
178    0
174 5.90976  1
178    0
175 7.98257  1
178    0
176 14.7516  1
178    0
177 6.85522  1
178    0
178 0  0
