112
0 11.5893  1
1    11.7334
1 6.52867  9
2    10.4639
3    12.3185
4    12.3745
5    12.5574
6    7.15455
7    7.51161
8    8.67766
9    12.4855
10    12.9198
2 10.0035  6
11    8.33799
12    11.3764
13    9.29786
14    8.51067
15    11.9402
16    11.139
3 11.3506  4
28    10.2187
29    11.5177
30    9.75948
31    10.018
4 5.74953  1
26    10.8104
5 7.45918  1
27    7.98349
6 13.0422  2
26    8.47551
78    12.9696
7 11.2737  3
26    10.7642
60    8.29368
79    11.0321
8 5.49837  1
111    0
9 6.63915  2
26    7.44972
100    10.1116
10 10.3645  3
47    8.44823
48    11.7364
49    10.4736
11 12.5295  10
17    8.52293
18    11.9803
19    11.27
20    8.9505
21    7.37629
22    8.23582
23    11.0427
24    8.20853
25    10.9536
79    8.17374
12 9.59914  1
26    7.29902
13 10.0301  9
61    7.79653
62    9.60805
63    9.52364
64    9.24787
65    8.34733
66    11.4068
67    9.39729
68    8.83532
69    7.00018
14 11.4373  1
111    0
15 6.03244  2
26    10.0021
60    8.48979
16 8.38328  1
111    0
17 6.0596  1
33    7.80917
18 8.47179  1
26    7.9172
19 6.34861  1
111    0
20 9.41572  1
111    0
21 9.43129  2
33    7.63576
60    12.9663
22 9.48195  1
111    0
23 9.64736  2
26    11.8253
33    7.61946
24 10.1875  1
111    0
25 11.9515  1
101    12.2412
26 7.71157  1
101    8.61742
27 13.8665  4
56    11.7166
57    10.409
58    12.139
59    11.7885
28 13.9654  1
33    9.64943
29 14.2883  3
32    10.8624
33    9.02997
78    10.6633
30 5.34242  3
33    9.65877
100    11.8865
101    12.1222
31 6.1298  1
33    9.08307
32 8.70098  4
34    9.68917
35    9.78841
36    10.1125
60    8.82488
33 7.09723  1
111    0
34 11.8603  1
111    0
35 7.41371  10
37    11.1709
38    8.62694
39    12.3199
40    12.3793
41    12.573
42    7.20545
43    7.67788
44    9.22059
45    8.25834
46    11.1162
36 12.8939  2
50    12.3501
51    12.478
37 10.7894  4
52    12.8953
53    8.25779
54    11.1143
55    8.44218
38 13.9169  1
111    0
39 14.1299  1
111    0
40 14.8254  1
111    0
41 7.09632  1
111    0
42 11.8572  1
111    0
43 7.40364  1
111    0
44 12.861  1
60    10.9166
45 10.6816  1
111    0
46 13.565  10
90    12.2851
91    12.2657
92    12.2022
93    11.9947
94    11.3172
95    9.10486
96    7.8804
97    9.88198
98    10.4181
99    12.169
47 12.9809  8
70    7.00751
71    7.0315
72    7.10987
73    7.36567
74    8.20103
75    10.929
76    7.83718
77    9.74081
48 11.0732  1
60    11.872
49 14.8437  1
60    11.2315
50 7.15613  1
78    8.5006
51 12.0525  1
111    0
52 8.04147  1
111    0
53 14.9438  1
111    0
54 7.48299  1
111    0
55 13.1201  1
111    0
56 11.5276  1
60    10.6439
57 6.32756  1
60    12.9062
58 9.34675  1
79    11.9074
59 9.20606  1
111    0
60 8.74645  1
111    0
61 7.24555  1
111    0
62 12.3446  1
111    0
63 8.99548  1
78    9.95706
64 8.05887  1
111    0
65 5.00031  1
111    0
66 5.01251  1
111    0
67 5.05249  1
111    0
68 5.18311  1
100    10.9638
69 5.60945  1
111    0
70 7.00171  1
111    0
71 11.5484  1
111    0
72 6.39531  1
111    0
73 9.56801  1
111    0
74 9.92843  1
111    0
75 11.1055  10
80    10.8398
81    7.54585
82    8.78954
83    12.8509
84    8.11313
85    10.6421
86    12.9002
87    8.27409
88    11.1676
89    8.61632
76 14.9493  1
111    0
77 7.50099  1
101    12.2776
78 13.179  1
111    0
79 11.7202  1
111    0
80 6.95624  1
111    0
81 11.3997  1
111    0
82 5.90976  1
111    0
83 7.98257  1
111    0
84 14.7516  1
111    0
85 6.85522  1
111    0
86 11.0701  1
101    12.2888
87 14.8337  9
102    11.7334
103    10.4639
104    12.3185
105    12.3745
106    12.5574
107    7.15455
108    7.51161
109    8.67766
110    12.4855
88 7.12348  1
111    0
89 11.946  1
111    0
90 7.69387  1
111    0
91 13.8086  1
111    0
92 13.7762  1
111    0
93 13.6703  1
111    0
94 13.3245  1
111    0
95 12.1953  1
100    11.168
96 8.5081  1
111    0
97 6.46733  1
111    0
98 9.80331  1
100    7.95071
99 10.6969  1
111    0
100 13.6151  1
111    0
101 13.1442  1
111    0
102 11.6063  1
111    0
103 6.58452  1
111    0
104 10.186  1
111    0
105 11.9466  1
111    0
106 7.6957  1
111    0
107 13.8147  1
111    0
108 13.796  1
111    0
109 13.7353  1
111    0
110 13.5369  1
111    0
111 0  0
