55
0 12.0525  4
1    55.8399
2    43.0871
3    61.444
4    58.6671
1 8.04147  3
3    61.2059
4    61.5923
5    61.8725
2 14.9438  3
3    61.3881
4    60.6108
5    62.7871
3 7.48299  1
4    52.3196
4 13.1201  8
6    35.7727
7    37.5581
8    43.3883
9    62.4273
10    64.599
11    41.69
12    56.8818
13    46.4893
5 11.5276  1
46    48.4458
6 6.32756  1
54    0
7 9.34675  1
46    55.8545
8 9.20606  1
54    0
9 8.74645  9
31    59.1267
32    53.8211
33    36.4951
34    39.9174
35    51.0936
36    57.5886
37    48.7974
38    50.0902
46    61.5996
10 7.24555  7
14    42.5533
15    59.7008
16    55.6952
17    42.6147
18    59.9013
19    56.3498
20    44.7525
11 12.3446  3
44    39.0458
45    48.2472
46    36.0273
12 8.99548  10
21    36.8815
22    41.1791
23    55.2136
24    41.0427
25    54.7678
26    39.586
27    50.0105
28    54.0518
29    37.2486
30    42.3775
13 8.05887  1
54    0
14 5.00031  1
46    48.9421
15 5.01251  1
54    0
16 5.05249  1
54    0
17 5.18311  1
54    0
18 5.60945  1
54    0
19 7.00171  1
54    0
20 11.5484  1
54    0
21 6.39531  1
54    0
22 9.56801  1
54    0
23 9.92843  7
47    38.3894
48    46.1029
49    41.2917
50    55.5808
51    42.2411
52    58.6818
53    52.3681
24 11.1055  1
46    62.8649
25 14.9493  1
46    61.8963
26 7.50099  1
54    0
27 13.179  1
54    0
28 11.7202  1
54    0
29 6.95624  1
54    0
30 11.3997  1
54    0
31 5.90976  1
46    43.1347
32 7.98257  1
46    50.5626
33 14.7516  1
54    0
34 6.85522  1
54    0
35 11.0701  1
54    0
36 14.8337  1
54    0
37 7.12348  5
39    54.3118
40    38.0973
41    45.1498
42    38.1788
43    45.4154
38 11.946  1
54    0
39 7.69387  1
54    0
40 13.8086  1
46    48.2939
41 13.7762  1
54    0
42 13.6703  1
54    0
43 13.3245  1
54    0
44 12.1953  1
54    0
45 8.5081  1
54    0
46 6.46733  1
54    0
47 9.80331  1
54    0
48 10.6969  1
54    0
49 13.6151  1
54    0
50 13.1442  1
54    0
51 11.6063  1
54    0
52 6.58452  1
54    0
53 10.186  1
54    0
54 0  0
