192
0 12.5295  10
1    3.51575
2    3.55493
3    3.68284
4    4.10051
5    5.46451
6    3.91859
8    5.95369
17    6.13286
26    5.86671
34    5.40518
1 9.59914  5
8    4.2503
17    6.10109
33    4.25533
34    4.10427
35    3.64951
2 10.0301  3
8    6.4848
18    5.99736
76    6.08452
3 11.4373  7
8    4.08687
17    5.5838
26    6.12059
41    6.18963
122    3.91859
162    3.72486
179    4.61029
4 6.03244  5
8    5.33166
34    3.72486
65    4.62394
66    3.55493
99    5.75886
5 8.38328  5
8    4.97853
18    5.6586
26    5.23196
35    4.23775
99    3.64951
6 6.0596  6
7    4.8704
18    5.20907
26    6.06108
73    4.08687
99    5.38211
162    5.40518
7 8.47179  8
8    5.51605
33    4.26147
34    4.11791
36    5.10936
76    5.6586
112    6.17507
135    3.9402
136    6.1444
8 6.34861  10
9    5.41992
10    3.77293
11    4.39477
12    6.42547
13    4.05657
14    5.32104
15    6.4501
16    4.13704
17    6.14257
18    4.55243
9 9.41572  5
17    4.30816
33    5.63498
37    4.54154
117    4.2449
136    4.30871
10 9.43129  6
18    4.94099
65    4.41244
66    4.69865
99    4.87974
122    3.68284
146    4.169
11 9.48195  8
19    5.4819
20    3.97536
21    5.0558
22    5.58399
23    4.30871
24    6.1444
26    6.18725
33    5.99013
12 9.64736  6
18    6.08452
35    5.38211
36    5.75886
37    3.81788
66    3.68284
97    4.10427
13 10.1875  5
26    3.57727
34    5.00105
36    3.80973
99    5.10936
136    6.13881
14 11.9515  6
18    5.94325
26    6.15923
36    5.43118
76    6.10109
112    6.44763
121    4.41766
15 7.71157  3
33    3.68815
38    4.84458
79    6.06108
16 13.8665  3
18    3.9402
65    5.93602
79    6.1444
17 13.9654  1
135    4.55243
18 14.2883  3
34    5.47678
35    5.91267
121    4.17367
19 5.34242  2
26    6.27871
100    3.81788
20 6.1298  5
25    6.13881
33    4.47525
35    3.99174
78    5.0558
123    5.51605
21 8.70098  3
33    4.64893
79    3.57727
123    6.4848
22 7.09723  6
27    3.75581
28    4.33883
29    6.24273
30    6.4599
31    4.169
32    5.68818
23 11.8603  1
135    5.94325
24 7.41371  6
33    5.97008
34    5.52136
73    5.95369
76    5.94325
97    3.9586
124    4.39477
25 12.8939  3
37    4.82472
79    6.18725
123    3.77293
26 10.7894  3
33    5.56952
36    4.51498
100    4.82939
27 13.9169  1
66    4.17367
28 14.1299  4
39    5.58545
40    4.31347
112    4.12889
123    4.8704
29 14.8254  3
37    3.90458
65    3.89827
98    3.72486
30 7.09632  4
38    5.05626
65    5.45828
79    6.27871
135    6.08452
31 11.8572  3
36    4.87974
98    4.23775
100    4.82472
32 7.40364  4
37    4.82939
66    3.50009
135    5.6586
136    3.97536
33 12.861  2
34    3.9586
36    5.00902
34 10.6816  2
66    5.70338
112    5.86818
35 13.565  4
38    4.89421
41    6.15996
65    6.48315
121    4.69865
36 12.9809  2
76    5.99736
82    6.24273
37 11.0732  5
42    6.28649
43    3.60273
44    3.83894
45    4.61029
46    4.12917
38 14.8437  1
191    0
39 7.15613  2
76    4.94099
79    5.86671
40 12.0525  1
66    3.50375
41 8.04147  1
97    5.00105
42 14.9438  3
73    5.51605
76    5.4819
123    5.95369
43 7.48299  2
65    4.76182
99    5.00902
44 13.1201  6
101    4.89421
102    5.05626
103    5.58545
104    4.31347
105    6.15996
163    3.64951
45 11.5276  10
47    5.55808
48    4.22411
49    5.86818
50    5.23681
51    6.17507
52    6.23898
53    6.44763
54    4.12889
55    5.55716
56    4.22109
46 6.32756  2
74    4.39477
123    5.33166
47 9.34675  8
67    4.10051
68    5.46451
69    3.91859
70    4.8704
71    4.97853
72    5.33166
78    4.30871
136    6.12059
48 9.20606  3
75    6.13286
100    4.51498
136    5.58399
49 8.74645  2
57    5.85829
65    4.80403
50 7.24555  2
76    4.55243
97    5.40518
51 12.3446  1
100    3.80973
52 8.99548  1
74    4.13704
53 8.05887  1
73    5.41992
54 5.00031  2
100    4.84458
117    6.45312
55 5.01251  8
58    5.20449
59    6.06951
60    5.89427
61    5.32196
62    6.45312
63    4.14684
64    5.61576
79    6.15923
56 5.05249  1
191    0
57 5.18311  2
66    3.51575
100    4.54154
58 5.60945  2
74    6.42547
190    5.20449
59 7.00171  5
73    4.2503
76    3.9402
117    5.32196
122    4.10051
135    5.20907
60 11.5484  1
74    6.4501
61 6.39531  1
117    4.14684
62 9.56801  2
74    5.5838
163    4.23775
63 9.92843  5
65    4.2449
73    6.4848
79    5.23196
112    4.22411
136    5.0558
64 11.1055  1
163    3.99174
65 14.9493  2
66    4.41766
74    4.30816
66 7.50099  2
74    6.14257
77    3.97536
67 13.179  1
74    4.05657
68 11.7202  2
117    5.45828
121    5.70338
69 6.95624  2
73    3.77293
78    5.58399
70 11.3997  6
106    6.18963
107    6.28649
108    3.60273
109    3.83894
110    4.61029
111    4.12917
71 5.90976  1
163    5.91267
72 7.98257  2
80    3.75581
81    4.33883
73 14.7516  2
74    5.32104
121    3.50375
74 6.85522  1
146    5.68818
75 11.0701  3
76    5.20907
79    6.12059
112    6.23898
76 14.8337  2
98    5.91267
135    4.94099
77 7.12348  1
79    6.13881
78 11.946  1
117    4.41244
79 7.69387  10
83    6.4599
84    4.169
85    5.68818
86    4.64893
87    4.25533
88    5.97008
89    5.56952
90    4.26147
91    5.99013
92    5.63498
80 13.8086  4
118    3.89827
119    4.80403
120    4.76182
190    4.14684
81 13.7762  1
191    0
82 13.6703  1
191    0
83 13.3245  1
123    4.08687
84 12.1953  2
112    5.55808
117    6.48315
85 8.5081  1
191    0
86 6.46733  1
117    5.93602
87 9.80331  1
191    0
88 10.6969  1
191    0
89 13.6151  1
116    5.20449
90 13.1442  5
93    4.47525
94    3.68815
95    4.11791
96    5.52136
99    5.43118
91 11.6063  2
122    5.46451
163    4.87974
92 6.58452  1
97    5.47678
93 10.186  1
123    4.2503
94 11.9466  2
112    5.23681
190    5.32196
95 7.6957  1
163    5.38211
96 13.8147  2
99    3.99174
179    6.28649
97 13.796  1
191    0
98 13.7353  1
100    3.90458
99 13.5369  1
123    5.41992
100 12.889  1
191    0
101 10.7732  1
191    0
102 13.8641  1
121    3.50009
103 13.9575  2
116    6.06951
163    5.10936
104 14.2624  1
117    5.89427
105 5.25758  1
117    5.61576
106 5.85269  2
137    5.23196
138    6.15923
107 7.79611  3
113    5.55716
114    4.22109
115    5.85829
108 14.1424  7
139    6.18725
140    6.27871
141    3.57727
142    3.75581
143    4.33883
144    6.24273
145    6.4599
109 14.8663  1
191    0
110 7.22999  4
159    5.47678
160    3.9586
161    5.00105
179    4.12917
111 12.2939  1
121    4.62394
112 8.82977  1
191    0
113 7.51778  1
191    0
114 13.2336  2
136    5.86671
190    6.48315
115 11.8984  3
121    3.51575
123    4.97853
136    6.06108
116 7.53822  1
190    4.41244
117 13.3004  9
147    4.64893
148    4.25533
149    5.97008
150    5.56952
151    4.26147
152    5.99013
153    5.63498
154    4.47525
155    3.68815
118 12.1166  7
164    5.00902
165    5.43118
166    3.80973
167    4.51498
168    3.81788
169    4.54154
170    3.90458
119 8.25083  3
122    3.55493
124    6.42547
135    5.4819
120 5.62716  10
125    4.05657
126    5.32104
127    6.4501
128    4.13704
129    5.5838
130    4.30816
131    6.14257
132    6.13286
133    6.10109
134    5.99736
121 7.05969  1
191    0
122 11.7379  1
191    0
123 7.01422  1
191    0
124 11.5893  1
191    0
125 6.52867  1
191    0
126 10.0035  1
191    0
127 11.3506  1
191    0
128 5.74953  1
190    6.06951
129 7.45918  1
191    0
130 13.0422  1
179    3.83894
131 11.2737  1
191    0
132 5.49837  1
191    0
133 6.63915  1
191    0
134 10.3645  1
191    0
135 12.5295  1
191    0
136 9.59914  1
163    5.75886
137 10.0301  1
191    0
138 11.4373  1
191    0
139 6.03244  1
179    3.60273
140 8.38328  1
191    0
141 6.0596  1
191    0
142 8.47179  1
191    0
143 6.34861  1
179    5.55808
144 9.41572  1
191    0
145 9.43129  1
191    0
146 9.48195  1
191    0
147 9.64736  1
191    0
148 10.1875  1
191    0
149 11.9515  1
191    0
150 7.71157  3
156    4.11791
157    5.52136
158    4.10427
151 13.8665  1
191    0
152 13.9654  1
190    5.89427
153 14.2883  1
191    0
154 5.34242  1
191    0
155 6.1298  1
179    6.18963
156 8.70098  1
191    0
157 7.09723  1
191    0
158 11.8603  8
171    4.82472
172    4.82939
173    4.84458
174    4.89421
175    5.05626
176    5.58545
177    4.31347
178    6.15996
159 7.41371  1
191    0
160 12.8939  1
191    0
161 10.7894  1
191    0
162 13.9169  1
191    0
163 14.1299  1
191    0
164 14.8254  1
191    0
165 7.09632  1
191    0
166 11.8572  1
191    0
167 7.40364  1
191    0
168 12.861  1
190    6.45312
169 10.6816  1
191    0
170 13.565  1
191    0
171 12.9809  1
191    0
172 11.0732  1
191    0
173 14.8437  1
191    0
174 7.15613  1
191    0
175 12.0525  10
180    4.22411
181    5.86818
182    5.23681
183    6.17507
184    6.23898
185    6.44763
186    4.12889
187    5.55716
188    4.22109
189    5.85829
176 8.04147  1
191    0
177 14.9438  1
191    0
178 7.48299  1
191    0
179 13.1201  1
191    0
180 11.5276  1
191    0
181 6.32756  1
191    0
182 9.34675  1
191    0
183 9.20606  1
190    5.61576
184 8.74645  1
191    0
185 7.24555  1
191    0
186 12.3446  1
191    0
187 8.99548  1
191    0
188 8.05887  1
191    0
189 5.00031  1
191    0
190 5.01251  1
191    0
191 0  0
