85
0 9.20606  3
1    3.64951
2    3.99174
13    4.82939
1 8.74645  10
4    5.75886
5    4.87974
6    5.00902
7    5.43118
8    3.80973
9    4.51498
10    3.81788
11    4.54154
12    3.90458
13    4.84458
2 7.24555  4
3    5.10936
13    4.31347
29    6.06951
50    4.08687
3 12.3446  1
13    4.82472
4 8.99548  2
13    4.89421
68    4.64893
5 8.05887  1
50    4.05657
6 5.00031  1
84    0
7 5.01251  6
14    6.28649
15    3.60273
16    3.83894
17    4.61029
67    6.24273
68    5.56952
8 5.05249  3
13    5.05626
29    5.85829
57    4.94099
9 5.18311  3
13    6.18963
18    4.12917
50    5.95369
10 5.60945  1
36    5.45828
11 7.00171  2
13    6.15996
67    5.23196
12 11.5484  3
13    5.58545
50    4.39477
57    5.4819
13 6.39531  2
36    4.80403
37    4.69865
14 9.56801  1
84    0
15 9.92843  1
36    5.93602
16 11.1055  10
19    5.55808
20    4.22411
21    5.86818
22    5.23681
23    6.17507
24    6.23898
25    6.44763
26    4.12889
27    5.55716
28    4.22109
17 14.9493  1
29    5.20449
18 7.50099  1
76    3.9586
19 13.179  3
36    4.17367
50    4.2503
68    4.25533
20 11.7202  1
35    4.41244
21 6.95624  4
36    4.76182
50    5.41992
57    5.6586
67    6.15923
22 11.3997  1
84    0
23 5.90976  2
67    3.75581
68    4.169
24 7.98257  2
50    6.42547
57    3.9402
25 14.7516  1
84    0
26 6.85522  6
30    5.89427
31    5.32196
32    6.45312
33    4.14684
34    5.61576
36    4.2449
27 11.0701  1
57    6.08452
28 14.8337  1
36    4.62394
29 7.12348  1
84    0
30 11.946  2
37    4.41766
57    5.20907
31 7.69387  2
36    3.89827
57    5.99736
32 13.8086  6
60    5.58399
61    4.30871
62    6.1444
63    6.13881
64    6.12059
65    6.06108
33 13.7762  1
36    6.48315
34 13.6703  9
38    3.50009
39    3.50375
40    3.51575
41    3.55493
42    3.68284
43    4.10051
44    5.46451
45    3.91859
46    4.8704
35 13.3245  1
37    5.70338
36 12.1953  2
50    5.32104
76    5.40518
37 8.5081  1
84    0
38 6.46733  3
47    4.97853
48    5.33166
49    6.4848
39 9.80331  1
84    0
40 10.6969  2
67    3.57727
76    5.47678
41 13.6151  1
50    3.77293
42 13.1442  1
57    6.10109
43 11.6063  2
57    4.55243
66    5.86671
44 6.58452  1
84    0
45 10.186  1
84    0
46 11.9466  1
84    0
47 7.6957  1
84    0
48 13.8147  4
51    6.4501
52    4.13704
53    5.5838
54    4.30816
49 13.796  1
50    5.51605
50 13.7353  2
55    6.14257
56    6.13286
51 13.5369  1
57    5.94325
52 12.889  1
84    0
53 10.7732  1
84    0
54 13.8641  7
69    5.99013
70    5.63498
71    4.47525
72    3.68815
73    4.11791
74    5.52136
75    4.10427
55 13.9575  1
84    0
56 14.2624  2
58    3.97536
59    5.0558
57 5.25758  2
68    4.26147
76    3.72486
58 5.85269  2
67    4.33883
68    5.68818
59 7.79611  1
84    0
60 14.1424  1
84    0
61 14.8663  1
84    0
62 7.22999  1
67    6.27871
63 12.2939  1
67    6.4599
64 8.82977  1
67    6.18725
65 7.51778  1
68    5.97008
66 13.2336  1
84    0
67 11.8984  1
76    4.23775
68 7.53822  1
84    0
69 13.3004  1
84    0
70 12.1166  7
77    5.91267
78    5.38211
79    3.64951
80    3.99174
81    5.10936
82    5.75886
83    4.87974
71 8.25083  1
84    0
72 5.62716  1
84    0
73 7.05969  1
84    0
74 11.7379  1
76    5.00105
75 7.01422  1
84    0
76 11.5893  1
84    0
77 6.52867  1
84    0
78 10.0035  1
84    0
79 11.3506  1
84    0
80 5.74953  1
84    0
81 7.45918  1
84    0
82 13.0422  1
84    0
83 11.2737  1
84    0
84 0  0
