216
0 10.6969  3
1    1.17166
2    1.0409
142    0.825779
1 13.6151  10
11    0.848979
12    1.1872
13    1.09166
14    0.779653
15    0.960805
16    0.952364
17    0.924787
52    0.929786
92    0.974081
175    0.867766
2 13.1442  10
3    1.2139
4    1.17885
5    1.06439
6    1.29062
7    0.829368
8    1.12315
9    0.882488
10    1.29663
26    1.19074
46    1.21222
3 11.6063  3
18    0.834733
26    1.0929
166    0.861632
4 6.58452  10
37    1.04181
38    1.2169
39    1.18865
40    1.09638
41    0.795071
42    1.01116
43    1.1168
44    0.861742
45    1.22888
135    1.11709
5 10.186  5
18    0.939729
36    0.988198
57    0.737629
96    0.878954
123    1.08104
6 11.9466  9
20    0.700018
21    0.700751
22    0.703149
23    0.710987
52    1.13764
85    0.848979
92    1.0929
123    1.09536
194    1.15177
7 7.6957  10
27    1.08398
28    0.754585
29    0.878954
30    1.28509
31    0.811313
32    1.06421
33    1.29002
34    0.827409
35    1.11676
70    0.763576
8 13.8147  2
36    0.910486
142    1.0409
9 13.796  6
24    0.736567
25    0.820103
26    0.783718
36    0.861632
46    1.22412
52    0.833799
10 13.7353  3
26    1.29696
57    1.127
85    0.952364
11 13.5369  2
46    1.23185
70    0.761946
12 12.889  4
26    0.995706
57    0.823582
71    0.978841
174    1.09638
13 10.7732  2
18    1.14068
60    1.08104
14 13.8641  1
84    1.17885
15 13.9575  1
26    0.974081
16 14.2624  3
26    1.10321
70    0.780917
71    1.01125
17 5.25758  2
19    0.883532
36    1.19947
18 5.85269  6
26    1.06633
36    1.13172
46    1.22776
60    0.79172
108    1.1168
124    0.744972
19 7.79611  2
26    0.817374
114    1.29198
20 14.1424  2
57    0.89505
175    1.04639
21 14.8663  3
26    0.85006
46    1.17334
85    1.1872
22 7.22999  2
70    1.0018
142    1.06439
23 12.2939  1
110    1.04639
24 8.82977  1
215    0
25 7.51778  8
115    0.929786
116    0.851067
117    1.19402
118    1.1139
119    0.852293
120    1.19803
121    1.127
122    0.89505
26 13.2336  7
53    1.19402
54    1.1139
55    0.852293
56    1.19803
70    0.908307
92    0.783718
150    0.736567
27 11.8984  2
110    1.25574
125    1.0018
28 7.53822  4
36    1.22657
57    1.10427
85    0.882488
103    0.988198
29 13.3004  2
142    1.11143
175    0.715455
30 12.1166  3
36    1.22851
92    0.703149
151    0.783718
31 8.25083  1
36    1.22022
32 5.62716  1
215    0
33 7.05969  4
36    0.78804
46    1.04639
79    1.17364
125    0.798349
34 11.7379  5
47    1.25574
48    0.715455
49    0.751161
70    0.902997
85    1.29663
35 7.01422  3
70    0.964943
71    0.968917
79    0.844823
36 11.5893  2
92    0.820103
175    1.25574
37 6.52867  9
126    0.761946
127    0.902997
128    0.763576
129    0.908307
130    0.780917
131    0.964943
132    0.965877
133    0.968917
134    0.978841
38 10.0035  2
103    1.13172
149    0.834733
39 11.3506  2
71    0.862694
136    1.2573
40 5.74953  1
46    1.23745
41 7.45918  1
85    0.924787
42 13.0422  2
103    1.2169
136    0.844823
43 11.2737  1
175    1.21222
44 5.49837  3
60    1.00021
96    0.817374
166    1.22851
45 6.63915  3
50    0.867766
51    1.24855
150    0.939729
46 10.3645  2
92    0.736567
96    1.28509
47 12.5295  2
58    0.820853
59    1.09536
48 9.59914  10
61    0.744972
62    0.847551
63    1.18253
64    1.07642
65    0.729902
66    0.798349
67    1.02187
68    1.15177
69    0.975948
96    1.19074
49 10.0301  2
52    1.29198
79    1.28953
50 11.4373  2
109    1.22776
110    1.23745
51 6.03244  3
52    0.851067
149    0.924787
175    1.23745
52 8.38328  4
70    0.965877
124    1.18253
125    1.08624
142    0.844218
53 6.0596  1
103    0.78804
54 8.47179  3
71    1.11709
84    1.29062
174    1.22888
55 6.34861  2
84    0.829368
123    1.10427
56 9.41572  2
103    0.910486
114    0.833799
57 9.43129  6
86    0.834733
87    1.14068
88    0.939729
89    0.883532
90    0.700018
91    0.700751
58 9.48195  7
204    0.978841
205    1.01125
206    1.11709
207    0.862694
208    1.23199
209    1.23793
210    1.2573
59 9.64736  2
125    1.15177
193    1.18253
60 10.1875  2
125    1.07642
148    0.960805
61 11.9515  2
79    1.04736
108    0.861742
62 7.71157  1
123    0.820853
63 13.8665  2
70    1.08624
96    0.754585
64 13.9654  3
79    1.23501
84    1.0409
125    1.02187
65 14.2883  3
104    1.18865
105    1.09638
159    0.817374
66 5.34242  1
151    1.0929
67 6.1298  1
136    0.825834
68 8.70098  3
71    1.23199
79    1.24779
135    1.23199
69 7.09723  8
72    1.23793
73    1.2573
74    0.720545
75    0.767788
76    0.922059
77    0.825834
78    1.11162
150    0.710987
70 11.8603  1
92    0.710987
71 7.41371  2
85    1.09166
114    1.24855
72 12.8939  3
96    1.10321
135    0.862694
142    1.17885
73 10.7894  3
85    0.960805
96    1.29002
135    1.01125
74 13.9169  2
84    1.06439
96    1.06421
75 14.1299  6
80    0.825779
81    1.11143
82    0.844218
83    1.17166
84    1.2139
85    0.779653
76 14.8254  1
174    0.861742
77 7.09632  6
160    0.878954
161    1.28509
162    0.811313
163    1.06421
164    1.29002
165    0.827409
78 11.8572  4
96    1.08398
114    1.13764
123    0.79172
125    0.729902
79 7.40364  4
143    1.12315
144    0.882488
145    1.29663
146    0.848979
80 12.861  4
106    0.795071
107    1.01116
110    1.23185
166    1.11676
81 10.6816  3
92    0.995706
96    0.811313
142    1.2139
82 13.565  7
97    0.827409
98    1.11676
99    0.861632
100    1.22851
101    1.22657
102    1.22022
159    0.754585
83 12.9809  2
84    1.12315
174    0.795071
84 11.0732  1
147    1.09166
85 14.8437  1
215    0
86 7.15613  1
215    0
87 12.0525  1
175    1.17334
88 8.04147  1
193    0.798349
89 14.9438  1
215    0
90 7.48299  3
111    0.715455
112    0.751161
113    0.867766
91 13.1201  6
137    1.17364
138    1.04736
139    1.23501
140    1.24779
141    1.28953
174    1.04181
92 11.5276  3
93    1.06633
94    1.29696
95    0.85006
93 6.32756  1
110    1.17334
94 9.34675  1
110    1.22412
95 9.20606  1
103    1.19947
96 8.74645  4
123    0.823582
136    1.23793
175    0.751161
193    1.08104
97 7.24555  1
193    0.729902
98 12.3446  1
159    1.08398
99 8.99548  1
124    0.847551
100 8.05887  2
103    1.04181
150    1.14068
101 5.00031  1
215    0
102 5.01251  1
215    0
103 5.05249  2
108    1.22888
125    0.975948
104 5.18311  1
123    0.737629
105 5.60945  2
110    1.21222
136    0.720545
106 7.00171  1
123    1.00021
107 11.5484  1
215    0
108 6.39531  1
215    0
109 9.56801  1
215    0
110 9.92843  1
215    0
111 11.1055  1
215    0
112 14.9493  1
215    0
113 7.50099  1
215    0
114 13.179  1
194    0.975948
115 11.7202  1
174    1.1168
116 6.95624  1
215    0
117 11.3997  1
136    0.922059
118 5.90976  1
215    0
119 7.98257  2
142    0.829368
193    1.07642
120 14.7516  1
215    0
121 6.85522  1
136    1.11162
122 11.0701  1
215    0
123 14.8337  1
150    0.700018
124 7.12348  1
174    1.22776
125 11.946  1
174    1.2169
126 7.69387  1
215    0
127 13.8086  1
215    0
128 13.7762  1
215    0
129 13.6703  1
150    0.883532
130 13.3245  2
147    1.1872
150    0.820103
131 12.1953  2
142    1.17166
193    1.02187
132 8.5081  1
215    0
133 6.46733  1
215    0
134 9.80331  3
148    0.952364
150    0.700751
193    0.79172
135 10.6969  2
136    0.767788
193    0.744972
136 13.6151  1
174    1.18865
137 13.1442  1
215    0
138 11.6063  1
150    0.703149
139 6.58452  1
215    0
140 10.186  2
142    1.29062
148    0.779653
141 11.9466  1
215    0
142 7.6957  1
215    0
143 13.8147  1
193    0.847551
144 13.796  1
215    0
145 13.7353  1
194    1.0018
146 13.5369  1
215    0
147 12.889  1
175    1.23185
148 10.7732  1
215    0
149 13.8641  7
152    0.974081
153    0.995706
154    1.06633
155    1.29696
156    0.85006
157    1.19074
158    1.10321
150 13.9575  1
215    0
151 14.2624  1
215    0
152 5.25758  1
215    0
153 5.85269  1
215    0
154 7.79611  1
215    0
155 14.1424  1
215    0
156 14.8663  1
215    0
157 7.22999  1
215    0
158 12.2939  1
215    0
159 8.82977  10
176    1.24855
177    1.29198
178    0.833799
179    1.13764
180    0.929786
181    0.851067
182    1.19402
183    1.1139
184    0.852293
185    1.19803
160 7.51778  1
215    0
161 13.2336  1
215    0
162 11.8984  1
215    0
163 7.53822  1
215    0
164 13.3004  1
215    0
165 12.1166  1
215    0
166 8.25083  7
167    1.22657
168    1.22022
169    1.19947
170    1.13172
171    0.910486
172    0.78804
173    0.988198
167 5.62716  1
215    0
168 7.05969  1
174    1.01116
169 11.7379  1
215    0
170 7.01422  1
215    0
171 11.5893  1
193    1.00021
172 6.52867  1
175    1.22412
173 10.0035  7
186    1.127
187    0.89505
188    0.737629
189    0.823582
190    1.10427
191    0.820853
192    1.09536
174 11.3506  1
215    0
175 5.74953  1
215    0
176 7.45918  4
211    0.720545
212    0.767788
213    0.922059
214    0.825834
177 13.0422  1
215    0
178 11.2737  1
215    0
179 5.49837  1
215    0
180 6.63915  1
215    0
181 10.3645  1
215    0
182 12.5295  1
215    0
183 9.59914  1
215    0
184 10.0301  1
215    0
185 11.4373  9
195    1.08624
196    0.761946
197    0.902997
198    0.763576
199    0.908307
200    0.780917
201    0.964943
202    0.965877
203    0.968917
186 6.03244  1
215    0
187 8.38328  1
215    0
188 6.0596  1
215    0
189 8.47179  1
215    0
190 6.34861  1
215    0
191 9.41572  1
215    0
192 9.43129  1
215    0
193 9.48195  1
215    0
194 9.64736  1
215    0
195 10.1875  1
215    0
196 11.9515  1
215    0
197 7.71157  1
215    0
198 13.8665  1
215    0
199 13.9654  1
215    0
200 14.2883  1
215    0
201 5.34242  1
215    0
202 6.1298  1
215    0
203 8.70098  1
215    0
204 7.09723  1
215    0
205 11.8603  1
215    0
206 7.41371  1
215    0
207 12.8939  1
215    0
208 10.7894  1
215    0
209 13.9169  1
215    0
210 14.1299  1
215    0
211 14.8254  1
215    0
212 7.09632  1
215    0
213 11.8572  1
215    0
214 7.40364  1
215    0
215 0  0
