105
0 11.9466  3
1    9.95706
47    11.9803
48    11.0427
1 7.6957  4
2    10.6633
13    12.9002
48    8.23582
79    11.1143
2 13.8147  10
3    12.9696
4    8.5006
5    11.9074
6    11.0321
7    8.17374
8    10.8398
9    7.54585
10    8.78954
11    12.8509
12    8.11313
3 13.796  1
91    8.34733
4 13.7353  8
17    12.2657
18    12.2022
19    11.9947
20    11.3172
21    9.10486
22    7.8804
23    9.88198
24    10.4181
5 13.5369  6
14    11.1676
15    8.61632
16    12.2851
37    12.5574
38    7.15455
55    8.47551
6 12.889  1
38    7.51161
7 10.7732  10
56    10.7642
57    7.29902
58    7.98349
59    10.2187
60    11.5177
61    9.75948
62    10.018
63    10.8624
64    7.61946
65    9.02997
8 13.8641  1
13    8.27409
9 13.9575  2
36    12.3745
77    12.3501
10 14.2624  2
36    12.3185
78    8.25779
11 5.25758  1
47    8.52293
12 5.85269  1
13    10.6421
13 7.79611  1
104    0
14 14.1424  1
72    7.67788
15 14.8663  3
25    12.169
67    9.64943
103    8.17374
16 7.22999  2
72    9.22059
79    8.44218
17 12.2939  9
26    11.8865
27    10.9638
28    7.95071
29    10.1116
30    11.168
31    8.61742
32    12.2888
33    12.2776
34    12.2412
18 8.82977  1
103    12.9696
19 7.51778  1
104    0
20 13.2336  1
104    0
21 11.8984  1
104    0
22 7.53822  3
35    12.1222
68    9.68917
103    10.8398
23 13.3004  5
50    10.9536
51    7.9172
52    10.0021
53    10.8104
54    7.44972
24 12.1166  1
91    8.83532
25 8.25083  1
72    7.20545
26 5.62716  1
104    0
27 7.05969  2
48    11.27
68    9.65877
28 11.7379  1
38    8.67766
29 7.01422  9
39    12.4855
40    12.9198
41    8.33799
42    11.3764
43    9.29786
44    8.51067
45    11.9402
46    11.139
79    11.7885
30 11.5893  2
70    12.3793
71    12.573
31 6.52867  1
79    11.7166
32 10.0035  1
36    10.4639
33 11.3506  1
104    0
34 5.74953  3
36    11.7334
48    8.9505
79    10.409
35 7.45918  1
104    0
36 13.0422  2
48    7.37629
79    12.139
37 11.2737  1
104    0
38 5.49837  1
104    0
39 6.63915  1
104    0
40 10.3645  1
104    0
41 12.5295  1
91    9.24787
42 9.59914  1
104    0
43 10.0301  1
91    9.52364
44 11.4373  1
104    0
45 6.03244  2
49    8.20853
55    11.8253
46 8.38328  1
104    0
47 6.0596  1
67    9.08307
48 8.47179  1
104    0
49 6.34861  2
66    7.63576
103    11.0321
50 9.41572  1
104    0
51 9.43129  1
104    0
52 9.48195  1
69    12.3199
53 9.64736  1
104    0
54 10.1875  1
104    0
55 11.9515  1
104    0
56 7.71157  1
104    0
57 13.8665  2
67    7.80917
78    12.8953
58 13.9654  1
69    8.62694
59 14.2883  1
104    0
60 5.34242  1
104    0
61 6.1298  1
68    9.78841
62 8.70098  1
103    8.5006
63 7.09723  2
69    11.1709
77    12.478
64 11.8603  1
104    0
65 7.41371  1
68    10.1125
66 12.8939  6
92    7.00018
93    7.00751
94    7.0315
95    7.10987
96    7.36567
97    8.20103
67 10.7894  1
104    0
68 13.9169  1
104    0
69 14.1299  4
73    8.25834
74    11.1162
75    8.44823
76    11.7364
70 14.8254  1
80    10.6439
71 7.09632  1
104    0
72 11.8572  1
104    0
73 7.40364  5
98    10.929
99    7.83718
100    9.74081
101    9.95706
102    10.6633
74 12.861  2
77    10.4736
91    11.4068
75 10.6816  1
91    9.39729
76 13.565  1
104    0
77 12.9809  10
81    12.9062
82    8.29368
83    11.2315
84    8.82488
85    12.9663
86    8.48979
87    11.872
88    10.9166
89    7.79653
90    9.60805
78 11.0732  1
104    0
79 14.8437  1
104    0
80 7.15613  1
104    0
81 12.0525  1
104    0
82 8.04147  1
104    0
83 14.9438  1
104    0
84 7.48299  1
104    0
85 13.1201  1
104    0
86 11.5276  1
104    0
87 6.32756  1
104    0
88 9.34675  1
104    0
89 9.20606  1
103    11.9074
90 8.74645  1
104    0
91 7.24555  1
104    0
92 12.3446  1
104    0
93 8.99548  1
104    0
94 8.05887  1
104    0
95 5.00031  1
104    0
96 5.01251  1
104    0
97 5.05249  1
104    0
98 5.18311  1
104    0
99 5.60945  1
104    0
100 7.00171  1
104    0
101 11.5484  1
104    0
102 6.39531  1
104    0
103 9.56801  1
104    0
104 0  0
