118
0 13.7353  10
1    12.2851
2    12.2657
3    12.2022
4    11.9947
5    11.3172
6    9.10486
7    7.8804
8    9.88198
9    10.4181
60    8.44218
1 13.5369  1
117    0
2 12.889  9
17    12.2888
18    12.2776
19    12.2412
20    12.1222
21    11.7334
22    10.4639
23    12.3185
24    12.3745
25    12.5574
3 10.7732  1
117    0
4 13.8641  8
10    12.169
11    11.8865
12    10.9638
13    7.95071
14    10.1116
15    11.168
16    8.61742
60    10.6439
5 13.9575  3
63    11.4068
64    9.39729
65    8.83532
6 14.2624  2
33    11.9402
44    9.75948
7 5.25758  2
33    8.51067
60    11.7166
8 5.85269  2
44    7.61946
59    8.44823
9 7.79611  1
117    0
10 14.1424  1
117    0
11 14.8663  4
40    10.9536
58    7.67788
59    12.3501
62    9.52364
12 7.22999  8
26    7.15455
27    7.51161
28    8.67766
29    12.4855
30    12.9198
31    8.33799
32    11.3764
61    7.79653
13 12.2939  2
44    11.5177
86    8.27409
14 8.82977  1
44    10.2187
15 7.51778  2
33    11.9803
44    7.98349
16 13.2336  2
33    9.29786
59    8.25834
17 11.8984  1
44    9.02997
18 7.53822  1
117    0
19 13.3004  4
113    11.3764
114    9.29786
115    8.51067
116    11.9402
20 12.1166  2
33    11.139
61    8.48979
21 8.25083  1
117    0
22 5.62716  2
59    11.7364
103    12.2776
23 7.05969  1
60    8.25779
24 11.7379  3
40    10.0021
43    10.7642
62    9.60805
25 7.01422  1
33    8.52293
26 11.5893  1
117    0
27 6.52867  4
41    10.8104
42    7.44972
59    9.22059
60    10.409
28 10.0035  2
44    7.63576
61    8.29368
29 11.3506  1
117    0
30 5.74953  10
46    7.80917
47    9.64943
48    9.65877
49    9.68917
50    9.78841
51    10.1125
52    11.1709
53    8.62694
54    12.3199
55    12.3793
31 7.45918  1
61    11.2315
32 13.0422  1
117    0
33 11.2737  7
34    11.27
35    8.9505
36    7.37629
37    8.23582
38    11.0427
39    8.20853
43    8.47551
34 5.49837  4
40    7.9172
44    10.018
59    10.4736
60    12.139
35 6.63915  2
59    12.478
86    12.9002
36 10.3645  1
117    0
37 12.5295  2
43    11.8253
103    12.2888
38 9.59914  1
45    9.08307
39 10.0301  1
117    0
40 11.4373  1
44    10.8624
41 6.03244  7
69    7.10987
70    7.36567
71    8.20103
72    10.929
73    7.83718
74    9.74081
75    9.95706
42 8.38328  1
59    12.8953
43 6.0596  1
44    7.29902
44 8.47179  4
56    12.573
57    7.20545
59    11.1162
62    8.34733
45 6.34861  1
62    9.24787
46 9.41572  1
60    11.1143
47 9.43129  1
86    11.1676
48 9.48195  7
96    12.169
97    11.8865
98    10.9638
99    7.95071
100    10.1116
101    11.168
102    8.61742
49 9.64736  2
61    12.9062
103    12.1222
50 10.1875  10
76    10.6633
77    12.9696
78    8.5006
79    11.9074
80    11.0321
81    8.17374
82    10.8398
83    7.54585
84    8.78954
85    12.8509
51 11.9515  1
117    0
52 7.71157  1
61    11.872
53 13.8665  1
60    11.7885
54 13.9654  1
103    12.2412
55 14.2883  1
61    10.9166
56 5.34242  1
61    8.82488
57 6.1298  1
86    8.61632
58 8.70098  1
117    0
59 7.09723  1
117    0
60 11.8603  1
61    12.9663
61 7.41371  4
66    7.00018
67    7.00751
68    7.0315
86    10.6421
62 12.8939  1
117    0
63 10.7894  1
112    8.33799
64 13.9169  1
117    0
65 14.1299  1
117    0
66 14.8254  1
117    0
67 7.09632  1
117    0
68 11.8572  1
117    0
69 7.40364  1
117    0
70 12.861  1
117    0
71 10.6816  1
117    0
72 13.565  1
117    0
73 12.9809  1
86    8.11313
74 11.0732  1
117    0
75 14.8437  1
117    0
76 7.15613  1
117    0
77 12.0525  1
117    0
78 8.04147  1
117    0
79 14.9438  1
117    0
80 7.48299  1
117    0
81 13.1201  1
117    0
82 11.5276  1
117    0
83 6.32756  1
117    0
84 9.34675  9
87    12.2851
88    12.2657
89    12.2022
90    11.9947
91    11.3172
92    9.10486
93    7.8804
94    9.88198
95    10.4181
85 9.20606  1
117    0
86 8.74645  5
104    11.7334
105    10.4639
106    12.3185
107    12.3745
108    12.5574
87 7.24555  1
117    0
88 12.3446  1
117    0
89 8.99548  1
117    0
90 8.05887  1
117    0
91 5.00031  1
117    0
92 5.01251  1
117    0
93 5.05249  1
117    0
94 5.18311  1
117    0
95 5.60945  1
117    0
96 7.00171  1
112    12.4855
97 11.5484  1
117    0
98 6.39531  1
117    0
99 9.56801  1
117    0
100 9.92843  1
117    0
101 11.1055  1
117    0
102 14.9493  3
109    7.15455
110    7.51161
111    8.67766
103 7.50099  1
117    0
104 13.179  1
112    12.9198
105 11.7202  1
117    0
106 6.95624  1
117    0
107 11.3997  1
117    0
108 5.90976  1
117    0
109 7.98257  1
117    0
110 14.7516  1
117    0
111 6.85522  1
117    0
112 11.0701  1
117    0
113 14.8337  1
117    0
114 7.12348  1
117    0
115 11.946  1
117    0
116 7.69387  1
117    0
117 0  0
