95
0 14.9438  10
1    0.975948
2    1.0018
3    1.08624
4    0.761946
5    0.902997
6    0.763576
7    0.908307
8    0.780917
43    0.700751
60    1.29002
1 7.48299  1
94    0
2 13.1201  6
9    0.964943
10    0.965877
11    0.968917
12    0.978841
82    0.851067
84    0.847551
3 11.5276  7
13    1.01125
14    1.11709
15    0.862694
16    1.23199
34    1.29062
35    1.1872
60    0.861632
4 6.32756  7
36    0.779653
37    0.960805
38    0.952364
39    0.924787
40    0.834733
41    1.14068
42    0.939729
5 9.34675  2
43    0.883532
82    0.929786
6 9.20606  1
85    1.0018
7 8.74645  2
35    1.09166
85    1.08624
8 7.24555  3
35    1.29663
81    1.29198
84    1.09536
9 12.3446  1
94    0
10 8.99548  2
60    1.22851
93    0.720545
11 8.05887  1
94    0
12 5.00031  1
35    0.848979
13 5.01251  1
60    1.06421
14 5.05249  10
17    1.23793
18    1.2573
19    0.720545
20    0.767788
21    0.922059
22    0.825834
23    1.11162
24    0.844823
25    1.17364
26    1.04736
15 5.18311  2
34    1.0409
86    0.964943
16 5.60945  5
65    1.04181
66    1.2169
67    1.18865
68    1.09638
93    0.767788
17 7.00171  5
61    1.13172
62    0.910486
63    0.78804
64    0.988198
84    1.18253
18 11.5484  1
34    1.06439
19 6.39531  2
43    0.700018
82    1.19803
20 9.56801  2
60    1.19947
81    0.715455
21 9.92843  9
52    0.85006
53    1.19074
54    1.10321
55    0.817374
56    1.08398
57    0.754585
58    0.878954
59    1.28509
84    0.729902
22 11.1055  7
27    1.23501
28    1.24779
29    1.28953
30    0.825779
31    1.11143
32    0.844218
33    1.17166
23 14.9493  1
83    0.737629
24 7.50099  2
34    1.17885
86    0.908307
25 13.179  6
76    1.21222
77    1.17334
78    1.04639
79    1.23185
80    1.23745
82    1.1139
26 11.7202  1
94    0
27 6.95624  2
81    1.13764
82    1.19402
28 11.3997  1
35    0.882488
29 5.90976  4
35    1.12315
43    0.703149
60    0.811313
83    0.823582
30 7.98257  1
34    1.2139
31 14.7516  1
94    0
32 6.85522  3
34    0.829368
83    0.89505
86    0.761946
33 11.0701  1
94    0
34 14.8337  2
60    1.22657
86    0.763576
35 7.12348  1
94    0
36 11.946  1
43    0.710987
37 7.69387  2
60    1.11676
81    0.751161
38 13.8086  2
81    1.24855
86    0.978841
39 13.7762  1
94    0
40 13.6703  1
85    1.02187
41 13.3245  1
85    0.798349
42 12.1953  8
44    0.736567
45    0.820103
46    1.0929
47    0.783718
48    0.974081
49    0.995706
50    1.06633
51    1.29696
43 8.5081  1
60    0.827409
44 6.46733  1
94    0
45 9.80331  1
84    1.00021
46 10.6969  1
85    1.15177
47 13.6151  1
81    0.833799
48 13.1442  1
82    0.852293
49 11.6063  2
84    1.08104
86    0.968917
50 6.58452  1
86    0.902997
51 10.186  1
60    1.22022
52 11.9466  1
94    0
53 7.6957  1
94    0
54 13.8147  1
94    0
55 13.796  1
81    0.867766
56 13.7353  1
94    0
57 13.5369  7
69    0.795071
70    1.01116
71    1.1168
72    0.861742
73    1.22888
74    1.22776
75    1.22412
58 12.889  1
94    0
59 10.7732  1
86    0.780917
60 13.8641  1
94    0
61 13.9575  1
94    0
62 14.2624  1
82    1.127
63 5.25758  1
94    0
64 5.85269  1
83    0.820853
65 7.79611  1
94    0
66 14.1424  1
85    0.975948
67 14.8663  1
94    0
68 7.22999  1
94    0
69 12.2939  1
94    0
70 8.82977  1
94    0
71 7.51778  1
84    0.79172
72 13.2336  1
94    0
73 11.8984  1
94    0
74 7.53822  6
87    1.01125
88    1.11709
89    0.862694
90    1.23199
91    1.23793
92    1.2573
75 13.3004  1
94    0
76 12.1166  1
81    1.25574
77 8.25083  1
94    0
78 5.62716  1
84    1.07642
79 7.05969  1
94    0
80 11.7379  2
84    0.744972
86    0.965877
81 7.01422  1
94    0
82 11.5893  1
83    1.10427
83 6.52867  1
94    0
84 10.0035  1
94    0
85 11.3506  1
94    0
86 5.74953  1
94    0
87 7.45918  1
94    0
88 13.0422  1
94    0
89 11.2737  1
94    0
90 5.49837  1
94    0
91 6.63915  1
94    0
92 10.3645  1
94    0
93 12.5295  1
94    0
94 0  0
