95
0 13.8641  4
1    3.91859
2    4.97853
14    6.10109
79    5.46451
1 13.9575  3
2    4.8704
14    5.5838
61    4.61029
2 14.2624  5
3    5.33166
4    6.4848
14    5.99736
41    4.11791
48    3.81788
3 5.25758  2
14    5.6586
25    6.13881
4 5.85269  10
5    4.2503
6    5.95369
7    5.51605
8    4.08687
9    5.41992
10    3.77293
11    4.39477
12    6.42547
13    4.05657
14    6.4501
5 7.79611  1
74    6.48315
6 14.1424  2
14    6.13286
84    3.77293
7 14.8663  5
36    6.24273
37    6.4599
38    4.169
39    5.68818
40    4.64893
8 7.22999  3
41    4.26147
47    3.72486
74    4.41244
9 12.2939  1
61    4.12917
10 8.82977  3
14    6.14257
25    6.1444
48    3.90458
11 7.51778  3
14    4.13704
47    5.75886
48    3.80973
12 13.2336  2
14    5.32104
84    4.39477
13 11.8984  4
14    4.30816
25    4.30871
79    3.68284
84    5.95369
14 7.53822  10
15    4.55243
16    3.9402
17    4.94099
18    5.20907
19    6.08452
20    5.94325
21    5.4819
22    3.97536
23    5.0558
24    5.58399
15 13.3004  2
47    5.10936
74    5.93602
16 12.1166  1
79    4.69865
17 8.25083  1
94    0
18 5.62716  2
48    5.43118
74    3.89827
19 7.05969  1
41    3.68815
20 11.7379  3
41    5.97008
47    3.99174
79    3.55493
21 7.01422  4
33    3.57727
34    3.75581
35    4.33883
41    5.56952
22 11.5893  9
27    6.06108
28    5.86671
29    5.23196
30    6.15923
31    6.18725
32    6.27871
41    4.47525
47    5.91267
61    5.23681
23 6.52867  1
94    0
24 10.0035  3
26    6.12059
41    4.25533
48    5.00902
25 11.3506  2
47    5.38211
84    4.2503
26 5.74953  1
41    5.63498
27 7.45918  4
75    4.76182
76    4.62394
77    4.17367
78    5.70338
28 13.0422  2
46    5.00105
47    4.87974
29 11.2737  1
94    0
30 5.49837  2
47    4.23775
79    3.51575
31 6.63915  2
41    5.99013
74    4.80403
32 10.3645  1
61    5.86818
33 12.5295  1
47    5.40518
34 9.59914  3
74    5.61576
84    6.4848
85    5.32104
35 10.0301  1
84    4.08687
36 11.4373  1
48    4.54154
37 6.03244  1
94    0
38 8.38328  1
94    0
39 6.0596  1
94    0
40 8.47179  5
57    6.18963
58    6.28649
59    3.60273
60    3.83894
61    4.22411
41 6.34861  4
42    5.52136
43    4.10427
44    5.47678
45    3.9586
42 9.41572  8
49    4.82472
50    4.82939
51    4.84458
52    4.89421
53    5.05626
54    5.58545
55    4.31347
56    6.15996
43 9.43129  8
62    6.23898
63    6.44763
64    4.12889
65    5.55716
66    4.22109
67    5.85829
74    4.2449
84    5.51605
44 9.48195  1
94    0
45 9.64736  1
48    4.51498
46 10.1875  1
47    3.64951
47 11.9515  1
79    4.41766
48 7.71157  1
94    0
49 13.8665  1
94    0
50 13.9654  1
61    5.55808
51 14.2883  1
94    0
52 5.34242  1
74    5.45828
53 6.1298  4
80    3.91859
81    4.8704
82    4.97853
83    5.33166
54 8.70098  1
94    0
55 7.09723  8
86    6.4501
87    4.13704
88    5.5838
89    4.30816
90    6.14257
91    6.13286
92    6.10109
93    5.99736
56 11.8603  1
94    0
57 7.41371  7
68    5.20449
69    6.06951
70    5.89427
71    5.32196
72    6.45312
73    4.14684
79    3.50375
58 12.8939  1
79    3.50009
59 10.7894  1
94    0
60 13.9169  1
61    6.17507
61 14.1299  1
84    4.05657
62 14.8254  1
94    0
63 7.09632  1
94    0
64 11.8572  1
94    0
65 7.40364  1
94    0
66 12.861  1
79    4.10051
67 10.6816  1
94    0
68 13.565  1
94    0
69 12.9809  1
84    6.42547
70 11.0732  1
94    0
71 14.8437  1
94    0
72 7.15613  1
94    0
73 12.0525  1
94    0
74 8.04147  1
94    0
75 14.9438  1
94    0
76 7.48299  1
94    0
77 13.1201  1
94    0
78 11.5276  1
94    0
79 6.32756  1
94    0
80 9.34675  1
94    0
81 9.20606  1
94    0
82 8.74645  1
84    5.41992
83 7.24555  1
94    0
84 12.3446  1
94    0
85 8.99548  1
94    0
86 8.05887  1
94    0
87 5.00031  1
94    0
88 5.01251  1
94    0
89 5.05249  1
94    0
90 5.18311  1
94    0
91 5.60945  1
94    0
92 7.00171  1
94    0
93 11.5484  1
94    0
94 0  0
