216
0 13.8147  6
1    8.82488
2    12.9663
3    8.48979
4    11.872
5    10.9166
142    7.37629
1 13.796  10
27    12.9002
28    8.27409
29    11.1676
30    8.61632
31    12.2851
32    12.2657
33    12.2022
34    11.9947
35    11.3172
48    7.51161
2 13.7353  2
47    12.3745
197    11.9803
3 13.5369  6
21    10.8398
22    7.54585
23    8.78954
24    12.8509
25    8.11313
26    10.6421
4 12.889  3
36    9.10486
53    11.27
54    8.9505
5 10.7732  10
6    7.79653
7    9.60805
8    9.52364
9    9.24787
10    8.34733
11    11.4068
19    9.95706
20    11.0321
47    12.3185
77    8.44218
6 13.8641  6
12    9.39729
13    8.83532
14    7.00018
15    7.00751
16    7.0315
76    8.44823
7 13.9575  3
19    7.83718
169    8.25834
191    11.1676
8 14.2624  2
19    10.6633
75    12.3199
9 5.25758  2
19    9.74081
94    8.34733
10 5.85269  2
19    12.9696
20    8.17374
11 7.79611  5
49    11.3764
50    9.29786
51    8.51067
52    11.9402
75    10.1125
12 14.1424  5
48    12.4855
75    9.68917
77    12.3501
194    7.95071
199    7.44972
13 14.8663  4
19    8.20103
20    11.9074
106    12.9696
131    12.4855
14 7.22999  6
17    7.10987
74    7.61946
106    11.9074
178    7.10987
194    12.2888
195    12.3185
15 12.2939  3
18    7.36567
36    9.88198
180    10.929
16 8.82977  1
175    8.48979
17 7.51778  3
20    8.5006
37    10.4181
106    11.0321
18 13.2336  2
19    10.929
119    10.1116
19 11.8984  1
75    9.65877
20 7.53822  1
37    11.8865
21 13.3004  1
47    11.7334
22 12.1166  2
131    8.67766
178    8.83532
23 8.25083  5
95    11.4068
96    9.39729
97    8.83532
194    10.1116
195    12.5574
24 5.62716  1
198    11.0427
25 7.05969  1
48    7.15455
26 11.7379  3
48    12.5574
106    9.74081
194    12.2412
27 7.01422  1
53    8.52293
28 11.5893  3
37    12.169
47    10.4639
75    9.78841
29 6.52867  2
78    11.7166
79    10.409
30 10.0035  3
36    7.8804
75    11.1709
196    12.4855
31 11.3506  3
48    8.67766
191    8.61632
196    12.9198
32 5.74953  2
48    8.33799
169    9.22059
33 7.45918  2
170    10.409
191    10.6421
34 13.0422  2
197    8.52293
200    10.2187
35 11.2737  1
215    0
36 5.49837  2
76    9.22059
77    10.4736
37 6.63915  10
38    10.9638
39    7.95071
40    10.1116
41    11.168
42    8.61742
43    12.2888
44    12.2776
45    12.2412
46    12.1222
53    11.139
38 10.3645  1
215    0
39 12.5295  1
215    0
40 9.59914  2
118    12.169
178    7.00018
41 10.0301  3
83    12.9062
84    8.29368
142    8.23582
42 11.4373  1
201    9.75948
43 6.03244  1
77    12.478
44 8.38328  1
215    0
45 6.0596  1
199    11.8253
46 8.47179  3
48    12.9198
74    9.08307
196    9.29786
47 6.34861  3
75    12.3793
76    7.20545
77    11.1143
48 9.41572  3
53    11.9803
76    11.1162
201    7.61946
49 9.43129  9
55    7.37629
56    8.23582
57    11.0427
58    8.20853
59    10.9536
60    7.9172
106    9.95706
193    11.9947
194    10.9638
50 9.48195  8
61    10.0021
62    10.8104
63    7.44972
64    8.47551
65    11.8253
66    10.7642
67    7.29902
68    7.98349
51 9.64736  9
109    8.78954
110    12.8509
111    8.11313
112    10.6421
113    12.9002
114    8.27409
115    11.1676
116    8.61632
117    12.2851
52 10.1875  1
157    10.8624
53 11.9515  10
147    10.0021
148    10.8104
149    7.44972
150    8.47551
151    11.8253
152    10.7642
153    7.29902
154    7.98349
155    10.2187
156    11.5177
54 7.71157  1
76    12.573
55 13.8665  1
106    8.17374
56 13.9654  5
80    12.139
81    11.7885
82    10.6439
118    7.8804
199    7.98349
57 14.2883  1
76    7.67788
58 5.34242  1
157    9.75948
59 6.1298  1
74    9.02997
60 8.70098  6
69    10.2187
70    11.5177
71    9.75948
72    10.018
73    10.8624
201    9.02997
61 7.09723  1
170    12.139
62 11.8603  1
75    9.64943
63 7.41371  10
181    10.6633
182    12.9696
183    8.5006
184    11.9074
185    11.0321
186    8.17374
187    10.8398
188    7.54585
189    8.78954
190    12.8509
64 12.8939  4
77    12.8953
176    9.60805
178    7.36567
193    12.169
65 10.7894  1
98    7.00018
66 13.9169  2
118    12.2022
170    11.7885
67 14.1299  2
118    12.2657
177    9.24787
68 14.8254  1
215    0
69 7.09632  2
77    11.7364
196    7.51161
70 11.8572  1
215    0
71 7.40364  3
74    7.63576
75    7.80917
94    9.24787
72 12.861  5
75    8.62694
77    8.25779
106    8.5006
118    9.88198
169    10.4736
73 10.6816  2
76    8.25834
194    11.7334
74 13.565  1
164    9.65877
75 12.9809  1
193    11.3172
76 11.0732  1
215    0
77 14.8437  2
177    9.39729
191    8.27409
78 7.15613  1
215    0
79 12.0525  2
92    9.60805
93    9.52364
80 8.04147  1
194    12.1222
81 14.9438  1
215    0
82 7.48299  2
177    9.52364
199    10.8104
83 13.1201  10
99    7.00751
100    7.0315
101    7.10987
102    7.36567
103    8.20103
104    10.929
105    7.83718
169    11.1162
177    11.4068
194    12.2776
84 11.5276  8
85    11.2315
86    8.82488
87    12.9663
88    8.48979
89    11.872
90    10.9166
91    7.79653
118    10.4181
85 6.32756  1
215    0
86 9.34675  1
215    0
87 9.20606  2
180    9.74081
196    8.51067
88 8.74645  1
106    10.6633
89 7.24555  2
119    7.95071
191    12.9002
90 12.3446  1
164    9.78841
91 8.99548  1
108    7.54585
92 8.05887  10
132    12.9198
133    8.33799
134    11.3764
135    9.29786
136    8.51067
137    11.9402
138    11.139
139    8.52293
140    11.9803
141    11.27
93 5.00031  1
194    8.61742
94 5.01251  1
215    0
95 5.05249  1
199    10.7642
96 5.18311  1
119    10.9638
97 5.60945  3
172    11.2315
173    8.82488
174    12.9663
98 7.00171  1
215    0
99 11.5484  1
215    0
100 6.39531  2
120    8.61742
121    12.2888
101 9.56801  2
179    8.20103
199    8.47551
102 9.92843  6
158    7.61946
159    9.02997
160    7.63576
161    9.08307
162    7.80917
163    9.64943
103 11.1055  4
118    11.3172
157    10.018
169    7.67788
201    10.018
104 14.9493  1
215    0
105 7.50099  1
107    10.8398
106 13.179  1
215    0
107 11.7202  9
122    12.2776
123    12.2412
124    12.1222
125    11.7334
126    10.4639
127    12.3185
128    12.3745
129    12.5574
130    7.15455
108 6.95624  1
171    8.29368
109 11.3997  2
118    11.8865
170    12.9062
110 5.90976  1
215    0
111 7.98257  2
118    9.10486
170    11.1143
112 14.7516  1
215    0
113 6.85522  1
215    0
114 11.0701  1
193    12.2022
115 14.8337  1
215    0
116 7.12348  1
119    11.168
117 11.946  1
118    11.9947
118 7.69387  1
201    10.8624
119 13.8086  1
215    0
120 13.7762  1
169    12.478
121 13.6703  1
215    0
122 13.3245  1
131    7.51161
123 12.1953  1
215    0
124 8.5081  6
205    9.64943
206    9.65877
207    9.68917
208    9.78841
209    10.1125
210    11.1709
125 6.46733  1
176    11.872
126 9.80331  7
143    11.0427
144    8.20853
145    10.9536
146    7.9172
170    10.6439
178    7.00751
196    8.67766
127 10.6969  1
169    11.7364
128 13.6151  4
165    12.3199
166    12.3793
167    12.573
170    11.7166
129 13.1442  1
193    9.10486
130 11.6063  1
215    0
131 6.58452  1
215    0
132 10.186  1
169    12.3501
133 11.9466  1
180    7.83718
134 7.6957  3
142    8.9505
170    8.25779
195    7.15455
135 13.8147  2
193    11.8865
198    11.27
136 13.796  2
164    11.1709
193    7.8804
137 13.7353  1
215    0
138 13.5369  1
194    11.168
139 12.889  1
215    0
140 10.7732  1
215    0
141 13.8641  1
215    0
142 13.9575  1
215    0
143 14.2624  1
215    0
144 5.25758  1
215    0
145 5.85269  1
198    7.37629
146 7.79611  1
196    11.3764
147 14.1424  3
169    8.44823
191    8.11313
198    8.20853
148 14.8663  1
215    0
149 7.22999  1
193    10.4181
150 12.2939  3
202    7.63576
203    9.08307
204    7.80917
151 8.82977  2
170    12.8953
193    12.2657
152 7.51778  1
164    9.68917
153 13.2336  1
215    0
154 11.8984  2
164    10.1125
180    9.95706
155 7.53822  1
215    0
156 13.3004  1
164    8.62694
157 12.1166  1
199    10.0021
158 8.25083  4
168    7.20545
177    8.34733
195    12.3745
197    11.139
159 5.62716  1
176    10.9166
160 7.05969  1
215    0
161 11.7379  1
215    0
162 7.01422  2
192    12.2851
196    8.33799
163 11.5893  1
215    0
164 6.52867  1
170    8.44218
165 10.0035  1
215    0
166 11.3506  1
215    0
167 5.74953  1
215    0
168 7.45918  1
215    0
169 13.0422  1
215    0
170 11.2737  1
215    0
171 5.49837  1
176    7.79653
172 6.63915  1
193    9.88198
173 10.3645  1
195    10.4639
174 12.5295  1
215    0
175 9.59914  1
178    7.0315
176 10.0301  1
215    0
177 11.4373  1
199    7.9172
178 6.03244  1
215    0
179 8.38328  1
215    0
180 6.0596  1
215    0
181 8.47179  1
215    0
182 6.34861  1
215    0
183 9.41572  1
215    0
184 9.43129  1
215    0
185 9.48195  1
215    0
186 9.64736  1
201    11.5177
187 10.1875  1
215    0
188 11.9515  1
215    0
189 7.71157  1
215    0
190 13.8665  1
215    0
191 13.9654  1
215    0
192 14.2883  2
198    8.23582
199    7.29902
193 5.34242  1
197    11.9402
194 6.1298  1
199    10.9536
195 8.70098  1
198    8.9505
196 7.09723  1
215    0
197 11.8603  1
215    0
198 7.41371  1
215    0
199 12.8939  1
215    0
200 10.7894  1
215    0
201 13.9169  4
211    8.62694
212    12.3199
213    12.3793
214    12.573
202 14.1299  1
215    0
203 14.8254  1
215    0
204 7.09632  1
215    0
205 11.8572  1
215    0
206 7.40364  1
215    0
207 12.861  1
215    0
208 10.6816  1
215    0
209 13.565  1
215    0
210 12.9809  1
215    0
211 11.0732  1
215    0
212 14.8437  1
215    0
213 7.15613  1
215    0
214 12.0525  1
215    0
215 0  0
