177
0 11.3506  10
1    5.85829
3    5.89427
4    5.61576
7    4.2449
20    5.46451
21    5.51605
30    6.06108
36    4.47525
38    5.00105
126    3.83894
1 5.74953  7
2    5.20449
3    6.06951
4    5.32196
7    3.89827
20    5.95369
24    5.99736
30    6.18725
2 7.45918  3
4    4.14684
31    6.4599
55    5.85829
3 13.0422  5
4    6.45312
7    5.45828
31    3.75581
41    4.54154
59    5.33166
4 11.2737  5
5    4.41244
7    4.80403
22    6.42547
24    6.08452
38    5.40518
5 5.49837  7
6    6.48315
7    5.93602
20    6.4848
24    4.55243
35    5.99013
36    3.68815
38    3.99174
6 6.63915  10
8    4.76182
9    4.62394
10    4.17367
11    5.70338
12    4.69865
13    4.41766
14    3.50009
15    3.50375
22    6.13286
24    5.6586
7 10.3645  9
22    6.14257
30    6.1444
31    4.169
35    5.63498
38    5.91267
55    5.55716
58    3.91859
60    5.95369
111    4.87974
8 12.5295  3
20    5.33166
21    4.39477
40    5.00902
9 9.59914  2
20    4.2503
38    5.38211
10 10.0301  10
25    5.94325
26    5.4819
27    3.97536
28    5.0558
31    4.64893
38    3.64951
41    4.51498
55    6.06951
56    6.48315
110    3.64951
11 11.4373  5
20    3.91859
22    4.05657
24    4.94099
54    5.23681
60    4.39477
12 6.03244  4
22    5.32104
30    6.13881
31    4.33883
41    3.81788
13 8.38328  7
16    3.51575
17    3.55493
18    3.68284
19    4.10051
24    3.9402
30    3.57727
38    5.10936
14 6.0596  2
22    4.13704
36    4.11791
15 8.47179  4
20    4.97853
40    3.80973
42    4.89421
58    3.50009
16 6.34861  3
21    4.08687
29    5.58399
111    3.80973
17 9.41572  5
20    4.8704
22    6.4501
24    5.20907
38    3.72486
57    5.70338
18 9.43129  3
22    4.30816
29    4.30871
30    5.86671
19 9.48195  4
21    3.77293
31    5.68818
57    3.89827
110    5.38211
20 9.64736  1
21    5.41992
21 10.1875  5
22    5.5838
30    6.15923
40    5.43118
55    4.12889
126    5.23681
22 11.9515  4
23    6.10109
30    6.27871
58    3.51575
110    5.91267
23 7.71157  1
31    4.25533
24 13.8665  5
32    5.97008
42    4.84458
60    4.2503
126    5.55808
142    5.70338
25 13.9654  1
60    3.77293
26 14.2883  6
114    4.54154
115    3.90458
116    4.82472
117    4.82939
118    4.84458
119    4.89421
27 5.34242  3
31    6.24273
36    5.52136
42    4.82472
28 6.1298  2
30    6.12059
40    4.87974
29 8.70098  4
30    5.23196
39    5.75886
141    4.17367
142    3.50009
30 7.09723  7
97    4.26147
98    5.99013
99    5.63498
100    4.47525
101    3.68815
102    4.11791
103    5.52136
31 11.8603  3
33    5.56952
38    4.23775
58    3.55493
32 7.41371  2
36    4.10427
58    3.68284
33 12.8939  3
34    4.26147
38    3.9586
58    5.46451
34 10.7894  1
42    5.05626
35 13.9169  2
82    6.1444
141    5.45828
36 14.1299  4
37    5.47678
42    3.90458
54    6.23898
56    4.2449
37 14.8254  1
57    5.45828
38 7.09632  4
42    4.82939
57    4.69865
111    3.99174
141    5.93602
39 11.8572  6
43    5.58545
44    4.31347
45    6.15996
55    4.22109
56    4.41244
57    4.76182
40 7.40364  10
70    5.99736
71    5.6586
72    4.55243
73    3.9402
74    4.94099
75    5.20907
76    6.08452
77    5.94325
78    5.4819
79    3.97536
41 12.861  9
46    6.18963
47    6.28649
48    3.60273
49    3.83894
50    4.61029
51    4.12917
52    5.55808
53    4.22411
55    5.89427
42 10.6816  2
54    6.44763
59    4.8704
43 13.565  6
61    4.05657
62    5.32104
63    6.4501
64    4.13704
65    5.5838
66    4.30816
44 12.9809  1
56    5.93602
45 11.0732  3
57    4.17367
60    4.08687
141    4.62394
46 14.8437  3
60    6.42547
82    6.12059
126    3.60273
47 7.15613  2
56    5.61576
59    6.4848
48 12.0525  5
55    5.20449
57    4.62394
82    5.86671
126    4.61029
142    3.50375
49 8.04147  2
54    6.17507
56    6.45312
50 14.9438  1
82    5.23196
51 7.48299  4
54    5.86818
60    5.51605
82    4.30871
111    5.10936
52 13.1201  1
59    4.97853
53 11.5276  2
56    4.14684
58    4.41766
54 6.32756  4
80    5.0558
81    5.58399
111    5.43118
141    3.89827
55 9.34675  2
56    5.32196
58    3.50375
56 9.20606  2
57    4.80403
58    4.10051
57 8.74645  3
67    6.14257
68    6.13286
69    6.10109
58 7.24555  2
60    5.41992
82    6.06108
59 12.3446  4
127    6.23898
128    6.44763
129    4.12889
130    5.55716
60 8.99548  1
176    0
61 8.05887  1
126    5.86818
62 5.00031  1
82    6.13881
63 5.01251  1
176    0
64 5.05249  1
176    0
65 5.18311  10
87    3.75581
88    4.33883
89    6.24273
90    6.4599
91    4.169
92    5.68818
93    4.64893
94    4.25533
95    5.97008
96    5.56952
66 5.60945  2
111    5.00902
154    5.41992
67 7.00171  9
131    4.22109
132    5.85829
133    5.20449
134    6.06951
135    5.89427
136    5.32196
137    6.45312
138    4.14684
139    5.61576
68 11.5484  1
111    5.75886
69 6.39531  1
176    0
70 9.56801  1
176    0
71 9.92843  1
176    0
72 11.1055  1
176    0
73 14.9493  2
152    5.95369
153    5.51605
74 7.50099  1
176    0
75 13.179  1
142    3.55493
76 11.7202  1
176    0
77 6.95624  1
126    6.17507
78 11.3997  5
165    6.13286
166    6.10109
167    5.99736
168    5.6586
169    4.55243
79 5.90976  1
140    4.41244
80 7.98257  1
110    4.23775
81 14.7516  5
83    6.15923
84    6.18725
85    6.27871
86    3.57727
126    4.12917
82 6.85522  2
112    4.51498
113    3.81788
83 11.0701  1
176    0
84 14.8337  1
176    0
85 7.12348  1
141    6.48315
86 11.946  1
176    0
87 7.69387  1
176    0
88 13.8086  1
142    3.51575
89 13.7762  1
176    0
90 13.6703  1
141    4.76182
91 13.3245  1
176    0
92 12.1953  1
176    0
93 8.5081  1
176    0
94 6.46733  6
120    5.05626
121    5.58545
122    4.31347
123    6.15996
124    6.18963
125    6.28649
95 9.80331  1
176    0
96 10.6969  1
176    0
97 13.6151  6
104    4.10427
105    5.47678
106    3.9586
107    5.00105
108    5.40518
109    3.72486
98 13.1442  1
176    0
99 11.6063  1
176    0
100 6.58452  1
176    0
101 10.186  1
176    0
102 11.9466  1
176    0
103 7.6957  1
176    0
104 13.8147  2
150    6.4848
151    4.2503
105 13.796  1
176    0
106 13.7353  1
176    0
107 13.5369  1
176    0
108 12.889  7
143    3.68284
144    4.10051
145    5.46451
146    3.91859
147    4.8704
148    4.97853
149    5.33166
109 10.7732  1
176    0
110 13.8641  1
176    0
111 13.9575  1
176    0
112 14.2624  1
126    4.22411
113 5.25758  1
176    0
114 5.85269  1
176    0
115 7.79611  1
176    0
116 14.1424  1
141    4.2449
117 14.8663  1
176    0
118 7.22999  1
176    0
119 12.2939  1
176    0
120 8.82977  1
176    0
121 7.51778  1
176    0
122 13.2336  1
176    0
123 11.8984  1
176    0
124 7.53822  1
176    0
125 13.3004  1
176    0
126 12.1166  1
142    4.41766
127 8.25083  1
176    0
128 5.62716  1
176    0
129 7.05969  1
176    0
130 11.7379  1
141    4.80403
131 7.01422  1
154    4.08687
132 11.5893  1
176    0
133 6.52867  1
176    0
134 10.0035  1
176    0
135 11.3506  1
142    4.69865
136 5.74953  1
176    0
137 7.45918  1
176    0
138 13.0422  10
155    3.77293
156    4.39477
157    6.42547
158    4.05657
159    5.32104
160    6.4501
161    4.13704
162    5.5838
163    4.30816
164    6.14257
139 11.2737  1
176    0
140 5.49837  1
176    0
141 6.63915  1
176    0
142 10.3645  1
176    0
143 12.5295  1
176    0
144 9.59914  1
176    0
145 10.0301  1
176    0
146 11.4373  1
176    0
147 6.03244  1
176    0
148 8.38328  1
176    0
149 6.0596  1
176    0
150 8.47179  1
176    0
151 6.34861  1
176    0
152 9.41572  1
176    0
153 9.43129  1
176    0
154 9.48195  1
176    0
155 9.64736  1
176    0
156 10.1875  1
176    0
157 11.9515  1
176    0
158 7.71157  1
176    0
159 13.8665  1
176    0
160 13.9654  1
176    0
161 14.2883  1
176    0
162 5.34242  1
176    0
163 6.1298  1
176    0
164 8.70098  1
176    0
165 7.09723  6
170    3.9402
171    4.94099
172    5.20907
173    6.08452
174    5.94325
175    5.4819
166 11.8603  1
176    0
167 7.41371  1
176    0
168 12.8939  1
176    0
169 10.7894  1
176    0
170 13.9169  1
176    0
171 14.1299  1
176    0
172 14.8254  1
176    0
173 7.09632  1
176    0
174 11.8572  1
176    0
175 7.40364  1
176    0
176 0  0
