106
0 5.18311  4
1    12.3501
2    12.478
3    12.8953
28    7.83718
1 5.60945  2
4    11.1143
18    9.24787
2 7.00171  7
5    8.44218
6    11.7166
7    10.409
8    12.139
9    11.7885
10    10.6439
11    12.9062
3 11.5484  2
4    8.25779
77    9.08307
4 6.39531  1
18    8.34733
5 9.56801  9
19    9.39729
20    8.83532
21    7.00018
22    7.00751
23    7.0315
24    7.10987
25    7.36567
26    8.20103
27    10.929
6 9.92843  7
12    8.29368
13    11.2315
14    8.82488
15    12.9663
16    8.48979
17    11.872
28    9.74081
7 11.1055  8
38    10.6421
39    12.9002
40    8.27409
41    11.1676
42    8.61632
43    12.2851
44    12.2657
45    12.2022
8 14.9493  1
62    11.139
9 7.50099  3
28    9.95706
46    11.9947
63    11.27
10 13.179  3
18    9.60805
28    10.6633
74    10.2187
11 11.7202  1
18    7.79653
12 6.95624  1
105    0
13 11.3997  2
18    11.4068
46    9.88198
14 5.90976  1
74    10.7642
15 7.98257  1
62    11.3764
16 14.7516  1
18    10.9166
17 6.85522  1
18    9.52364
18 11.0701  8
30    11.9074
31    11.0321
32    8.17374
33    10.8398
34    7.54585
35    8.78954
36    12.8509
37    8.11313
19 14.8337  1
28    12.9696
20 7.12348  1
46    9.10486
21 11.946  1
62    8.67766
22 7.69387  1
46    11.3172
23 13.8086  10
64    8.23582
65    11.0427
66    8.20853
67    10.9536
68    7.9172
69    10.0021
70    10.8104
71    7.44972
72    8.47551
73    11.8253
24 13.7762  1
29    8.5006
25 13.6703  1
60    7.15455
26 13.3245  1
46    7.8804
27 12.1953  1
105    0
28 8.5081  1
62    11.9402
29 6.46733  1
105    0
30 9.80331  2
62    12.4855
63    11.9803
31 10.6969  1
62    12.9198
32 13.6151  1
62    9.29786
33 13.1442  2
46    10.4181
60    12.3745
34 11.6063  10
95    10.4736
96    12.3501
97    12.478
98    12.8953
99    8.25779
100    11.1143
101    8.44218
102    11.7166
103    10.409
104    12.139
35 6.58452  1
105    0
36 10.186  1
105    0
37 11.9466  10
47    11.8865
48    10.9638
49    7.95071
50    10.1116
51    11.168
52    8.61742
53    12.2888
54    12.2776
55    12.2412
56    12.1222
38 7.6957  1
105    0
39 13.8147  1
105    0
40 13.796  1
105    0
41 13.7353  1
105    0
42 13.5369  1
105    0
43 12.889  1
60    12.5574
44 10.7732  3
46    12.169
63    8.52293
77    9.02997
45 13.8641  1
63    8.9505
46 13.9575  1
105    0
47 14.2624  1
105    0
48 5.25758  3
57    11.7334
58    10.4639
59    12.3185
49 5.85269  1
105    0
50 7.79611  1
74    11.5177
51 14.1424  1
77    7.61946
52 14.8663  1
105    0
53 7.22999  1
62    8.51067
54 12.2939  1
62    8.33799
55 8.82977  8
78    9.64943
79    9.65877
80    9.68917
81    9.78841
82    10.1125
83    11.1709
84    8.62694
85    12.3199
56 7.51778  2
75    10.018
76    10.8624
57 13.2336  1
61    7.51161
58 11.8984  1
77    7.80917
59 7.53822  2
63    7.37629
74    9.75948
60 13.3004  1
74    7.29902
61 12.1166  1
105    0
62 8.25083  1
105    0
63 5.62716  1
105    0
64 7.05969  1
105    0
65 11.7379  1
105    0
66 7.01422  1
105    0
67 11.5893  1
105    0
68 6.52867  1
105    0
69 10.0035  9
86    12.3793
87    12.573
88    7.20545
89    7.67788
90    9.22059
91    8.25834
92    11.1162
93    8.44823
94    11.7364
70 11.3506  1
74    7.98349
71 5.74953  1
105    0
72 7.45918  1
105    0
73 13.0422  1
105    0
74 11.2737  1
105    0
75 5.49837  1
77    7.63576
76 6.63915  1
105    0
77 10.3645  1
105    0
78 12.5295  1
105    0
79 9.59914  1
105    0
80 10.0301  1
105    0
81 11.4373  1
105    0
82 6.03244  1
105    0
83 8.38328  1
105    0
84 6.0596  1
105    0
85 8.47179  1
105    0
86 6.34861  1
105    0
87 9.41572  1
105    0
88 9.43129  1
105    0
89 9.48195  1
105    0
90 9.64736  1
105    0
91 10.1875  1
105    0
92 11.9515  1
105    0
93 7.71157  1
105    0
94 13.8665  1
105    0
95 13.9654  1
105    0
96 14.2883  1
105    0
97 5.34242  1
105    0
98 6.1298  1
105    0
99 8.70098  1
105    0
100 7.09723  1
105    0
101 11.8603  1
105    0
102 7.41371  1
105    0
103 12.8939  1
105    0
104 10.7894  1
105    0
105 0  0
