180
0 6.46733  10
1    1.18253
2    1.07642
3    0.729902
4    0.798349
5    1.02187
6    1.15177
7    0.975948
8    1.0018
9    1.08624
10    0.761946
1 9.80331  1
179    0
2 10.6969  1
64    1.08398
3 13.6151  7
15    0.964943
16    0.965877
17    0.968917
18    0.978841
19    1.01125
20    1.11709
21    0.862694
4 13.1442  2
41    0.882488
108    1.09536
5 11.6063  1
41    1.1872
6 6.58452  1
44    0.924787
7 10.186  2
40    1.06439
130    0.767788
8 11.9466  2
64    0.827409
170    1.04181
9 7.6957  1
45    0.834733
10 13.8147  5
11    0.902997
12    0.763576
13    0.908307
14    0.780917
64    0.878954
11 13.796  1
179    0
12 13.7353  1
41    0.779653
13 13.5369  8
33    1.23501
34    1.24779
35    1.28953
36    0.825779
37    1.11143
38    0.844218
39    1.17166
160    1.0929
14 12.889  1
40    1.0409
15 10.7732  7
22    1.23199
23    1.23793
24    1.2573
25    0.720545
26    0.767788
27    0.922059
169    0.861632
16 13.8641  4
40    1.17885
41    1.29663
64    0.811313
84    1.22412
17 13.9575  1
179    0
18 14.2624  2
41    0.848979
170    1.2169
19 5.25758  1
179    0
20 5.85269  2
42    0.960805
43    0.952364
21 7.79611  9
46    1.14068
47    0.939729
48    0.883532
49    0.700018
50    0.700751
51    0.703149
52    0.710987
53    0.736567
54    0.820103
22 14.1424  1
179    0
23 14.8663  1
40    1.12315
24 7.22999  1
149    0.779653
25 12.2939  1
179    0
26 8.82977  3
41    1.09166
64    1.06421
126    0.965877
27 7.51778  7
28    0.825834
29    1.11162
30    0.844823
31    1.17364
32    1.04736
64    0.754585
129    1.23199
28 13.2336  8
161    0.85006
162    1.19074
163    1.10321
164    0.817374
165    1.08398
166    0.754585
167    0.878954
168    1.28509
29 11.8984  5
72    0.78804
73    0.988198
74    1.04181
75    1.2169
108    1.10427
30 7.53822  1
149    0.829368
31 13.3004  2
40    1.29062
170    0.988198
32 12.1166  1
108    1.00021
33 8.25083  1
40    0.829368
34 5.62716  1
179    0
35 7.05969  8
65    0.861632
66    1.22851
67    1.22657
68    1.22022
69    1.19947
70    1.13172
71    0.910486
129    1.23793
36 11.7379  1
64    1.29002
37 7.01422  7
93    0.867766
94    1.24855
95    1.29198
96    0.833799
97    1.13764
98    0.929786
99    0.851067
38 11.5893  1
40    1.2139
39 6.52867  10
55    1.0929
56    0.783718
57    0.974081
58    0.995706
59    1.06633
60    1.29696
61    0.85006
62    1.19074
63    1.10321
169    1.22657
40 10.0035  1
169    1.06421
41 11.3506  1
179    0
42 5.74953  1
179    0
43 7.45918  1
179    0
44 13.0422  1
179    0
45 11.2737  1
179    0
46 5.49837  1
179    0
47 6.63915  10
85    1.21222
86    1.17334
87    1.04639
88    1.23185
89    1.23745
90    1.25574
91    0.715455
92    0.751161
149    1.1872
160    0.820103
48 10.3645  8
76    1.18865
77    1.09638
78    0.795071
79    1.01116
80    1.1168
81    0.861742
82    1.22888
83    1.22776
49 12.5295  1
108    1.08104
50 9.59914  1
179    0
51 10.0301  1
179    0
52 11.4373  1
179    0
53 6.03244  2
64    1.11676
169    0.827409
54 8.38328  1
169    1.29002
55 6.0596  1
149    1.12315
56 8.47179  1
179    0
57 6.34861  3
64    0.817374
126    0.968917
170    0.910486
58 9.41572  8
109    0.744972
110    0.847551
111    1.18253
112    1.07642
113    0.729902
114    0.798349
115    1.02187
116    1.15177
59 9.43129  1
179    0
60 9.48195  3
172    1.01116
173    1.1168
174    0.861742
61 9.64736  1
179    0
62 10.1875  1
179    0
63 11.9515  2
64    1.28509
160    1.29696
64 7.71157  1
179    0
65 13.8665  1
179    0
66 13.9654  1
179    0
67 14.2883  2
127    1.11709
128    0.862694
68 5.34242  1
179    0
69 6.1298  1
179    0
70 8.70098  1
149    0.882488
71 7.09723  1
179    0
72 11.8603  1
117    0.975948
73 7.41371  1
179    0
74 12.8939  1
170    1.19947
75 10.7894  8
118    1.0018
119    1.08624
120    0.761946
121    0.902997
122    0.763576
123    0.908307
124    0.780917
125    0.964943
76 13.9169  7
140    0.825779
141    1.11143
142    0.844218
143    1.17166
144    1.0409
145    1.2139
146    1.17885
77 14.1299  1
179    0
78 14.8254  1
179    0
79 7.09632  1
179    0
80 11.8572  1
179    0
81 7.40364  1
179    0
82 12.861  1
179    0
83 10.6816  1
179    0
84 13.565  1
179    0
85 12.9809  8
100    1.19402
101    1.1139
102    0.852293
103    1.19803
104    1.127
105    0.89505
106    0.737629
107    0.823582
86 11.0732  1
179    0
87 14.8437  1
130    1.2573
88 7.15613  1
179    0
89 12.0525  2
126    1.01125
149    0.960805
90 8.04147  1
179    0
91 14.9438  1
179    0
92 7.48299  9
131    0.922059
132    0.825834
133    1.11162
134    0.844823
135    1.17364
136    1.04736
137    1.23501
138    1.24779
139    1.28953
93 13.1201  1
179    0
94 11.5276  1
179    0
95 6.32756  3
147    1.06439
148    1.29062
160    0.995706
96 9.34675  1
179    0
97 9.20606  1
179    0
98 8.74645  1
179    0
99 7.24555  1
108    0.820853
100 12.3446  10
150    0.952364
151    0.924787
152    0.834733
153    1.14068
154    0.939729
155    0.883532
156    0.700018
157    0.700751
158    0.703149
159    0.710987
101 8.99548  1
179    0
102 8.05887  1
160    0.783718
103 5.00031  1
108    0.79172
104 5.01251  2
170    1.13172
171    0.795071
105 5.05249  1
149    1.09166
106 5.18311  1
179    0
107 5.60945  1
179    0
108 7.00171  1
179    0
109 11.5484  1
179    0
110 6.39531  1
179    0
111 9.56801  1
179    0
112 9.92843  1
179    0
113 11.1055  1
179    0
114 14.9493  1
179    0
115 7.50099  1
170    0.78804
116 13.179  1
160    0.736567
117 11.7202  1
169    1.22022
118 6.95624  1
130    0.720545
119 11.3997  1
179    0
120 5.90976  1
179    0
121 7.98257  1
126    0.978841
122 14.7516  1
160    1.06633
123 6.85522  1
179    0
124 11.0701  1
179    0
125 14.8337  1
179    0
126 7.12348  2
160    0.974081
169    1.22851
127 11.946  1
179    0
128 7.69387  1
179    0
129 13.8086  1
169    1.11676
130 13.7762  1
179    0
131 13.6703  1
179    0
132 13.3245  1
179    0
133 12.1953  1
179    0
134 8.5081  1
149    0.848979
135 6.46733  1
179    0
136 9.80331  1
171    1.18865
137 10.6969  1
149    1.29663
138 13.6151  1
179    0
139 13.1442  1
179    0
140 11.6063  1
179    0
141 6.58452  1
179    0
142 10.186  4
175    1.22888
176    1.22776
177    1.22412
178    1.21222
143 11.9466  1
179    0
144 7.6957  1
179    0
145 13.8147  1
179    0
146 13.796  1
179    0
147 13.7353  1
179    0
148 13.5369  1
179    0
149 12.889  1
179    0
150 10.7732  1
179    0
151 13.8641  1
179    0
152 13.9575  1
179    0
153 14.2624  1
179    0
154 5.25758  1
179    0
155 5.85269  1
179    0
156 7.79611  1
179    0
157 14.1424  1
179    0
158 14.8663  1
179    0
159 7.22999  1
169    0.811313
160 12.2939  1
179    0
161 8.82977  1
179    0
162 7.51778  1
179    0
163 13.2336  1
179    0
164 11.8984  1
179    0
165 7.53822  1
179    0
166 13.3004  1
179    0
167 12.1166  1
179    0
168 8.25083  1
179    0
169 5.62716  1
171    1.09638
170 7.05969  1
179    0
171 11.7379  1
179    0
172 7.01422  1
179    0
173 11.5893  1
179    0
174 6.52867  1
179    0
175 10.0035  1
179    0
176 11.3506  1
179    0
177 5.74953  1
179    0
178 7.45918  1
179    0
179 0  0
