52
0 10.7732  5
1    6.18963
2    6.28649
5    4.12917
8    5.86818
29    3.91859
1 13.8641  2
2    3.60273
8    4.12889
2 13.9575  5
3    3.83894
4    4.61029
8    6.17507
27    4.69865
28    4.10051
3 14.2624  1
8    5.23681
4 5.25758  3
8    6.23898
27    3.50375
29    4.97853
5 5.85269  3
6    5.55808
7    4.22411
8    4.22109
6 7.79611  1
8    6.44763
7 14.1424  1
8    5.55716
8 14.8663  10
9    5.85829
10    5.20449
11    6.06951
12    5.89427
13    5.32196
14    6.45312
15    4.14684
16    5.61576
17    4.41244
18    6.48315
9 7.22999  1
43    5.5838
10 12.2939  1
19    4.2449
11 8.82977  2
28    3.68284
29    5.46451
12 7.51778  1
48    4.55243
13 13.2336  2
27    4.41766
49    3.9402
14 11.8984  1
51    0
15 7.53822  5
20    5.93602
21    5.45828
22    3.89827
23    4.80403
24    4.76182
16 13.3004  3
25    4.62394
26    4.17367
27    3.51575
17 12.1166  1
49    4.94099
18 8.25083  2
27    5.70338
39    6.42547
19 5.62716  3
44    6.13286
45    6.10109
46    5.99736
20 7.05969  9
30    5.33166
31    6.4848
32    4.2503
33    5.95369
34    5.51605
35    4.08687
36    5.41992
37    3.77293
38    4.39477
21 11.7379  2
47    5.6586
50    5.94325
22 7.01422  1
51    0
23 11.5893  2
29    4.8704
43    4.30816
24 6.52867  1
51    0
25 10.0035  2
27    3.50009
28    3.55493
26 11.3506  1
39    4.05657
27 5.74953  1
51    0
28 7.45918  3
40    5.32104
41    6.4501
42    4.13704
29 13.0422  1
51    0
30 11.2737  1
50    6.08452
31 5.49837  1
51    0
32 6.63915  1
51    0
33 10.3645  1
51    0
34 12.5295  1
51    0
35 9.59914  1
51    0
36 10.0301  1
51    0
37 11.4373  1
51    0
38 6.03244  1
51    0
39 8.38328  2
43    6.14257
49    5.20907
40 6.0596  1
51    0
41 8.47179  1
50    3.97536
42 6.34861  1
51    0
43 9.41572  1
51    0
44 9.43129  1
51    0
45 9.48195  1
51    0
46 9.64736  1
50    5.4819
47 10.1875  1
51    0
48 11.9515  1
51    0
49 7.71157  1
51    0
50 13.8665  1
51    0
51 0  0
