61
0 8.5081  10
1    0.965877
2    0.968917
3    0.978841
4    1.01125
5    1.11709
6    0.862694
7    1.23199
8    1.23793
23    1.0409
34    0.703149
1 6.46733  7
9    1.2573
10    0.720545
11    0.767788
12    0.922059
24    0.848979
50    1.1168
55    1.13764
2 9.80331  2
23    1.2139
24    1.12315
3 10.6969  1
55    1.23745
4 13.6151  2
24    1.1872
47    0.754585
5 13.1442  1
23    0.829368
6 11.6063  1
48    1.19947
7 6.58452  2
23    1.17885
47    0.811313
8 10.186  1
24    1.29663
9 11.9466  1
60    0
10 7.6957  1
24    1.09166
11 13.8147  4
56    0.929786
57    0.851067
58    1.19402
59    1.1139
12 13.796  10
13    0.825834
14    1.11162
15    0.844823
16    1.17364
17    1.04736
18    1.23501
19    1.24779
20    1.28953
21    0.825779
22    1.11143
13 13.7353  2
23    1.06439
54    1.21222
14 13.5369  2
47    1.29002
48    1.11676
15 12.889  1
60    0
16 10.7732  3
46    1.10321
48    0.827409
49    0.910486
17 13.8641  1
48    1.22657
18 13.9575  1
60    0
19 14.2624  1
60    0
20 5.25758  2
23    1.29062
49    1.2169
21 5.85269  3
23    1.17166
24    0.882488
54    1.17334
22 7.79611  1
23    0.844218
23 14.1424  9
25    0.779653
26    0.960805
27    0.952364
28    0.924787
29    0.834733
30    1.14068
31    0.939729
32    0.883532
33    0.700018
24 14.8663  2
47    0.878954
49    0.78804
25 7.22999  1
60    0
26 12.2939  2
49    1.18865
55    0.751161
27 8.82977  10
35    0.710987
36    0.736567
37    0.820103
38    1.0929
39    0.783718
40    0.974081
41    0.995706
42    1.06633
43    1.29696
55    1.24855
28 7.51778  3
34    0.700751
48    0.861632
49    0.988198
29 13.2336  1
49    1.04181
30 11.8984  1
60    0
31 7.53822  1
60    0
32 13.3004  1
45    1.19074
33 12.1166  1
49    1.13172
34 8.25083  3
47    0.817374
48    1.22022
50    0.795071
35 5.62716  1
60    0
36 7.05969  1
47    1.28509
37 11.7379  1
44    0.85006
38 7.01422  1
47    1.08398
39 11.5893  1
48    1.22851
40 6.52867  1
60    0
41 10.0035  4
51    0.861742
52    1.22888
53    1.22776
54    1.23185
42 11.3506  2
47    1.06421
55    0.833799
43 5.74953  1
60    0
44 7.45918  1
54    1.22412
45 13.0422  2
50    1.01116
55    1.25574
46 11.2737  1
60    0
47 5.49837  1
50    1.09638
48 6.63915  1
54    1.04639
49 10.3645  1
60    0
50 12.5295  1
60    0
51 9.59914  1
55    1.29198
52 10.0301  1
55    0.715455
53 11.4373  1
55    0.867766
54 6.03244  1
60    0
55 8.38328  1
60    0
56 6.0596  1
60    0
57 8.47179  1
60    0
58 6.34861  1
60    0
59 9.41572  1
60    0
60 0  0
