108
0 13.3004  4
1    60.8452
3    54.819
29    38.0973
97    42.5533
1 12.1166  2
2    59.4325
72    59.5369
2 8.25083  7
14    61.5923
15    61.8725
16    62.7871
17    35.7727
18    37.5581
26    56.3498
63    57.0338
3 5.62716  10
4    39.7536
5    50.558
6    55.8399
7    43.0871
8    61.444
9    61.3881
10    61.2059
11    60.6108
12    58.6671
13    52.3196
4 7.05969  7
32    39.0458
33    48.2472
34    48.2939
35    48.4458
36    48.9421
37    50.5626
73    61.3286
5 11.7379  3
27    37.2486
28    53.8211
62    54.5828
6 7.01422  1
25    42.5533
7 11.5893  1
29    57.5886
8 6.52867  1
63    46.9865
9 10.0035  10
19    43.3883
20    62.4273
21    64.599
22    41.69
23    56.8818
24    46.4893
27    50.0105
54    42.2109
73    61.4257
97    56.8818
10 11.3506  4
27    54.7678
29    36.4951
54    52.0449
73    43.0816
11 5.74953  2
29    54.3118
54    55.5716
12 7.45918  5
25    55.6952
26    36.8815
27    41.0427
29    39.9174
71    48.704
13 13.0422  2
30    38.1788
31    45.4154
14 11.2737  1
54    58.5829
15 5.49837  3
29    48.7974
62    59.3602
63    46.2394
16 6.63915  1
29    50.0902
17 10.3645  1
29    51.0936
18 12.5295  1
26    59.9013
19 9.59914  2
28    59.1267
63    41.7367
20 10.0301  1
27    55.2136
21 11.4373  3
26    44.7525
27    39.586
73    61.0109
22 6.03244  3
25    59.7008
63    48.0403
97    55.6952
23 8.38328  1
27    41.1791
24 6.0596  2
27    42.3775
62    64.8315
25 8.47179  2
26    42.6147
29    45.1498
26 6.34861  3
27    54.0518
71    53.3166
73    59.9736
27 9.41572  9
46    41.2917
47    55.5808
48    42.2411
49    58.6818
50    52.3681
51    61.7507
52    62.3898
53    64.4763
72    64.2547
28 9.43129  1
54    41.2889
29 9.48195  1
72    42.503
30 9.64736  1
107    0
31 10.1875  4
44    38.3894
45    46.1029
71    64.848
73    41.3704
32 11.9515  1
107    0
33 7.71157  1
63    47.6182
34 13.8665  1
107    0
35 13.9654  7
38    55.8545
39    43.1347
40    61.5996
41    61.8963
42    62.8649
43    36.0273
62    42.449
36 14.2883  1
107    0
37 5.34242  1
107    0
38 6.1298  7
100    36.8815
101    41.1791
102    55.2136
103    41.0427
104    54.7678
105    39.586
106    50.0105
39 8.70098  1
107    0
40 7.09723  1
107    0
41 11.8603  3
63    35.0009
97    59.7008
98    56.3498
42 7.41371  2
63    38.9827
93    37.5581
43 12.8939  4
87    61.3881
88    61.2059
89    60.6108
90    58.6671
44 10.7894  1
63    44.1766
45 13.9169  1
107    0
46 14.1299  1
107    0
47 14.8254  1
107    0
48 7.09632  1
107    0
49 11.8572  1
107    0
50 7.40364  7
55    60.6951
56    58.9427
57    53.2196
58    64.5312
59    41.4684
60    56.1576
61    44.1244
51 12.861  1
107    0
52 10.6816  3
74    56.586
75    45.5243
76    39.402
53 13.565  1
107    0
54 12.9809  1
72    43.9477
55 11.0732  2
72    37.7293
98    42.6147
56 14.8437  1
107    0
57 7.15613  2
72    55.1605
73    64.501
58 12.0525  1
97    46.4893
59 8.04147  1
107    0
60 14.9438  1
71    49.7853
61 7.48299  1
107    0
62 13.1201  2
64    35.0375
65    35.1575
63 11.5276  1
107    0
64 6.32756  4
66    35.5493
67    36.8284
72    54.1992
73    55.838
65 9.34675  3
68    41.0051
69    54.6451
70    39.1859
66 9.20606  1
107    0
67 8.74645  10
77    49.4099
78    52.0907
79    60.8452
80    59.4325
81    54.819
82    39.7536
83    50.558
84    55.8399
85    43.0871
86    61.444
68 7.24555  1
72    40.8687
69 12.3446  2
73    53.2104
97    41.69
70 8.99548  1
73    40.5657
71 8.05887  1
107    0
72 5.00031  3
94    43.3883
95    62.4273
96    64.599
73 5.01251  1
107    0
74 5.05249  1
107    0
75 5.18311  2
91    52.3196
92    61.5923
76 5.60945  1
107    0
77 7.00171  1
107    0
78 11.5484  1
107    0
79 6.39531  2
93    35.7727
98    59.9013
80 9.56801  1
93    62.7871
81 9.92843  1
107    0
82 11.1055  1
107    0
83 14.9493  1
93    61.8725
84 7.50099  1
107    0
85 13.179  1
107    0
86 11.7202  1
107    0
87 6.95624  1
107    0
88 11.3997  1
99    44.7525
89 5.90976  1
107    0
90 7.98257  1
107    0
91 14.7516  1
107    0
92 6.85522  1
107    0
93 11.0701  1
107    0
94 14.8337  1
107    0
95 7.12348  1
107    0
96 11.946  1
107    0
97 7.69387  1
107    0
98 13.8086  1
107    0
99 13.7762  1
107    0
100 13.6703  1
107    0
101 13.3245  1
107    0
102 12.1953  1
107    0
103 8.5081  1
107    0
104 6.46733  1
107    0
105 9.80331  1
107    0
106 10.6969  1
107    0
107 0  0
