239
0 10.1875  4
1    0.852293
2    1.127
168    0.929786
177    1.0018
1 11.9515  2
2    1.19803
74    1.01116
2 7.71157  9
3    0.89505
4    0.737629
5    0.823582
6    1.10427
7    0.820853
9    0.847551
20    0.780917
56    0.783718
66    1.29002
3 13.8665  2
9    0.79172
215    1.23185
4 13.9654  1
74    1.1168
5 14.2883  2
9    0.744972
166    1.25574
6 5.34242  3
8    1.09536
9    1.00021
200    0.995706
7 6.1298  2
9    1.08104
20    0.902997
8 8.70098  7
10    1.18253
11    1.07642
12    0.729902
13    0.798349
20    0.964943
21    1.01125
68    1.13172
9 7.09723  3
32    0.844823
68    1.22657
108    1.23199
10 11.8603  4
20    0.908307
32    0.825779
68    1.11676
171    1.127
11 7.41371  7
19    0.761946
20    0.763576
21    0.978841
32    1.11143
74    1.22888
78    0.852293
165    1.23185
12 12.8939  1
238    0
13 10.7894  6
14    1.02187
15    1.15177
16    0.975948
17    1.0018
18    1.08624
32    1.24779
14 13.9169  2
21    0.968917
32    1.17364
15 14.1299  9
42    0.779653
43    0.960805
44    0.952364
45    0.924787
46    0.834733
47    1.14068
48    0.939729
49    0.883532
50    0.700018
16 14.8254  10
22    1.11709
23    0.862694
24    1.23199
25    1.23793
26    1.2573
27    0.720545
28    0.767788
29    0.922059
30    0.825834
31    1.11162
17 7.09632  3
20    0.965877
210    1.01116
224    0.763576
18 11.8572  1
238    0
19 7.40364  2
68    1.22022
125    1.09166
20 12.861  3
68    0.78804
74    1.22776
226    0.825834
21 10.6816  7
69    0.988198
70    1.04181
71    1.2169
72    1.18865
73    1.09638
179    0.767788
218    1.00021
22 13.565  5
173    1.07642
174    0.729902
175    0.798349
176    1.02187
177    0.902997
23 12.9809  2
32    1.04736
56    0.995706
24 11.0732  6
32    1.28953
33    1.06439
56    0.974081
177    0.975948
201    1.22657
216    0.929786
25 14.8437  3
32    1.23501
33    1.17885
178    0.862694
26 7.15613  10
127    0.834733
128    1.14068
129    0.939729
130    0.883532
131    0.700018
132    0.700751
133    0.703149
134    0.710987
135    0.736567
177    0.761946
27 12.0525  3
33    1.17166
120    0.825779
179    0.844823
28 8.04147  2
33    0.844218
201    0.827409
29 14.9438  2
33    1.2139
227    1.11143
30 7.48299  3
33    1.0409
68    0.910486
215    0.751161
31 13.1201  2
122    0.882488
161    1.1168
32 11.5276  1
56    1.0929
33 6.32756  10
34    1.29062
35    0.829368
36    1.12315
37    0.882488
38    1.29663
39    0.848979
40    1.1872
41    1.09166
77    1.24855
121    1.29062
34 9.34675  2
161    0.861742
171    1.09536
35 9.20606  2
75    1.23185
179    1.23793
36 8.74645  10
57    1.19074
58    1.10321
59    0.817374
60    1.08398
61    0.754585
62    0.878954
63    1.28509
64    0.811313
65    1.06421
78    1.19803
37 7.24555  3
67    0.827409
74    0.861742
167    0.867766
38 12.3446  3
77    1.25574
121    1.06439
178    1.23199
39 8.99548  1
225    0.922059
40 8.05887  4
53    0.710987
54    0.736567
55    0.820103
185    0.848979
41 5.00031  2
165    1.04639
166    1.23745
42 5.01251  3
51    0.700751
52    0.703149
68    0.861632
43 5.05249  5
56    1.29696
68    1.22851
78    0.851067
108    1.23793
171    0.820853
44 5.18311  1
238    0
45 5.60945  3
74    1.17334
77    0.929786
180    0.825779
46 7.00171  3
76    1.23745
161    1.2169
180    1.11143
47 11.5484  4
74    1.04639
77    1.29198
150    1.28509
161    1.22888
48 6.39531  3
78    1.19402
185    0.960805
217    1.1139
49 9.56801  2
56    1.06633
227    0.825779
50 9.92843  4
107    0.968917
177    0.763576
201    1.11676
226    1.23501
51 11.1055  2
56    0.85006
168    0.851067
52 14.9493  3
74    1.21222
77    0.751161
201    0.811313
53 7.50099  2
74    1.22412
107    0.978841
54 13.179  2
179    0.825834
180    1.23501
55 11.7202  4
181    1.2139
182    1.17885
183    1.06439
184    1.29062
56 6.95624  2
178    1.11709
180    1.0409
57 11.3997  1
79    1.127
58 5.90976  2
150    1.29002
172    1.18253
59 7.98257  3
94    0.798349
95    1.02187
96    1.15177
60 14.7516  6
68    1.19947
121    1.17166
161    1.04181
172    0.744972
215    1.13764
225    1.11709
61 6.85522  3
177    1.15177
201    1.22851
218    0.729902
62 11.0701  4
77    0.715455
78    1.1139
167    0.751161
177    0.780917
63 14.8337  1
77    0.833799
64 7.12348  2
215    1.23745
217    0.820853
65 11.946  1
77    1.13764
66 7.69387  1
238    0
67 13.8086  3
186    0.952364
187    0.924787
188    0.834733
68 13.7762  4
83    1.10427
84    0.820853
85    1.09536
227    1.28953
69 13.6703  10
97    0.975948
98    1.0018
99    1.08624
100    0.761946
101    0.902997
102    0.763576
103    0.908307
104    0.780917
105    0.964943
106    0.965877
70 13.3245  3
180    1.28953
185    0.829368
210    0.861742
71 12.1953  3
74    0.795071
215    1.24855
217    1.10427
72 8.5081  4
77    0.867766
210    1.09638
215    0.833799
225    1.23199
73 6.46733  5
136    0.820103
137    1.0929
138    0.783718
139    0.974081
168    0.833799
74 9.80331  1
238    0
75 10.6969  5
123    0.848979
124    1.1872
161    0.795071
215    0.867766
226    1.04736
76 13.6151  2
108    0.862694
121    1.0409
77 13.1442  1
107    1.01125
78 11.6063  3
80    0.89505
81    0.737629
82    0.823582
79 6.58452  3
121    1.2139
165    1.17334
179    0.922059
80 10.186  1
217    1.127
81 11.9466  5
108    1.11709
121    1.12315
172    1.08104
201    0.861632
220    1.0018
82 7.6957  3
217    0.823582
218    1.07642
224    1.01125
83 13.8147  1
122    1.29663
84 13.796  1
200    0.754585
85 13.7353  9
86    0.79172
87    1.00021
88    1.08104
89    0.744972
90    0.847551
91    1.18253
92    1.07642
93    0.729902
172    0.847551
86 13.5369  1
238    0
87 12.889  1
238    0
88 10.7732  1
178    0.965877
89 13.8641  3
169    0.852293
170    1.19803
227    1.0409
90 13.9575  3
120    1.28953
126    0.960805
185    1.09166
91 14.2624  2
121    0.829368
179    1.11162
92 5.25758  2
168    1.1139
180    1.04736
93 5.85269  1
215    0.715455
94 7.79611  2
200    0.817374
226    1.11162
95 14.1424  2
200    0.974081
227    0.844218
96 14.8663  1
150    0.827409
97 7.22999  3
179    0.720545
210    1.22776
218    0.744972
98 12.2939  1
220    1.02187
99 8.82977  10
109    1.2573
110    0.720545
111    0.767788
112    0.922059
113    0.825834
114    1.11162
115    0.844823
116    1.17364
117    1.04736
118    1.23501
100 7.51778  1
168    1.24855
101 13.2336  3
221    1.08624
222    0.761946
223    0.902997
102 11.8984  1
238    0
103 7.53822  2
121    1.17885
217    0.89505
104 13.3004  3
180    1.17166
201    1.28509
210    1.22888
105 12.1166  3
126    0.952364
177    0.964943
227    1.24779
106 8.25083  1
218    1.09536
107 5.62716  1
238    0
108 7.05969  1
140    0.995706
109 11.7379  1
119    1.24779
110 7.01422  1
120    1.11143
111 11.5893  1
161    1.09638
112 6.52867  3
150    0.811313
180    1.24779
200    1.29696
113 10.0035  1
161    1.01116
114 11.3506  10
228    1.2139
229    1.17885
230    1.06439
231    1.29062
232    0.829368
233    1.12315
234    0.882488
235    1.29663
236    0.848979
237    1.1872
115 5.74953  1
185    0.882488
116 7.45918  3
162    1.22776
163    1.22412
164    1.21222
117 13.0422  3
150    1.06421
168    1.13764
218    0.847551
118 11.2737  1
120    0.844218
119 5.49837  1
126    0.924787
120 6.63915  1
238    0
121 10.3645  1
238    0
122 12.5295  1
220    0.975948
123 9.59914  1
238    0
124 10.0301  1
126    0.779653
125 11.4373  2
166    0.715455
210    1.1168
126 6.03244  1
238    0
127 8.38328  1
238    0
128 6.0596  1
238    0
129 8.47179  10
141    1.06633
142    1.29696
143    0.85006
144    1.19074
145    1.10321
146    0.817374
147    1.08398
148    0.754585
149    0.878954
171    0.89505
130 6.34861  1
238    0
131 9.41572  9
151    1.11676
152    0.861632
153    1.22851
154    1.22657
155    1.22022
156    1.19947
157    1.13172
180    0.844218
210    0.795071
132 9.43129  5
197    0.820103
198    1.0929
199    0.783718
200    1.10321
220    1.15177
133 9.48195  2
185    1.29663
224    0.965877
134 9.64736  2
171    1.10427
178    1.01125
135 10.1875  1
238    0
136 11.9515  1
172    1.00021
137 7.71157  1
215    1.29198
138 13.8665  1
238    0
139 13.9654  1
238    0
140 14.2883  1
238    0
141 5.34242  1
238    0
142 6.1298  1
168    1.19402
143 8.70098  1
225    0.862694
144 7.09723  1
177    1.08624
145 11.8603  1
218    1.08104
146 7.41371  3
178    0.978841
185    0.779653
210    1.18865
147 12.8939  5
158    0.910486
159    0.78804
160    0.988198
171    0.737629
185    1.12315
148 10.7894  1
224    0.780917
149 13.9169  1
238    0
150 14.1299  1
238    0
151 14.8254  1
224    0.908307
152 7.09632  1
185    1.1872
153 11.8572  1
238    0
154 7.40364  2
161    1.18865
177    0.908307
155 12.861  3
171    0.823582
225    0.720545
226    1.17364
156 10.6816  1
238    0
157 13.565  2
168    1.29198
171    0.79172
158 12.9809  2
200    1.06633
227    1.17166
159 11.0732  1
238    0
160 14.8437  1
201    1.29002
161 7.15613  1
200    1.19074
162 12.0525  8
189    1.14068
190    0.939729
191    0.883532
192    0.700018
193    0.700751
194    0.703149
195    0.710987
196    0.736567
163 8.04147  1
238    0
164 14.9438  1
179    1.2573
165 7.48299  1
238    0
166 13.1201  1
180    1.17364
167 11.5276  1
238    0
168 6.32756  1
225    1.23793
169 9.34675  1
238    0
170 9.20606  1
224    0.968917
171 8.74645  1
238    0
172 7.24555  1
238    0
173 12.3446  1
238    0
174 8.99548  1
178    0.968917
175 8.05887  1
238    0
176 5.00031  1
238    0
177 5.01251  2
200    1.08398
215    1.25574
178 5.05249  1
238    0
179 5.18311  1
238    0
180 5.60945  1
201    1.06421
181 7.00171  1
238    0
182 11.5484  1
238    0
183 6.39531  1
238    0
184 9.56801  1
238    0
185 9.92843  2
217    0.737629
218    1.18253
186 11.1055  1
238    0
187 14.9493  1
225    1.2573
188 7.50099  1
224    0.964943
189 13.179  1
238    0
190 11.7202  1
201    0.878954
191 6.95624  1
200    0.85006
192 11.3997  1
238    0
193 5.90976  1
238    0
194 7.98257  1
238    0
195 14.7516  1
225    0.767788
196 6.85522  1
238    0
197 11.0701  1
238    0
198 14.8337  9
202    1.22022
203    1.19947
204    1.13172
205    0.910486
206    0.78804
207    0.988198
208    1.04181
209    1.2169
217    1.19402
199 7.12348  1
238    0
200 11.946  1
238    0
201 7.69387  1
238    0
202 13.8086  1
238    0
203 13.7762  1
238    0
204 13.6703  1
217    1.19803
205 13.3245  1
238    0
206 12.1953  1
218    0.79172
207 8.5081  2
216    0.851067
217    0.852293
208 6.46733  4
211    1.22412
212    1.21222
213    1.17334
214    1.04639
209 9.80331  1
224    0.978841
210 10.6969  1
219    0.798349
211 13.6151  1
238    0
212 13.1442  1
238    0
213 11.6063  1
238    0
214 6.58452  1
238    0
215 10.186  1
238    0
216 11.9466  1
226    0.844823
217 7.6957  1
238    0
218 13.8147  1
238    0
219 13.796  1
238    0
220 13.7353  1
238    0
221 13.5369  1
238    0
222 12.889  1
238    0
223 10.7732  1
238    0
224 13.8641  1
238    0
225 13.9575  1
238    0
226 14.2624  1
238    0
227 5.25758  1
238    0
228 5.85269  1
238    0
229 7.79611  1
238    0
230 14.1424  1
238    0
231 14.8663  1
238    0
232 7.22999  1
238    0
233 12.2939  1
238    0
234 8.82977  1
238    0
235 7.51778  1
238    0
236 13.2336  1
238    0
237 11.8984  1
238    0
238 0  0
