86
0 5.74953  7
1    11.1676
2    8.61632
9    7.8804
43    11.0427
44    10.7642
46    7.63576
58    10.4736
1 7.45918  7
3    12.2851
4    12.2657
5    12.2022
6    11.9947
7    11.3172
8    9.10486
46    7.80917
2 13.0422  1
9    9.88198
3 11.2737  3
15    11.168
45    11.5177
84    10.6633
4 5.49837  8
16    8.61742
17    12.2888
18    12.2776
19    12.2412
20    12.1222
21    11.7334
22    10.4639
46    9.65877
5 6.63915  2
9    10.4181
84    9.74081
6 10.3645  9
29    12.4855
30    12.9198
31    8.33799
32    11.3764
33    9.29786
34    8.51067
35    11.9402
36    11.139
37    8.52293
7 12.5295  2
58    8.44823
84    9.95706
8 9.59914  6
10    12.169
11    11.8865
12    10.9638
13    7.95071
14    10.1116
46    9.68917
9 10.0301  4
23    12.3185
24    12.3745
43    8.47551
46    7.61946
10 11.4373  1
45    10.8624
11 6.03244  1
85    0
12 8.38328  1
85    0
13 6.0596  6
60    12.9062
61    8.29368
62    11.2315
63    8.82488
64    12.9663
65    8.48979
14 8.47179  2
43    8.20853
59    11.7885
15 6.34861  9
47    10.1125
48    11.1709
49    8.62694
50    12.3199
51    12.3793
52    12.573
53    7.20545
54    7.67788
55    9.22059
16 9.41572  1
46    9.78841
17 9.43129  1
58    8.25779
18 9.48195  1
85    0
19 9.64736  4
25    12.5574
26    7.15455
27    7.51161
28    8.67766
20 10.1875  1
85    0
21 11.9515  1
85    0
22 7.71157  3
43    10.9536
45    10.018
58    12.8953
23 13.8665  1
58    11.7364
24 13.9654  1
85    0
25 14.2883  2
43    7.44972
59    10.6439
26 5.34242  1
43    10.8104
27 6.1298  2
44    10.2187
45    9.75948
28 8.70098  1
85    0
29 7.09723  1
46    9.02997
30 11.8603  1
43    7.9172
31 7.41371  8
38    11.9803
39    11.27
40    8.9505
41    7.37629
42    8.23582
43    11.8253
58    12.3501
59    12.139
32 12.8939  1
44    7.98349
33 10.7894  1
59    10.409
34 13.9169  1
85    0
35 14.1299  1
43    10.0021
36 14.8254  1
44    7.29902
37 7.09632  1
85    0
38 11.8572  1
59    8.44218
39 7.40364  1
46    9.64943
40 12.861  1
85    0
41 10.6816  2
56    8.25834
57    11.1162
42 13.565  1
85    0
43 12.9809  2
46    9.08307
59    11.7166
44 11.0732  1
84    11.9074
45 14.8437  1
59    11.1143
46 7.15613  1
85    0
47 12.0525  1
85    0
48 8.04147  1
85    0
49 14.9438  1
85    0
50 7.48299  1
85    0
51 13.1201  1
85    0
52 11.5276  1
58    12.478
53 6.32756  10
66    11.872
67    10.9166
68    7.79653
69    9.60805
70    9.52364
71    9.24787
72    8.34733
73    11.4068
74    9.39729
75    8.83532
54 9.34675  1
85    0
55 9.20606  1
85    0
56 8.74645  1
85    0
57 7.24555  1
85    0
58 12.3446  1
85    0
59 8.99548  1
84    12.9696
60 8.05887  1
85    0
61 5.00031  1
85    0
62 5.01251  1
85    0
63 5.05249  9
76    7.00018
77    7.00751
78    7.0315
79    7.10987
80    7.36567
81    8.20103
82    10.929
83    7.83718
84    8.5006
64 5.18311  1
85    0
65 5.60945  1
85    0
66 7.00171  1
85    0
67 11.5484  1
85    0
68 6.39531  1
85    0
69 9.56801  1
85    0
70 9.92843  1
85    0
71 11.1055  1
85    0
72 14.9493  1
85    0
73 7.50099  1
85    0
74 13.179  1
85    0
75 11.7202  1
85    0
76 6.95624  1
85    0
77 11.3997  1
85    0
78 5.90976  1
85    0
79 7.98257  1
85    0
80 14.7516  1
85    0
81 6.85522  1
85    0
82 11.0701  1
85    0
83 14.8337  1
85    0
84 7.12348  1
85    0
85 0  0
