190
0 5.34242  10
1    1.28509
2    0.811313
3    1.06421
4    1.29002
5    0.827409
6    1.11676
7    0.861632
8    1.22851
9    1.22657
10    1.22022
1 6.1298  6
15    1.01116
17    1.23185
27    0.852293
52    0.968917
53    0.720545
55    1.1872
2 8.70098  3
15    0.861742
27    1.127
52    1.11709
3 7.09723  6
16    1.17334
52    1.2573
53    1.11162
54    1.11143
150    1.2573
158    1.29663
4 11.8603  2
15    1.04181
27    0.89505
5 7.41371  6
11    1.19947
12    1.13172
13    0.910486
14    0.78804
15    0.988198
16    1.22412
6 12.8939  2
15    1.18865
16    1.22888
7 10.7894  2
15    0.795071
53    1.23501
8 13.9169  2
52    0.862694
55    0.779653
9 14.1299  4
15    1.09638
54    1.17166
55    1.12315
158    1.17885
10 14.8254  10
28    0.737629
29    0.823582
30    1.10427
31    0.820853
32    1.09536
33    0.79172
34    1.00021
35    1.08104
36    0.744972
37    0.847551
11 7.09632  1
55    0.882488
12 11.8572  2
16    1.21222
17    1.23745
13 7.40364  4
15    1.1168
27    0.851067
54    1.24779
55    1.09166
14 12.861  3
15    1.2169
17    1.04639
52    0.978841
15 10.6816  2
16    1.22776
56    0.700751
16 13.565  2
26    0.929786
56    1.14068
17 12.9809  10
18    1.25574
19    0.715455
20    0.751161
21    0.867766
22    1.24855
23    1.29198
24    0.833799
25    1.13764
53    0.844823
157    0.825779
18 11.0732  1
27    1.19402
19 14.8437  1
54    1.2139
20 7.15613  1
189    0
21 12.0525  3
27    1.19803
38    1.18253
53    0.767788
22 8.04147  2
52    1.01125
54    1.06439
23 14.9438  1
189    0
24 7.48299  8
72    0.754585
73    0.878954
74    1.28509
75    0.811313
76    1.06421
77    1.29002
78    0.827409
79    1.11676
25 13.1201  1
27    1.1139
26 11.5276  3
54    0.825779
55    0.829368
160    0.960805
27 6.32756  1
189    0
28 9.34675  10
39    1.07642
40    0.729902
41    0.798349
42    1.02187
43    1.15177
44    0.975948
45    1.0018
46    1.08624
53    1.04736
56    0.939729
29 9.20606  1
189    0
30 8.74645  1
56    0.952364
31 7.24555  1
189    0
32 12.3446  3
52    1.23793
55    1.29663
115    1.19803
33 8.99548  1
56    0.883532
34 8.05887  1
52    0.965877
35 5.00031  5
47    0.761946
48    0.902997
49    0.763576
50    0.908307
51    0.780917
36 5.01251  1
189    0
37 5.05249  3
52    0.964943
55    0.848979
56    0.834733
38 5.18311  2
54    1.17885
160    0.952364
39 5.60945  1
56    0.924787
40 7.00171  1
158    1.2139
41 11.5484  2
52    1.23199
150    1.23793
42 6.39531  2
53    0.825834
114    1.19402
43 9.56801  1
53    0.922059
44 9.92843  1
55    0.960805
45 11.1055  1
189    0
46 14.9493  2
53    1.17364
56    0.700018
47 7.50099  1
189    0
48 13.179  1
54    1.0409
49 11.7202  5
57    0.703149
58    0.710987
59    0.736567
60    0.820103
61    1.0929
50 6.95624  2
54    0.844218
55    1.29062
51 11.3997  10
80    0.861632
81    1.22851
82    1.22657
83    1.22022
84    1.19947
85    1.13172
86    0.910486
87    0.78804
88    0.988198
158    0.882488
52 5.90976  1
158    1.12315
53 7.98257  1
54    1.28953
54 14.7516  6
151    1.11162
152    0.844823
153    1.17364
154    1.04736
155    1.23501
156    1.24779
55 6.85522  10
62    0.783718
63    0.974081
64    0.995706
65    1.06633
66    1.29696
67    0.85006
68    1.19074
69    1.10321
70    0.817374
71    1.08398
56 11.0701  1
189    0
57 14.8337  1
189    0
58 7.12348  1
189    0
59 11.946  1
189    0
60 7.69387  1
189    0
61 13.8086  1
189    0
62 13.7762  1
189    0
63 13.6703  1
189    0
64 13.3245  1
189    0
65 12.1953  1
189    0
66 8.5081  1
169    0.783718
67 6.46733  1
189    0
68 9.80331  1
189    0
69 10.6969  1
189    0
70 13.6151  1
189    0
71 13.1442  7
162    1.14068
163    0.939729
164    0.883532
165    0.700018
166    0.700751
167    0.703149
168    0.710987
72 11.6063  8
99    1.22412
100    1.21222
101    1.17334
102    1.04639
103    1.23185
104    1.23745
105    1.25574
150    0.720545
73 6.58452  1
189    0
74 10.186  1
189    0
75 11.9466  1
189    0
76 7.6957  1
189    0
77 13.8147  2
115    0.852293
149    1.23199
78 13.796  1
189    0
79 13.7353  1
189    0
80 13.5369  1
189    0
81 12.889  1
189    0
82 10.7732  1
189    0
83 13.8641  1
189    0
84 13.9575  10
89    1.04181
90    1.2169
91    1.18865
92    1.09638
93    0.795071
94    1.01116
95    1.1168
96    0.861742
97    1.22888
98    1.22776
85 14.2624  1
189    0
86 5.25758  1
189    0
87 5.85269  1
189    0
88 7.79611  1
189    0
89 14.1424  1
150    0.922059
90 14.8663  1
189    0
91 7.22999  1
189    0
92 12.2939  8
106    0.715455
107    0.751161
108    0.867766
109    1.24855
110    1.29198
111    0.833799
112    1.13764
113    0.929786
93 8.82977  2
143    0.965877
169    1.0929
94 7.51778  1
189    0
95 13.2336  9
135    1.0018
136    1.08624
137    0.761946
138    0.902997
139    0.763576
140    0.908307
141    0.780917
142    0.964943
159    1.09166
96 11.8984  1
189    0
97 7.53822  1
150    0.767788
98 13.3004  1
189    0
99 12.1166  1
189    0
100 8.25083  1
189    0
101 5.62716  2
114    0.851067
157    1.11143
102 7.05969  1
189    0
103 11.7379  1
189    0
104 7.01422  10
170    0.974081
171    0.995706
172    1.06633
173    1.29696
174    0.85006
175    1.19074
176    1.10321
177    0.817374
178    1.08398
179    0.754585
105 11.5893  1
189    0
106 6.52867  1
189    0
107 10.0035  1
115    1.1139
108 11.3506  1
189    0
109 5.74953  10
116    1.127
117    0.89505
118    0.737629
119    0.823582
120    1.10427
121    0.820853
122    1.09536
123    0.79172
124    1.00021
125    1.08104
110 7.45918  1
189    0
111 13.0422  1
189    0
112 11.2737  1
189    0
113 5.49837  1
189    0
114 6.63915  1
189    0
115 10.3645  3
180    0.878954
181    1.28509
182    0.811313
116 12.5295  1
189    0
117 9.59914  9
126    0.744972
127    0.847551
128    1.18253
129    1.07642
130    0.729902
131    0.798349
132    1.02187
133    1.15177
134    0.975948
118 10.0301  1
189    0
119 11.4373  1
161    0.834733
120 6.03244  1
189    0
121 8.38328  1
189    0
122 6.0596  1
189    0
123 8.47179  1
189    0
124 6.34861  1
189    0
125 9.41572  6
144    0.968917
145    0.978841
146    1.01125
147    1.11709
148    0.862694
161    0.924787
126 9.43129  1
189    0
127 9.48195  1
158    1.06439
128 9.64736  1
189    0
129 10.1875  1
189    0
130 11.9515  1
189    0
131 7.71157  1
189    0
132 13.8665  1
189    0
133 13.9654  1
189    0
134 14.2883  1
169    0.820103
135 5.34242  1
150    0.825834
136 6.1298  1
158    1.29062
137 8.70098  1
189    0
138 7.09723  1
189    0
139 11.8603  1
189    0
140 7.41371  1
189    0
141 12.8939  2
157    1.17166
158    0.848979
142 10.7894  1
189    0
143 13.9169  1
189    0
144 14.1299  1
159    1.1872
145 14.8254  1
157    1.28953
146 7.09632  1
159    0.779653
147 11.8572  1
189    0
148 7.40364  1
189    0
149 12.861  1
157    0.844218
150 10.6816  1
158    0.829368
151 13.565  1
189    0
152 12.9809  1
189    0
153 11.0732  1
189    0
154 14.8437  1
157    1.0409
155 7.15613  1
169    0.736567
156 12.0525  1
189    0
157 8.04147  1
189    0
158 14.9438  1
189    0
159 7.48299  1
189    0
160 13.1201  1
189    0
161 11.5276  1
189    0
162 6.32756  1
189    0
163 9.34675  1
189    0
164 9.20606  1
189    0
165 8.74645  1
189    0
166 7.24555  1
189    0
167 12.3446  1
189    0
168 8.99548  1
189    0
169 8.05887  1
189    0
170 5.00031  1
189    0
171 5.01251  1
189    0
172 5.05249  1
189    0
173 5.18311  1
189    0
174 5.60945  6
183    1.06421
184    1.29002
185    0.827409
186    1.11676
187    0.861632
188    1.22851
175 7.00171  1
189    0
176 11.5484  1
189    0
177 6.39531  1
189    0
178 9.56801  1
189    0
179 9.92843  1
189    0
180 11.1055  1
189    0
181 14.9493  1
189    0
182 7.50099  1
189    0
183 13.179  1
189    0
184 11.7202  1
189    0
185 6.95624  1
189    0
186 11.3997  1
189    0
187 5.90976  1
189    0
188 7.98257  1
189    0
189 0  0
