60
0 7.6957  10
1    0.720545
2    0.767788
3    0.922059
4    0.825834
5    1.11162
6    0.844823
7    1.17364
8    1.04736
9    1.23501
10    1.24779
1 13.8147  4
11    1.28953
12    1.06439
25    0.995706
26    0.878954
2 13.796  6
11    1.11143
12    1.0409
13    0.882488
14    0.848979
24    0.710987
27    1.11676
3 13.7353  3
12    1.2139
25    1.08398
37    0.751161
4 13.5369  3
11    0.825779
12    1.17885
25    0.817374
5 12.889  2
12    0.844218
13    1.29663
6 10.7732  4
24    0.820103
36    0.861742
37    0.833799
42    1.10427
7 13.8641  1
14    0.960805
8 13.9575  2
13    1.29062
25    0.754585
9 14.2624  4
14    1.09166
24    0.736567
27    0.861632
37    0.929786
10 5.25758  3
13    0.829368
14    1.1872
26    0.827409
11 5.85269  5
12    1.17166
14    0.779653
25    1.29696
27    1.19947
37    1.29198
12 7.79611  3
13    1.12315
26    0.811313
27    0.910486
13 14.1424  2
24    1.0929
25    1.06633
14 14.8663  10
15    0.952364
16    0.924787
17    0.834733
18    1.14068
19    0.939729
20    0.883532
21    0.700018
22    0.700751
23    0.703149
27    1.22657
15 7.22999  4
25    1.19074
27    1.13172
37    1.13764
42    0.737629
16 12.2939  9
28    0.988198
29    1.04181
30    1.2169
31    1.18865
32    1.09638
33    0.795071
34    1.01116
35    1.1168
37    1.25574
17 8.82977  2
26    1.28509
36    1.23185
18 7.51778  1
59    0
19 13.2336  4
24    0.974081
26    1.29002
27    0.78804
37    0.715455
20 11.8984  4
24    0.783718
25    0.85006
26    1.06421
36    1.22888
21 7.53822  1
36    1.17334
22 13.3004  1
36    1.22776
23 12.1166  1
36    1.23745
24 8.25083  2
25    1.10321
42    1.127
25 5.62716  2
27    1.22022
42    0.823582
26 7.05969  1
27    1.22851
27 11.7379  1
36    1.04639
28 7.01422  1
37    0.867766
29 11.5893  1
36    1.22412
30 6.52867  1
59    0
31 10.0035  4
38    0.851067
39    1.19402
40    1.1139
41    0.852293
32 11.3506  7
43    0.820853
44    1.09536
45    0.79172
46    1.00021
47    1.08104
48    0.744972
49    0.847551
33 5.74953  1
37    1.24855
34 7.45918  1
36    1.21222
35 13.0422  1
59    0
36 11.2737  1
42    1.19803
37 5.49837  1
59    0
38 6.63915  1
59    0
39 10.3645  1
42    0.89505
40 12.5295  1
59    0
41 9.59914  1
59    0
42 10.0301  1
59    0
43 11.4373  9
50    1.18253
51    1.07642
52    0.729902
53    0.798349
54    1.02187
55    1.15177
56    0.975948
57    1.0018
58    1.08624
44 6.03244  1
59    0
45 8.38328  1
59    0
46 6.0596  1
59    0
47 8.47179  1
59    0
48 6.34861  1
59    0
49 9.41572  1
59    0
50 9.43129  1
59    0
51 9.48195  1
59    0
52 9.64736  1
59    0
53 10.1875  1
59    0
54 11.9515  1
59    0
55 7.71157  1
59    0
56 13.8665  1
59    0
57 13.9654  1
59    0
58 14.2883  1
59    0
59 0  0
