122
0 6.58452  10
1    11.1676
2    8.61632
3    12.2851
4    12.2657
5    12.2022
6    11.9947
7    11.3172
12    11.168
14    12.3185
15    12.3745
1 10.186  5
12    12.2776
13    11.7334
16    12.9198
71    7.54585
74    11.3172
2 11.9466  6
8    9.10486
9    7.8804
10    9.88198
11    10.4181
13    12.1222
16    8.33799
3 7.6957  4
17    11.139
18    8.52293
74    7.8804
107    7.29902
4 13.8147  1
12    8.61742
5 13.796  3
12    7.95071
19    7.37629
40    7.67788
6 13.7353  4
12    11.8865
15    7.15455
56    9.24787
85    12.3745
7 13.5369  2
16    8.51067
29    10.2187
8 12.889  4
12    12.169
13    10.4639
15    7.51161
107    10.7642
9 10.7732  5
12    12.2888
13    12.2412
16    11.3764
29    10.7642
40    11.1709
10 13.8641  4
12    10.9638
16    11.9402
19    11.9803
40    8.62694
11 13.9575  4
12    10.1116
16    9.29786
34    7.63576
56    8.82488
12 14.2624  5
20    8.23582
21    11.0427
22    8.20853
23    10.9536
66    9.74081
13 5.25758  3
16    8.67766
19    11.27
40    12.3793
14 5.85269  2
15    12.5574
40    7.20545
15 7.79611  2
16    12.4855
56    9.60805
16 14.1424  1
56    12.9663
17 14.8663  6
24    7.9172
25    10.0021
26    10.8104
27    7.44972
28    8.47551
29    7.98349
18 7.22999  4
19    8.9505
34    9.02997
56    11.872
74    11.9947
19 12.2939  2
41    11.1162
74    9.10486
20 8.82977  1
121    0
21 7.51778  2
40    10.1125
85    7.15455
22 13.2336  1
56    7.79653
23 11.8984  5
29    7.29902
40    9.78841
41    11.7364
66    10.929
107    11.8253
24 7.53822  2
29    11.5177
66    7.83718
25 13.3004  2
29    11.8253
40    9.22059
26 12.1166  2
42    12.3501
71    8.17374
27 8.25083  7
43    12.478
44    12.8953
45    8.25779
46    11.1143
47    8.44218
48    11.7166
71    10.8398
28 5.62716  4
30    9.75948
31    10.018
32    10.8624
33    7.61946
29 7.05969  1
70    8.5006
30 11.7379  1
40    12.3199
31 7.01422  2
41    8.25834
74    10.4181
32 11.5893  7
35    9.08307
36    7.80917
37    9.64943
38    9.65877
39    9.68917
40    12.573
41    8.44823
33 6.52867  8
49    10.409
50    12.139
51    11.7885
52    10.6439
53    12.9062
54    8.29368
55    11.2315
74    9.88198
34 10.0035  1
121    0
35 11.3506  1
56    8.34733
36 5.74953  1
121    0
37 7.45918  3
56    9.52364
71    10.6421
73    12.2851
38 13.0422  2
71    12.9002
74    12.169
39 11.2737  1
85    12.5574
40 5.49837  2
42    10.4736
71    12.8509
41 6.63915  1
121    0
42 10.3645  10
75    11.8865
76    10.9638
77    7.95071
78    10.1116
79    11.168
80    8.61742
81    12.2888
82    12.2776
83    12.2412
84    12.1222
43 12.5295  2
56    8.48979
85    11.7334
44 9.59914  1
56    10.9166
45 10.0301  1
71    8.78954
46 11.4373  1
74    12.2657
47 6.03244  1
121    0
48 8.38328  1
70    11.9074
49 6.0596  9
57    11.4068
58    9.39729
59    8.83532
60    7.00018
61    7.00751
62    7.0315
63    7.10987
64    7.36567
65    8.20103
50 8.47179  1
121    0
51 6.34861  1
121    0
52 9.41572  1
71    8.11313
53 9.43129  3
67    9.95706
68    10.6633
69    12.9696
54 9.48195  1
121    0
55 9.64736  1
121    0
56 10.1875  1
74    12.2022
57 11.9515  1
121    0
58 7.71157  1
121    0
59 13.8665  1
121    0
60 13.9654  1
121    0
61 14.2883  4
117    7.80917
118    9.64943
119    9.65877
120    9.68917
62 5.34242  1
121    0
63 6.1298  1
73    8.61632
64 8.70098  1
107    8.47551
65 7.09723  2
71    11.0321
73    11.1676
66 11.8603  7
86    8.67766
87    12.4855
88    12.9198
89    8.33799
90    11.3764
91    9.29786
92    8.51067
67 7.41371  1
121    0
68 12.8939  1
121    0
69 10.7894  1
72    8.27409
70 13.9169  1
107    7.98349
71 14.1299  5
93    11.9402
94    11.139
95    8.52293
96    11.9803
97    11.27
72 14.8254  1
85    12.3185
73 7.09632  1
121    0
74 11.8572  1
121    0
75 7.40364  1
121    0
76 12.861  1
121    0
77 10.6816  1
121    0
78 13.565  1
121    0
79 12.9809  1
121    0
80 11.0732  1
107    7.44972
81 14.8437  1
121    0
82 7.15613  1
85    10.4639
83 12.0525  1
85    7.51161
84 8.04147  1
121    0
85 14.9438  1
121    0
86 7.48299  1
121    0
87 13.1201  1
121    0
88 11.5276  1
121    0
89 6.32756  9
98    8.9505
99    7.37629
100    8.23582
101    11.0427
102    8.20853
103    10.9536
104    7.9172
105    10.0021
106    10.8104
90 9.34675  1
121    0
91 9.20606  1
121    0
92 8.74645  1
121    0
93 7.24555  1
121    0
94 12.3446  1
121    0
95 8.99548  1
121    0
96 8.05887  1
121    0
97 5.00031  1
121    0
98 5.01251  1
121    0
99 5.05249  1
121    0
100 5.18311  1
121    0
101 5.60945  9
108    10.2187
109    11.5177
110    9.75948
111    10.018
112    10.8624
113    7.61946
114    9.02997
115    7.63576
116    9.08307
102 7.00171  1
121    0
103 11.5484  1
121    0
104 6.39531  1
121    0
105 9.56801  1
121    0
106 9.92843  1
121    0
107 11.1055  1
121    0
108 14.9493  1
121    0
109 7.50099  1
121    0
110 13.179  1
121    0
111 11.7202  1
121    0
112 6.95624  1
121    0
113 11.3997  1
121    0
114 5.90976  1
121    0
115 7.98257  1
121    0
116 14.7516  1
121    0
117 6.85522  1
121    0
118 11.0701  1
121    0
119 14.8337  1
121    0
120 7.12348  1
121    0
121 0  0
