229
0 10.6816  10
1    54.0518
2    37.2486
3    42.3775
4    59.1267
5    53.8211
6    36.4951
7    39.9174
8    51.0936
9    57.5886
10    48.7974
1 13.565  7
11    50.0902
12    54.3118
13    38.0973
14    45.1498
76    54.0518
144    61.2059
183    52.3681
2 12.9809  1
228    0
3 11.0732  1
228    0
4 14.8437  2
16    39.0458
26    58.6818
5 7.15613  4
37    54.5828
39    36.8284
47    53.2104
144    60.6108
6 12.0525  3
26    52.3681
34    53.2196
38    57.0338
7 8.04147  6
15    38.1788
16    48.2939
26    61.7507
46    55.1605
49    61.4257
77    50.0902
8 14.9438  7
27    62.3898
28    64.4763
29    41.2889
30    55.5716
31    42.2109
32    58.5829
33    52.0449
9 7.48299  4
38    48.0403
47    64.501
143    50.558
197    57.0338
10 13.1201  5
39    41.0051
47    37.7293
66    52.3196
68    42.5533
76    50.0105
11 11.5276  3
16    45.4154
37    59.3602
77    36.4951
12 6.32756  10
78    45.1498
79    38.1788
80    45.4154
81    39.0458
82    48.2472
83    48.2939
84    48.4458
85    48.9421
86    50.5626
184    58.5829
13 9.34675  2
39    35.5493
143    59.4325
14 9.20606  2
16    48.2472
26    46.1029
15 8.74645  9
50    59.9736
51    56.586
52    45.5243
53    39.402
54    49.4099
55    52.0907
56    60.8452
57    59.4325
67    35.7727
16 7.24555  10
17    48.4458
18    48.9421
19    50.5626
20    55.8545
21    43.1347
22    61.5996
23    61.8963
24    62.8649
25    36.0273
66    60.6108
17 12.3446  4
26    41.2917
34    60.6951
39    35.0375
206    53.2104
18 8.99548  1
68    59.7008
19 8.05887  5
26    42.2411
46    54.1992
67    64.599
76    59.1267
217    60.6108
20 5.00031  3
26    55.5808
38    44.1766
197    35.1575
21 5.01251  1
34    58.9427
22 5.05249  5
26    38.3894
38    38.9827
66    58.6671
182    46.1029
198    48.704
23 5.18311  4
34    64.5312
39    35.1575
47    64.2547
67    61.5923
24 5.60945  1
37    42.449
25 7.00171  4
35    56.1576
36    44.1244
94    46.1029
208    39.402
26 11.5484  4
47    43.9477
67    56.8818
94    61.7507
144    61.444
27 6.39531  2
34    41.4684
76    42.3775
28 9.56801  2
38    47.6182
94    41.2917
29 9.92843  4
37    64.8315
38    46.2394
68    55.6952
117    35.5493
30 11.1055  2
39    54.6451
76    37.2486
31 14.9493  3
49    43.0816
143    54.819
197    35.0375
32 7.50099  1
38    35.0009
33 13.179  1
49    61.0109
34 11.7202  9
58    54.819
59    39.7536
60    50.558
61    55.8399
62    43.0871
63    61.444
64    61.3881
65    61.2059
184    53.2196
35 6.95624  4
38    41.7367
46    59.5369
143    52.0907
216    61.444
36 11.3997  8
40    39.1859
41    48.704
42    49.7853
43    53.3166
44    64.848
45    42.503
47    41.3704
67    43.3883
37 5.90976  3
38    46.9865
117    35.0009
198    35.5493
38 7.98257  4
46    40.8687
49    61.3286
68    42.6147
128    37.7293
39 14.7516  1
228    0
40 6.85522  1
155    56.8818
41 11.0701  4
47    40.5657
67    41.69
184    42.2109
208    59.9736
42 14.8337  1
48    55.838
43 7.12348  1
228    0
44 11.946  2
67    37.5581
172    38.0973
45 7.69387  2
172    45.4154
198    39.1859
46 13.8086  1
228    0
47 13.7762  8
111    54.5828
112    38.9827
113    48.0403
114    47.6182
115    46.2394
116    41.7367
163    54.7678
184    64.5312
48 13.6703  6
70    44.7525
71    36.8815
72    41.1791
73    55.2136
74    41.0427
75    54.7678
49 13.3245  1
228    0
50 12.1953  2
67    61.8725
94    42.2411
51 8.5081  2
94    52.3681
163    50.0105
52 6.46733  1
228    0
53 9.80331  1
208    56.586
54 10.6969  5
95    64.4763
96    41.2889
97    55.5716
98    42.2109
99    58.5829
55 13.6151  3
144    43.0871
183    41.2889
207    64.501
56 13.1442  1
77    54.3118
57 11.6063  3
77    39.9174
94    55.5808
117    44.1766
58 6.58452  1
67    62.7871
59 10.186  7
87    55.8545
88    43.1347
89    61.5996
90    61.8963
91    62.8649
92    36.0273
93    38.3894
60 11.9466  3
68    46.4893
77    38.0973
143    60.8452
61 7.6957  2
68    59.9013
139    59.9736
62 13.8147  5
67    62.4273
76    39.586
183    64.4763
207    41.3704
217    52.3196
63 13.796  1
77    48.7974
64 13.7353  1
163    39.586
65 13.5369  1
128    43.9477
66 12.889  3
69    56.3498
77    51.0936
94    58.6818
67 10.7732  1
128    54.1992
68 13.8641  1
228    0
69 13.9575  1
228    0
70 14.2624  1
228    0
71 5.25758  2
76    53.8211
208    52.0907
72 5.85269  1
228    0
73 7.79611  2
77    57.5886
117    46.9865
74 14.1424  2
163    36.8815
207    61.4257
75 14.8663  1
228    0
76 7.22999  1
198    53.3166
77 12.2939  1
198    41.0051
78 8.82977  1
228    0
79 7.51778  8
100    52.0449
101    60.6951
102    58.9427
103    53.2196
104    64.5312
171    51.0936
183    61.7507
205    43.9477
80 13.2336  10
145    52.3196
146    61.5923
147    61.8725
148    62.7871
149    35.7727
150    37.5581
151    43.3883
152    62.4273
153    64.599
154    41.69
81 11.8984  1
94    62.3898
82 7.53822  1
197    44.1766
83 13.3004  3
169    36.4951
170    39.9174
184    58.9427
84 12.1166  1
128    55.1605
85 8.25083  1
173    48.2472
86 5.62716  1
183    62.3898
87 7.05969  1
117    35.1575
88 11.7379  7
106    56.1576
107    44.1244
108    64.8315
109    42.449
110    59.3602
117    57.0338
182    41.2917
89 7.01422  1
163    41.0427
90 11.5893  1
182    62.8649
91 6.52867  1
228    0
92 10.0035  1
228    0
93 11.3506  1
228    0
94 5.74953  1
207    55.838
95 7.45918  1
139    56.586
96 13.0422  5
200    59.5369
201    55.1605
202    40.8687
203    54.1992
204    37.7293
97 11.2737  1
228    0
98 5.49837  6
191    54.5828
192    38.9827
193    48.0403
194    47.6182
195    46.2394
196    41.7367
99 6.63915  8
174    48.2939
175    48.4458
176    48.9421
177    50.5626
178    55.8545
179    43.1347
180    61.5996
181    61.8963
100 10.3645  1
228    0
101 12.5295  2
171    54.3118
198    36.8284
102 9.59914  1
197    46.9865
103 10.0301  1
117    35.0375
104 11.4373  3
105    41.4684
163    55.2136
172    39.0458
105 6.03244  1
228    0
106 8.38328  1
182    55.5808
107 6.0596  1
167    59.1267
108 8.47179  1
163    41.1791
109 6.34861  1
228    0
110 9.41572  3
164    54.0518
165    37.2486
166    42.3775
111 9.43129  1
129    64.2547
112 9.48195  1
182    42.2411
113 9.64736  8
156    42.5533
157    59.7008
158    55.6952
159    42.6147
160    59.9013
161    56.3498
162    44.7525
171    48.7974
114 10.1875  6
185    41.4684
186    56.1576
187    44.1244
188    64.8315
189    42.449
190    59.3602
115 11.9515  10
118    36.8284
119    41.0051
120    54.6451
121    39.1859
122    48.704
123    49.7853
124    53.3166
125    64.848
126    42.503
127    59.5369
116 7.71157  1
144    58.6671
117 13.8665  1
183    58.6818
118 13.9654  10
130    40.5657
131    53.2104
132    64.501
133    41.3704
134    55.838
135    43.0816
136    61.4257
137    61.3286
138    61.0109
172    45.1498
119 14.2883  1
228    0
120 5.34242  2
171    50.0902
182    38.3894
121 6.1298  1
228    0
122 8.70098  1
228    0
123 7.09723  3
140    45.5243
141    39.402
142    49.4099
124 11.8603  1
128    40.8687
125 7.41371  1
143    55.8399
126 12.8939  1
228    0
127 10.7894  2
155    46.4893
183    55.5716
128 13.9169  1
228    0
129 14.1299  1
197    35.0009
130 14.8254  1
228    0
131 7.09632  1
228    0
132 11.8572  1
228    0
133 7.40364  1
228    0
134 12.861  1
228    0
135 10.6816  1
228    0
136 13.565  1
228    0
137 12.9809  1
205    40.5657
138 11.0732  1
228    0
139 14.8437  7
209    60.8452
210    59.4325
211    54.819
212    39.7536
213    50.558
214    55.8399
215    43.0871
140 7.15613  1
143    39.7536
141 12.0525  1
144    61.3881
142 8.04147  1
228    0
143 14.9438  1
228    0
144 7.48299  1
198    64.848
145 13.1201  2
171    57.5886
207    43.0816
146 11.5276  1
228    0
147 6.32756  1
228    0
148 9.34675  1
228    0
149 9.20606  1
228    0
150 8.74645  1
172    38.1788
151 7.24555  1
228    0
152 12.3446  1
228    0
153 8.99548  1
228    0
154 8.05887  1
228    0
155 5.00031  1
228    0
156 5.01251  1
228    0
157 5.05249  1
228    0
158 5.18311  1
207    61.3286
159 5.60945  1
228    0
160 7.00171  1
228    0
161 11.5484  1
182    36.0273
162 6.39531  10
218    61.8725
219    62.7871
220    35.7727
221    37.5581
222    43.3883
223    62.4273
224    64.599
225    41.69
226    56.8818
227    46.4893
163 9.56801  1
228    0
164 9.92843  1
168    53.8211
165 11.1055  1
228    0
166 14.9493  1
198    49.7853
167 7.50099  1
228    0
168 13.179  1
228    0
169 11.7202  1
228    0
170 6.95624  1
228    0
171 11.3997  1
228    0
172 5.90976  1
217    58.6671
173 7.98257  1
198    54.6451
174 14.7516  1
228    0
175 6.85522  1
228    0
176 11.0701  1
228    0
177 14.8337  2
184    60.6951
205    64.2547
178 7.12348  1
184    52.0449
179 11.946  1
228    0
180 7.69387  2
199    42.503
216    61.3881
181 13.8086  1
228    0
182 13.7762  1
208    45.5243
183 13.6703  1
228    0
184 13.3245  1
228    0
185 12.1953  1
228    0
186 8.5081  1
228    0
187 6.46733  1
228    0
188 9.80331  1
228    0
189 10.6969  1
228    0
190 13.6151  1
208    49.4099
191 13.1442  1
228    0
192 11.6063  1
217    61.2059
193 6.58452  1
228    0
194 10.186  1
228    0
195 11.9466  1
228    0
196 7.6957  1
228    0
197 13.8147  1
228    0
198 13.796  1
228    0
199 13.7353  1
228    0
200 13.5369  1
228    0
201 12.889  1
228    0
202 10.7732  1
228    0
203 13.8641  1
228    0
204 13.9575  1
228    0
205 14.2624  1
228    0
206 5.25758  1
207    61.0109
207 5.85269  1
228    0
208 7.79611  1
228    0
209 14.1424  1
228    0
210 14.8663  1
228    0
211 7.22999  1
228    0
212 12.2939  1
228    0
213 8.82977  1
228    0
214 7.51778  1
228    0
215 13.2336  1
217    61.5923
216 11.8984  1
228    0
217 7.53822  1
228    0
218 13.3004  1
228    0
219 12.1166  1
228    0
220 8.25083  1
228    0
221 5.62716  1
228    0
222 7.05969  1
228    0
223 11.7379  1
228    0
224 7.01422  1
228    0
225 11.5893  1
228    0
226 6.52867  1
228    0
227 10.0035  1
228    0
228 0  0
