48
0 7.71157  8
1    4.8704
2    4.97853
14    5.32104
16    5.99736
19    5.23196
20    4.169
23    4.23775
24    5.10936
1 13.8665  8
7    5.51605
8    4.08687
9    5.41992
10    3.77293
11    4.39477
18    5.0558
21    4.25533
23    3.72486
2 13.9654  8
3    5.33166
4    6.4848
5    4.2503
6    5.95369
18    3.97536
19    6.13881
20    3.57727
25    4.54154
3 14.2883  5
16    6.13286
17    4.94099
20    4.33883
21    5.56952
37    4.12917
4 5.34242  2
20    6.4599
22    5.47678
5 6.1298  2
19    5.86671
25    5.75886
6 8.70098  2
21    5.99013
24    3.99174
7 7.09723  3
17    6.08452
18    5.4819
19    5.58399
8 11.8603  4
15    4.30816
20    6.24273
21    5.97008
23    3.64951
9 7.41371  1
14    6.4501
10 12.8939  4
12    6.42547
13    4.05657
22    5.52136
25    4.51498
11 10.7894  4
14    5.5838
16    5.6586
19    6.12059
23    3.9586
12 13.9169  8
14    4.13704
16    6.14257
19    6.15923
20    6.27871
21    5.63498
22    4.11791
25    5.00902
37    4.61029
13 14.1299  5
17    5.20907
19    6.06108
20    3.75581
21    4.64893
23    5.40518
14 14.8254  4
16    6.10109
17    3.9402
19    6.1444
22    4.47525
15 7.09632  4
17    5.94325
19    6.18725
21    4.26147
25    5.43118
16 11.8572  2
17    4.55243
23    5.91267
17 7.40364  3
19    4.30871
23    5.38211
25    4.87974
18 12.861  2
21    5.68818
22    4.10427
19 10.6816  8
38    4.22411
39    5.86818
40    5.23681
41    6.17507
42    6.23898
43    6.44763
44    4.12889
45    5.55716
20 13.565  1
23    5.00105
21 12.9809  2
22    3.68815
25    3.80973
22 11.0732  1
37    3.83894
23 14.8437  1
25    3.81788
24 7.15613  1
47    0
25 12.0525  5
26    3.90458
27    4.82472
28    4.82939
29    4.84458
30    4.89421
26 8.04147  1
47    0
27 14.9438  1
37    5.55808
28 7.48299  1
47    0
29 13.1201  1
47    0
30 11.5276  6
31    5.05626
32    5.58545
33    4.31347
34    6.15996
35    6.18963
36    6.28649
31 6.32756  1
37    3.60273
32 9.34675  1
47    0
33 9.20606  1
47    0
34 8.74645  1
47    0
35 7.24555  1
47    0
36 12.3446  1
47    0
37 8.99548  1
47    0
38 8.05887  1
47    0
39 5.00031  1
47    0
40 5.01251  1
47    0
41 5.05249  1
47    0
42 5.18311  1
47    0
43 5.60945  1
46    4.22109
44 7.00171  1
47    0
45 11.5484  1
47    0
46 6.39531  1
47    0
47 0  0
