57
0 11.7202  5
1    5.47678
2    3.9586
4    4.23775
13    4.82939
55    5.94325
1 6.95624  6
3    5.00105
4    5.40518
13    4.51498
25    6.44763
27    6.48315
55    5.20907
2 11.3997  2
13    3.80973
27    4.14684
3 5.90976  5
4    3.72486
13    4.54154
25    6.23898
26    5.89427
49    4.13704
4 7.98257  9
5    5.91267
6    5.38211
7    3.64951
8    3.99174
9    5.10936
10    5.75886
11    4.87974
12    5.00902
13    4.84458
5 14.7516  3
13    3.90458
36    4.41766
47    4.39477
6 6.85522  4
25    4.22411
36    4.69865
47    4.08687
55    3.9402
7 11.0701  4
21    3.83894
22    4.61029
23    4.12917
24    5.55808
8 14.8337  1
13    4.89421
9 7.12348  1
13    3.81788
10 11.946  8
14    5.05626
15    5.58545
16    4.31347
17    6.15996
18    6.18963
19    6.28649
20    3.60273
47    6.42547
11 7.69387  2
13    4.82472
27    4.2449
12 13.8086  1
13    5.43118
13 13.7762  1
27    5.61576
14 13.6703  1
25    5.55716
15 13.3245  2
27    4.41244
55    4.55243
16 12.1953  2
26    5.32196
37    3.51575
17 8.5081  2
25    5.23681
55    6.08452
18 6.46733  1
55    4.94099
19 9.80331  1
26    4.22109
20 10.6969  1
56    0
21 13.6151  2
25    4.12889
26    6.45312
22 13.1442  2
25    5.86818
26    6.06951
23 11.6063  1
26    5.85829
24 6.58452  2
25    6.17507
26    5.20449
25 10.186  1
56    0
26 11.9466  9
28    5.93602
29    5.45828
30    3.89827
31    4.80403
32    4.76182
33    4.62394
34    4.17367
35    5.70338
37    3.50375
27 7.6957  3
37    3.50009
47    3.77293
55    5.6586
28 13.8147  1
56    0
29 13.796  1
47    5.51605
30 13.7353  10
38    3.55493
39    3.68284
40    4.10051
41    5.46451
42    3.91859
43    4.8704
44    4.97853
45    5.33166
46    6.4848
47    5.41992
31 13.5369  1
55    5.4819
32 12.889  1
56    0
33 10.7732  1
56    0
34 13.8641  1
56    0
35 13.9575  1
56    0
36 14.2624  1
49    5.5838
37 5.25758  1
48    4.05657
38 5.85269  1
49    5.32104
39 7.79611  1
47    4.2503
40 14.1424  1
56    0
41 14.8663  1
47    5.95369
42 7.22999  1
56    0
43 12.2939  5
50    4.30816
51    6.14257
52    6.13286
53    6.10109
54    5.99736
44 8.82977  1
56    0
45 7.51778  1
56    0
46 13.2336  1
56    0
47 11.8984  1
49    6.4501
48 7.53822  1
56    0
49 13.3004  1
56    0
50 12.1166  1
56    0
51 8.25083  1
56    0
52 5.62716  1
56    0
53 7.05969  1
56    0
54 11.7379  1
56    0
55 7.01422  1
56    0
56 0  0
