166
0 5.00031  3
1    11.3172
29    11.9402
47    8.25834
1 5.01251  3
2    9.10486
51    11.872
151    9.95706
2 5.05249  3
3    7.8804
4    9.88198
5    10.4181
3 5.18311  5
6    12.169
7    11.8865
8    10.9638
9    7.95071
10    10.1116
4 5.60945  8
91    8.33799
92    11.3764
93    9.29786
94    8.51067
95    11.9402
96    11.139
97    8.52293
98    11.9803
5 7.00171  10
19    12.3185
20    12.3745
21    12.5574
22    7.15455
23    7.51161
24    8.67766
25    12.4855
26    12.9198
27    8.33799
28    11.3764
6 11.5484  4
29    8.9505
36    10.7642
46    8.62694
109    7.29902
7 6.39531  2
49    8.44218
62    8.78954
8 9.56801  9
30    7.37629
31    8.23582
32    11.0427
33    8.20853
34    10.9536
35    7.9172
47    12.3199
49    12.8953
89    7.51161
9 9.92843  10
11    11.168
12    8.61742
13    12.2888
14    12.2776
15    12.2412
16    12.1222
17    11.7334
40    9.64943
51    12.9663
67    11.1676
10 11.1055  3
37    9.75948
51    7.79653
132    11.1162
11 14.9493  4
29    9.29786
40    9.08307
49    11.1143
154    10.8398
12 7.50099  4
37    7.98349
62    11.9074
89    10.4639
132    11.7364
13 13.179  3
18    10.4639
36    7.44972
89    7.15455
14 11.7202  2
36    10.0021
48    10.4736
15 6.95624  3
29    11.27
49    12.3501
51    8.34733
16 11.3997  1
37    10.2187
17 5.90976  1
29    11.9803
18 7.98257  2
29    8.52293
62    8.5006
19 14.7516  2
36    11.8253
49    11.7166
20 6.85522  4
37    11.5177
51    11.4068
109    10.2187
144    10.9166
21 11.0701  3
40    7.80917
109    8.47551
132    10.4736
22 14.8337  2
36    10.8104
89    8.67766
23 7.12348  7
41    9.65877
42    9.68917
43    9.78841
44    10.1125
45    11.1709
47    8.44823
51    9.24787
24 11.946  2
37    10.018
50    11.2315
25 7.69387  4
29    11.139
47    12.573
51    8.48979
132    8.25834
26 13.8086  4
29    8.51067
50    12.9062
67    8.61632
150    7.36567
27 13.7762  1
48    11.7364
28 13.6703  2
50    8.29368
51    9.52364
29 13.3245  1
165    0
30 12.1953  9
52    9.39729
53    8.83532
54    7.00018
55    7.00751
56    7.0315
57    7.10987
58    7.36567
59    8.20103
60    10.929
31 8.5081  2
40    7.63576
89    12.3745
32 6.46733  1
47    11.1162
33 9.80331  4
36    8.47551
40    9.02997
49    8.25779
109    10.7642
34 10.6969  1
165    0
35 13.6151  4
36    7.29902
49    12.139
62    7.54585
151    10.6633
36 13.1442  3
38    10.8624
39    7.61946
47    9.22059
37 11.6063  1
47    12.3793
38 6.58452  1
165    0
39 10.186  3
49    10.409
50    11.7885
89    12.4855
40 11.9466  4
63    8.11313
64    10.6421
65    12.9002
66    8.27409
41 7.6957  2
50    8.82488
61    10.6633
42 13.8147  5
47    7.20545
49    12.478
51    9.60805
61    9.74081
144    8.48979
43 13.796  2
89    12.3185
144    11.872
44 13.7353  1
47    7.67788
45 13.5369  2
50    10.6439
62    12.8509
46 12.889  3
62    11.0321
132    12.8953
134    11.7166
47 10.7732  1
165    0
48 13.8641  6
135    10.409
136    12.139
137    11.7885
138    10.6439
139    12.9062
140    8.29368
49 13.9575  1
61    9.95706
50 14.2624  1
51    10.9166
51 5.25758  1
62    12.9696
52 5.85269  1
150    9.74081
53 7.79611  1
165    0
54 14.1424  1
61    7.83718
55 14.8663  8
120    9.65877
121    9.68917
122    9.78841
123    10.1125
124    11.1709
125    8.62694
126    12.3199
127    12.3793
56 7.22999  1
165    0
57 12.2939  1
90    12.9198
58 8.82977  1
62    10.8398
59 7.51778  7
68    12.2851
69    12.2657
70    12.2022
71    11.9947
72    11.3172
73    9.10486
74    7.8804
60 13.2336  1
62    8.17374
61 11.8984  1
165    0
62 7.53822  4
75    9.88198
76    10.4181
77    12.169
109    7.98349
63 13.3004  1
165    0
64 12.1166  1
165    0
65 8.25083  1
165    0
66 5.62716  1
109    7.44972
67 7.05969  1
165    0
68 11.7379  10
99    11.27
100    8.9505
101    7.37629
102    8.23582
103    11.0427
104    8.20853
105    10.9536
106    7.9172
107    10.0021
108    10.8104
69 7.01422  1
132    8.25779
70 11.5893  1
165    0
71 6.52867  1
165    0
72 10.0035  10
78    11.8865
79    10.9638
80    7.95071
81    10.1116
82    11.168
83    8.61742
84    12.2888
85    12.2776
86    12.2412
87    12.1222
73 11.3506  1
165    0
74 5.74953  1
144    9.52364
75 7.45918  1
144    9.60805
76 13.0422  1
165    0
77 11.2737  2
88    11.7334
132    12.3501
78 5.49837  1
165    0
79 6.63915  1
150    7.83718
80 10.3645  1
165    0
81 12.5295  1
165    0
82 9.59914  1
165    0
83 10.0301  2
128    12.573
150    7.10987
84 11.4373  1
165    0
85 6.03244  1
151    12.9696
86 8.38328  3
89    12.5574
132    11.1143
144    7.79653
87 6.0596  1
165    0
88 8.47179  1
132    12.478
89 6.34861  1
165    0
90 9.41572  1
165    0
91 9.43129  1
165    0
92 9.48195  1
165    0
93 9.64736  1
165    0
94 10.1875  3
141    11.2315
142    8.82488
143    12.9663
95 11.9515  1
133    8.44218
96 7.71157  1
154    8.78954
97 13.8665  1
165    0
98 13.9654  10
110    11.5177
111    9.75948
112    10.018
113    10.8624
114    7.61946
115    9.02997
116    7.63576
117    9.08307
118    7.80917
119    9.64943
99 14.2883  1
165    0
100 5.34242  1
165    0
101 6.1298  1
165    0
102 8.70098  1
165    0
103 7.09723  1
165    0
104 11.8603  1
165    0
105 7.41371  1
165    0
106 12.8939  2
109    11.8253
132    8.44823
107 10.7894  1
165    0
108 13.9169  1
165    0
109 14.1299  1
165    0
110 14.8254  1
165    0
111 7.09632  1
165    0
112 11.8572  2
152    11.0321
153    8.17374
113 7.40364  1
165    0
114 12.861  1
165    0
115 10.6816  1
165    0
116 13.565  3
129    7.20545
130    7.67788
131    9.22059
117 12.9809  1
165    0
118 11.0732  1
165    0
119 14.8437  5
145    11.4068
146    9.39729
147    8.83532
148    7.00018
149    7.00751
120 7.15613  1
165    0
121 12.0525  1
165    0
122 8.04147  1
165    0
123 14.9438  1
150    7.0315
124 7.48299  1
165    0
125 13.1201  1
150    8.20103
126 11.5276  1
165    0
127 6.32756  1
165    0
128 9.34675  1
165    0
129 9.20606  1
165    0
130 8.74645  1
165    0
131 7.24555  1
165    0
132 12.3446  1
144    9.24787
133 8.99548  1
165    0
134 8.05887  1
151    8.5006
135 5.00031  1
165    0
136 5.01251  1
165    0
137 5.05249  1
154    7.54585
138 5.18311  1
150    10.929
139 5.60945  1
165    0
140 7.00171  10
155    12.8509
156    8.11313
157    10.6421
158    12.9002
159    8.27409
160    11.1676
161    8.61632
162    12.2851
163    12.2657
164    12.2022
141 11.5484  1
144    8.34733
142 6.39531  1
165    0
143 9.56801  1
165    0
144 9.92843  1
165    0
145 11.1055  1
165    0
146 14.9493  1
165    0
147 7.50099  1
165    0
148 13.179  1
165    0
149 11.7202  1
151    11.9074
150 6.95624  1
165    0
151 11.3997  1
165    0
152 5.90976  1
165    0
153 7.98257  1
165    0
154 14.7516  1
165    0
155 6.85522  1
165    0
156 11.0701  1
165    0
157 14.8337  1
165    0
158 7.12348  1
165    0
159 11.946  1
165    0
160 7.69387  1
165    0
161 13.8086  1
165    0
162 13.7762  1
165    0
163 13.6703  1
165    0
164 13.3245  1
165    0
165 0  0
