240
0 9.43129  4
1    1.19402
2    0.852293
3    1.19803
141    1.14068
1 9.48195  2
2    1.1139
3    0.89505
2 9.64736  3
3    1.127
208    0.908307
217    0.779653
3 10.1875  10
4    0.737629
5    0.823582
6    1.10427
7    0.820853
8    1.09536
9    0.79172
10    1.00021
11    1.08104
12    0.744972
89    1.09638
4 11.9515  1
113    1.11709
5 7.71157  6
13    0.847551
14    1.18253
15    1.07642
16    0.729902
17    0.798349
89    1.2169
6 13.8665  6
60    0.700751
61    0.703149
62    0.710987
63    0.736567
64    0.820103
65    1.0929
7 13.9654  1
59    0.960805
8 14.2883  2
103    0.823582
207    0.729902
9 5.34242  6
22    1.08624
23    0.761946
24    0.902997
25    0.763576
26    0.908307
27    0.780917
10 6.1298  1
239    0
11 8.70098  5
56    1.29663
57    0.848979
58    1.1872
111    0.761946
141    0.952364
12 7.09723  1
229    0.783718
13 11.8603  3
88    1.13172
98    1.29198
141    0.939729
14 7.41371  5
18    1.02187
19    1.15177
20    0.975948
21    1.0018
130    1.0409
15 12.8939  10
28    0.964943
29    0.965877
30    0.968917
31    0.978841
32    1.01125
33    1.11709
34    0.862694
35    1.23199
36    1.23793
37    1.2573
16 10.7894  1
113    0.965877
17 13.9169  7
47    1.24779
48    1.28953
49    0.825779
50    1.11143
51    0.844218
52    1.17166
53    1.0409
18 14.1299  1
207    1.08624
19 14.8254  1
179    1.22412
20 7.09632  2
55    0.882488
98    1.24855
21 11.8572  4
166    1.19947
167    1.13172
168    0.910486
229    1.06633
22 7.40364  2
89    1.22776
229    0.820103
23 12.861  3
101    1.127
102    0.89505
210    0.720545
24 10.6816  3
54    1.06439
207    0.798349
208    0.763576
25 13.565  1
59    0.883532
26 12.9809  1
141    0.834733
27 11.0732  1
100    0.852293
28 14.8437  2
59    0.700018
214    0.844823
29 7.15613  1
179    1.22776
30 12.0525  2
113    0.964943
179    1.21222
31 8.04147  1
59    1.09166
32 14.9438  1
141    0.700018
33 7.48299  1
113    1.01125
34 13.1201  1
59    1.14068
35 11.5276  10
38    0.720545
39    0.767788
40    0.922059
41    0.825834
42    1.11162
43    0.844823
44    1.17364
45    1.04736
46    1.23501
54    1.29062
36 6.32756  1
112    0.763576
37 9.34675  1
77    0.878954
38 9.20606  3
88    1.19947
98    0.751161
229    1.0929
39 8.74645  10
90    1.22412
91    1.21222
92    1.17334
93    1.04639
94    1.23185
95    1.23745
96    1.25574
97    0.715455
188    1.24855
208    0.965877
40 7.24555  3
54    1.17885
59    0.779653
111    1.07642
41 12.3446  5
54    1.2139
88    0.78804
98    1.13764
113    0.862694
130    0.844218
42 8.99548  1
89    0.795071
43 8.05887  1
141    0.883532
44 5.00031  1
59    0.952364
45 5.01251  9
79    0.811313
80    1.06421
81    1.29002
82    0.827409
83    1.11676
84    0.861632
85    1.22851
86    1.22657
87    1.22022
46 5.05249  2
54    0.829368
141    0.700751
47 5.18311  3
54    1.12315
59    0.939729
98    0.851067
48 5.60945  1
142    0.710987
49 7.00171  3
89    1.18865
98    0.867766
210    1.11709
50 11.5484  1
59    0.924787
51 6.39531  1
59    0.834733
52 9.56801  1
239    0
53 9.92843  1
239    0
54 11.1055  1
89    0.861742
55 14.9493  1
239    0
56 7.50099  10
68    0.995706
69    1.06633
70    1.29696
71    0.85006
72    1.19074
73    1.10321
74    0.817374
75    1.08398
76    0.754585
217    1.12315
57 13.179  2
89    1.22888
113    0.908307
58 11.7202  1
239    0
59 6.95624  1
89    1.01116
60 11.3997  1
155    0.878954
61 5.90976  5
66    0.783718
67    0.974081
98    0.833799
141    0.960805
230    1.29696
62 7.98257  2
113    0.968917
216    1.28953
63 14.7516  2
89    1.04181
113    0.780917
64 6.85522  1
239    0
65 11.0701  1
78    1.28509
66 14.8337  1
239    0
67 7.12348  1
88    0.910486
68 11.946  1
239    0
69 7.69387  1
98    0.929786
70 13.8086  10
131    1.06439
132    1.29062
133    0.829368
134    1.12315
135    0.882488
136    1.29663
137    0.848979
138    1.1872
139    1.09166
140    0.779653
71 13.7762  10
119    0.922059
120    0.825834
121    1.11162
122    0.844823
123    1.17364
124    1.04736
125    1.23501
126    1.24779
127    1.28953
128    0.825779
72 13.6703  1
239    0
73 13.3245  1
239    0
74 12.1953  3
111    1.15177
188    1.29198
217    1.09166
75 8.5081  7
104    1.09536
105    0.79172
106    1.00021
107    1.08104
108    0.744972
109    0.847551
110    1.18253
76 6.46733  1
239    0
77 9.80331  2
164    1.22657
165    1.22022
78 10.6969  1
129    1.11143
79 13.6151  1
239    0
80 13.1442  1
218    0.952364
81 11.6063  1
100    1.19803
82 6.58452  3
88    0.988198
100    1.1139
111    0.798349
83 10.186  1
239    0
84 11.9466  1
113    0.978841
85 7.6957  1
103    0.820853
86 13.8147  1
239    0
87 13.796  4
103    1.10427
111    0.729902
142    0.820103
216    1.06439
88 13.7353  3
89    1.1168
103    0.737629
111    1.08624
89 13.5369  1
239    0
90 12.889  1
239    0
91 10.7732  1
130    1.17166
92 13.8641  1
239    0
93 13.9575  1
239    0
94 14.2624  1
239    0
95 5.25758  1
239    0
96 5.85269  2
111    0.975948
130    1.2139
97 7.79611  1
239    0
98 14.1424  2
99    1.19402
216    1.17885
99 14.8663  5
114    1.23199
115    1.23793
116    1.2573
117    0.720545
118    0.767788
100 7.22999  1
111    1.02187
101 12.2939  3
211    0.922059
212    0.825834
213    1.11162
102 8.82977  1
111    0.902997
103 7.51778  1
179    1.22888
104 13.2336  1
208    0.964943
105 11.8984  1
239    0
106 7.53822  2
207    1.07642
217    1.29663
107 13.3004  1
239    0
108 12.1166  1
239    0
109 8.25083  2
111    1.0018
188    0.833799
110 5.62716  1
216    0.825779
111 7.05969  1
239    0
112 11.7379  1
239    0
113 7.01422  1
239    0
114 11.5893  1
239    0
115 6.52867  2
130    1.17885
207    1.02187
116 10.0035  1
239    0
117 11.3506  1
142    0.736567
118 5.74953  1
239    0
119 7.45918  1
239    0
120 13.0422  8
156    1.28509
157    0.811313
158    1.06421
159    1.29002
160    0.827409
161    1.11676
162    0.861632
163    1.22851
121 11.2737  8
180    1.17334
181    1.04639
182    1.23185
183    1.23745
184    1.25574
185    0.715455
186    0.751161
187    0.867766
122 5.49837  1
208    0.968917
123 6.63915  1
239    0
124 10.3645  1
207    1.15177
125 12.5295  1
239    0
126 9.59914  2
141    0.924787
229    0.974081
127 10.0301  1
239    0
128 11.4373  1
239    0
129 6.03244  1
239    0
130 8.38328  1
239    0
131 6.0596  1
142    0.703149
132 8.47179  1
239    0
133 6.34861  1
216    1.24779
134 9.41572  6
149    0.85006
150    1.19074
151    1.10321
152    0.817374
153    1.08398
154    0.754585
135 9.43129  10
197    0.823582
198    1.10427
199    0.820853
200    1.09536
201    0.79172
202    1.00021
203    1.08104
204    0.744972
205    0.847551
206    1.18253
136 9.48195  7
143    1.0929
144    0.783718
145    0.974081
146    0.995706
147    1.06633
148    1.29696
207    1.0018
137 9.64736  1
239    0
138 10.1875  1
207    0.761946
139 11.9515  10
219    0.924787
220    0.834733
221    1.14068
222    0.939729
223    0.883532
224    0.700018
225    0.700751
226    0.703149
227    0.710987
228    0.736567
140 7.71157  1
239    0
141 13.8665  1
217    1.1872
142 13.9654  2
208    0.978841
215    1.04736
143 14.2883  10
169    0.78804
170    0.988198
171    1.04181
172    1.2169
173    1.18865
174    1.09638
175    0.795071
176    1.01116
177    1.1168
178    0.861742
144 5.34242  1
239    0
145 6.1298  1
210    1.2573
146 8.70098  1
239    0
147 7.09723  1
239    0
148 11.8603  1
210    0.767788
149 7.41371  1
239    0
150 12.8939  1
209    1.01125
151 10.7894  1
188    1.13764
152 13.9169  1
239    0
153 14.1299  1
239    0
154 14.8254  1
210    0.862694
155 7.09632  1
216    1.2139
156 11.8572  1
239    0
157 7.40364  1
239    0
158 12.861  1
239    0
159 10.6816  1
239    0
160 13.565  1
239    0
161 12.9809  1
216    1.11143
162 11.0732  1
239    0
163 14.8437  1
239    0
164 7.15613  1
239    0
165 12.0525  2
207    0.975948
208    0.780917
166 8.04147  8
189    0.851067
190    1.19402
191    1.1139
192    0.852293
193    1.19803
194    1.127
195    0.89505
196    0.737629
167 14.9438  1
239    0
168 7.48299  1
229    0.995706
169 13.1201  1
217    1.29062
170 11.5276  1
239    0
171 6.32756  1
239    0
172 9.34675  1
239    0
173 9.20606  1
188    0.929786
174 8.74645  1
239    0
175 7.24555  1
239    0
176 12.3446  1
210    1.23793
177 8.99548  1
239    0
178 8.05887  1
217    0.848979
179 5.00031  1
217    0.960805
180 5.01251  7
232    1.19074
233    1.10321
234    0.817374
235    1.08398
236    0.754585
237    0.878954
238    1.28509
181 5.05249  1
239    0
182 5.18311  1
239    0
183 5.60945  1
215    1.23501
184 7.00171  1
239    0
185 11.5484  1
239    0
186 6.39531  1
239    0
187 9.56801  1
210    1.23199
188 9.92843  1
216    0.844218
189 11.1055  1
208    0.902997
190 14.9493  1
239    0
191 7.50099  1
239    0
192 13.179  1
216    1.0409
193 11.7202  1
239    0
194 6.95624  1
239    0
195 11.3997  1
239    0
196 5.90976  1
239    0
197 7.98257  1
239    0
198 14.7516  1
231    0.85006
199 6.85522  1
239    0
200 11.0701  1
215    1.17364
201 14.8337  1
239    0
202 7.12348  1
239    0
203 11.946  1
217    0.829368
204 7.69387  1
239    0
205 13.8086  1
239    0
206 13.7762  1
239    0
207 13.6703  1
239    0
208 13.3245  1
239    0
209 12.1953  1
239    0
210 8.5081  1
239    0
211 6.46733  1
239    0
212 9.80331  1
239    0
213 10.6969  1
217    0.882488
214 13.6151  1
216    1.17166
215 13.1442  1
239    0
216 11.6063  1
239    0
217 6.58452  1
239    0
218 10.186  1
239    0
219 11.9466  1
239    0
220 7.6957  1
239    0
221 13.8147  1
239    0
222 13.796  1
239    0
223 13.7353  1
239    0
224 13.5369  1
239    0
225 12.889  1
239    0
226 10.7732  1
239    0
227 13.8641  1
239    0
228 13.9575  1
239    0
229 14.2624  1
239    0
230 5.25758  1
239    0
231 5.85269  1
239    0
232 7.79611  1
239    0
233 14.1424  1
239    0
234 14.8663  1
239    0
235 7.22999  1
239    0
236 12.2939  1
239    0
237 8.82977  1
239    0
238 7.51778  1
239    0
239 0  0
