52
0 13.0422  4
1    7.79653
2    9.52364
31    7.95071
41    7.63576
1 11.2737  3
2    9.60805
3    9.24787
38    7.98349
2 5.49837  3
20    11.0321
32    12.2776
41    9.08307
3 6.63915  10
4    8.34733
5    11.4068
6    9.39729
7    8.83532
8    7.00018
9    7.00751
10    7.0315
11    7.10987
12    7.36567
20    11.9074
4 10.3645  2
34    8.33799
37    10.7642
5 12.5295  5
20    8.17374
29    9.88198
31    11.168
34    11.3764
35    11.9803
6 9.59914  3
13    8.20103
29    12.2851
31    12.2888
7 10.0301  4
20    10.8398
32    12.3745
34    8.51067
41    9.65877
8 11.4373  8
14    10.929
15    7.83718
16    9.74081
17    9.95706
18    10.6633
19    12.9696
35    11.139
41    9.64943
9 6.03244  3
29    11.9947
33    12.4855
37    7.29902
10 8.38328  2
32    12.3185
37    10.8104
11 6.0596  4
29    12.2657
32    12.2412
37    8.20853
41    7.61946
12 8.47179  2
29    12.2022
35    8.9505
13 6.34861  3
32    10.4639
33    12.9198
41    9.02997
14 9.41572  2
35    7.37629
36    11.0427
15 9.43129  1
37    7.44972
16 9.48195  7
23    12.8509
24    8.11313
25    10.6421
26    12.9002
27    8.27409
28    11.1676
29    10.4181
17 9.64736  2
34    9.29786
37    8.47551
18 10.1875  2
20    8.5006
29    11.3172
19 11.9515  5
21    7.54585
22    8.78954
35    8.52293
37    7.9172
41    10.8624
20 7.71157  2
29    7.8804
32    11.7334
21 13.8665  2
33    12.5574
37    10.0021
22 13.9654  1
31    10.1116
23 14.2883  1
51    0
24 5.34242  1
33    7.51161
25 6.1298  3
29    9.10486
30    12.169
38    10.2187
26 8.70098  2
31    11.8865
37    10.9536
27 7.09723  1
33    7.15455
28 11.8603  4
29    8.61632
31    10.9638
33    8.67766
35    11.27
29 7.41371  2
31    8.61742
32    12.1222
30 12.8939  2
39    9.75948
40    10.018
31 10.7894  1
36    8.23582
32 13.9169  1
35    11.9402
33 14.1299  1
51    0
34 14.8254  2
37    11.8253
41    7.80917
35 7.09632  1
38    11.5177
36 11.8572  9
42    9.68917
43    9.78841
44    10.1125
45    11.1709
46    8.62694
47    12.3199
48    12.3793
49    12.573
50    7.20545
37 7.40364  1
51    0
38 12.861  1
51    0
39 10.6816  1
51    0
40 13.565  1
51    0
41 12.9809  1
51    0
42 11.0732  1
51    0
43 14.8437  1
51    0
44 7.15613  1
51    0
45 12.0525  1
51    0
46 8.04147  1
51    0
47 14.9438  1
51    0
48 7.48299  1
51    0
49 13.1201  1
51    0
50 11.5276  1
51    0
51 0  0
