189
0 9.43129  8
1    0.995706
2    1.06633
3    1.29696
4    0.85006
11    1.29002
12    1.11676
43    0.908307
80    0.85006
1 9.48195  3
23    1.29198
43    0.780917
110    1.24855
2 9.64736  10
13    0.910486
14    0.78804
15    0.988198
16    1.04181
17    1.2169
18    1.18865
19    1.09638
20    0.795071
21    1.01116
22    1.23185
3 10.1875  2
12    0.827409
24    1.1139
4 11.9515  10
5    1.19074
6    1.10321
7    0.817374
8    1.08398
9    0.754585
10    0.878954
11    1.28509
12    1.19947
22    1.1168
23    1.13764
5 7.71157  2
12    0.861632
23    1.23745
6 13.8665  5
12    1.22022
22    1.17334
23    0.751161
24    0.823582
58    1.0409
7 13.9654  2
12    1.22657
22    1.22776
8 14.2883  5
11    1.06421
12    1.13172
58    1.29062
116    1.10427
117    1.18253
9 5.34242  4
11    0.811313
12    1.22851
22    1.22412
24    0.737629
10 6.1298  4
22    1.22888
58    1.17166
109    0.715455
155    0.700751
11 8.70098  1
24    0.851067
12 7.09723  1
23    1.24855
13 11.8603  2
24    0.929786
43    0.964943
14 7.41371  1
188    0
15 12.8939  4
22    1.21222
24    0.89505
69    0.883532
109    1.04639
16 10.7894  5
22    0.861742
23    0.867766
24    1.127
54    0.844823
58    0.882488
17 13.9169  4
23    1.25574
24    1.19803
53    0.767788
58    0.829368
18 14.1299  2
58    1.12315
168    1.08398
19 14.8254  2
22    1.04639
125    0.965877
20 7.09632  1
23    0.833799
21 11.8572  2
23    0.715455
111    0.852293
22 7.40364  2
24    0.852293
58    1.2139
23 12.861  3
24    1.19402
109    1.22776
143    1.17885
24 10.6816  10
25    1.10427
26    0.820853
27    1.09536
28    0.79172
29    1.00021
30    1.08104
31    0.744972
32    0.847551
33    1.18253
43    0.763576
25 13.565  1
117    1.07642
26 12.9809  1
188    0
27 11.0732  9
34    1.07642
35    0.729902
36    0.798349
37    1.02187
38    1.15177
39    0.975948
40    1.0018
41    1.08624
53    0.825834
28 14.8437  4
43    0.965877
57    0.825779
80    1.06633
117    1.08104
29 7.15613  1
188    0
30 12.0525  1
99    0.910486
31 8.04147  1
188    0
32 14.9438  9
44    0.968917
45    0.978841
46    1.01125
47    1.11709
48    0.862694
49    1.23199
50    1.23793
51    1.2573
52    0.720545
33 7.48299  1
99    0.78804
34 13.1201  1
43    0.902997
35 11.5276  1
188    0
36 6.32756  1
188    0
37 9.34675  1
110    0.867766
38 9.20606  1
188    0
39 8.74645  2
58    1.17885
117    1.00021
40 7.24555  1
42    0.761946
41 12.3446  2
54    1.04736
58    0.844218
42 8.99548  1
54    1.23501
43 8.05887  10
70    0.700018
71    0.700751
72    0.703149
73    0.710987
74    0.736567
75    0.820103
76    1.0929
77    0.783718
78    0.974081
79    0.995706
44 5.00031  1
188    0
45 5.01251  2
53    0.922059
132    1.23793
46 5.05249  1
188    0
47 5.18311  1
188    0
48 5.60945  8
134    0.720545
135    0.767788
136    0.922059
137    0.825834
138    1.11162
139    0.844823
140    1.17364
141    1.04736
49 7.00171  1
142    1.24779
50 11.5484  8
91    0.827409
92    1.11676
93    0.861632
94    1.22851
95    1.22657
96    1.22022
97    1.19947
98    1.13172
51 6.39531  2
54    1.17364
58    1.06439
52 9.56801  2
53    1.11162
118    1.0018
53 9.92843  2
55    1.24779
56    1.28953
54 11.1055  3
119    0.761946
120    0.902997
121    0.763576
55 14.9493  2
57    1.11143
110    1.29198
56 7.50099  1
188    0
57 13.179  10
59    1.29663
60    0.848979
61    1.1872
62    1.09166
63    0.779653
64    0.960805
65    0.952364
66    0.924787
67    0.834733
68    1.14068
58 11.7202  1
188    0
59 6.95624  10
81    1.19074
82    1.10321
83    0.817374
84    1.08398
85    0.754585
86    0.878954
87    1.28509
88    0.811313
89    1.06421
90    1.29002
60 11.3997  1
118    0.798349
61 5.90976  1
188    0
62 7.98257  1
109    1.23745
63 14.7516  1
188    0
64 6.85522  1
118    1.08624
65 11.0701  1
188    0
66 14.8337  2
166    1.19074
167    1.10321
67 7.12348  2
69    0.939729
109    1.25574
68 11.946  1
117    0.847551
69 7.69387  2
110    0.929786
111    1.1139
70 13.8086  2
110    0.751161
118    0.729902
71 13.7762  1
133    1.2573
72 13.6703  2
142    1.28953
148    0.848979
73 13.3245  1
188    0
74 12.1953  2
109    1.17334
110    1.13764
75 8.5081  1
80    1.29696
76 6.46733  1
111    1.19402
77 9.80331  1
109    1.23185
78 10.6969  9
157    0.736567
158    0.820103
159    1.0929
160    0.783718
161    0.974081
162    0.995706
163    1.06633
164    1.29696
165    0.85006
79 13.6151  1
188    0
80 13.1442  1
188    0
81 11.6063  6
126    0.968917
127    0.978841
128    1.01125
129    1.11709
130    0.862694
131    1.23199
82 6.58452  3
122    0.908307
123    0.780917
124    0.964943
83 10.186  1
188    0
84 11.9466  2
99    0.988198
143    0.844218
85 7.6957  1
117    0.79172
86 13.8147  1
156    0.710987
87 13.796  1
188    0
88 13.7353  2
116    0.820853
154    0.834733
89 13.5369  10
100    1.04181
101    1.2169
102    1.18865
103    1.09638
104    0.795071
105    1.01116
106    1.1168
107    0.861742
108    1.22888
143    0.825779
90 12.889  1
154    0.939729
91 10.7732  1
143    1.0409
92 13.8641  1
188    0
93 13.9575  1
118    0.975948
94 14.2624  1
109    1.21222
95 5.25758  1
110    0.833799
96 5.85269  1
188    0
97 7.79611  1
188    0
98 14.1424  1
109    1.22412
99 14.8663  1
118    1.02187
100 7.22999  1
188    0
101 12.2939  1
188    0
102 8.82977  4
112    1.19803
113    1.127
114    0.89505
115    0.737629
103 7.51778  1
188    0
104 13.2336  1
188    0
105 11.8984  1
116    0.823582
106 7.53822  1
116    1.09536
107 13.3004  1
188    0
108 12.1166  1
188    0
109 8.25083  1
110    0.851067
110 5.62716  1
188    0
111 7.05969  1
188    0
112 11.7379  1
188    0
113 7.01422  1
117    0.744972
114 11.5893  1
118    1.15177
115 6.52867  1
188    0
116 10.0035  1
188    0
117 11.3506  1
188    0
118 5.74953  1
188    0
119 7.45918  1
188    0
120 13.0422  1
188    0
121 11.2737  1
154    0.700018
122 5.49837  1
188    0
123 6.63915  1
188    0
124 10.3645  1
188    0
125 12.5295  1
168    0.754585
126 9.59914  1
188    0
127 10.0301  1
188    0
128 11.4373  1
188    0
129 6.03244  2
143    1.17166
155    0.703149
130 8.38328  1
143    1.11143
131 6.0596  1
188    0
132 8.47179  1
149    1.09166
133 6.34861  1
188    0
134 9.41572  1
154    1.14068
135 9.43129  1
142    1.23501
136 9.48195  1
143    1.2139
137 9.64736  5
144    0.829368
145    1.12315
146    0.882488
147    1.29663
168    0.878954
138 10.1875  1
188    0
139 11.9515  1
188    0
140 7.71157  1
143    1.29062
141 13.8665  8
169    1.28509
170    0.811313
171    1.06421
172    1.29002
173    0.827409
174    1.11676
175    0.861632
176    1.22851
142 13.9654  2
143    1.06439
148    1.1872
143 14.2883  1
188    0
144 5.34242  1
188    0
145 6.1298  4
150    0.779653
151    0.960805
152    0.952364
153    0.924787
146 8.70098  1
188    0
147 7.09723  1
188    0
148 11.8603  1
154    0.883532
149 7.41371  1
188    0
150 12.8939  1
188    0
151 10.7894  7
181    0.910486
182    0.78804
183    0.988198
184    1.04181
185    1.2169
186    1.18865
187    1.09638
152 13.9169  1
188    0
153 14.1299  1
188    0
154 14.8254  1
188    0
155 7.09632  1
188    0
156 11.8572  1
188    0
157 7.40364  1
188    0
158 12.861  1
188    0
159 10.6816  1
188    0
160 13.565  1
188    0
161 12.9809  1
188    0
162 11.0732  1
188    0
163 14.8437  1
188    0
164 7.15613  1
188    0
165 12.0525  1
168    0.817374
166 8.04147  1
188    0
167 14.9438  1
188    0
168 7.48299  4
177    1.22657
178    1.22022
179    1.19947
180    1.13172
169 13.1201  1
188    0
170 11.5276  1
188    0
171 6.32756  1
188    0
172 9.34675  1
188    0
173 9.20606  1
188    0
174 8.74645  1
188    0
175 7.24555  1
188    0
176 12.3446  1
188    0
177 8.99548  1
188    0
178 8.05887  1
188    0
179 5.00031  1
188    0
180 5.01251  1
188    0
181 5.05249  1
188    0
182 5.18311  1
188    0
183 5.60945  1
188    0
184 7.00171  1
188    0
185 11.5484  1
188    0
186 6.39531  1
188    0
187 9.56801  1
188    0
188 0  0
