92
0 14.1424  8
1    1.06633
2    1.29696
3    0.85006
4    1.19074
5    1.10321
6    0.817374
7    1.08398
8    0.754585
1 14.8663  7
9    0.878954
10    1.28509
11    0.811313
12    1.06421
13    1.29002
14    0.827409
15    1.11676
2 7.22999  1
52    0.780917
3 12.2939  1
91    0
4 8.82977  1
91    0
5 7.51778  10
25    1.04181
26    1.2169
27    1.18865
28    1.09638
29    0.795071
30    1.01116
31    1.1168
32    0.861742
33    1.22888
34    1.22776
6 13.2336  1
91    0
7 11.8984  2
35    1.21222
52    1.15177
8 7.53822  5
79    0.829368
80    1.12315
81    0.882488
82    1.29663
83    0.848979
9 13.3004  9
16    0.861632
17    1.22851
18    1.22657
19    1.22022
20    1.19947
21    1.13172
22    0.910486
23    0.78804
52    0.908307
10 12.1166  2
35    1.04639
38    0.867766
11 8.25083  1
91    0
12 5.62716  1
91    0
13 7.05969  1
91    0
14 11.7379  2
51    0.729902
52    0.761946
15 7.01422  2
37    0.715455
52    1.08624
16 11.5893  1
39    1.24855
17 6.52867  4
35    1.22412
37    1.25574
39    0.929786
52    0.902997
18 10.0035  10
41    0.823582
42    1.10427
43    0.820853
44    1.09536
45    0.79172
46    1.00021
47    1.08104
48    0.744972
49    0.847551
50    1.18253
19 11.3506  2
24    0.988198
74    0.844218
20 5.74953  1
91    0
21 7.45918  1
39    1.29198
22 13.0422  1
91    0
23 11.2737  2
39    1.13764
51    0.798349
24 5.49837  1
36    1.23185
25 6.63915  1
91    0
26 10.3645  1
39    0.851067
27 12.5295  1
40    0.737629
28 9.59914  1
91    0
29 10.0301  1
39    1.1139
30 11.4373  1
35    1.17334
31 6.03244  1
39    0.852293
32 8.38328  1
91    0
33 6.0596  2
39    0.833799
52    0.763576
34 8.47179  1
40    0.89505
35 6.34861  1
37    0.751161
36 9.41572  1
37    1.23745
37 9.43129  2
39    1.19803
40    1.127
38 9.48195  2
39    1.19402
52    1.02187
39 9.64736  1
91    0
40 10.1875  1
91    0
41 11.9515  1
91    0
42 7.71157  1
91    0
43 13.8665  1
91    0
44 13.9654  1
91    0
45 14.2883  1
91    0
46 5.34242  1
51    1.07642
47 6.1298  9
53    0.964943
54    0.965877
55    0.968917
56    0.978841
57    1.01125
58    1.11709
59    0.862694
60    1.23199
61    1.23793
48 8.70098  1
91    0
49 7.09723  1
91    0
50 11.8603  1
52    1.0018
51 7.41371  1
52    0.975948
52 12.8939  1
91    0
53 10.7894  3
76    1.17885
77    1.06439
78    1.29062
54 13.9169  1
91    0
55 14.1299  8
66    0.825834
67    1.11162
68    0.844823
69    1.17364
70    1.04736
71    1.23501
72    1.24779
73    1.28953
56 14.8254  1
91    0
57 7.09632  1
91    0
58 11.8572  1
91    0
59 7.40364  4
62    1.2573
63    0.720545
64    0.767788
65    0.922059
60 12.861  1
75    1.0409
61 10.6816  1
75    1.2139
62 13.565  1
91    0
63 12.9809  1
91    0
64 11.0732  1
91    0
65 14.8437  1
91    0
66 7.15613  1
74    0.825779
67 12.0525  2
74    1.11143
75    1.17166
68 8.04147  1
91    0
69 14.9438  1
91    0
70 7.48299  1
91    0
71 13.1201  7
84    1.1872
85    1.09166
86    0.779653
87    0.960805
88    0.952364
89    0.924787
90    0.834733
72 11.5276  1
91    0
73 6.32756  1
91    0
74 9.34675  1
91    0
75 9.20606  1
91    0
76 8.74645  1
91    0
77 7.24555  1
91    0
78 12.3446  1
91    0
79 8.99548  1
91    0
80 8.05887  1
91    0
81 5.00031  1
91    0
82 5.01251  1
91    0
83 5.05249  1
91    0
84 5.18311  1
91    0
85 5.60945  1
91    0
86 7.00171  1
91    0
87 11.5484  1
91    0
88 6.39531  1
91    0
89 9.56801  1
91    0
90 9.92843  1
91    0
91 0  0
