191
0 12.51  7
1    48.0915
19    48.6445
22    61.8963
25    53.2196
37    40.5657
42    39.7536
92    62.8649
1 9.53536  10
2    47.7857
3    46.7869
4    43.5247
5    62.8732
6    36.0538
7    38.4764
8    46.3877
9    42.221
10    58.6158
21    43.1347
2 9.82192  4
12    63.2238
24    62.3898
27    35.1575
37    43.9477
3 10.7576  6
11    52.152
12    52.1017
23    58.6818
24    61.7507
25    64.5312
169    45.4154
4 13.8134  2
12    62.0061
25    64.8315
5 13.7921  8
12    43.2592
20    52.683
24    55.5716
46    52.3196
86    38.1788
145    60.6108
164    59.1267
169    48.4458
6 13.7222  7
12    56.9477
23    42.2411
24    64.4763
26    48.0403
41    59.4325
145    61.3881
181    59.3602
7 13.4939  7
12    60.0844
24    58.5829
25    44.1244
27    35.0009
37    64.501
40    61.4257
181    64.8315
8 12.7486  6
12    58.6003
25    42.449
26    41.7367
27    35.0375
42    50.558
171    38.3894
9 10.3148  5
11    61.0448
12    46.7054
21    35.7489
26    46.2394
92    55.5808
10 12.3672  4
12    42.2164
20    49.5912
26    38.9827
40    61.0109
11 9.06903  4
12    37.1992
21    61.5996
24    60.6951
37    40.8687
12 8.29905  10
13    60.8809
14    59.5497
15    55.2017
16    41.0033
17    54.6396
18    39.1676
23    36.0273
24    42.2109
40    61.3286
154    42.5533
13 5.78463  7
26    47.6182
41    39.402
154    55.6952
169    38.1788
171    55.5808
181    54.5828
183    35.1575
14 7.57393  3
37    54.1992
92    42.2411
124    55.1605
15 13.417  5
23    41.2917
26    57.0338
88    50.5626
117    35.0375
124    53.2104
16 12.4975  4
22    62.8649
24    52.0449
25    41.4684
170    61.5996
17 9.49477  5
21    37.4802
23    55.5808
24    41.2889
26    46.9865
88    48.4458
18 9.68947  2
23    38.3894
27    36.8284
19 10.3252  2
20    62.7798
164    53.8211
20 12.401  4
25    56.1576
41    49.4099
92    38.3894
181    42.449
21 9.17982  6
23    46.1029
24    52.3681
26    44.1766
27    35.5493
46    61.2059
170    61.8963
22 8.6607  2
25    59.3602
40    43.0816
23 6.9657  2
25    58.9427
46    58.6671
24 11.4309  3
25    54.5828
92    41.2917
169    48.9421
25 6.01138  10
125    64.501
126    41.3704
127    55.838
128    43.0816
129    61.4257
130    61.3286
131    61.0109
132    59.9736
133    56.586
134    45.5243
26 8.31431  2
37    64.2547
46    60.6108
27 5.83438  9
28    41.0051
29    54.6451
30    39.1859
31    48.704
32    49.7853
33    53.3166
34    64.848
35    42.503
36    59.5369
28 7.73629  2
38    41.3704
39    55.838
29 13.9471  1
88    48.9421
30 14.2285  1
46    61.3881
31 5.1471  2
37    55.1605
164    36.4951
32 5.49196  1
41    45.5243
33 6.61809  2
37    53.2104
124    64.2547
34 10.2956  2
41    59.9736
117    57.0338
35 12.3043  2
37    37.7293
41    60.8452
36 8.86364  3
43    55.8399
44    43.0871
45    61.444
37 7.62825  2
41    56.586
42    54.819
38 13.5943  1
41    52.0907
39 13.0764  1
170    55.8545
40 11.3851  9
55    41.69
56    56.8818
57    46.4893
58    42.5533
59    59.7008
60    55.6952
61    42.6147
62    59.9013
63    56.3498
41 5.86215  2
88    39.0458
124    43.9477
42 7.82693  2
92    46.1029
124    40.5657
43 14.2431  1
183    44.1766
44 5.19501  9
47    61.5923
48    61.8725
49    62.7871
50    35.7727
51    37.5581
52    43.3883
53    62.4273
54    64.599
171    46.1029
45 5.64852  5
93    58.6818
94    52.3681
95    61.7507
96    62.3898
164    37.2486
46 7.12928  1
107    44.1244
47 11.9649  1
190    0
48 7.75552  5
64    44.7525
65    36.8815
66    41.1791
67    55.2136
168    45.1498
49 14.01  1
190    0
50 14.4339  10
68    41.0427
69    54.7678
70    39.586
71    50.0105
72    54.0518
73    37.2486
74    42.3775
75    59.1267
76    53.8211
181    56.1576
51 5.8179  1
190    0
52 7.68258  1
190    0
53 13.7719  1
91    61.5996
54 13.6566  2
145    61.444
169    48.2472
55 13.2797  1
190    0
56 12.0489  2
89    55.8545
90    43.1347
57 8.02957  1
190    0
58 14.9051  1
154    59.7008
59 7.35664  1
124    54.1992
60 12.7074  1
190    0
61 10.1802  5
119    48.704
120    49.7853
121    53.3166
122    64.848
123    42.503
62 11.9277  1
190    0
63 7.63405  1
190    0
64 13.6132  1
171    61.7507
65 13.1384  1
190    0
66 11.5874  1
190    0
67 6.52287  1
88    48.2939
68 9.98459  1
154    42.6147
69 11.2889  9
77    36.4951
78    39.9174
79    51.0936
80    57.5886
81    48.7974
82    50.0902
83    54.3118
84    38.0973
85    45.1498
70 5.54811  2
92    61.8963
182    57.0338
71 6.80151  1
190    0
72 10.8947  10
97    64.4763
98    41.2889
99    55.5716
100    42.2109
101    58.5829
102    52.0449
103    60.6951
104    58.9427
105    53.2196
106    64.5312
73 14.2608  1
190    0
74 5.25269  1
107    41.4684
75 5.83682  1
181    44.1244
76 7.74422  1
117    44.1766
77 13.9731  1
190    0
78 14.3133  9
172    62.3898
173    64.4763
174    41.2889
175    55.5716
176    42.2109
177    58.5829
178    52.0449
179    60.6951
180    58.9427
79 5.42421  1
190    0
80 6.39683  3
118    36.8284
154    46.4893
163    54.0518
81 9.5732  10
108    64.8315
109    42.449
110    59.3602
111    54.5828
112    38.9827
113    48.0403
114    47.6182
115    46.2394
116    41.7367
117    35.0009
82 9.94552  1
87    45.4154
83 11.1614  1
190    0
84 5.13153  1
154    56.8818
85 5.4413  2
88    48.2472
107    56.1576
86 6.45268  1
118    39.1859
87 9.75539  1
118    54.6451
88 10.5403  1
118    35.1575
89 13.1036  1
92    36.0273
90 11.4739  1
190    0
91 6.15207  1
181    41.4684
92 8.77392  1
190    0
93 7.33528  1
117    46.9865
94 12.6376  1
124    59.5369
95 9.95224  6
184    36.8284
185    41.0051
186    54.6451
187    39.1859
188    48.704
189    49.7853
96 11.1834  2
118    35.5493
181    64.5312
97 5.20325  2
169    48.2939
183    35.0009
98 5.67537  1
154    59.9013
99 7.21717  1
190    0
100 12.2521  1
145    61.2059
101 8.69335  10
135    39.402
136    49.4099
137    52.0907
138    60.8452
139    59.4325
140    54.819
141    39.7536
142    50.558
143    55.8399
144    43.0871
102 7.07221  1
190    0
103 11.7785  1
190    0
104 7.14667  3
165    39.9174
166    51.0936
167    57.5886
105 12.0217  1
169    39.0458
106 7.94107  1
190    0
107 14.6161  1
190    0
108 6.4127  1
124    37.7293
109 9.62477  1
154    64.599
110 10.114  1
190    0
111 11.7113  2
118    41.0051
170    43.1347
112 6.92724  1
190    0
113 11.3051  2
124    40.8687
183    46.9865
114 5.60091  1
190    0
115 6.97394  2
145    58.6671
183    35.5493
116 11.4577  1
190    0
117 6.09928  2
154    41.69
164    42.3775
118 8.60149  1
190    0
119 6.77221  1
190    0
120 10.7988  1
190    0
121 13.9477  1
190    0
122 14.2306  1
190    0
123 5.15412  1
182    41.7367
124 5.51485  1
171    58.6818
125 6.69286  1
190    0
126 10.5397  1
170    50.5626
127 13.1017  1
190    0
128 11.4678  1
190    0
129 6.13224  1
190    0
130 8.70891  1
190    0
131 7.12317  1
190    0
132 11.9451  1
190    0
133 7.69082  1
171    42.2411
134 13.7988  1
168    48.7974
135 13.7442  1
190    0
136 13.5656  1
190    0
137 12.9827  1
168    50.0902
138 11.0793  1
190    0
139 14.8636  1
168    54.3118
140 7.22114  1
190    0
141 12.2649  1
190    0
142 8.73516  1
190    0
143 7.20893  8
146    52.3196
147    61.5923
148    61.8725
149    62.7871
150    35.7727
151    37.5581
152    43.3883
153    62.4273
144 12.225  1
171    36.0273
145 8.60454  1
190    0
146 6.78228  1
190    0
147 10.8318  1
154    56.3498
148 14.0555  1
170    62.8649
149 14.5822  1
190    0
150 6.30222  1
190    0
151 9.26405  1
190    0
152 8.93597  1
190    0
153 7.86447  1
168    38.0973
154 14.3658  8
155    44.7525
156    36.8815
157    41.1791
158    55.2136
159    41.0427
160    54.7678
161    39.586
162    50.0105
155 5.59542  1
190    0
156 6.95593  1
190    0
157 11.3988  1
182    46.2394
158 5.90701  1
190    0
159 7.97342  1
190    0
160 14.7217  1
181    38.9827
161 6.75756  1
183    35.0375
162 10.7512  1
190    0
163 13.7924  1
182    48.0403
164 13.7231  1
190    0
165 13.497  1
171    52.3681
166 12.7584  1
171    41.2917
167 10.3468  1
190    0
168 12.4718  1
190    0
169 9.41084  1
182    47.6182
170 9.41542  1
190    0
171 9.43037  1
190    0
172 9.4792  1
190    0
173 9.63851  1
190    0
174 10.1588  1
190    0
175 11.8578  1
190    0
176 7.40577  1
190    0
177 12.868  1
190    0
178 10.7045  1
190    0
179 13.6398  1
181    53.2196
180 13.225  1
190    0
181 11.8706  1
190    0
182 7.44758  1
190    0
183 13.0044  1
190    0
184 11.1501  1
190    0
185 5.09461  1
190    0
186 5.32044  1
190    0
187 6.05808  1
190    0
188 8.4669  1
190    0
189 6.33274  1
190    0
190 0  0
