121
0 14.9493  10
1    41.7367
2    57.0338
3    46.9865
4    44.1766
5    35.0009
6    35.0375
7    35.1575
8    35.5493
9    36.8284
30    56.586
1 7.50099  3
27    64.501
28    41.3704
63    62.8649
2 13.179  2
62    45.4154
76    59.3602
3 11.7202  2
61    36.4951
72    58.9427
4 6.95624  2
29    43.0816
72    60.6951
5 11.3997  2
16    64.848
60    42.3775
6 5.90976  4
10    41.0051
11    54.6451
30    39.402
50    42.5533
7 7.98257  2
49    41.69
64    38.3894
8 14.7516  5
12    39.1859
13    48.704
14    49.7853
15    53.3166
51    55.6952
9 6.85522  10
17    42.503
18    59.5369
19    55.1605
20    40.8687
21    54.1992
22    37.7293
23    43.9477
24    64.2547
25    40.5657
26    53.2104
10 11.0701  3
61    48.7974
113    37.5581
114    41.69
11 14.8337  2
30    59.9736
50    46.4893
12 7.12348  3
30    61.0109
40    58.6671
63    48.2939
13 11.946  1
120    0
14 7.69387  2
30    49.4099
113    61.8725
15 13.8086  1
105    54.819
16 13.7762  3
61    38.0973
62    39.0458
63    61.8963
17 13.6703  10
31    59.4325
32    54.819
33    39.7536
34    50.558
35    55.8399
36    43.0871
37    61.444
38    61.3881
39    61.2059
61    45.1498
18 13.3245  4
29    55.838
30    61.4257
60    54.0518
114    59.9013
19 12.1953  2
30    60.8452
94    37.7293
20 8.5081  2
63    43.1347
94    55.838
21 6.46733  2
30    52.0907
61    39.9174
22 9.80331  5
30    45.5243
50    56.8818
64    55.5808
77    57.0338
94    41.3704
23 10.6969  3
63    48.2472
64    36.0273
95    43.0816
24 13.6151  2
76    48.0403
113    62.4273
25 13.1442  2
62    38.1788
64    52.3681
26 11.6063  1
61    50.0902
27 6.58452  2
30    61.3286
61    51.0936
28 10.186  1
64    41.2917
29 11.9466  2
77    46.2394
112    52.3196
30 7.6957  2
64    42.2411
95    61.4257
31 13.8147  3
40    52.3196
63    48.9421
72    52.0449
32 13.796  2
63    55.8545
116    50.0105
33 13.7353  3
61    57.5886
76    44.1244
94    64.2547
34 13.5369  1
40    60.6108
35 12.889  7
106    39.7536
107    50.558
108    55.8399
109    43.0871
110    61.444
111    61.3881
114    56.3498
36 10.7732  8
65    61.7507
66    62.3898
67    64.4763
68    41.2889
69    55.5716
70    42.2109
71    58.5829
116    39.9174
37 13.8641  10
41    61.5923
42    61.8725
43    62.7871
44    35.7727
45    37.5581
46    43.3883
47    62.4273
48    64.599
63    48.4458
113    35.7727
38 13.9575  1
120    0
39 14.2624  1
120    0
40 5.25758  2
78    44.1766
79    35.0009
41 5.85269  1
120    0
42 7.79611  3
60    37.2486
94    64.501
116    53.8211
43 14.1424  2
50    59.7008
112    58.6671
44 14.8663  1
60    53.8211
45 7.22999  2
63    61.5996
64    46.1029
46 12.2939  2
52    42.6147
53    59.9013
47 8.82977  2
64    58.6818
115    54.7678
48 7.51778  6
54    56.3498
55    44.7525
56    36.8815
57    41.1791
58    55.2136
60    39.586
49 13.2336  1
120    0
50 11.8984  3
73    64.5312
74    41.4684
75    56.1576
51 7.53822  3
59    54.7678
60    50.0105
61    54.3118
52 13.3004  2
87    48.704
88    49.7853
53 12.1166  1
76    47.6182
54 8.25083  3
76    64.8315
77    41.7367
114    59.7008
55 5.62716  1
60    59.1267
56 7.05969  1
76    38.9827
57 11.7379  2
94    40.5657
115    41.0427
58 7.01422  1
59    41.0427
59 11.5893  1
63    50.5626
60 6.52867  2
72    53.2196
76    54.5828
61 10.0035  4
76    42.449
94    40.8687
112    60.6108
116    36.4951
62 11.3506  1
120    0
63 5.74953  1
94    53.2104
64 7.45918  1
120    0
65 13.0422  1
120    0
66 11.2737  1
120    0
67 5.49837  1
77    46.9865
68 6.63915  1
115    41.1791
69 10.3645  4
83    36.8284
84    41.0051
85    54.6451
86    39.1859
70 12.5295  1
114    44.7525
71 9.59914  1
120    0
72 10.0301  1
120    0
73 11.4373  1
120    0
74 6.03244  4
80    35.0375
81    35.1575
82    35.5493
113    64.599
75 8.38328  1
120    0
76 6.0596  1
120    0
77 8.47179  1
112    61.2059
78 6.34861  1
120    0
79 9.41572  2
113    61.5923
114    42.5533
80 9.43129  1
120    0
81 9.48195  1
120    0
82 9.64736  1
94    43.9477
83 10.1875  1
120    0
84 11.9515  1
120    0
85 7.71157  1
114    42.6147
86 13.8665  1
94    54.1992
87 13.9654  1
120    0
88 14.2883  5
89    53.3166
90    64.848
91    42.503
92    59.5369
93    55.1605
89 5.34242  1
120    0
90 6.1298  1
120    0
91 8.70098  1
116    42.3775
92 7.09723  2
95    61.3286
116    37.2486
93 11.8603  1
115    55.2136
94 7.41371  1
120    0
95 12.8939  9
96    61.0109
97    59.9736
98    56.586
99    45.5243
100    39.402
101    49.4099
102    52.0907
103    60.8452
104    59.4325
96 10.7894  1
114    46.4893
97 13.9169  1
116    51.0936
98 14.1299  1
120    0
99 14.8254  1
120    0
100 7.09632  1
120    0
101 11.8572  1
113    43.3883
102 7.40364  1
120    0
103 12.861  1
115    36.8815
104 10.6816  1
116    59.1267
105 13.565  1
120    0
106 12.9809  1
114    56.8818
107 11.0732  1
120    0
108 14.8437  1
120    0
109 7.15613  1
120    0
110 12.0525  1
120    0
111 8.04147  1
120    0
112 14.9438  2
113    62.7871
114    55.6952
113 7.48299  1
116    54.0518
114 13.1201  1
115    39.586
115 11.5276  3
117    57.5886
118    48.7974
119    50.0902
116 6.32756  1
120    0
117 9.34675  1
120    0
118 9.20606  1
120    0
119 8.74645  1
120    0
120 0  0
