54
0 13.5369  2
1    12.3793
9    12.3501
1 12.889  9
2    12.573
3    7.20545
4    7.67788
5    9.22059
6    8.25834
7    11.1162
8    8.44823
9    12.478
34    8.5006
2 10.7732  1
9    11.7364
3 13.8641  1
34    10.929
4 13.9575  1
34    9.74081
5 14.2624  7
46    11.1676
47    8.61632
48    12.2851
49    12.2657
50    12.2022
51    11.9947
52    11.3172
6 5.25758  1
9    10.4736
7 5.85269  1
53    0
8 7.79611  5
10    12.8953
11    8.25779
12    11.1143
13    8.44218
14    11.7166
9 14.1424  2
33    7.0315
34    7.36567
10 14.8663  2
21    8.82488
34    7.83718
11 7.22999  5
16    12.139
17    11.7885
18    10.6439
19    12.9062
20    8.29368
12 12.2939  4
15    10.409
21    12.9663
32    7.00018
34    12.9696
13 8.82977  1
53    0
14 7.51778  1
21    11.2315
15 13.2336  10
22    8.48979
23    11.872
24    10.9166
25    7.79653
26    9.60805
27    9.52364
28    9.24787
29    8.34733
30    11.4068
31    9.39729
16 11.8984  1
53    0
17 7.53822  1
53    0
18 13.3004  2
35    11.9074
36    11.0321
19 12.1166  1
53    0
20 8.25083  1
53    0
21 5.62716  1
53    0
22 7.05969  1
53    0
23 11.7379  1
53    0
24 7.01422  2
32    8.83532
34    8.20103
25 11.5893  1
34    9.95706
26 6.52867  1
53    0
27 10.0035  1
33    7.00751
28 11.3506  1
34    7.10987
29 5.74953  1
53    0
30 7.45918  1
34    10.6633
31 13.0422  1
53    0
32 11.2737  1
53    0
33 5.49837  1
53    0
34 6.63915  1
53    0
35 10.3645  9
37    8.17374
38    10.8398
39    7.54585
40    8.78954
41    12.8509
42    8.11313
43    10.6421
44    12.9002
45    8.27409
36 12.5295  1
53    0
37 9.59914  1
53    0
38 10.0301  1
53    0
39 11.4373  1
53    0
40 6.03244  1
53    0
41 8.38328  1
53    0
42 6.0596  1
53    0
43 8.47179  1
53    0
44 6.34861  1
53    0
45 9.41572  1
53    0
46 9.43129  1
53    0
47 9.48195  1
53    0
48 9.64736  1
53    0
49 10.1875  1
53    0
50 11.9515  1
53    0
51 7.71157  1
53    0
52 13.8665  1
53    0
53 0  0
