203
0 10.1875  3
1    1.22851
12    1.01116
22    0.751161
1 11.9515  10
2    1.22657
3    1.22022
4    1.19947
5    1.13172
6    0.910486
7    0.78804
8    0.988198
9    1.04181
10    1.2169
11    1.18865
2 7.71157  3
31    1.00021
33    1.15177
81    0.878954
3 13.8665  1
40    0.767788
4 13.9654  3
21    1.25574
33    0.729902
45    1.11143
5 14.2883  2
31    0.89505
45    0.825779
6 5.34242  10
13    1.1168
14    0.861742
15    1.22888
16    1.22776
17    1.22412
18    1.21222
19    1.17334
20    1.04639
22    1.29198
31    0.79172
7 6.1298  3
12    1.09638
82    1.19947
109    1.08104
8 8.70098  4
21    0.715455
31    1.10427
32    1.08104
137    0.825779
9 7.09723  1
39    0.862694
10 11.8603  4
12    0.795071
32    0.744972
40    0.825834
105    0.823582
11 7.41371  3
22    1.24855
39    1.23793
112    1.02187
12 12.8939  2
21    1.23185
32    1.18253
13 10.7894  2
33    1.02187
146    1.12315
14 13.9169  3
31    0.737629
39    0.978841
104    1.13764
15 14.1299  3
22    0.867766
31    1.09536
40    1.17364
16 14.8254  9
23    1.13764
24    0.929786
25    0.851067
26    1.19402
27    1.1139
28    0.852293
29    1.19803
30    1.127
105    1.19803
17 7.09632  4
33    0.798349
39    0.968917
81    1.19074
82    0.827409
18 11.8572  1
202    0
19 7.40364  1
202    0
20 12.861  2
21    1.23745
40    1.2573
21 10.6816  1
22    0.833799
22 13.565  3
33    0.975948
40    1.11162
82    1.22657
23 12.9809  4
41    1.04736
42    1.23501
43    1.24779
44    1.28953
24 11.0732  1
40    0.922059
25 14.8437  3
32    0.847551
82    0.861632
111    1.07642
26 7.15613  3
31    0.820853
33    1.0018
39    1.11709
27 12.0525  2
40    0.844823
126    1.01125
28 8.04147  3
31    0.823582
40    0.720545
137    1.24779
29 14.9438  3
106    1.10427
107    0.820853
108    1.09536
30 7.48299  7
34    0.761946
35    0.902997
36    0.763576
37    0.908307
38    0.780917
39    0.965877
110    1.18253
31 13.1201  1
32    1.07642
32 11.5276  1
33    1.08624
33 6.32756  2
81    1.29002
104    0.929786
34 9.34675  1
39    0.964943
35 9.20606  1
39    1.01125
36 8.74645  1
202    0
37 7.24555  2
39    1.23199
112    0.729902
38 12.3446  9
96    1.22412
97    1.21222
98    1.17334
99    1.04639
100    1.23185
101    1.23745
102    1.25574
103    0.715455
146    0.924787
39 8.99548  1
81    1.28509
40 8.05887  9
46    0.844218
47    1.17166
48    1.0409
49    1.2139
50    1.17885
51    1.06439
52    1.29062
53    0.829368
54    1.12315
41 5.00031  1
82    1.13172
42 5.01251  1
202    0
43 5.05249  1
202    0
44 5.18311  2
81    1.06421
104    0.751161
45 5.60945  9
87    1.2169
88    1.18865
89    1.09638
90    0.795071
91    1.01116
92    1.1168
93    0.861742
94    1.22888
95    1.22776
46 7.00171  1
202    0
47 11.5484  9
73    0.820103
74    1.0929
75    0.783718
76    0.974081
77    0.995706
78    1.06633
79    1.29696
80    0.85006
146    0.882488
48 6.39531  1
202    0
49 9.56801  1
202    0
50 9.92843  1
202    0
51 11.1055  1
202    0
52 14.9493  1
202    0
53 7.50099  10
55    0.882488
56    1.29663
57    0.848979
58    1.1872
59    1.09166
60    0.779653
61    0.960805
62    0.952364
63    0.924787
64    0.834733
54 13.179  4
83    0.910486
84    0.78804
85    0.988198
86    1.04181
55 11.7202  1
147    1.14068
56 6.95624  2
82    1.11676
186    1.09638
57 11.3997  2
105    0.852293
166    1.08398
58 5.90976  2
81    1.10321
137    1.04736
59 7.98257  1
105    1.1139
60 14.7516  1
82    1.22851
61 6.85522  1
202    0
62 11.0701  9
65    1.14068
66    0.939729
67    0.883532
68    0.700018
69    0.700751
70    0.703149
71    0.710987
72    0.736567
104    0.833799
63 14.8337  1
202    0
64 7.12348  1
137    1.17364
65 11.946  1
202    0
66 7.69387  1
202    0
67 13.8086  2
137    1.11143
146    0.779653
68 13.7762  2
134    0.825834
135    1.11162
69 13.6703  1
104    1.29198
70 13.3245  1
202    0
71 12.1953  2
81    1.08398
105    0.89505
72 8.5081  2
81    0.754585
146    0.960805
73 6.46733  1
104    0.867766
74 9.80331  2
104    0.851067
105    1.127
75 10.6969  1
81    0.811313
76 13.6151  1
81    0.817374
77 13.1442  2
164    1.10321
165    0.817374
78 11.6063  1
202    0
79 6.58452  1
186    1.18865
80 10.186  1
82    1.22022
81 11.9466  1
202    0
82 7.6957  1
126    1.11709
83 13.8147  2
110    0.744972
136    0.844823
84 13.796  1
137    1.28953
85 13.7353  1
202    0
86 13.5369  1
202    0
87 12.889  1
202    0
88 10.7732  1
109    0.79172
89 13.8641  1
202    0
90 13.9575  1
147    0.834733
91 14.2624  1
202    0
92 5.25758  1
202    0
93 5.85269  1
202    0
94 7.79611  2
104    1.19402
105    0.737629
95 14.1424  2
138    0.844218
139    1.17166
96 14.8663  7
127    0.862694
128    1.23199
129    1.23793
130    1.2573
131    0.720545
132    0.767788
133    0.922059
97 7.22999  2
104    1.24855
112    0.798349
98 12.2939  9
117    0.761946
118    0.902997
119    0.763576
120    0.908307
121    0.780917
122    0.964943
123    0.965877
124    0.968917
125    0.978841
99 8.82977  1
202    0
100 7.51778  1
109    1.00021
101 13.2336  1
202    0
102 11.8984  1
146    1.09166
103 7.53822  1
202    0
104 13.3004  4
113    1.15177
114    0.975948
115    1.0018
116    1.08624
105 12.1166  1
202    0
106 8.25083  1
110    0.847551
107 5.62716  4
142    1.17885
143    1.06439
144    1.29062
145    0.829368
108 7.05969  1
202    0
109 11.7379  1
146    1.1872
110 7.01422  1
202    0
111 11.5893  1
202    0
112 6.52867  1
146    0.952364
113 10.0035  1
202    0
114 11.3506  1
202    0
115 5.74953  1
146    0.848979
116 7.45918  1
202    0
117 13.0422  1
202    0
118 11.2737  1
202    0
119 5.49837  1
202    0
120 6.63915  1
202    0
121 10.3645  8
178    1.22022
179    1.19947
180    1.13172
181    0.910486
182    0.78804
183    0.988198
184    1.04181
185    1.2169
122 12.5295  1
202    0
123 9.59914  1
168    0.878954
124 10.0301  1
202    0
125 11.4373  1
202    0
126 6.03244  1
202    0
127 8.38328  2
137    1.23501
146    1.29663
128 6.0596  1
202    0
129 8.47179  1
202    0
130 6.34861  1
202    0
131 9.41572  7
171    1.06421
172    1.29002
173    0.827409
174    1.11676
175    0.861632
176    1.22851
177    1.22657
132 9.43129  1
202    0
133 9.48195  2
140    1.0409
141    1.2139
134 9.64736  7
157    0.783718
158    0.974081
159    0.995706
160    1.06633
161    1.29696
162    0.85006
163    1.19074
135 10.1875  1
187    0.795071
136 11.9515  1
202    0
137 7.71157  1
202    0
138 13.8665  1
202    0
139 13.9654  1
202    0
140 14.2883  1
202    0
141 5.34242  1
202    0
142 6.1298  1
202    0
143 8.70098  1
202    0
144 7.09723  9
148    0.939729
149    0.883532
150    0.700018
151    0.700751
152    0.703149
153    0.710987
154    0.736567
155    0.820103
156    1.0929
145 11.8603  1
169    1.28509
146 7.41371  1
202    0
147 12.8939  1
202    0
148 10.7894  1
167    0.754585
149 13.9169  1
202    0
150 14.1299  5
188    1.01116
189    1.1168
190    0.861742
191    1.22888
192    1.22776
151 14.8254  1
202    0
152 7.09632  1
202    0
153 11.8572  1
202    0
154 7.40364  1
202    0
155 12.861  1
202    0
156 10.6816  1
202    0
157 13.565  1
202    0
158 12.9809  1
170    0.811313
159 11.0732  1
202    0
160 14.8437  1
202    0
161 7.15613  1
202    0
162 12.0525  1
202    0
163 8.04147  1
202    0
164 14.9438  1
202    0
165 7.48299  1
202    0
166 13.1201  1
202    0
167 11.5276  1
202    0
168 6.32756  1
202    0
169 9.34675  1
202    0
170 9.20606  1
202    0
171 8.74645  1
202    0
172 7.24555  1
202    0
173 12.3446  1
202    0
174 8.99548  1
202    0
175 8.05887  1
202    0
176 5.00031  1
202    0
177 5.01251  1
202    0
178 5.05249  1
202    0
179 5.18311  1
202    0
180 5.60945  1
202    0
181 7.00171  1
202    0
182 11.5484  1
202    0
183 6.39531  1
202    0
184 9.56801  1
202    0
185 9.92843  1
202    0
186 11.1055  1
202    0
187 14.9493  1
202    0
188 7.50099  1
202    0
189 13.179  1
202    0
190 11.7202  9
193    1.22412
194    1.21222
195    1.17334
196    1.04639
197    1.23185
198    1.23745
199    1.25574
200    0.715455
201    0.751161
191 6.95624  1
202    0
192 11.3997  1
202    0
193 5.90976  1
202    0
194 7.98257  1
202    0
195 14.7516  1
202    0
196 6.85522  1
202    0
197 11.0701  1
202    0
198 14.8337  1
202    0
199 7.12348  1
202    0
200 11.946  1
202    0
201 7.69387  1
202    0
202 0  0
