91
0 11.2737  8
1    0.78804
2    1.04181
12    1.22412
13    0.751161
16    1.13764
17    1.19803
45    1.28953
48    0.779653
1 5.49837  5
2    0.988198
12    0.715455
22    1.08104
74    0.751161
77    0.833799
2 6.63915  10
3    1.2169
4    1.18865
5    1.09638
6    0.795071
7    1.01116
8    1.1168
9    0.861742
10    1.22888
11    1.22776
12    1.04639
3 10.3645  1
26    0.798349
4 12.5295  2
12    1.23185
17    0.852293
5 9.59914  6
12    1.17334
17    1.1139
23    0.744972
28    0.761946
45    1.23501
62    1.13172
6 10.0301  4
12    1.21222
16    1.29198
49    0.700751
73    1.23745
7 11.4373  5
12    1.23745
16    0.833799
28    0.780917
45    1.0409
48    0.882488
8 6.03244  5
18    0.89505
19    0.737629
20    0.823582
21    1.10427
48    0.960805
9 8.38328  5
17    1.127
22    0.820853
23    0.847551
26    0.975948
46    1.2139
10 6.0596  5
14    0.867766
15    1.24855
22    1.09536
51    0.783718
77    1.19402
11 8.47179  3
12    1.25574
17    0.851067
62    0.827409
12 6.34861  3
75    0.867766
76    1.24855
77    0.929786
13 9.41572  3
16    0.929786
49    0.939729
51    1.0929
14 9.43129  2
22    0.79172
46    1.06439
15 9.48195  2
17    1.19402
62    1.19947
16 9.64736  5
27    1.0018
28    0.763576
45    1.17166
48    0.924787
51    1.06633
17 10.1875  1
26    0.729902
18 11.9515  1
51    0.974081
19 7.71157  9
81    1.00021
82    1.08104
83    0.744972
84    0.847551
85    1.18253
86    1.07642
87    0.729902
88    0.798349
89    1.02187
20 13.8665  3
22    1.00021
45    1.04736
51    0.710987
21 13.9654  5
26    1.02187
45    1.17364
46    1.29062
77    0.852293
80    0.79172
22 14.2883  3
24    1.18253
25    1.07642
71    1.1168
23 5.34242  5
26    1.15177
28    0.908307
49    1.14068
71    1.22776
73    1.23185
24 6.1298  1
28    0.902997
25 8.70098  1
28    1.08624
26 7.09723  2
49    0.700018
51    1.29696
27 11.8603  5
29    0.964943
30    0.965877
31    0.968917
45    0.844218
73    1.25574
28 7.41371  3
62    0.861632
77    1.1139
80    1.10427
29 12.8939  6
32    0.978841
33    1.01125
34    1.11709
46    1.17885
51    0.736567
80    0.823582
30 10.7894  2
45    1.11143
51    0.820103
31 13.9169  2
49    0.883532
80    0.89505
32 14.1299  5
35    0.862694
36    1.23199
47    0.829368
48    1.09166
77    1.29198
33 14.8254  1
90    0
34 7.09632  2
45    1.24779
48    1.1872
35 11.8572  1
62    1.11676
36 7.40364  10
37    1.23793
38    1.2573
39    0.720545
40    0.767788
41    0.922059
42    0.825834
43    1.11162
44    0.844823
47    1.12315
51    0.995706
37 12.861  1
90    0
38 10.6816  2
48    0.848979
71    1.22888
39 13.565  2
48    1.29663
73    0.715455
40 12.9809  8
54    0.817374
55    1.08398
56    0.754585
57    0.878954
58    1.28509
59    0.811313
60    1.06421
61    1.29002
41 11.0732  3
52    1.19074
53    1.10321
77    1.13764
42 14.8437  1
71    0.861742
43 7.15613  2
45    0.825779
51    0.85006
44 12.0525  1
90    0
45 8.04147  1
48    0.952364
46 14.9438  2
48    0.834733
50    0.703149
47 7.48299  1
90    0
48 13.1201  1
72    1.21222
49 11.5276  2
62    1.22851
72    1.17334
50 6.32756  1
90    0
51 9.34675  1
90    0
52 9.20606  1
90    0
53 8.74645  1
62    1.22657
54 7.24555  1
90    0
55 12.3446  1
62    1.22022
56 8.99548  8
63    0.910486
64    0.78804
65    0.988198
66    1.04181
67    1.2169
68    1.18865
69    1.09638
70    0.795071
57 8.05887  1
90    0
58 5.00031  1
90    0
59 5.01251  1
80    1.09536
60 5.05249  1
90    0
61 5.18311  1
90    0
62 5.60945  1
90    0
63 7.00171  1
73    1.04639
64 11.5484  1
90    0
65 6.39531  1
90    0
66 9.56801  1
90    0
67 9.92843  1
90    0
68 11.1055  1
90    0
69 14.9493  1
71    1.01116
70 7.50099  1
71    1.22412
71 13.179  1
80    0.737629
72 11.7202  1
90    0
73 6.95624  1
77    0.851067
74 11.3997  1
90    0
75 5.90976  3
78    1.19803
79    1.127
80    0.820853
76 7.98257  1
90    0
77 14.7516  1
90    0
78 6.85522  1
90    0
79 11.0701  1
90    0
80 14.8337  1
90    0
81 7.12348  1
90    0
82 11.946  1
90    0
83 7.69387  1
90    0
84 13.8086  1
90    0
85 13.7762  1
90    0
86 13.6703  1
90    0
87 13.3245  1
90    0
88 12.1953  1
90    0
89 8.5081  1
90    0
90 0  0
