208
0 6.34861  6
1    61.4257
2    61.0109
8    60.8452
9    61.444
92    55.6952
131    44.1766
1 9.41572  5
2    61.3286
9    39.7536
25    36.8815
75    54.1992
151    54.819
2 9.43129  9
3    59.9736
4    56.586
5    45.5243
6    39.402
7    49.4099
9    50.558
28    42.3775
76    41.3704
183    45.4154
3 9.48195  8
9    61.3881
25    56.3498
28    53.8211
56    44.1244
90    56.8818
92    41.1791
131    41.7367
167    42.5533
4 9.64736  3
28    51.0936
35    48.4458
55    58.9427
5 10.1875  3
8    59.4325
9    54.819
34    45.4154
6 11.9515  3
8    52.0907
9    43.0871
105    39.0458
7 7.71157  6
9    61.2059
24    42.6147
25    55.2136
76    61.3286
92    44.7525
126    64.8315
8 13.8665  7
9    55.8399
24    55.6952
28    36.4951
56    56.1576
80    60.8452
125    64.5312
150    49.4099
9 13.9654  8
10    60.6108
11    58.6671
12    52.3196
13    61.5923
23    46.4893
25    41.1791
35    50.5626
131    57.0338
10 14.2883  3
23    42.5533
81    61.2059
105    54.3118
11 5.34242  10
14    61.8725
15    62.7871
16    35.7727
17    37.5581
18    43.3883
19    62.4273
20    64.599
21    41.69
22    56.8818
25    50.0105
12 6.1298  3
26    54.0518
27    37.2486
28    59.1267
13 8.70098  3
24    59.7008
25    44.7525
131    35.5493
14 7.09723  8
29    48.7974
30    50.0902
31    54.3118
32    38.0973
33    45.1498
80    54.819
123    42.2109
151    50.558
15 11.8603  3
25    59.9013
80    55.8399
172    55.2136
16 7.41371  4
35    48.9421
67    35.0375
76    61.4257
105    48.2939
17 12.8939  2
34    39.0458
55    60.6951
18 10.7894  3
25    41.0427
56    64.8315
67    44.1766
19 13.9169  1
35    48.2939
20 14.1299  2
28    57.5886
76    55.838
21 14.8254  8
82    52.3196
83    61.5923
84    61.8725
85    62.7871
86    35.7727
87    37.5581
88    43.3883
89    62.4273
22 7.09632  2
25    39.586
90    42.5533
23 11.8572  7
48    52.3681
49    61.7507
50    62.3898
51    64.4763
90    41.69
124    58.9427
184    43.1347
24 7.40364  2
25    54.7678
92    36.8815
25 12.861  3
34    38.1788
75    43.9477
92    42.6147
26 10.6816  2
55    53.2196
126    54.5828
27 13.565  2
28    39.9174
67    36.8284
28 12.9809  6
37    43.1347
38    61.5996
39    61.8963
40    62.8649
41    36.0273
42    38.3894
29 11.0732  9
158    52.3196
159    61.5923
160    61.8725
161    62.7871
162    35.7727
163    37.5581
164    43.3883
165    62.4273
166    64.599
30 14.8437  7
68    48.704
69    49.7853
70    53.3166
71    64.848
72    42.503
73    59.5369
74    55.1605
31 7.15613  3
34    48.2472
67    39.1859
150    60.8452
32 12.0525  5
55    52.0449
80    52.0907
93    41.0427
105    38.1788
121    52.3681
33 8.04147  2
36    55.8545
75    37.7293
34 14.9438  1
75    40.8687
35 7.48299  3
93    55.2136
105    48.2472
181    36.4951
36 13.1201  2
67    41.0051
93    54.7678
37 11.5276  1
185    55.5808
38 6.32756  3
138    53.3166
139    64.848
181    53.8211
39 9.34675  7
43    46.1029
44    41.2917
45    55.5808
46    42.2411
47    58.6818
131    46.9865
149    43.0816
40 9.20606  10
57    42.449
58    59.3602
59    54.5828
60    38.9827
61    48.0403
62    47.6182
63    46.2394
64    41.7367
65    57.0338
66    46.9865
41 8.74645  1
55    58.5829
42 7.24555  2
67    54.6451
122    41.2889
43 12.3446  3
75    64.2547
105    38.0973
167    56.8818
44 8.99548  1
126    59.3602
45 8.05887  1
76    64.501
46 5.00031  1
125    56.1576
47 5.01251  1
55    41.4684
48 5.05249  2
80    59.4325
185    46.1029
49 5.18311  3
55    64.5312
67    35.0009
80    39.7536
50 5.60945  1
207    0
51 7.00171  3
52    41.2889
53    55.5716
54    42.2109
52 11.5484  1
76    43.0816
53 6.39531  5
67    35.1575
76    61.0109
90    46.4893
124    58.5829
131    35.0375
54 9.56801  2
167    59.9013
185    62.8649
55 9.92843  4
76    59.9736
93    50.0105
181    39.9174
184    48.2939
56 11.1055  1
80    50.558
57 14.9493  1
207    0
58 7.50099  2
75    40.5657
91    59.7008
59 13.179  3
92    56.3498
125    41.4684
185    58.6818
60 11.7202  1
207    0
61 6.95624  2
67    35.5493
92    59.9013
62 11.3997  2
76    56.586
93    39.586
63 5.90976  1
76    53.2104
64 7.98257  4
81    43.0871
131    35.1575
149    61.3286
185    52.3681
65 14.7516  1
180    59.1267
66 6.85522  1
186    62.3898
67 11.0701  1
207    0
68 14.8337  1
126    42.449
69 7.12348  1
90    64.599
70 11.946  1
207    0
71 7.69387  1
121    61.7507
72 13.8086  2
81    61.3881
105    45.4154
73 13.7762  1
167    55.6952
74 13.6703  2
77    45.5243
78    39.402
75 13.3245  1
79    49.4099
76 12.1953  1
81    60.6108
77 8.5081  1
81    61.444
78 6.46733  1
81    58.6671
79 9.80331  1
196    56.1576
80 10.6969  1
207    0
81 13.6151  1
185    42.2411
82 13.1442  5
173    41.0427
174    54.7678
175    39.586
176    50.0105
183    39.0458
83 11.6063  1
105    45.1498
84 6.58452  1
104    50.0902
85 10.186  1
207    0
86 11.9466  9
140    42.503
141    59.5369
142    55.1605
143    40.8687
144    54.1992
145    37.7293
146    43.9477
147    64.2547
148    40.5657
87 7.6957  6
115    38.3894
116    46.1029
117    41.2917
118    55.5808
119    42.2411
120    58.6818
88 13.8147  10
94    54.0518
95    37.2486
96    42.3775
97    59.1267
98    53.8211
99    36.4951
100    39.9174
101    51.0936
102    57.5886
103    48.7974
89 13.796  1
196    41.4684
90 13.7353  1
207    0
91 13.5369  4
127    38.9827
128    48.0403
129    47.6182
130    46.2394
92 12.889  1
150    39.402
93 10.7732  1
207    0
94 13.8641  1
182    50.0902
95 13.9575  6
112    61.8963
113    62.8649
114    36.0273
124    52.0449
182    38.0973
185    61.8963
96 14.2624  7
106    48.4458
107    48.9421
108    50.5626
109    55.8545
110    43.1347
111    61.5996
167    42.6147
97 5.25758  1
207    0
98 5.85269  1
151    59.4325
99 7.79611  1
149    64.501
100 14.1424  1
207    0
101 14.8663  2
122    64.4763
131    35.0009
102 7.22999  1
207    0
103 12.2939  2
121    62.3898
181    57.5886
104 8.82977  1
207    0
105 7.51778  1
207    0
106 13.2336  2
149    53.2104
150    52.0907
107 11.8984  4
168    56.3498
169    44.7525
170    36.8815
171    41.1791
108 7.53822  1
149    61.0109
109 13.3004  1
207    0
110 12.1166  1
196    64.5312
111 8.25083  1
150    45.5243
112 5.62716  1
149    61.4257
113 7.05969  1
151    55.8399
114 11.7379  1
207    0
115 7.01422  1
207    0
116 11.5893  1
207    0
117 6.52867  1
124    53.2196
118 10.0035  6
132    36.8284
133    41.0051
134    54.6451
135    39.1859
136    48.704
137    49.7853
119 11.3506  1
123    55.5716
120 5.74953  1
167    41.69
121 7.45918  1
184    55.8545
122 13.0422  1
150    56.586
123 11.2737  3
124    60.6951
151    39.7536
185    36.0273
124 5.49837  9
187    64.4763
188    41.2889
189    55.5716
190    42.2109
191    58.5829
192    52.0449
193    60.6951
194    58.9427
195    53.2196
125 6.63915  1
126    44.1244
126 10.3645  2
182    38.1788
185    41.2917
127 12.5295  1
207    0
128 9.59914  1
150    59.9736
129 10.0301  2
184    50.5626
186    61.7507
130 11.4373  1
207    0
131 6.03244  1
207    0
132 8.38328  1
149    55.838
133 6.0596  1
207    0
134 8.47179  1
207    0
135 6.34861  1
207    0
136 9.41572  1
167    46.4893
137 9.43129  1
207    0
138 9.48195  1
207    0
139 9.64736  1
149    41.3704
140 10.1875  1
207    0
141 11.9515  1
207    0
142 7.71157  1
207    0
143 13.8665  6
152    43.0871
153    61.444
154    61.3881
155    61.2059
156    60.6108
157    58.6671
144 13.9654  4
203    46.2394
204    41.7367
205    57.0338
206    46.9865
145 14.2883  6
197    42.449
198    59.3602
199    54.5828
200    38.9827
201    48.0403
202    47.6182
146 5.34242  1
207    0
147 6.1298  1
207    0
148 8.70098  1
207    0
149 7.09723  1
207    0
150 11.8603  1
207    0
151 7.41371  1
207    0
152 12.8939  1
207    0
153 10.7894  1
184    61.5996
154 13.9169  1
207    0
155 14.1299  1
181    48.7974
156 14.8254  1
207    0
157 7.09632  1
184    48.4458
158 11.8572  1
207    0
159 7.40364  1
182    54.3118
160 12.861  1
207    0
161 10.6816  3
177    54.0518
178    37.2486
179    42.3775
162 13.565  1
207    0
163 12.9809  1
207    0
164 11.0732  1
184    48.2472
165 14.8437  1
207    0
166 7.15613  1
167    59.7008
167 12.0525  1
207    0
168 8.04147  1
207    0
169 14.9438  1
184    48.9421
170 7.48299  1
207    0
171 13.1201  1
207    0
172 11.5276  1
207    0
173 6.32756  1
207    0
174 9.34675  1
207    0
175 9.20606  1
207    0
176 8.74645  1
207    0
177 7.24555  1
207    0
178 12.3446  1
207    0
179 8.99548  1
207    0
180 8.05887  2
181    51.0936
182    45.1498
181 5.00031  1
185    38.3894
182 5.01251  1
207    0
183 5.05249  1
207    0
184 5.18311  1
207    0
185 5.60945  1
207    0
186 7.00171  1
207    0
187 11.5484  1
196    44.1244
188 6.39531  1
207    0
189 9.56801  1
207    0
190 9.92843  1
207    0
191 11.1055  1
207    0
192 14.9493  1
196    64.8315
193 7.50099  1
207    0
194 13.179  1
207    0
195 11.7202  1
207    0
196 6.95624  1
207    0
197 11.3997  1
207    0
198 5.90976  1
207    0
199 7.98257  1
207    0
200 14.7516  1
207    0
201 6.85522  1
207    0
202 11.0701  1
207    0
203 14.8337  1
207    0
204 7.12348  1
207    0
205 11.946  1
207    0
206 7.69387  1
207    0
207 0  0
