206
0 5.49837  3
1    11.9074
62    8.29368
137    12.3745
1 6.63915  5
2    11.0321
20    11.8865
29    11.9402
34    10.8624
62    11.2315
2 10.3645  10
3    8.17374
4    10.8398
5    7.54585
6    8.78954
7    12.8509
8    8.11313
9    10.6421
10    12.9002
11    8.27409
29    8.52293
3 12.5295  6
29    11.27
31    8.20853
32    11.5177
34    7.61946
129    8.34733
161    9.02997
4 9.59914  10
21    7.95071
22    10.1116
23    11.168
24    8.61742
25    12.2888
26    12.2776
28    12.3745
31    10.9536
79    10.6633
109    8.67766
5 10.0301  10
12    11.1676
13    8.61632
14    12.2851
15    12.2657
16    12.2022
17    11.9947
18    11.3172
19    9.10486
28    12.9198
30    8.9505
6 11.4373  10
85    8.11313
86    10.6421
87    12.9002
88    8.27409
89    11.1676
90    8.61632
91    12.2851
92    12.2657
93    12.2022
131    7.36567
7 6.03244  8
20    9.88198
27    12.2412
28    12.3185
31    7.44972
32    10.2187
110    8.52293
123    7.63576
195    12.2776
8 8.38328  6
20    10.4181
31    10.0021
35    9.02997
62    10.409
112    10.9536
189    12.2022
9 6.0596  2
27    12.1222
195    11.7334
10 8.47179  5
29    11.139
30    8.23582
32    7.98349
112    11.0427
133    8.27409
11 6.34861  1
135    12.169
12 9.41572  3
28    7.51161
69    9.52364
123    9.64943
13 9.43129  4
20    10.9638
29    8.33799
35    9.08307
126    12.8953
14 9.48195  6
20    7.8804
29    11.9803
31    7.9172
131    10.6633
188    8.27409
194    10.4181
15 9.64736  2
79    10.929
176    10.409
16 10.1875  5
27    11.7334
62    10.6439
137    12.5574
148    11.27
185    8.34733
17 11.9515  1
28    8.67766
18 7.71157  7
20    12.169
27    10.4639
28    12.5574
31    10.8104
125    12.3501
161    9.08307
184    9.52364
19 13.8665  4
29    8.51067
31    11.8253
129    9.52364
132    10.8398
20 13.9654  3
31    8.47551
125    10.4736
176    12.8953
21 14.2883  4
28    12.4855
69    8.34733
154    7.29902
188    8.11313
22 5.34242  3
29    9.29786
109    7.51161
123    9.65877
23 6.1298  1
29    11.3764
24 8.70098  1
129    9.24787
25 7.09723  4
28    7.15455
35    7.63576
136    8.61742
185    8.83532
26 11.8603  1
33    10.018
27 7.41371  4
42    11.1709
123    7.80917
187    11.9074
195    12.1222
28 12.8939  3
30    7.37629
32    7.29902
62    12.9062
29 10.7894  4
31    11.0427
32    10.7642
126    8.44218
194    11.168
30 13.9169  3
33    9.75948
125    8.44823
127    12.9663
31 14.1299  9
36    7.80917
37    9.64943
38    9.65877
39    9.68917
40    9.78841
41    10.1125
79    11.0321
126    8.25779
127    8.29368
32 14.8254  10
43    8.62694
44    12.3199
45    12.3793
46    12.573
47    7.20545
48    7.67788
49    9.22059
50    8.25834
51    11.1162
52    8.44823
33 7.09632  1
205    0
34 11.8572  3
109    8.33799
129    9.39729
133    12.9002
35 7.40364  4
101    7.95071
176    12.478
184    7.79653
189    12.2851
36 12.861  4
80    8.17374
112    7.37629
133    8.78954
161    7.63576
37 10.6816  4
62    11.7885
123    9.08307
137    10.4639
149    7.37629
38 13.565  10
53    11.7364
54    10.4736
55    12.3501
56    12.478
57    12.8953
58    8.25779
59    11.1143
60    8.44218
61    11.7166
79    7.83718
39 12.9809  1
79    9.74081
40 11.0732  2
176    11.7166
195    12.3745
41 14.8437  9
70    11.4068
71    9.39729
72    8.83532
73    7.00018
74    7.00751
75    7.0315
76    7.10987
77    7.36567
78    8.20103
42 7.15613  1
205    0
43 12.0525  2
176    8.44218
186    7.10987
44 8.04147  1
112    8.9505
45 14.9438  2
110    11.9803
127    10.409
46 7.48299  1
205    0
47 13.1201  8
102    12.2776
103    12.2412
104    12.1222
105    11.7334
106    10.4639
107    12.3185
108    12.3745
187    10.8398
48 11.5276  1
154    11.8253
49 6.32756  3
62    8.82488
79    11.9074
112    7.9172
50 9.34675  10
114    8.47551
115    11.8253
116    10.7642
117    7.29902
118    7.98349
119    10.2187
120    11.5177
121    9.75948
128    7.79653
135    11.3172
51 9.20606  2
135    9.88198
176    8.25779
52 8.74645  3
110    11.9402
126    11.7166
132    8.17374
53 7.24555  7
141    8.33799
142    11.3764
143    9.29786
144    8.51067
145    11.9402
146    11.139
147    8.52293
54 12.3446  4
62    12.139
109    12.4855
131    8.20103
152    10.8104
55 8.99548  1
124    12.3199
56 8.05887  1
205    0
57 5.00031  2
133    12.8509
184    11.872
58 5.01251  1
149    8.23582
59 5.05249  4
101    8.61742
134    12.2657
136    11.168
185    9.39729
60 5.18311  7
94    11.9947
95    11.3172
96    9.10486
97    7.8804
98    9.88198
99    10.4181
100    12.169
61 5.60945  7
63    12.9663
64    8.48979
65    11.872
66    10.9166
67    7.79653
68    9.60805
176    10.4736
62 7.00171  4
109    12.9198
112    8.23582
124    12.573
187    11.0321
63 11.5484  2
123    9.02997
124    7.67788
64 6.39531  1
205    0
65 9.56801  3
131    10.929
152    10.0021
194    11.8865
66 9.92843  4
124    7.20545
125    11.7364
129    8.83532
133    11.1676
67 11.1055  1
112    10.8104
68 14.9493  5
69    9.24787
79    12.9696
124    8.62694
125    11.1162
126    11.1143
69 7.50099  2
79    9.95706
161    7.61946
70 13.179  1
205    0
71 11.7202  2
101    10.1116
112    8.20853
72 6.95624  2
127    10.6439
186    8.5006
73 11.3997  3
109    7.15455
131    9.74081
136    12.2412
74 5.90976  1
122    10.018
75 7.98257  1
176    11.1143
76 14.7516  1
125    9.22059
77 6.85522  5
79    8.5006
112    10.0021
125    8.25834
135    9.10486
136    12.2776
78 11.0701  7
81    10.8398
82    7.54585
83    8.78954
84    12.8509
124    9.68917
132    8.5006
135    11.8865
79 14.8337  1
127    12.9062
80 7.12348  4
101    11.168
127    11.7885
128    11.872
133    8.11313
81 11.946  4
131    12.9696
135    7.95071
185    7.0315
194    10.1116
82 7.69387  4
101    10.9638
133    7.54585
136    12.1222
152    7.9172
83 13.8086  3
128    10.9166
132    11.9074
148    11.9803
84 13.7762  1
131    7.83718
85 13.6703  1
205    0
86 13.3245  2
110    11.139
133    10.6421
87 12.1953  2
134    12.2022
186    7.83718
88 8.5081  2
150    11.0427
151    8.20853
89 6.46733  1
124    12.3793
90 9.80331  1
205    0
91 10.6969  1
205    0
92 13.6151  1
124    10.1125
93 13.1442  4
177    12.139
178    11.7885
179    10.6439
180    12.9062
94 11.6063  2
109    9.29786
135    10.4181
95 6.58452  2
101    12.2888
135    10.9638
96 10.186  2
109    11.3764
189    8.61632
97 11.9466  3
124    11.1709
129    11.4068
194    12.169
98 7.6957  4
101    11.8865
125    12.478
137    7.15455
186    9.95706
99 13.8147  1
205    0
100 13.796  1
184    8.48979
101 13.7353  1
205    0
102 13.5369  3
138    8.67766
139    12.4855
140    12.9198
103 12.889  4
113    7.44972
129    7.0315
152    7.44972
186    8.20103
104 10.7732  4
109    12.5574
128    8.48979
131    9.95706
137    7.51161
105 13.8641  3
129    9.60805
136    11.7334
187    8.78954
106 13.9575  1
109    8.51067
107 14.2624  3
111    11.27
127    12.139
134    12.2851
108 5.25758  1
123    7.61946
109 5.85269  1
135    7.8804
110 7.79611  1
205    0
111 14.1424  1
129    7.00018
112 14.8663  1
205    0
113 7.22999  2
127    8.82488
148    8.9505
114 12.2939  1
133    8.61632
115 8.82977  1
124    9.78841
116 7.51778  1
205    0
117 13.2336  2
136    12.2888
195    12.2888
118 11.8984  1
188    11.1676
119 7.53822  2
184    12.9663
194    8.61742
120 13.3004  1
205    0
121 12.1166  1
123    10.8624
122 8.25083  1
185    9.24787
123 5.62716  1
134    11.9947
124 7.05969  4
127    11.2315
129    7.00751
136    10.1116
186    10.929
125 11.7379  1
184    9.60805
126 7.01422  3
130    7.10987
132    11.0321
161    7.80917
127 11.5893  1
154    10.7642
128 6.52867  1
161    9.68917
129 10.0035  6
155    7.98349
156    10.2187
157    11.5177
158    9.75948
159    10.018
160    10.8624
130 11.3506  1
188    10.6421
131 5.74953  1
161    9.64943
132 7.45918  1
205    0
133 13.0422  2
161    9.65877
187    8.17374
134 11.2737  1
137    12.3185
135 5.49837  1
205    0
136 6.63915  1
205    0
137 10.3645  5
171    9.22059
172    8.25834
173    11.1162
174    8.44823
175    11.7364
138 12.5295  1
205    0
139 9.59914  1
194    7.95071
140 10.0301  2
153    8.47551
194    10.9638
141 11.4373  1
205    0
142 6.03244  1
186    7.36567
143 8.38328  1
205    0
144 6.0596  1
186    10.6633
145 8.47179  1
195    12.3185
146 6.34861  1
205    0
147 9.41572  1
195    12.2412
148 9.43129  1
205    0
149 9.48195  1
152    10.9536
150 9.64736  1
187    7.54585
151 10.1875  4
190    11.3172
191    9.10486
192    7.8804
193    9.88198
152 11.9515  1
205    0
153 7.71157  1
205    0
154 13.8665  1
205    0
155 13.9654  1
205    0
156 14.2883  1
205    0
157 5.34242  1
185    11.4068
158 6.1298  5
162    9.78841
163    10.1125
164    11.1709
165    8.62694
166    12.3199
159 8.70098  1
195    10.4639
160 7.09723  1
205    0
161 11.8603  1
185    7.00751
162 7.41371  4
167    12.3793
168    12.573
169    7.20545
170    7.67788
163 12.8939  1
205    0
164 10.7894  2
186    12.9696
189    11.9947
165 13.9169  6
181    8.29368
182    11.2315
183    8.82488
184    10.9166
186    9.74081
188    12.9002
166 14.1299  1
205    0
167 14.8254  1
176    12.3501
168 7.09632  1
205    0
169 11.8572  1
205    0
170 7.40364  1
205    0
171 12.861  1
205    0
172 10.6816  1
205    0
173 13.565  1
205    0
174 12.9809  1
185    7.00018
175 11.0732  1
205    0
176 14.8437  1
205    0
177 7.15613  1
205    0
178 12.0525  1
188    12.8509
179 8.04147  1
205    0
180 14.9438  1
205    0
181 7.48299  1
205    0
182 13.1201  1
205    0
183 11.5276  4
201    12.9198
202    8.33799
203    11.3764
204    9.29786
184 6.32756  1
205    0
185 9.34675  1
205    0
186 9.20606  1
205    0
187 8.74645  1
205    0
188 7.24555  1
189    12.2657
189 12.3446  1
205    0
190 8.99548  1
205    0
191 8.05887  1
205    0
192 5.00031  1
205    0
193 5.01251  1
205    0
194 5.05249  1
205    0
195 5.18311  5
196    12.5574
197    7.15455
198    7.51161
199    8.67766
200    12.4855
196 5.60945  1
205    0
197 7.00171  1
205    0
198 11.5484  1
205    0
199 6.39531  1
205    0
200 9.56801  1
205    0
201 9.92843  1
205    0
202 11.1055  1
205    0
203 14.9493  1
205    0
204 7.50099  1
205    0
205 0  0
