204
0 14.8254  3
1    1.22776
43    1.23793
110    0.767788
1 7.09632  8
2    1.22412
3    1.21222
4    1.17334
5    1.04639
6    1.23185
7    1.23745
8    1.25574
9    0.715455
2 11.8572  6
138    1.22022
139    1.19947
140    1.13172
141    0.910486
142    0.78804
163    0.744972
3 7.40364  2
9    0.867766
43    0.965877
4 12.861  1
78    0.703149
5 10.6816  2
9    0.751161
184    1.14068
6 13.565  5
14    0.929786
15    0.851067
16    1.19402
17    1.1139
18    0.852293
7 12.9809  1
100    1.19803
8 11.0732  4
10    1.24855
11    1.29198
12    0.833799
13    1.13764
9 14.8437  10
19    1.19803
20    1.127
21    0.89505
22    0.737629
23    0.823582
24    1.10427
25    0.820853
26    1.09536
27    0.79172
28    1.00021
10 7.15613  3
42    0.908307
43    0.862694
161    0.737629
11 12.0525  1
128    0.736567
12 8.04147  2
42    0.763576
109    0.965877
13 14.9438  10
49    1.11162
50    0.844823
51    1.17364
52    1.04736
53    1.23501
54    1.24779
55    1.28953
56    0.825779
57    1.11143
58    0.844218
14 7.48299  3
43    1.01125
92    1.1168
122    0.779653
15 13.1201  2
143    1.18865
181    1.17166
16 11.5276  10
82    1.22851
83    1.22657
84    1.22022
85    1.19947
86    1.13172
87    0.910486
88    0.78804
89    0.988198
90    1.04181
92    1.22412
17 6.32756  2
111    0.825779
165    0.902997
18 9.34675  1
43    0.964943
19 9.20606  10
29    1.08104
30    0.744972
31    0.847551
32    1.18253
33    1.07642
34    0.729902
35    0.798349
36    1.02187
136    1.28509
181    1.24779
20 8.74645  1
79    1.0929
21 7.24555  4
185    0.883532
186    0.700018
187    0.700751
188    0.703149
22 12.3446  6
45    0.720545
46    0.767788
47    0.922059
48    0.825834
79    1.29696
109    1.23199
23 8.99548  6
166    0.968917
167    0.978841
168    1.01125
169    1.11709
170    0.862694
171    1.23199
24 8.05887  7
42    0.902997
64    1.29062
91    0.795071
108    0.763576
137    1.22657
164    1.0018
184    1.09166
25 5.00031  3
43    1.23199
92    1.22776
109    1.23793
26 5.01251  1
165    1.08624
27 5.05249  2
91    1.2169
164    1.02187
28 5.18311  1
41    0.761946
29 5.60945  1
109    0.964943
30 7.00171  6
37    1.15177
38    0.975948
43    1.11709
100    0.823582
144    1.1168
160    0.929786
31 11.5484  6
95    0.833799
96    1.13764
97    0.929786
98    0.851067
137    1.11676
172    1.23793
32 6.39531  1
94    1.24855
33 9.56801  1
110    1.23501
34 9.92843  6
59    1.17166
60    1.0409
61    1.2139
62    1.17885
63    1.06439
94    0.867766
35 11.1055  2
39    1.0018
40    1.08624
36 14.9493  3
43    0.968917
161    1.19402
164    0.798349
37 7.50099  1
92    1.23185
38 13.179  3
43    0.780917
79    0.783718
184    0.848979
39 11.7202  5
155    0.867766
156    1.24855
157    1.29198
158    0.833799
159    1.13764
40 6.95624  3
44    1.2573
91    1.09638
127    0.703149
41 11.3997  2
43    0.978841
80    0.817374
42 5.90976  1
94    1.25574
43 7.98257  2
111    1.11143
165    0.761946
44 14.7516  1
122    1.1872
45 6.85522  3
79    1.06633
81    1.08398
93    1.23745
46 11.0701  2
107    1.02187
109    0.978841
47 14.8337  3
78    0.710987
137    1.22851
163    0.729902
48 7.12348  2
81    1.11676
100    0.852293
49 11.946  3
100    1.10427
136    1.08398
143    0.795071
50 7.69387  3
81    1.28509
136    0.827409
181    0.844218
51 13.8086  2
107    1.15177
165    0.908307
52 13.7762  2
81    0.811313
92    1.22888
53 13.6703  3
81    0.754585
92    0.861742
182    1.29062
54 13.3245  1
99    1.19402
55 12.1953  1
136    1.10321
56 8.5081  3
78    0.820103
94    0.715455
108    0.902997
57 6.46733  2
110    1.11162
182    1.12315
58 9.80331  2
64    0.829368
78    0.700751
59 10.6969  2
78    0.736567
91    1.01116
60 13.6151  3
79    0.85006
107    0.975948
110    0.844823
61 13.1442  5
65    1.12315
66    0.882488
67    1.29663
68    0.848979
69    1.1872
62 11.6063  3
109    0.968917
110    0.720545
143    0.988198
63 6.58452  2
94    0.751161
161    0.89505
64 10.186  4
80    1.19074
81    0.861632
102    1.00021
143    1.01116
65 11.9466  2
79    0.995706
92    1.17334
66 7.6957  10
70    1.09166
71    0.779653
72    0.960805
73    0.952364
74    0.924787
75    0.834733
76    1.14068
77    0.939729
81    1.29002
100    0.820853
67 13.8147  2
81    0.827409
181    1.0409
68 13.796  4
79    0.974081
100    0.89505
143    1.04181
181    1.23501
69 13.7353  1
100    1.1139
70 13.5369  2
80    1.10321
81    0.878954
71 12.889  1
203    0
72 10.7732  1
108    0.908307
73 13.8641  1
165    0.964943
74 13.9575  1
78    0.700018
75 14.2624  4
78    0.883532
81    1.06421
128    0.820103
136    0.754585
76 5.25758  1
184    0.924787
77 5.85269  2
92    1.21222
163    1.00021
78 7.79611  7
129    0.783718
130    0.974081
131    0.995706
132    1.06633
133    1.29696
134    0.85006
135    1.19074
79 14.1424  2
110    0.922059
161    0.852293
80 14.8663  1
203    0
81 7.22999  2
110    1.04736
164    0.975948
82 12.2939  1
203    0
83 8.82977  1
108    0.780917
84 7.51778  7
189    0.710987
190    0.736567
191    0.820103
192    1.0929
193    0.783718
194    0.974081
195    0.995706
85 13.2336  1
100    1.09536
86 11.8984  2
163    0.847551
165    0.965877
87 7.53822  4
123    0.834733
124    1.14068
125    0.939729
126    0.883532
88 13.3004  3
91    1.18865
92    1.04639
111    1.28953
89 12.1166  5
103    1.18253
104    1.07642
105    0.729902
109    1.2573
111    1.24779
90 8.25083  2
100    1.127
136    0.817374
91 5.62716  1
111    0.844218
92 7.05969  2
94    1.29198
136    0.878954
93 11.7379  3
102    0.847551
107    1.0018
161    0.823582
94 7.01422  1
100    0.737629
95 11.5893  2
102    1.08104
108    0.761946
96 6.52867  3
101    0.79172
181    1.28953
182    0.829368
97 10.0035  4
102    0.744972
109    1.11709
128    0.710987
163    1.08104
98 11.3506  1
161    1.19803
99 5.74953  10
112    1.0409
113    1.2139
114    1.17885
115    1.06439
116    1.29062
117    0.829368
118    1.12315
119    0.882488
120    1.29663
121    0.848979
100 7.45918  1
144    0.861742
101 13.0422  1
106    0.798349
102 11.2737  2
107    1.08624
127    0.700018
103 5.49837  1
203    0
104 6.63915  1
111    1.17166
105 10.3645  1
203    0
106 12.5295  2
136    1.06421
184    0.779653
107 9.59914  4
109    0.862694
110    1.17364
128    1.0929
163    0.79172
108 10.0301  2
109    1.01125
110    0.825834
109 11.4373  1
181    1.11143
110 6.03244  1
160    0.851067
111 8.38328  1
203    0
112 6.0596  1
203    0
113 8.47179  1
203    0
114 6.34861  1
122    0.924787
115 9.41572  2
164    1.15177
182    1.17885
116 9.43129  1
182    0.882488
117 9.48195  1
122    0.960805
118 9.64736  3
122    1.09166
127    0.700751
144    1.22888
119 10.1875  1
122    0.952364
120 11.9515  1
203    0
121 7.71157  1
203    0
122 13.8665  1
203    0
123 13.9654  1
136    0.811313
124 14.2883  1
203    0
125 5.34242  1
203    0
126 6.1298  2
137    0.861632
143    1.2169
127 8.70098  1
203    0
128 7.09723  2
136    1.29002
161    1.10427
129 11.8603  1
203    0
130 7.41371  1
184    0.939729
131 12.8939  1
203    0
132 10.7894  1
203    0
133 13.9169  1
203    0
134 14.1299  1
203    0
135 14.8254  2
143    1.09638
165    0.780917
136 7.09632  1
203    0
137 11.8572  1
182    1.06439
138 7.40364  1
203    0
139 12.861  1
203    0
140 10.6816  1
163    1.09536
141 13.565  9
173    1.2573
174    0.720545
175    0.767788
176    0.922059
177    0.825834
178    1.11162
179    0.844823
180    1.17364
181    1.2139
142 12.9809  1
203    0
143 11.0732  2
162    0.820853
163    1.18253
144 14.8437  10
145    1.22776
146    1.22412
147    1.21222
148    1.17334
149    1.04639
150    1.23185
151    1.23745
152    1.25574
153    0.715455
154    0.751161
145 7.15613  1
203    0
146 12.0525  1
203    0
147 8.04147  1
183    1.29663
148 14.9438  1
161    1.1139
149 7.48299  7
196    1.06633
197    1.29696
198    0.85006
199    1.19074
200    1.10321
201    0.817374
202    1.08398
150 13.1201  1
203    0
151 11.5276  1
181    1.04736
152 6.32756  1
161    1.127
153 9.34675  1
163    1.07642
154 9.20606  1
203    0
155 8.74645  1
203    0
156 7.24555  1
203    0
157 12.3446  1
184    0.960805
158 8.99548  1
203    0
159 8.05887  1
203    0
160 5.00031  1
165    0.763576
161 5.01251  1
203    0
162 5.05249  1
203    0
163 5.18311  1
203    0
164 5.60945  1
184    1.1872
165 7.00171  1
181    0.825779
166 11.5484  1
203    0
167 6.39531  1
203    0
168 9.56801  1
203    0
169 9.92843  1
203    0
170 11.1055  1
203    0
171 14.9493  1
203    0
172 7.50099  1
203    0
173 13.179  1
203    0
174 11.7202  1
203    0
175 6.95624  1
203    0
176 11.3997  1
203    0
177 5.90976  1
203    0
178 7.98257  1
203    0
179 14.7516  1
203    0
180 6.85522  1
184    0.834733
181 11.0701  1
203    0
182 14.8337  1
203    0
183 7.12348  1
184    0.952364
184 11.946  1
203    0
185 7.69387  1
203    0
186 13.8086  1
203    0
187 13.7762  1
203    0
188 13.6703  1
203    0
189 13.3245  1
203    0
190 12.1953  1
203    0
191 8.5081  1
203    0
192 6.46733  1
203    0
193 9.80331  1
203    0
194 10.6969  1
203    0
195 13.6151  1
203    0
196 13.1442  1
203    0
197 11.6063  1
203    0
198 6.58452  1
203    0
199 10.186  1
203    0
200 11.9466  1
203    0
201 7.6957  1
203    0
202 13.8147  1
203    0
203 0  0
