109
0 10.6969  7
1    3.91859
2    4.8704
3    4.97853
4    5.33166
5    6.4848
6    4.2503
78    3.55493
1 13.6151  2
29    6.15923
30    4.64893
2 13.1442  3
7    4.08687
39    5.91267
72    4.17367
3 11.6063  4
7    5.41992
29    6.27871
38    4.11791
79    6.4848
4 6.58452  3
7    5.51605
17    6.13286
72    4.76182
5 10.186  2
7    5.95369
43    4.89421
6 11.9466  10
8    3.77293
9    4.39477
10    6.42547
11    4.05657
12    5.32104
13    6.4501
14    4.13704
15    5.5838
16    4.30816
29    6.13881
7 7.6957  3
29    5.23196
30    6.4599
40    5.43118
8 13.8147  1
108    0
9 13.796  4
29    6.18725
38    3.68815
49    4.22411
79    4.08687
10 13.7353  3
18    6.10109
19    5.99736
27    5.58399
11 13.5369  2
29    6.06108
49    3.60273
12 12.889  5
29    6.12059
30    4.169
38    4.23775
39    5.38211
40    5.75886
13 10.7732  2
27    5.4819
43    4.84458
14 13.8641  2
28    4.30871
43    4.82939
15 13.9575  2
17    6.14257
40    4.87974
16 14.2624  9
20    5.6586
21    4.55243
22    3.9402
23    4.94099
24    5.20907
25    6.08452
26    5.94325
29    3.57727
30    4.33883
17 5.25758  8
31    4.25533
32    5.97008
33    5.56952
34    4.26147
35    5.99013
36    5.63498
37    4.47525
39    5.10936
18 5.85269  1
43    4.82472
19 7.79611  1
40    5.00902
20 14.1424  1
30    6.24273
21 14.8663  2
40    4.51498
49    3.83894
22 7.22999  1
38    5.00105
23 12.2939  3
27    5.0558
29    5.86671
30    3.75581
24 8.82977  1
43    5.05626
25 7.51778  4
27    3.97536
30    5.68818
38    5.52136
78    4.97853
26 13.2336  1
38    5.40518
27 11.8984  1
38    4.10427
28 7.53822  2
29    6.1444
39    3.64951
29 13.3004  9
63    4.14684
64    5.61576
65    4.41244
66    6.48315
67    4.2449
68    5.93602
69    5.45828
70    3.89827
71    4.80403
30 12.1166  2
40    3.81788
79    5.33166
31 8.25083  2
41    4.54154
42    3.90458
32 5.62716  2
38    5.47678
49    4.12917
33 7.05969  1
40    3.80973
34 11.7379  7
44    5.58545
45    4.31347
46    6.15996
47    6.18963
48    6.28649
49    5.55808
72    4.62394
35 7.01422  1
108    0
36 11.5893  1
38    3.72486
37 6.52867  2
38    3.9586
39    3.99174
38 10.0035  1
108    0
39 11.3506  1
108    0
40 5.74953  1
108    0
41 7.45918  1
49    5.86818
42 13.0422  1
108    0
43 11.2737  1
108    0
44 5.49837  1
108    0
45 6.63915  1
49    4.61029
46 10.3645  1
79    5.51605
47 12.5295  9
50    5.23681
51    6.17507
52    6.23898
53    6.44763
54    4.12889
55    5.55716
56    4.22109
57    5.85829
58    5.20449
48 9.59914  1
108    0
49 10.0301  2
61    5.32196
62    6.45312
50 11.4373  1
79    5.95369
51 6.03244  1
108    0
52 8.38328  2
78    5.46451
79    3.77293
53 6.0596  1
79    4.2503
54 8.47179  1
78    3.68284
55 6.34861  2
59    6.06951
60    5.89427
56 9.41572  5
73    5.70338
74    4.69865
75    4.41766
76    3.50009
77    3.50375
57 9.43129  1
108    0
58 9.48195  1
108    0
59 9.64736  1
108    0
60 10.1875  1
108    0
61 11.9515  1
79    5.41992
62 7.71157  1
108    0
63 13.8665  1
108    0
64 13.9654  1
78    3.91859
65 14.2883  1
108    0
66 5.34242  1
78    4.10051
67 6.1298  1
108    0
68 8.70098  1
108    0
69 7.09723  1
78    3.51575
70 11.8603  1
108    0
71 7.41371  7
80    6.42547
81    4.05657
82    5.32104
83    6.4501
84    4.13704
85    5.5838
86    4.30816
72 12.8939  1
78    4.8704
73 10.7894  1
108    0
74 13.9169  10
87    6.14257
88    6.13286
89    6.10109
90    5.99736
91    5.6586
92    4.55243
93    3.9402
94    4.94099
95    5.20907
96    6.08452
75 14.1299  1
79    4.39477
76 14.8254  1
108    0
77 7.09632  1
108    0
78 11.8572  1
108    0
79 7.40364  1
108    0
80 12.861  1
108    0
81 10.6816  1
108    0
82 13.565  1
108    0
83 12.9809  1
108    0
84 11.0732  1
108    0
85 14.8437  4
97    5.94325
98    5.4819
99    3.97536
100    5.0558
86 7.15613  1
108    0
87 12.0525  1
108    0
88 8.04147  1
108    0
89 14.9438  1
108    0
90 7.48299  1
108    0
91 13.1201  1
108    0
92 11.5276  1
108    0
93 6.32756  1
108    0
94 9.34675  7
101    5.58399
102    4.30871
103    6.1444
104    6.13881
105    6.12059
106    6.06108
107    5.86671
95 9.20606  1
108    0
96 8.74645  1
108    0
97 7.24555  1
108    0
98 12.3446  1
108    0
99 8.99548  1
108    0
100 8.05887  1
108    0
101 5.00031  1
108    0
102 5.01251  1
108    0
103 5.05249  1
108    0
104 5.18311  1
108    0
105 5.60945  1
108    0
106 7.00171  1
108    0
107 11.5484  1
108    0
108 0  0
