113
0 7.15613  2
1    6.15996
9    5.86818
1 12.0525  5
2    6.18963
3    6.28649
4    3.60273
32    5.46451
41    5.99736
2 8.04147  4
9    5.23681
11    4.12889
33    4.8704
76    3.99174
3 14.9438  10
12    4.22109
13    5.85829
14    5.20449
15    6.06951
16    5.89427
17    5.32196
18    6.45312
19    4.14684
20    5.61576
21    4.41244
4 7.48299  7
5    3.83894
6    4.61029
7    4.12917
8    5.55808
9    6.23898
32    3.55493
35    3.77293
5 13.1201  1
9    4.22411
6 11.5276  2
10    6.44763
56    5.68818
7 6.32756  2
32    4.10051
78    4.31347
8 9.34675  2
9    6.17507
35    6.4848
9 9.20606  3
11    5.55716
32    3.51575
56    4.169
10 8.74645  10
22    6.48315
23    4.2449
24    5.93602
25    5.45828
26    3.89827
27    4.80403
28    4.76182
29    4.62394
30    4.17367
31    5.70338
11 7.24555  1
56    3.57727
12 12.3446  2
32    3.50009
35    4.39477
13 8.99548  2
32    3.91859
34    5.33166
14 8.05887  2
35    5.41992
56    4.33883
15 5.00031  3
32    3.50375
34    4.97853
35    4.08687
16 5.01251  2
32    3.68284
41    4.55243
17 5.05249  6
42    4.94099
43    5.20907
44    6.08452
45    5.94325
46    5.4819
47    3.97536
18 5.18311  2
35    5.95369
41    5.6586
19 5.60945  1
32    4.69865
20 7.00171  3
32    4.41766
77    3.90458
78    5.58545
21 11.5484  1
112    0
22 6.39531  3
41    6.13286
55    6.15923
76    5.38211
23 9.56801  7
84    4.22411
85    5.86818
86    5.23681
87    6.17507
88    6.23898
89    6.44763
90    4.12889
24 9.92843  7
61    4.26147
62    5.99013
63    5.63498
64    4.47525
65    3.68815
66    4.11791
67    5.52136
25 11.1055  1
55    5.23196
26 14.9493  2
35    5.51605
41    4.30816
27 7.50099  1
112    0
28 13.179  6
36    6.42547
37    4.05657
38    5.32104
39    6.4501
40    4.13704
55    5.86671
29 11.7202  1
41    5.5838
30 6.95624  1
112    0
31 11.3997  8
91    5.55716
92    4.22109
93    5.85829
94    5.20449
95    6.06951
96    5.89427
97    5.32196
98    6.45312
32 5.90976  1
112    0
33 7.98257  2
41    6.10109
78    5.05626
34 14.7516  1
35    4.2503
35 6.85522  1
112    0
36 11.0701  1
56    3.75581
37 14.8337  1
41    3.9402
38 7.12348  1
77    3.81788
39 11.946  1
41    6.14257
40 7.69387  1
112    0
41 13.8086  2
56    6.24273
77    4.54154
42 13.7762  1
56    6.4599
43 13.6703  4
57    4.64893
58    4.25533
59    5.97008
60    5.56952
44 13.3245  1
56    6.27871
45 12.1953  1
78    6.28649
46 8.5081  2
77    3.80973
78    6.15996
47 6.46733  7
48    5.0558
49    5.58399
50    4.30871
51    6.1444
52    6.13881
53    6.12059
54    6.06108
48 9.80331  1
112    0
49 10.6969  2
74    4.23775
75    5.91267
50 13.6151  2
56    6.18725
76    5.75886
51 13.1442  1
76    5.10936
52 11.6063  6
68    4.10427
69    5.47678
70    3.9586
71    5.00105
72    5.40518
73    3.72486
53 6.58452  1
112    0
54 10.186  1
112    0
55 11.9466  1
112    0
56 7.6957  1
78    4.84458
57 13.8147  1
112    0
58 13.796  1
78    6.18963
59 13.7353  1
112    0
60 13.5369  5
79    3.60273
80    3.83894
81    4.61029
82    4.12917
83    5.55808
61 12.889  2
76    3.64951
78    4.89421
62 10.7732  1
77    5.43118
63 13.8641  1
112    0
64 13.9575  1
112    0
65 14.2624  1
77    5.00902
66 5.25758  1
77    4.82939
67 5.85269  1
112    0
68 7.79611  1
77    4.51498
69 14.1424  1
77    4.87974
70 14.8663  1
112    0
71 7.22999  1
112    0
72 12.2939  1
112    0
73 8.82977  1
77    4.82472
74 7.51778  1
112    0
75 13.2336  1
112    0
76 11.8984  1
112    0
77 7.53822  1
112    0
78 13.3004  1
112    0
79 12.1166  1
112    0
80 8.25083  1
112    0
81 5.62716  10
102    6.48315
103    4.2449
104    5.93602
105    5.45828
106    3.89827
107    4.80403
108    4.76182
109    4.62394
110    4.17367
111    5.70338
82 7.05969  1
112    0
83 11.7379  1
112    0
84 7.01422  1
112    0
85 11.5893  1
112    0
86 6.52867  1
112    0
87 10.0035  1
112    0
88 11.3506  1
112    0
89 5.74953  1
112    0
90 7.45918  1
112    0
91 13.0422  1
112    0
92 11.2737  1
112    0
93 5.49837  1
112    0
94 6.63915  1
112    0
95 10.3645  1
112    0
96 12.5295  1
112    0
97 9.59914  3
99    4.14684
100    5.61576
101    4.41244
98 10.0301  1
112    0
99 11.4373  1
112    0
100 6.03244  1
112    0
101 8.38328  1
112    0
102 6.0596  1
112    0
103 8.47179  1
112    0
104 6.34861  1
112    0
105 9.41572  1
112    0
106 9.43129  1
112    0
107 9.48195  1
112    0
108 9.64736  1
112    0
109 10.1875  1
112    0
110 11.9515  1
112    0
111 7.71157  1
112    0
112 0  0
