174
0 8.47179  6
1    54.5828
2    38.9827
15    55.1605
21    50.558
58    41.2889
159    56.586
1 6.34861  5
2    48.0403
15    53.2104
17    61.3286
129    50.5626
130    38.3894
2 9.41572  10
3    47.6182
4    46.2394
5    41.7367
6    57.0338
7    46.9865
8    44.1766
9    35.0009
10    35.0375
13    54.6451
17    45.5243
3 9.43129  7
18    49.4099
19    52.0907
20    60.8452
22    52.3196
47    50.5626
112    44.7525
129    38.1788
4 9.48195  3
13    48.704
17    39.402
22    61.2059
5 9.64736  3
13    39.1859
15    59.5369
22    60.6108
6 10.1875  7
13    53.3166
15    64.2547
17    61.0109
46    45.4154
85    61.4257
129    48.4458
140    47.6182
7 11.9515  2
13    41.0051
15    43.9477
8 7.71157  4
13    36.8284
15    40.5657
17    43.0816
58    42.2109
9 13.8665  5
11    35.1575
12    35.5493
15    54.1992
17    61.4257
22    61.3881
10 13.9654  4
13    64.848
15    40.8687
22    58.6671
83    64.2547
11 14.2883  4
14    42.503
21    55.8399
64    47.6182
112    55.2136
12 5.34242  4
13    49.7853
17    56.586
47    48.9421
83    53.2104
13 6.1298  3
15    37.7293
22    61.444
35    56.3498
14 8.70098  5
17    59.9736
22    61.8725
36    54.0518
48    38.3894
111    59.9013
15 7.09723  7
16    64.501
17    55.838
21    59.4325
36    54.7678
47    48.2472
48    61.5996
133    64.5312
16 11.8603  6
17    41.3704
35    36.8815
36    59.1267
48    61.8963
93    43.0871
140    35.1575
17 7.41371  6
35    59.9013
36    37.2486
48    62.8649
64    38.9827
130    61.8963
133    53.2196
18 12.8939  5
21    54.819
22    61.5923
58    58.5829
129    48.9421
133    58.9427
19 10.7894  3
21    43.0871
83    54.1992
93    55.8399
20 13.9169  2
21    39.7536
35    42.6147
21 14.1299  7
23    62.7871
24    35.7727
25    37.5581
26    43.3883
27    62.4273
28    64.599
47    48.2939
22 14.8254  3
58    55.5716
83    64.501
85    56.586
23 7.09632  4
35    44.7525
36    42.3775
46    38.1788
140    44.1766
24 11.8572  9
37    53.8211
38    36.4951
39    39.9174
40    51.0936
41    57.5886
42    48.7974
43    50.0902
44    54.3118
45    38.0973
25 7.40364  6
59    64.5312
60    41.4684
61    56.1576
62    44.1244
63    64.8315
140    46.9865
26 12.861  2
48    55.8545
159    59.9736
27 10.6816  7
113    39.586
114    50.0105
115    54.0518
116    37.2486
117    42.3775
118    59.1267
160    59.4325
28 13.565  7
29    41.69
30    56.8818
31    46.4893
32    42.5533
33    59.7008
34    55.6952
46    45.1498
29 12.9809  3
35    55.2136
36    50.0105
85    45.5243
30 11.0732  2
35    41.1791
64    42.449
31 14.8437  2
36    39.586
46    39.0458
32 7.15613  10
49    46.1029
50    41.2917
51    55.5808
52    42.2411
53    58.6818
54    52.3681
55    61.7507
56    62.3898
57    64.4763
58    58.9427
33 12.0525  7
86    49.4099
87    52.0907
88    60.8452
89    59.4325
90    54.819
91    39.7536
92    50.558
34 8.04147  1
35    41.0427
35 14.9438  1
173    0
36 7.48299  1
159    61.0109
37 13.1201  1
173    0
38 11.5276  9
65    41.7367
66    57.0338
67    46.9865
68    44.1766
69    35.0009
70    35.0375
71    35.1575
72    35.5493
85    59.9736
39 6.32756  3
64    48.0403
129    39.0458
139    54.5828
40 9.34675  2
47    48.4458
48    36.0273
41 9.20606  2
48    43.1347
141    35.5493
42 8.74645  1
112    41.0427
43 7.24555  2
85    43.0816
93    60.6108
44 12.3446  2
58    60.6951
64    46.2394
45 8.99548  2
130    42.2411
131    58.5829
46 8.05887  1
85    61.0109
47 5.00031  1
173    0
48 5.01251  5
84    41.3704
85    61.3286
130    61.5996
131    62.3898
141    41.0051
49 5.05249  10
94    58.6671
95    52.3196
96    61.5923
97    61.8725
98    62.7871
99    35.7727
100    37.5581
101    43.3883
102    62.4273
160    54.819
50 5.18311  1
173    0
51 5.60945  1
64    54.5828
52 7.00171  1
58    52.0449
53 11.5484  2
64    59.3602
129    45.4154
54 6.39531  1
173    0
55 9.56801  3
58    53.2196
83    43.9477
112    54.7678
56 9.92843  1
173    0
57 11.1055  6
124    48.7974
125    50.0902
126    54.3118
127    38.0973
128    45.1498
131    61.7507
58 14.9493  10
73    36.8284
74    41.0051
75    54.6451
76    39.1859
77    48.704
78    49.7853
79    53.3166
80    64.848
81    42.503
82    59.5369
59 7.50099  1
173    0
60 13.179  1
160    39.402
61 11.7202  1
173    0
62 6.95624  1
173    0
63 11.3997  1
173    0
64 5.90976  1
173    0
65 7.98257  3
93    61.444
130    62.8649
158    41.3704
66 14.7516  7
150    40.8687
151    54.1992
152    37.7293
153    43.9477
154    64.2547
155    40.5657
156    53.2104
67 6.85522  5
134    56.1576
135    44.1244
136    64.8315
137    42.449
159    61.3286
68 11.0701  1
85    39.402
69 14.8337  1
83    40.5657
70 7.12348  1
173    0
71 11.946  1
131    55.5716
72 7.69387  1
83    55.1605
73 13.8086  1
173    0
74 13.7762  1
131    41.2889
75 13.6703  1
129    55.8545
76 13.3245  1
130    41.2917
77 12.1953  1
131    58.6818
78 8.5081  1
133    60.6951
79 6.46733  2
85    55.838
160    49.4099
80 9.80331  2
83    37.7293
133    41.4684
81 10.6969  1
173    0
82 13.6151  2
83    40.8687
93    61.3881
83 13.1442  1
173    0
84 11.6063  1
111    56.3498
85 6.58452  2
93    61.2059
160    60.8452
86 10.186  9
104    41.69
105    56.8818
106    46.4893
107    42.5533
108    59.7008
109    55.6952
110    42.6147
130    36.0273
140    57.0338
87 11.9466  1
139    48.0403
88 7.6957  2
132    52.0449
141    54.6451
89 13.8147  1
173    0
90 13.796  2
131    42.2109
159    55.838
91 13.7353  1
131    52.3681
92 13.5369  3
103    64.599
112    41.1791
159    45.5243
93 12.889  1
173    0
94 10.7732  1
173    0
95 13.8641  1
112    36.8815
96 13.9575  1
157    64.501
97 14.2624  1
173    0
98 5.25758  1
173    0
99 5.85269  1
173    0
100 7.79611  1
159    43.0816
101 14.1424  1
141    36.8284
102 14.8663  9
164    43.0871
165    61.444
166    61.3881
167    61.2059
168    60.6108
169    58.6671
170    52.3196
171    61.5923
172    61.8725
103 7.22999  1
129    48.2472
104 12.2939  1
173    0
105 8.82977  1
130    55.5808
106 7.51778  1
173    0
107 13.2336  5
119    53.8211
120    36.4951
121    39.9174
122    51.0936
123    57.5886
108 11.8984  1
139    38.9827
109 7.53822  1
173    0
110 13.3004  1
173    0
111 12.1166  1
173    0
112 8.25083  3
161    39.7536
162    50.558
163    55.8399
113 5.62716  1
173    0
114 7.05969  1
173    0
115 11.7379  1
173    0
116 7.01422  1
140    35.0009
117 11.5893  1
173    0
118 6.52867  1
129    48.2939
119 10.0035  1
173    0
120 11.3506  1
173    0
121 5.74953  1
140    35.0375
122 7.45918  1
173    0
123 13.0422  1
173    0
124 11.2737  1
173    0
125 5.49837  2
129    43.1347
130    46.1029
126 6.63915  1
138    59.3602
127 10.3645  1
173    0
128 12.5295  1
173    0
129 9.59914  1
173    0
130 10.0301  2
131    64.4763
140    46.2394
131 11.4373  1
173    0
132 6.03244  1
173    0
133 8.38328  1
173    0
134 6.0596  9
142    39.1859
143    48.704
144    49.7853
145    53.3166
146    64.848
147    42.503
148    59.5369
149    55.1605
160    52.0907
135 8.47179  1
173    0
136 6.34861  1
173    0
137 9.41572  1
173    0
138 9.43129  1
140    41.7367
139 9.48195  1
173    0
140 9.64736  1
173    0
141 10.1875  1
173    0
142 11.9515  1
159    61.4257
143 7.71157  1
173    0
144 13.8665  1
173    0
145 13.9654  1
173    0
146 14.2883  1
173    0
147 5.34242  1
173    0
148 6.1298  1
173    0
149 8.70098  1
173    0
150 7.09723  1
173    0
151 11.8603  1
173    0
152 7.41371  1
173    0
153 12.8939  1
173    0
154 10.7894  1
173    0
155 13.9169  1
173    0
156 14.1299  1
173    0
157 14.8254  1
173    0
158 7.09632  1
173    0
159 11.8572  1
173    0
160 7.40364  1
173    0
161 12.861  1
173    0
162 10.6816  1
173    0
163 13.565  1
173    0
164 12.9809  1
173    0
165 11.0732  1
173    0
166 14.8437  1
173    0
167 7.15613  1
173    0
168 12.0525  1
173    0
169 8.04147  1
173    0
170 14.9438  1
173    0
171 7.48299  1
173    0
172 13.1201  1
173    0
173 0  0
