91
0 6.32756  5
1    9.75948
7    9.64943
25    8.25779
42    11.4068
55    12.2657
1 9.34675  5
2    10.018
3    10.8624
4    7.61946
5    9.02997
7    7.80917
2 9.20606  2
7    9.65877
42    9.24787
3 8.74645  1
7    9.78841
4 7.24555  3
7    9.68917
55    8.61632
80    8.47551
5 12.3446  1
6    7.63576
6 8.99548  3
7    9.08307
42    7.00751
48    7.54585
7 8.05887  10
8    10.1125
9    11.1709
10    8.62694
11    12.3199
12    12.3793
13    12.573
14    7.20545
15    7.67788
25    11.1143
42    7.00018
8 5.00031  4
48    11.0321
55    12.2022
64    8.61742
67    8.33799
9 5.01251  1
90    0
10 5.05249  1
64    7.95071
11 5.18311  1
48    8.5006
12 5.60945  1
48    12.9696
13 7.00171  8
35    8.82488
36    12.9663
37    8.48979
38    11.872
39    10.9166
40    7.79653
41    9.60805
80    7.29902
14 11.5484  5
44    10.929
45    7.83718
46    9.74081
47    9.95706
67    12.9198
15 6.39531  10
16    9.22059
17    8.25834
18    11.1162
19    8.44823
20    11.7364
21    10.4736
22    12.3501
23    12.478
24    12.8953
64    12.2412
16 9.56801  1
90    0
17 9.92843  1
90    0
18 11.1055  8
26    8.44218
27    11.7166
28    10.409
29    12.139
30    11.7885
31    10.6439
32    12.9062
33    8.29368
19 14.9493  2
43    7.36567
55    11.1676
20 7.50099  1
90    0
21 13.179  2
42    8.83532
48    8.17374
22 11.7202  1
90    0
23 6.95624  10
56    11.3172
57    9.10486
58    7.8804
59    9.88198
60    10.4181
61    12.169
62    11.8865
63    10.9638
64    10.1116
67    9.29786
24 11.3997  1
48    10.8398
25 5.90976  1
43    8.20103
26 7.98257  1
80    7.98349
27 14.7516  2
76    8.20853
77    10.9536
28 6.85522  1
42    9.52364
29 11.0701  2
34    11.2315
48    10.6633
30 14.8337  3
48    11.9074
55    11.9947
67    11.9402
31 7.12348  1
42    9.39729
32 11.946  1
67    12.4855
33 7.69387  1
90    0
34 13.8086  1
43    7.10987
35 13.7762  1
64    12.1222
36 13.6703  1
42    8.34733
37 13.3245  1
65    12.3745
38 12.1953  6
49    8.78954
50    12.8509
51    8.11313
52    10.6421
53    12.9002
54    8.27409
39 8.5081  1
42    7.0315
40 6.46733  1
90    0
41 9.80331  1
90    0
42 10.6969  1
67    8.51067
43 13.6151  1
55    12.2851
44 13.1442  1
90    0
45 11.6063  1
64    11.7334
46 6.58452  1
90    0
47 10.186  1
80    11.8253
48 11.9466  1
90    0
49 7.6957  1
65    12.3185
50 13.8147  1
90    0
51 13.796  1
67    11.3764
52 13.7353  1
90    0
53 13.5369  8
68    11.139
69    8.52293
70    11.9803
71    11.27
72    8.9505
73    7.37629
74    8.23582
75    11.0427
54 12.889  1
64    10.4639
55 10.7732  2
78    7.9172
79    10.0021
56 13.8641  1
64    12.2888
57 13.9575  1
90    0
58 14.2624  3
64    11.168
66    7.51161
67    8.67766
59 5.25758  1
66    7.15455
60 5.85269  1
90    0
61 7.79611  1
65    12.5574
62 14.1424  1
64    12.2776
63 14.8663  1
90    0
64 7.22999  1
90    0
65 12.2939  1
90    0
66 8.82977  1
80    10.7642
67 7.51778  1
90    0
68 13.2336  9
81    10.2187
82    11.5177
83    9.75948
84    10.018
85    10.8624
86    7.61946
87    9.02997
88    7.63576
89    9.08307
69 11.8984  1
90    0
70 7.53822  1
80    7.44972
71 13.3004  1
90    0
72 12.1166  1
90    0
73 8.25083  1
90    0
74 5.62716  1
90    0
75 7.05969  1
90    0
76 11.7379  1
80    10.8104
77 7.01422  1
90    0
78 11.5893  1
90    0
79 6.52867  1
90    0
80 10.0035  1
90    0
81 11.3506  1
90    0
82 5.74953  1
90    0
83 7.45918  1
90    0
84 13.0422  1
90    0
85 11.2737  1
90    0
86 5.49837  1
90    0
87 6.63915  1
90    0
88 10.3645  1
90    0
89 12.5295  1
90    0
90 0  0
