46
0 5.90976  1
1    0.852293
1 7.98257  7
2    1.19803
3    1.127
4    0.89505
5    0.737629
6    0.823582
7    1.10427
23    0.902997
2 14.7516  1
45    0
3 6.85522  3
20    0.975948
21    1.0018
22    1.08624
4 11.0701  2
9    0.79172
10    1.00021
5 14.8337  1
8    0.820853
6 7.12348  1
8    1.09536
7 11.946  1
23    0.763576
8 7.69387  1
45    0
9 13.8086  6
24    0.908307
25    0.780917
26    0.964943
27    0.965877
28    0.968917
29    0.978841
10 13.7762  9
11    1.08104
12    0.744972
13    0.847551
14    1.18253
15    1.07642
16    0.729902
17    0.798349
18    1.02187
19    1.15177
11 13.6703  1
45    0
12 13.3245  1
45    0
13 12.1953  1
45    0
14 8.5081  1
23    0.761946
15 6.46733  1
45    0
16 9.80331  1
45    0
17 10.6969  1
45    0
18 13.6151  1
45    0
19 13.1442  1
45    0
20 11.6063  1
45    0
21 6.58452  1
45    0
22 10.186  1
45    0
23 11.9466  6
30    1.01125
31    1.11709
32    0.862694
33    1.23199
34    1.23793
35    1.2573
24 7.6957  1
45    0
25 13.8147  1
45    0
26 13.796  1
45    0
27 13.7353  1
45    0
28 13.5369  1
45    0
29 12.889  1
45    0
30 10.7732  9
36    0.720545
37    0.767788
38    0.922059
39    0.825834
40    1.11162
41    0.844823
42    1.17364
43    1.04736
44    1.23501
31 13.8641  1
45    0
32 13.9575  1
45    0
33 14.2624  1
45    0
34 5.25758  1
45    0
35 5.85269  1
45    0
36 7.79611  1
45    0
37 14.1424  1
45    0
38 14.8663  1
45    0
39 7.22999  1
45    0
40 12.2939  1
45    0
41 8.82977  1
45    0
42 7.51778  1
45    0
43 13.2336  1
45    0
44 11.8984  1
45    0
45 0  0
