242
0 7.05969  7
1    3.97536
2    5.0558
3    6.1444
9    6.24273
26    5.00902
103    4.87974
152    5.99736
1 11.7379  8
2    5.58399
3    4.30871
9    3.75581
25    5.38211
27    3.81788
33    6.28649
58    4.41766
130    3.50009
2 7.01422  3
9    6.15923
42    5.55716
58    3.50009
3 11.5893  8
4    6.13881
5    6.12059
6    6.06108
7    5.86671
8    5.23196
9    6.27871
25    3.99174
26    4.51498
4 6.52867  4
9    4.169
95    4.169
173    3.81788
175    6.17507
5 10.0035  6
9    3.57727
25    4.23775
64    5.33166
167    5.47678
210    4.08687
211    4.05657
6 11.3506  4
9    4.33883
27    3.90458
102    5.00105
173    4.54154
7 5.74953  3
9    6.18725
24    5.00105
175    5.86818
8 7.45918  4
9    6.4599
28    4.82939
84    6.08452
230    6.24273
9 13.0422  10
10    5.68818
11    4.64893
12    4.25533
13    5.97008
14    5.56952
15    4.26147
16    5.99013
17    5.63498
26    4.87974
33    3.83894
10 11.2737  1
33    4.61029
11 5.49837  1
64    4.97853
12 6.63915  6
24    5.40518
26    5.10936
42    5.85829
60    3.55493
101    4.10427
229    6.27871
13 10.3645  5
25    5.91267
28    4.89421
60    3.68284
96    4.26147
175    6.23898
14 12.5295  10
49    4.41244
50    6.48315
51    4.2449
52    5.93602
53    5.45828
54    3.89827
55    4.80403
56    4.76182
57    4.62394
210    6.42547
15 9.59914  9
18    4.47525
19    3.68815
20    4.11791
21    5.52136
22    4.10427
23    5.47678
84    5.94325
129    5.93602
152    5.5838
16 10.0301  4
58    4.69865
95    4.33883
102    5.91267
229    6.12059
17 11.4373  5
24    3.72486
26    5.75886
33    6.18963
145    5.41992
173    4.82472
18 6.03244  6
29    5.05626
30    5.58545
31    4.31347
32    6.15996
119    3.83894
129    3.89827
19 8.38328  3
25    3.64951
26    3.80973
59    3.51575
20 6.0596  2
76    6.14257
119    4.61029
21 8.47179  3
27    4.82472
42    5.20449
215    6.14257
22 6.34861  3
33    3.60273
64    6.4848
95    6.18725
23 9.41572  5
24    3.9586
27    4.54154
120    5.23681
210    5.41992
230    4.25533
24 9.43129  7
26    5.43118
42    4.22109
58    4.17367
95    5.68818
101    5.52136
173    4.87974
229    6.18725
25 9.48195  7
43    6.06951
44    5.89427
45    5.32196
46    6.45312
47    4.14684
48    5.61576
58    3.50375
26 9.64736  2
28    4.84458
167    5.63498
27 10.1875  8
34    5.55808
35    4.22411
36    5.86818
37    5.23681
38    6.17507
39    6.23898
40    6.44763
41    4.12889
28 11.9515  2
33    4.12917
174    4.84458
29 7.71157  1
119    4.12917
30 13.8665  3
96    5.56952
101    5.47678
103    3.99174
31 13.9654  2
117    6.15996
118    6.18963
32 14.2883  5
183    4.14684
184    5.61576
185    4.41244
186    6.48315
187    4.2449
33 5.34242  1
241    0
34 6.1298  1
241    0
35 8.70098  1
167    5.99013
36 7.09723  1
241    0
37 11.8603  3
58    5.70338
162    5.23196
215    4.30816
38 7.41371  2
96    4.25533
176    5.55716
39 12.8939  1
226    4.30871
40 10.7894  1
241    0
41 13.9169  1
84    3.97536
42 14.1299  1
176    4.22109
43 14.8254  10
85    5.0558
86    5.58399
87    4.30871
88    6.1444
89    6.13881
90    6.12059
91    6.06108
92    5.86671
93    5.23196
94    6.15923
44 7.09632  2
129    4.2449
172    3.99174
45 11.8572  4
61    5.46451
62    3.91859
63    4.8704
152    6.14257
46 7.40364  10
121    4.12889
122    5.55716
123    4.22109
124    5.85829
125    5.20449
126    6.06951
127    5.89427
128    5.32196
130    4.17367
174    4.82939
47 12.861  5
129    4.14684
167    3.68815
174    6.28649
175    5.55808
210    4.39477
48 10.6816  1
130    4.80403
49 13.565  9
68    4.39477
69    6.42547
70    4.05657
71    5.32104
72    6.4501
73    4.13704
74    5.5838
75    4.30816
102    3.9586
50 12.9809  1
241    0
51 11.0732  1
101    4.11791
52 14.8437  7
77    6.10109
78    5.99736
79    5.6586
80    4.55243
81    3.9402
82    4.94099
83    5.20907
53 7.15613  2
64    5.95369
84    5.4819
54 12.0525  3
165    5.97008
166    5.56952
167    4.11791
55 8.04147  2
95    6.4599
215    5.99736
56 14.9438  2
102    3.72486
229    6.15923
57 7.48299  1
60    4.10051
58 13.1201  9
153    5.6586
154    4.55243
155    3.9402
156    4.94099
157    5.20907
158    6.08452
159    5.94325
160    5.4819
161    3.97536
59 11.5276  1
241    0
60 6.32756  2
64    5.51605
230    4.64893
61 9.34675  3
65    4.08687
66    5.41992
67    3.77293
62 9.20606  2
95    3.75581
162    4.30871
63 8.74645  1
64    4.2503
64 7.24555  1
95    3.57727
65 12.3446  2
102    5.38211
104    5.43118
66 8.99548  1
172    5.91267
67 8.05887  2
102    3.64951
164    3.75581
68 5.00031  1
164    3.57727
69 5.01251  1
241    0
70 5.05249  2
95    6.27871
172    5.10936
71 5.18311  10
105    3.80973
106    4.51498
107    3.81788
108    4.54154
109    3.90458
110    4.82472
111    4.82939
112    4.84458
113    4.89421
175    3.83894
72 5.60945  2
95    4.64893
120    5.55808
73 7.00171  1
76    6.13286
74 11.5484  3
96    5.97008
102    4.23775
174    5.05626
75 6.39531  1
210    3.77293
76 9.56801  1
241    0
77 9.92843  1
241    0
78 11.1055  4
138    4.8704
152    6.10109
167    3.9586
229    6.06108
79 14.9493  7
197    4.41766
198    3.50009
199    3.50375
200    3.51575
201    3.55493
202    3.68284
211    5.32104
80 7.50099  4
95    6.24273
152    4.13704
162    6.12059
229    5.86671
81 13.179  2
173    5.43118
177    5.85829
82 11.7202  1
241    0
83 6.95624  3
162    6.1444
176    4.12889
229    3.57727
84 11.3997  2
119    6.28649
164    6.4599
85 5.90976  3
97    5.99013
98    5.63498
173    3.90458
86 7.98257  3
104    5.00902
120    4.22411
175    4.12917
87 14.7516  1
241    0
88 6.85522  3
99    4.47525
100    3.68815
103    5.10936
89 11.0701  1
172    5.75886
90 14.8337  1
167    4.47525
91 7.12348  1
241    0
92 11.946  3
102    5.40518
103    5.75886
164    5.68818
93 7.69387  2
129    5.45828
130    4.62394
94 13.8086  1
229    4.33883
95 13.7762  1
241    0
96 13.6703  1
139    4.97853
97 13.3245  1
162    5.86671
98 12.1953  5
114    5.05626
115    5.58545
116    4.31347
130    4.76182
175    4.61029
99 8.5081  2
120    5.86818
210    4.2503
100 6.46733  1
130    5.70338
101 9.80331  2
120    6.17507
174    4.89421
102 10.6969  1
241    0
103 13.6151  1
120    6.44763
104 13.1442  7
203    4.10051
204    5.46451
205    3.91859
206    4.8704
207    4.97853
208    5.33166
209    6.4848
105 11.6063  2
129    4.41244
174    4.31347
106 6.58452  1
167    5.52136
107 10.186  3
119    3.60273
129    6.45312
172    5.38211
108 11.9466  2
129    5.61576
230    4.169
109 7.6957  2
129    6.48315
229    5.23196
110 13.8147  2
174    6.18963
230    5.97008
111 13.796  1
162    6.13881
112 13.7353  1
241    0
113 13.5369  2
162    5.58399
164    4.64893
114 12.889  3
130    4.41766
144    5.51605
164    4.33883
115 10.7732  9
188    5.93602
189    5.45828
190    3.89827
191    4.80403
192    4.76182
193    4.62394
194    4.17367
195    5.70338
196    4.69865
116 13.8641  2
213    4.13704
214    5.5838
117 13.9575  1
163    6.18725
118 14.2624  1
237    4.10427
119 5.25758  2
120    6.23898
130    4.69865
120 5.85269  2
164    4.25533
230    5.68818
121 7.79611  2
152    4.30816
173    3.80973
122 14.1424  1
167    4.26147
123 14.8663  1
241    0
124 7.22999  2
239    3.9586
240    5.00105
125 12.2939  1
241    0
126 8.82977  1
164    6.27871
127 7.51778  1
162    6.06108
128 13.2336  8
131    3.50375
132    3.51575
133    3.55493
134    3.68284
135    4.10051
136    5.46451
137    3.91859
215    6.13286
129 11.8984  1
226    5.58399
130 7.53822  2
150    5.32104
173    4.51498
131 13.3004  1
174    5.58545
132 12.1166  4
140    5.33166
141    6.4848
142    4.2503
143    5.95369
133 8.25083  2
224    3.97536
225    5.0558
134 5.62716  1
151    6.4501
135 7.05969  5
146    3.77293
147    4.39477
148    6.42547
149    4.05657
173    5.00902
136 11.7379  1
241    0
137 7.01422  1
175    5.23681
138 11.5893  4
168    5.00105
169    5.40518
170    3.72486
171    4.23775
139 6.52867  1
241    0
140 10.0035  1
241    0
141 11.3506  2
145    4.08687
172    3.64951
142 5.74953  1
241    0
143 7.45918  2
163    6.15923
175    3.60273
144 13.0422  1
241    0
145 11.2737  1
162    5.0558
146 5.49837  1
241    0
147 6.63915  1
241    0
148 10.3645  1
241    0
149 12.5295  1
241    0
150 9.59914  1
236    3.68815
151 10.0301  2
152    6.13286
237    4.11791
152 11.4373  1
164    4.169
153 6.03244  1
241    0
154 8.38328  1
241    0
155 6.0596  1
241    0
156 8.47179  1
176    6.44763
157 6.34861  2
167    4.10427
174    6.15996
158 9.41572  1
241    0
159 9.43129  1
164    6.24273
160 9.48195  1
241    0
161 9.64736  1
229    3.75581
162 10.1875  1
241    0
163 11.9515  1
241    0
164 7.71157  1
241    0
165 13.8665  1
241    0
166 13.9654  1
241    0
167 14.2883  1
241    0
168 5.34242  1
175    4.22411
169 6.1298  1
241    0
170 8.70098  1
241    0
171 7.09723  1
210    5.51605
172 11.8603  1
241    0
173 7.41371  6
178    5.20449
179    6.06951
180    5.89427
181    5.32196
182    6.45312
237    5.52136
174 12.8939  1
241    0
175 10.7894  1
241    0
176 13.9169  1
241    0
177 14.1299  1
241    0
178 14.8254  1
241    0
179 7.09632  1
241    0
180 11.8572  1
212    6.4501
181 7.40364  1
241    0
182 12.861  1
241    0
183 10.6816  1
241    0
184 13.565  8
216    5.6586
217    4.55243
218    3.9402
219    4.94099
220    5.20907
221    6.08452
222    5.94325
223    5.4819
185 12.9809  1
241    0
186 11.0732  1
241    0
187 14.8437  1
241    0
188 7.15613  1
241    0
189 12.0525  1
241    0
190 8.04147  1
241    0
191 14.9438  2
227    6.1444
228    6.13881
192 7.48299  1
241    0
193 13.1201  1
241    0
194 11.5276  1
241    0
195 6.32756  1
241    0
196 9.34675  1
241    0
197 9.20606  1
241    0
198 8.74645  1
241    0
199 7.24555  1
241    0
200 12.3446  1
241    0
201 8.99548  1
241    0
202 8.05887  1
241    0
203 5.00031  1
241    0
204 5.01251  1
230    6.4599
205 5.05249  1
241    0
206 5.18311  1
241    0
207 5.60945  1
241    0
208 7.00171  1
210    5.95369
209 11.5484  1
241    0
210 6.39531  1
241    0
211 9.56801  1
215    6.10109
212 9.92843  5
231    5.56952
232    4.26147
233    5.99013
234    5.63498
235    4.47525
213 11.1055  1
241    0
214 14.9493  1
241    0
215 7.50099  1
241    0
216 13.179  1
241    0
217 11.7202  1
241    0
218 6.95624  1
241    0
219 11.3997  1
241    0
220 5.90976  1
241    0
221 7.98257  1
241    0
222 14.7516  1
241    0
223 6.85522  1
241    0
224 11.0701  1
241    0
225 14.8337  1
241    0
226 7.12348  1
241    0
227 11.946  1
241    0
228 7.69387  1
238    5.47678
229 13.8086  1
241    0
230 13.7762  1
241    0
231 13.6703  1
241    0
232 13.3245  1
241    0
233 12.1953  1
241    0
234 8.5081  1
241    0
235 6.46733  1
241    0
236 9.80331  1
241    0
237 10.6969  1
241    0
238 13.6151  1
241    0
239 13.1442  1
241    0
240 11.6063  1
241    0
241 0  0
