50
0 7.40364  10
1    6.13286
2    6.10109
3    5.99736
4    5.6586
5    4.55243
6    3.9402
7    4.94099
8    5.20907
9    6.08452
10    5.4819
1 12.861  1
20    6.15923
2 10.6816  1
49    0
3 13.565  2
17    6.06108
38    3.9586
4 12.9809  1
10    5.94325
5 11.0732  2
18    5.86671
19    5.23196
6 14.8437  1
20    4.33883
7 7.15613  6
32    4.47525
33    3.68815
34    4.11791
35    5.52136
36    4.10427
37    5.47678
8 12.0525  7
11    3.97536
12    5.0558
13    5.58399
14    4.30871
15    6.1444
16    6.13881
20    3.75581
9 8.04147  2
38    5.91267
39    5.75886
10 14.9438  4
21    6.24273
22    6.4599
23    4.169
38    5.40518
11 7.48299  2
20    6.18725
38    3.99174
12 13.1201  1
49    0
13 11.5276  2
17    6.12059
39    4.51498
14 6.32756  2
20    6.27871
40    4.82472
15 9.34675  2
38    4.23775
40    4.82939
16 9.20606  2
38    5.00105
39    5.00902
17 8.74645  1
20    3.57727
18 7.24555  2
38    5.38211
39    3.80973
19 12.3446  1
49    0
20 8.99548  1
49    0
21 8.05887  8
24    5.68818
25    4.64893
26    4.25533
27    5.97008
28    5.56952
29    4.26147
30    5.99013
31    5.63498
22 5.00031  1
49    0
23 5.01251  1
49    0
24 5.05249  2
38    5.10936
39    5.43118
25 5.18311  1
49    0
26 5.60945  1
40    3.90458
27 7.00171  1
49    0
28 11.5484  1
40    4.54154
29 6.39531  1
49    0
30 9.56801  2
38    3.72486
39    4.87974
31 9.92843  1
42    4.89421
32 11.1055  1
49    0
33 14.9493  1
49    0
34 7.50099  6
43    5.05626
44    5.58545
45    4.31347
46    6.15996
47    6.18963
48    6.28649
35 13.179  1
49    0
36 11.7202  1
49    0
37 6.95624  2
38    3.64951
39    3.81788
38 11.3997  1
49    0
39 5.90976  1
41    4.84458
40 7.98257  1
49    0
41 14.7516  1
49    0
42 6.85522  1
49    0
43 11.0701  1
49    0
44 14.8337  1
49    0
45 7.12348  1
49    0
46 11.946  1
49    0
47 7.69387  1
49    0
48 13.8086  1
49    0
49 0  0
