122
0 5.25758  10
1    1.09638
2    0.795071
3    1.01116
4    1.1168
5    0.861742
6    1.22888
24    1.07642
25    1.08624
37    0.862694
38    1.23501
1 5.85269  3
25    1.02187
38    1.04736
113    0.862694
2 7.79611  3
24    0.79172
38    0.844823
55    0.952364
3 14.1424  3
22    0.929786
24    1.09536
55    0.834733
4 14.8663  10
7    1.22776
8    1.22412
9    1.21222
10    1.17334
11    1.04639
12    1.23185
13    1.23745
14    1.25574
15    0.715455
25    0.975948
5 7.22999  2
24    0.744972
88    1.25574
6 12.2939  2
22    1.1139
99    1.18253
7 8.82977  2
23    0.89505
38    1.17364
8 7.51778  2
23    1.10427
25    0.729902
9 13.2336  3
25    1.15177
86    0.861742
88    0.751161
10 11.8984  9
39    1.11143
40    0.844218
41    1.17166
42    1.0409
43    1.2139
44    1.17885
45    1.06439
46    1.29062
47    0.829368
11 7.53822  2
22    1.19402
23    0.823582
12 13.3004  3
22    0.852293
24    0.847551
37    0.720545
13 12.1166  4
22    1.127
23    0.737629
24    1.18253
37    1.11162
14 8.25083  1
23    0.820853
15 5.62716  6
16    0.751161
17    0.867766
18    1.24855
19    1.29198
20    0.833799
21    1.13764
16 7.05969  10
26    0.761946
27    0.902997
28    0.763576
29    0.908307
30    0.780917
31    0.964943
32    0.965877
33    0.968917
34    0.978841
35    1.01125
17 11.7379  7
48    1.12315
49    0.882488
50    1.29663
51    0.848979
52    1.1872
53    1.09166
54    0.779653
18 7.01422  2
22    0.851067
38    0.825779
19 11.5893  2
22    1.19803
77    1.06421
20 6.52867  4
24    1.00021
38    1.28953
84    0.78804
113    0.922059
21 10.0035  4
24    1.08104
25    1.0018
37    1.23199
86    1.22412
22 11.3506  2
76    0.811313
86    1.21222
23 5.74953  2
25    0.798349
86    1.22776
24 7.45918  1
88    1.24855
25 13.0422  1
66    0.974081
26 11.2737  2
38    1.24779
88    1.04639
27 5.49837  2
64    1.0929
65    0.783718
28 6.63915  2
37    0.767788
99    0.798349
29 10.3645  3
36    1.11709
84    1.22022
89    0.929786
30 12.5295  3
37    0.825834
86    1.22888
113    1.23199
31 9.59914  1
55    0.924787
32 10.0301  3
95    1.10427
96    0.820853
97    1.09536
33 11.4373  6
78    1.29002
79    0.827409
80    1.11676
81    0.861632
82    1.22851
83    1.22657
34 6.03244  2
37    0.922059
55    1.14068
35 8.38328  3
37    1.2573
88    0.715455
89    0.851067
36 6.0596  2
37    1.23793
84    1.18865
37 8.47179  1
98    0.744972
38 6.34861  1
90    1.19803
39 9.41572  1
121    0
40 9.43129  1
121    0
41 9.48195  1
84    1.04181
42 9.64736  8
56    0.939729
57    0.883532
58    0.700018
59    0.700751
60    0.703149
61    0.710987
62    0.736567
63    0.820103
43 10.1875  1
121    0
44 11.9515  1
84    1.13172
45 7.71157  1
87    1.17334
46 13.8665  2
55    0.960805
113    0.720545
47 13.9654  1
121    0
48 14.2883  1
98    1.00021
49 5.34242  1
121    0
50 6.1298  10
103    0.902997
104    0.763576
105    0.908307
106    0.780917
107    0.964943
108    0.965877
109    0.968917
110    0.978841
111    1.01125
112    1.11709
51 8.70098  2
101    1.0018
113    0.767788
52 7.09723  1
89    1.19402
53 11.8603  1
74    1.08398
54 7.41371  2
84    1.19947
88    0.867766
55 12.8939  1
121    0
56 10.7894  1
76    0.878954
57 13.9169  1
121    0
58 14.1299  1
98    0.79172
59 14.8254  7
67    0.995706
68    1.06633
69    1.29696
70    0.85006
71    1.19074
72    1.10321
73    0.817374
60 7.09632  1
84    1.2169
61 11.8572  1
121    0
62 7.40364  1
85    1.01116
63 12.861  1
89    0.833799
64 10.6816  1
85    1.09638
65 13.565  3
86    1.1168
88    1.23745
89    1.13764
66 12.9809  2
75    0.754585
76    1.28509
67 11.0732  1
88    1.23185
68 14.8437  1
85    0.795071
69 7.15613  1
84    0.910486
70 12.0525  1
121    0
71 8.04147  1
121    0
72 14.9438  1
88    1.29198
73 7.48299  1
121    0
74 13.1201  1
121    0
75 11.5276  5
91    1.127
92    0.89505
93    0.737629
94    0.823582
102    1.08624
76 6.32756  1
89    1.1139
77 9.34675  1
121    0
78 9.20606  1
121    0
79 8.74645  1
121    0
80 7.24555  1
99    0.729902
81 12.3446  1
121    0
82 8.99548  1
121    0
83 8.05887  1
84    0.988198
84 5.00031  1
121    0
85 5.01251  1
100    1.15177
86 5.05249  1
121    0
87 5.18311  2
89    0.852293
99    1.02187
88 5.60945  1
121    0
89 7.00171  1
121    0
90 11.5484  4
98    1.08104
99    1.07642
100    0.975948
113    1.23793
91 6.39531  1
102    0.761946
92 9.56801  1
121    0
93 9.92843  1
121    0
94 11.1055  7
114    0.825834
115    1.11162
116    0.844823
117    1.17364
118    1.04736
119    1.23501
120    1.24779
95 14.9493  1
121    0
96 7.50099  1
121    0
97 13.179  1
121    0
98 11.7202  1
99    0.847551
99 6.95624  1
113    1.2573
100 11.3997  1
121    0
101 5.90976  1
121    0
102 7.98257  1
121    0
103 14.7516  1
121    0
104 6.85522  1
121    0
105 11.0701  1
121    0
106 14.8337  1
121    0
107 7.12348  1
121    0
108 11.946  1
121    0
109 7.69387  1
121    0
110 13.8086  1
121    0
111 13.7762  1
121    0
112 13.6703  1
121    0
113 13.3245  1
121    0
114 12.1953  1
121    0
115 8.5081  1
121    0
116 6.46733  1
121    0
117 9.80331  1
121    0
118 10.6969  1
121    0
119 13.6151  1
121    0
120 13.1442  1
121    0
121 0  0
