117
0 13.8665  6
1    0.729902
2    0.798349
21    1.28953
28    0.883532
46    0.861632
84    0.825834
1 13.9654  4
2    1.02187
21    1.04736
46    1.22657
108    0.736567
2 14.2883  10
3    1.15177
4    0.975948
5    1.0018
6    1.08624
7    0.761946
8    0.902997
9    0.763576
10    0.908307
25    0.882488
28    0.834733
3 5.34242  3
21    1.17166
28    0.703149
82    0.780917
4 6.1298  4
21    1.17364
25    1.29663
28    0.700018
67    1.25574
5 8.70098  4
20    1.2573
25    1.06439
88    1.11143
105    0.939729
6 7.09723  2
20    1.23793
21    0.825779
7 11.8603  2
20    0.825834
55    1.18865
8 7.41371  10
11    0.780917
12    0.964943
13    0.965877
14    0.968917
15    0.978841
16    1.01125
17    1.11709
18    0.862694
19    1.23199
21    1.11143
9 12.8939  4
25    1.29062
28    0.700751
69    0.929786
75    0.847551
10 10.7894  6
22    1.0409
23    1.2139
24    1.17885
46    1.29002
66    1.23745
82    0.968917
11 13.9169  2
21    0.844218
69    0.737629
12 14.1299  1
116    0
13 14.8254  3
20    0.844823
25    1.09166
45    0.811313
14 7.09632  2
20    0.720545
21    1.24779
15 11.8572  3
20    0.922059
25    1.1872
75    1.08104
16 7.40364  4
20    0.767788
28    0.939729
67    0.867766
82    0.763576
17 12.861  4
26    0.960805
27    0.952364
83    0.978841
109    0.974081
18 10.6816  5
20    1.11162
25    0.829368
28    0.924787
88    1.24779
109    1.29696
19 13.565  1
21    1.23501
20 12.9809  3
25    0.779653
45    1.06421
67    0.715455
21 11.0732  2
28    0.710987
85    1.17364
22 14.8437  3
25    1.12315
66    1.23185
88    0.825779
23 7.15613  2
25    0.848979
84    1.2573
24 12.0525  9
29    0.736567
30    0.820103
31    1.0929
32    0.783718
33    0.974081
34    0.995706
35    1.06633
69    1.127
75    0.744972
25 8.04147  10
36    1.29696
37    0.85006
38    1.19074
39    1.10321
40    0.817374
41    1.08398
42    0.754585
43    0.878954
44    1.28509
82    0.965877
26 14.9438  2
68    1.24855
84    0.922059
27 7.48299  2
28    1.14068
81    0.761946
28 13.1201  7
49    1.13172
50    0.910486
51    0.78804
52    0.988198
53    1.04181
54    1.2169
55    1.09638
29 11.5276  7
70    0.823582
71    1.10427
72    0.820853
73    1.09536
74    0.79172
75    1.00021
81    0.902997
30 6.32756  3
86    1.04736
87    1.23501
109    1.19074
31 9.34675  1
109    0.783718
32 9.20606  7
98    1.29663
99    0.848979
100    1.1872
101    1.09166
102    0.779653
103    0.960805
104    0.952364
33 8.74645  1
116    0
34 7.24555  1
68    1.29198
35 12.3446  1
46    1.11676
36 8.99548  2
48    1.19947
82    0.964943
37 8.05887  3
84    1.23793
106    0.883532
109    1.06633
38 5.00031  9
89    1.17166
90    1.0409
91    1.2139
92    1.17885
93    1.06439
94    1.29062
95    0.829368
96    1.12315
97    0.882488
39 5.01251  3
47    1.22022
69    1.1139
109    1.0929
40 5.05249  1
116    0
41 5.18311  1
116    0
42 5.60945  4
46    0.827409
68    0.833799
82    0.908307
83    1.01125
43 7.00171  1
116    0
44 11.5484  2
46    1.22851
69    0.851067
45 6.39531  1
116    0
46 9.56801  1
116    0
47 9.92843  6
76    1.02187
77    1.15177
78    0.975948
79    1.0018
80    1.08624
84    0.767788
48 11.1055  2
69    1.19402
108    0.820103
49 14.9493  2
67    0.751161
69    1.13764
50 7.50099  1
88    0.844218
51 13.179  2
83    1.11709
105    1.14068
52 11.7202  10
56    0.795071
57    1.01116
58    1.1168
59    0.861742
60    1.22888
61    1.22776
62    1.22412
63    1.21222
64    1.17334
65    1.04639
53 6.95624  2
69    1.19803
83    0.862694
54 11.3997  1
116    0
55 5.90976  1
84    0.844823
56 7.98257  2
69    0.89505
75    0.798349
57 14.7516  2
84    1.23199
105    0.924787
58 6.85522  2
69    0.852293
84    1.11162
59 11.0701  1
116    0
60 14.8337  1
88    1.28953
61 7.12348  1
116    0
62 11.946  1
75    1.07642
63 7.69387  1
116    0
64 13.8086  1
116    0
65 13.7762  1
116    0
66 13.6703  1
116    0
67 13.3245  1
116    0
68 12.1953  1
116    0
69 8.5081  1
75    1.18253
70 6.46733  4
75    0.729902
105    0.834733
106    0.700751
109    0.995706
71 9.80331  1
116    0
72 10.6969  1
116    0
73 13.6151  1
116    0
74 13.1442  1
116    0
75 11.6063  1
107    0.710987
76 6.58452  1
84    0.720545
77 10.186  1
116    0
78 11.9466  1
116    0
79 7.6957  1
116    0
80 13.8147  1
116    0
81 13.796  1
116    0
82 13.7353  1
116    0
83 13.5369  1
116    0
84 12.889  1
116    0
85 10.7732  1
116    0
86 13.8641  1
109    0.85006
87 13.9575  1
116    0
88 14.2624  1
116    0
89 5.25758  1
116    0
90 5.85269  1
116    0
91 7.79611  1
106    0.700018
92 14.1424  1
116    0
93 14.8663  1
116    0
94 7.22999  1
116    0
95 12.2939  1
116    0
96 8.82977  1
109    1.10321
97 7.51778  1
116    0
98 13.2336  1
116    0
99 11.8984  1
116    0
100 7.53822  1
116    0
101 13.3004  1
116    0
102 12.1166  1
106    0.703149
103 8.25083  1
116    0
104 5.62716  1
116    0
105 7.05969  6
110    0.817374
111    1.08398
112    0.754585
113    0.878954
114    1.28509
115    0.811313
106 11.7379  1
116    0
107 7.01422  1
116    0
108 11.5893  1
116    0
109 6.52867  1
116    0
110 10.0035  1
116    0
111 11.3506  1
116    0
112 5.74953  1
116    0
113 7.45918  1
116    0
114 13.0422  1
116    0
115 11.2737  1
116    0
116 0  0
