88
0 11.2737  5
1    59.9736
13    60.6108
22    54.7678
28    54.3118
43    41.2917
1 5.49837  6
2    56.586
3    45.5243
4    39.402
5    49.4099
6    52.0907
22    41.1791
2 6.63915  4
11    50.558
12    55.8399
13    61.8725
14    43.3883
3 10.3645  2
13    61.2059
22    55.2136
4 12.5295  9
15    42.5533
16    59.7008
17    55.6952
18    42.6147
19    59.9013
20    56.3498
21    44.7525
22    39.586
28    51.0936
5 9.59914  3
13    61.444
14    64.599
51    52.0449
6 10.0301  6
7    60.8452
8    59.4325
9    54.819
10    39.7536
13    62.7871
14    37.5581
7 11.4373  2
14    56.8818
22    36.8815
8 6.03244  2
13    61.5923
28    48.7974
9 8.38328  3
13    58.6671
14    62.4273
28    57.5886
10 6.0596  3
13    43.0871
22    41.0427
28    36.4951
11 8.47179  3
13    52.3196
14    35.7727
51    42.2109
12 6.34861  2
13    61.3881
14    41.69
13 9.41572  2
14    46.4893
51    55.5716
14 9.43129  1
28    50.0902
15 9.48195  6
23    54.0518
24    37.2486
25    42.3775
26    59.1267
27    53.8211
28    39.9174
16 9.64736  1
22    50.0105
17 10.1875  1
87    0
18 11.9515  1
28    38.1788
19 7.71157  7
34    48.9421
35    50.5626
36    55.8545
37    43.1347
38    61.5996
39    61.8963
40    62.8649
20 13.8665  1
87    0
21 13.9654  1
28    38.0973
22 14.2883  1
28    45.1498
23 5.34242  1
87    0
24 6.1298  3
31    48.2472
32    48.2939
33    48.4458
25 8.70098  1
63    46.2394
26 7.09723  2
29    45.4154
30    39.0458
27 11.8603  1
87    0
28 7.41371  1
87    0
29 12.8939  1
63    47.6182
30 10.7894  1
87    0
31 13.9169  1
87    0
32 14.1299  1
87    0
33 14.8254  10
52    53.2196
53    64.5312
54    41.4684
55    56.1576
56    44.1244
57    64.8315
58    42.449
59    59.3602
60    54.5828
61    38.9827
34 7.09632  1
87    0
35 11.8572  1
43    55.5808
36 7.40364  1
51    58.9427
37 12.861  1
87    0
38 10.6816  2
43    46.1029
51    58.5829
39 13.565  2
41    36.0273
42    38.3894
40 12.9809  7
44    42.2411
45    58.6818
46    52.3681
47    61.7507
48    62.3898
49    64.4763
50    41.2889
41 11.0732  1
87    0
42 14.8437  1
87    0
43 7.15613  1
87    0
44 12.0525  1
87    0
45 8.04147  1
87    0
46 14.9438  1
87    0
47 7.48299  1
62    48.0403
48 13.1201  9
70    35.1575
71    35.5493
72    36.8284
73    41.0051
74    54.6451
75    39.1859
76    48.704
77    49.7853
78    53.3166
49 11.5276  1
87    0
50 6.32756  1
51    60.6951
51 9.34675  1
87    0
52 9.20606  3
64    41.7367
65    57.0338
66    46.9865
53 8.74645  1
87    0
54 7.24555  1
87    0
55 12.3446  1
87    0
56 8.99548  1
87    0
57 8.05887  1
87    0
58 5.00031  3
67    44.1766
68    35.0009
69    35.0375
59 5.01251  1
87    0
60 5.05249  1
87    0
61 5.18311  1
87    0
62 5.60945  2
85    37.7293
86    43.9477
63 7.00171  1
87    0
64 11.5484  1
87    0
65 6.39531  1
87    0
66 9.56801  1
87    0
67 9.92843  1
87    0
68 11.1055  6
79    64.848
80    42.503
81    59.5369
82    55.1605
83    40.8687
84    54.1992
69 14.9493  1
87    0
70 7.50099  1
87    0
71 13.179  1
87    0
72 11.7202  1
87    0
73 6.95624  1
87    0
74 11.3997  1
87    0
75 5.90976  1
87    0
76 7.98257  1
87    0
77 14.7516  1
87    0
78 6.85522  1
87    0
79 11.0701  1
87    0
80 14.8337  1
87    0
81 7.12348  1
87    0
82 11.946  1
87    0
83 7.69387  1
87    0
84 13.8086  1
87    0
85 13.7762  1
87    0
86 13.6703  1
87    0
87 0  0
