229
0 12.9809  6
1    42.3775
2    59.1267
3    53.8211
18    61.5996
20    58.5829
21    41.4684
1 11.0732  9
4    36.4951
5    39.9174
6    51.0936
7    57.5886
8    48.7974
9    50.0902
10    54.3118
19    58.6818
20    41.2889
2 14.8437  10
12    48.2472
13    48.2939
14    48.4458
15    48.9421
16    50.5626
17    55.8545
18    62.8649
21    44.1244
87    51.0936
88    54.3118
3 7.15613  3
18    46.1029
63    49.4099
75    60.6108
4 12.0525  4
11    45.4154
20    62.3898
102    42.2109
208    42.449
5 8.04147  4
11    38.1788
18    55.5808
20    64.4763
180    57.5886
6 14.9438  5
11    39.0458
19    52.3681
21    64.8315
98    41.2917
109    59.3602
7 7.48299  2
21    53.2196
98    36.0273
8 13.1201  5
11    45.1498
18    38.3894
20    42.2109
76    37.5581
109    54.5828
9 11.5276  4
11    38.0973
18    36.0273
20    52.0449
209    59.3602
10 6.32756  3
18    61.8963
21    64.5312
87    57.5886
11 9.34675  2
78    42.5533
186    38.1788
12 9.20606  1
19    42.2411
13 8.74645  3
20    60.6951
21    42.449
167    64.599
14 7.24555  1
18    43.1347
15 12.3446  4
18    41.2917
21    56.1576
78    46.4893
207    58.5829
16 8.99548  3
19    61.7507
88    45.4154
127    53.3166
17 8.05887  2
20    55.5716
88    39.0458
18 5.00031  1
21    58.9427
19 5.01251  10
22    59.3602
23    54.5828
24    38.9827
25    48.0403
26    47.6182
27    46.2394
28    41.7367
29    57.0338
30    46.9865
31    44.1766
20 5.05249  1
110    48.0403
21 5.18311  1
228    0
22 5.60945  1
228    0
23 7.00171  10
40    48.704
41    49.7853
42    53.3166
43    64.848
44    42.503
45    59.5369
46    55.1605
47    40.8687
48    54.1992
49    37.7293
24 11.5484  5
36    36.8284
37    41.0051
38    54.6451
39    39.1859
86    42.3775
25 6.39531  2
76    62.7871
88    48.2472
26 9.56801  1
228    0
27 9.92843  3
63    45.5243
86    41.0427
87    39.9174
28 11.1055  1
228    0
29 14.9493  2
169    41.1791
207    53.2196
30 7.50099  5
32    35.0009
33    35.0375
34    35.1575
35    35.5493
102    62.3898
31 13.179  2
86    50.0105
87    48.7974
32 11.7202  8
50    43.9477
51    64.2547
52    40.5657
53    53.2104
54    64.501
55    41.3704
56    55.838
57    43.0816
33 6.95624  1
186    48.4458
34 11.3997  1
77    43.3883
35 5.90976  1
146    56.586
36 7.98257  6
58    61.4257
59    61.3286
60    61.0109
61    59.9736
62    56.586
98    42.2411
37 14.7516  9
89    48.2939
90    48.4458
91    48.9421
92    50.5626
93    55.8545
94    43.1347
95    61.5996
96    61.8963
97    62.8649
38 6.85522  1
88    38.1788
39 11.0701  9
114    57.0338
115    46.9865
116    44.1766
117    35.0009
118    35.0375
119    35.1575
120    35.5493
121    36.8284
122    41.0051
40 14.8337  2
86    37.2486
102    64.4763
41 7.12348  1
75    61.8725
42 11.946  1
228    0
43 7.69387  1
85    36.8815
44 13.8086  2
88    45.1498
168    44.7525
45 13.7762  1
74    61.2059
46 13.6703  7
68    39.7536
69    50.558
70    55.8399
71    43.0871
72    61.444
73    61.3881
169    55.2136
47 13.3245  1
228    0
48 12.1953  1
86    54.0518
49 8.5081  1
77    62.4273
50 6.46733  1
228    0
51 9.80331  2
75    58.6671
77    56.8818
52 10.6969  1
77    41.69
53 13.6151  1
63    39.402
54 13.1442  5
103    58.5829
104    52.0449
105    60.6951
106    58.9427
107    53.2196
55 11.6063  3
85    41.1791
98    38.3894
209    38.9827
56 6.58452  7
79    59.7008
80    55.6952
81    42.6147
82    59.9013
83    56.3498
84    44.7525
221    61.0109
57 10.186  1
86    39.586
58 11.9466  3
86    54.7678
98    46.1029
220    55.1605
59 7.6957  3
76    35.7727
220    40.8687
221    41.3704
60 13.8147  4
64    52.0907
65    60.8452
66    59.4325
67    54.819
61 13.796  3
111    47.6182
112    46.2394
113    41.7367
62 13.7353  1
228    0
63 13.5369  1
75    52.3196
64 12.889  4
128    42.503
129    59.5369
130    55.1605
131    40.8687
65 10.7732  1
86    36.4951
66 13.8641  3
85    55.2136
132    54.1992
168    59.7008
67 13.9575  3
75    61.5923
86    53.8211
168    56.3498
68 14.2624  1
77    64.599
69 5.25758  1
228    0
70 5.85269  1
228    0
71 7.79611  1
127    64.848
72 14.1424  2
108    56.1576
210    41.7367
73 14.8663  5
181    48.7974
182    50.0902
183    54.3118
184    38.0973
185    45.1498
74 7.22999  2
167    56.8818
221    53.2104
75 12.2939  1
167    37.5581
76 8.82977  1
228    0
77 7.51778  1
228    0
78 13.2336  2
88    38.0973
221    61.3286
79 11.8984  1
167    35.7727
80 7.53822  1
228    0
81 13.3004  1
228    0
82 12.1166  1
88    50.0902
83 8.25083  3
86    59.1267
108    64.5312
207    56.1576
84 5.62716  10
147    45.5243
148    39.402
149    49.4099
150    52.0907
151    60.8452
152    59.4325
153    54.819
154    39.7536
155    50.558
156    55.8399
85 7.05969  2
186    45.4154
208    64.8315
86 11.7379  2
98    55.5808
109    42.449
87 7.01422  1
208    44.1244
88 11.5893  1
169    41.0427
89 6.52867  4
123    54.6451
124    39.1859
125    48.704
126    49.7853
90 10.0035  1
109    38.9827
91 11.3506  9
133    37.7293
134    43.9477
135    64.2547
136    40.5657
137    53.2104
138    64.501
139    41.3704
140    55.838
141    43.0816
92 5.74953  3
108    64.8315
167    43.3883
207    58.9427
93 7.45918  1
180    51.0936
94 13.0422  3
102    55.5716
108    41.4684
169    36.8815
95 11.2737  1
228    0
96 5.49837  8
160    61.2059
161    60.6108
162    58.6671
163    52.3196
164    61.5923
165    61.8725
166    62.7871
186    48.9421
97 6.63915  4
99    58.6818
100    52.3681
101    61.7507
102    41.2889
98 10.3645  3
108    44.1244
167    41.69
220    54.1992
99 12.5295  1
228    0
100 9.59914  2
209    48.0403
210    35.0375
101 10.0301  1
228    0
102 11.4373  1
210    35.0009
103 6.03244  1
228    0
104 8.38328  2
168    42.5533
186    39.0458
105 6.0596  1
228    0
106 8.47179  1
228    0
107 6.34861  2
207    52.0449
210    46.9865
108 9.41572  2
210    46.2394
220    59.5369
109 9.43129  1
228    0
110 9.48195  1
228    0
111 9.64736  1
228    0
112 10.1875  1
228    0
113 11.9515  1
186    48.2939
114 7.71157  1
228    0
115 13.8665  1
228    0
116 13.9654  1
221    64.501
117 14.2883  1
228    0
118 5.34242  1
228    0
119 6.1298  1
228    0
120 8.70098  4
157    43.0871
158    61.444
159    61.3881
168    55.6952
121 7.09723  1
228    0
122 11.8603  1
228    0
123 7.41371  1
228    0
124 12.8939  1
228    0
125 10.7894  1
228    0
126 13.9169  2
142    61.4257
143    61.3286
127 14.1299  1
228    0
128 14.8254  6
214    39.1859
215    48.704
216    49.7853
217    53.3166
218    64.848
219    42.503
129 7.09632  1
228    0
130 11.8572  1
168    59.9013
131 7.40364  1
228    0
132 12.861  1
228    0
133 10.6816  1
228    0
134 13.565  1
228    0
135 12.9809  1
228    0
136 11.0732  1
228    0
137 14.8437  2
144    61.0109
145    59.9736
138 7.15613  1
228    0
139 12.0525  1
228    0
140 8.04147  1
228    0
141 14.9438  10
187    50.5626
188    55.8545
189    43.1347
190    61.5996
191    61.8963
192    62.8649
193    36.0273
194    38.3894
195    46.1029
196    41.2917
142 7.48299  1
228    0
143 13.1201  1
228    0
144 11.5276  1
228    0
145 6.32756  1
228    0
146 9.34675  1
228    0
147 9.20606  1
228    0
148 8.74645  1
228    0
149 7.24555  1
168    46.4893
150 12.3446  10
170    54.7678
171    39.586
172    50.0105
173    54.0518
174    37.2486
175    42.3775
176    59.1267
177    53.8211
178    36.4951
179    39.9174
151 8.99548  1
228    0
152 8.05887  1
228    0
153 5.00031  1
228    0
154 5.01251  1
210    57.0338
155 5.05249  1
228    0
156 5.18311  1
228    0
157 5.60945  1
168    42.6147
158 7.00171  1
228    0
159 11.5484  1
228    0
160 6.39531  1
228    0
161 9.56801  1
207    60.6951
162 9.92843  3
211    36.8284
212    41.0051
213    54.6451
163 11.1055  1
228    0
164 14.9493  3
167    62.4273
207    64.5312
220    43.9477
165 7.50099  1
228    0
166 13.179  1
228    0
167 11.7202  1
228    0
168 6.95624  1
228    0
169 11.3997  1
186    48.2472
170 5.90976  1
228    0
171 7.98257  1
228    0
172 14.7516  1
228    0
173 6.85522  1
210    35.5493
174 11.0701  1
228    0
175 14.8337  1
228    0
176 7.12348  1
228    0
177 11.946  1
228    0
178 7.69387  6
222    59.9736
223    56.586
224    45.5243
225    39.402
226    49.4099
227    52.0907
179 13.8086  1
228    0
180 13.7762  1
228    0
181 13.6703  1
228    0
182 13.3245  1
210    35.1575
183 12.1953  1
228    0
184 8.5081  1
228    0
185 6.46733  1
210    44.1766
186 9.80331  1
228    0
187 10.6969  10
197    55.5808
198    42.2411
199    58.6818
200    52.3681
201    61.7507
202    62.3898
203    64.4763
204    41.2889
205    55.5716
206    42.2109
188 13.6151  1
228    0
189 13.1442  1
228    0
190 11.6063  1
228    0
191 6.58452  1
228    0
192 10.186  1
228    0
193 11.9466  1
228    0
194 7.6957  1
228    0
195 13.8147  1
228    0
196 13.796  1
221    43.0816
197 13.7353  1
228    0
198 13.5369  1
228    0
199 12.889  1
209    54.5828
200 10.7732  1
228    0
201 13.8641  1
228    0
202 13.9575  1
228    0
203 14.2624  1
220    37.7293
204 5.25758  3
207    41.4684
209    47.6182
221    55.838
205 5.85269  1
228    0
206 7.79611  1
228    0
207 14.1424  1
228    0
208 14.8663  1
228    0
209 7.22999  1
228    0
210 12.2939  1
228    0
211 8.82977  1
228    0
212 7.51778  1
228    0
213 13.2336  2
220    64.2547
221    61.4257
214 11.8984  1
228    0
215 7.53822  1
228    0
216 13.3004  1
228    0
217 12.1166  1
228    0
218 8.25083  1
221    40.5657
219 5.62716  1
228    0
220 7.05969  1
228    0
221 11.7379  1
228    0
222 7.01422  1
228    0
223 11.5893  1
228    0
224 6.52867  1
228    0
225 10.0035  1
228    0
226 11.3506  1
228    0
227 5.74953  1
228    0
228 0  0
