59
0 8.5081  10
1    0.780917
2    0.964943
3    0.965877
4    0.968917
5    0.978841
6    1.01125
7    1.11709
8    0.862694
9    1.23199
10    1.23793
1 6.46733  3
11    0.825834
18    1.0409
19    0.848979
2 9.80331  2
19    1.12315
38    1.04181
3 10.6969  3
13    1.28953
14    0.825779
15    1.11143
4 13.6151  2
11    0.720545
50    1.25574
5 13.1442  3
11    0.922059
12    1.17364
19    1.29663
6 11.6063  6
11    1.11162
12    1.04736
18    1.29062
30    0.736567
36    1.22657
49    1.23185
7 6.58452  5
11    1.2573
18    1.2139
19    0.882488
36    1.11676
50    0.867766
8 10.186  5
11    0.844823
12    1.23501
34    1.08398
49    1.23745
50    0.715455
9 11.9466  4
11    0.767788
18    0.829368
36    0.861632
38    0.910486
10 7.6957  3
12    1.24779
18    1.17885
19    1.09166
11 13.8147  2
30    1.0929
34    1.10321
12 13.796  1
36    0.811313
13 13.7353  2
18    1.06439
50    0.851067
14 13.5369  4
16    0.844218
17    1.17166
19    0.779653
30    0.995706
15 12.889  1
50    0.751161
16 10.7732  4
19    0.960805
30    0.974081
36    1.28509
50    1.24855
17 13.8641  2
19    1.1872
50    1.29198
18 13.9575  1
36    1.29002
19 14.2624  9
20    0.952364
21    0.924787
22    0.834733
23    1.14068
24    0.939729
25    0.883532
26    0.700018
27    0.700751
28    0.703149
20 5.25758  4
30    0.783718
38    0.78804
48    1.21222
49    1.04639
21 5.85269  4
31    1.06633
32    1.29696
33    0.85006
36    1.06421
22 7.79611  1
38    1.2169
23 14.1424  2
29    0.710987
30    0.820103
24 14.8663  1
58    0
25 7.22999  2
37    1.22022
38    0.988198
26 12.2939  1
50    1.13764
27 8.82977  1
58    0
28 7.51778  2
34    0.817374
38    1.13172
29 13.2336  1
34    1.19074
30 11.8984  1
58    0
31 7.53822  7
41    0.795071
42    1.01116
43    1.1168
44    0.861742
45    1.22888
46    1.22776
47    1.22412
32 13.3004  2
36    0.878954
50    0.833799
33 12.1166  3
35    0.754585
36    0.827409
48    1.17334
34 8.25083  1
36    1.22851
35 5.62716  1
37    1.19947
36 7.05969  2
39    1.18865
40    1.09638
37 11.7379  1
58    0
38 7.01422  7
51    1.19402
52    1.1139
53    0.852293
54    1.19803
55    1.127
56    0.89505
57    0.737629
39 11.5893  1
58    0
40 6.52867  1
58    0
41 10.0035  1
58    0
42 11.3506  1
58    0
43 5.74953  1
58    0
44 7.45918  1
58    0
45 13.0422  1
58    0
46 11.2737  1
58    0
47 5.49837  1
50    0.929786
48 6.63915  1
58    0
49 10.3645  1
58    0
50 12.5295  1
58    0
51 9.59914  1
58    0
52 10.0301  1
58    0
53 11.4373  1
58    0
54 6.03244  1
58    0
55 8.38328  1
58    0
56 6.0596  1
58    0
57 8.47179  1
58    0
58 0  0
