61
0 11.8603  10
1    59.9736
2    56.586
3    45.5243
4    39.402
5    49.4099
6    52.0907
7    60.8452
8    59.4325
9    54.819
22    42.6147
1 7.41371  1
16    61.8725
2 12.8939  1
40    57.5886
3 10.7894  2
15    52.3196
16    43.3883
4 13.9169  5
17    64.599
18    41.69
19    56.8818
20    46.4893
21    42.5533
5 14.1299  2
15    61.2059
16    62.7871
6 14.8254  5
10    39.7536
11    50.558
12    55.8399
13    43.0871
14    61.444
7 7.09632  1
22    55.6952
8 11.8572  1
60    0
9 7.40364  6
44    38.0973
45    45.1498
46    38.1788
47    45.4154
48    39.0458
49    48.2472
10 12.861  3
15    58.6671
16    61.5923
22    59.7008
11 10.6816  1
15    61.3881
12 13.565  1
15    60.6108
13 12.9809  1
16    35.7727
14 11.0732  1
16    62.4273
15 14.8437  1
16    37.5581
16 7.15613  1
60    0
17 12.0525  3
41    48.7974
42    50.0902
43    54.3118
18 8.04147  1
60    0
19 14.9438  1
60    0
20 7.48299  1
60    0
21 13.1201  1
22    59.9013
22 11.5276  7
23    56.3498
24    44.7525
25    36.8815
26    41.1791
27    55.2136
28    41.0427
29    54.7678
23 6.32756  1
60    0
24 9.34675  10
30    39.586
31    50.0105
32    54.0518
33    37.2486
34    42.3775
35    59.1267
36    53.8211
37    36.4951
38    39.9174
39    51.0936
25 9.20606  1
60    0
26 8.74645  1
60    0
27 7.24555  1
60    0
28 12.3446  1
60    0
29 8.99548  1
60    0
30 8.05887  1
60    0
31 5.00031  1
60    0
32 5.01251  1
60    0
33 5.05249  1
60    0
34 5.18311  1
60    0
35 5.60945  1
60    0
36 7.00171  1
60    0
37 11.5484  1
60    0
38 6.39531  1
60    0
39 9.56801  10
50    48.2939
51    48.4458
52    48.9421
53    50.5626
54    55.8545
55    43.1347
56    61.5996
57    61.8963
58    62.8649
59    36.0273
40 9.92843  1
60    0
41 11.1055  1
60    0
42 14.9493  1
60    0
43 7.50099  1
60    0
44 13.179  1
60    0
45 11.7202  1
60    0
46 6.95624  1
60    0
47 11.3997  1
60    0
48 5.90976  1
60    0
49 7.98257  1
60    0
50 14.7516  1
60    0
51 6.85522  1
60    0
52 11.0701  1
60    0
53 14.8337  1
60    0
54 7.12348  1
60    0
55 11.946  1
60    0
56 7.69387  1
60    0
57 13.8086  1
60    0
58 13.7762  1
60    0
59 13.6703  1
60    0
60 0  0
