63
0 12.5295  10
1    0.974081
2    0.995706
3    1.06633
4    1.29696
5    0.85006
6    1.19074
7    1.10321
8    0.817374
9    1.08398
10    0.754585
1 9.59914  3
32    0.851067
48    1.23793
50    0.825779
2 10.0301  1
62    0
3 11.4373  5
25    1.1168
28    1.21222
32    0.929786
48    0.862694
51    1.0409
4 6.03244  1
32    1.19402
5 8.38328  3
25    1.09638
38    0.79172
49    1.11162
6 6.0596  10
16    0.827409
17    1.11676
18    0.861632
19    1.22851
20    1.22657
21    1.22022
22    1.19947
23    1.13172
24    0.910486
38    0.823582
7 8.47179  2
38    0.820853
39    0.847551
8 6.34861  1
62    0
9 9.41572  6
25    1.04181
32    1.24855
38    1.08104
47    0.978841
48    1.23199
50    1.23501
10 9.43129  3
11    0.878954
12    1.28509
52    0.960805
11 9.48195  4
13    0.811313
14    1.06421
15    1.29002
47    1.01125
12 9.64736  3
26    1.22888
27    1.22776
39    1.18253
13 10.1875  2
25    1.01116
31    0.715455
14 11.9515  3
31    1.25574
38    1.10427
40    0.729902
15 7.71157  3
25    0.861742
38    0.737629
40    0.798349
16 13.8665  1
47    0.908307
17 13.9654  3
25    1.18865
47    0.965877
49    0.825834
18 14.2883  1
25    1.2169
19 5.34242  3
31    1.23745
32    0.833799
38    1.09536
20 6.1298  2
25    0.795071
31    1.23185
21 8.70098  1
25    0.988198
22 7.09723  1
25    0.78804
23 11.8603  2
32    1.13764
52    0.848979
24 7.41371  6
29    1.17334
30    1.04639
32    0.867766
40    1.07642
47    0.964943
52    0.779653
25 12.8939  3
32    0.751161
48    0.720545
50    0.844823
26 10.7894  2
28    1.22412
39    0.744972
27 13.9169  3
32    1.29198
48    1.2573
50    1.04736
28 14.1299  8
33    1.1139
34    0.852293
35    1.19803
36    1.127
37    0.89505
40    1.02187
50    0.844218
51    1.17885
29 14.8254  2
38    1.00021
40    1.15177
30 7.09632  2
51    1.2139
52    0.952364
31 11.8572  1
51    0.882488
32 7.40364  1
62    0
33 12.861  1
51    1.06439
34 10.6816  2
49    0.922059
52    1.1872
35 13.565  2
47    0.780917
50    1.28953
36 12.9809  1
50    1.17364
37 11.0732  3
47    0.968917
48    0.767788
50    1.11143
38 14.8437  4
43    1.08624
44    0.761946
45    0.902997
46    0.763576
39 7.15613  1
62    0
40 12.0525  3
41    0.975948
42    1.0018
51    1.29062
41 8.04147  2
51    1.12315
52    1.29663
42 14.9438  1
62    0
43 7.48299  1
62    0
44 13.1201  1
47    1.11709
45 11.5276  2
50    1.24779
51    1.17166
46 6.32756  1
62    0
47 9.34675  1
62    0
48 9.20606  1
51    0.829368
49 8.74645  1
52    1.09166
50 7.24555  1
62    0
51 12.3446  1
62    0
52 8.99548  9
53    0.924787
54    0.834733
55    1.14068
56    0.939729
57    0.883532
58    0.700018
59    0.700751
60    0.703149
61    0.710987
53 8.05887  1
62    0
54 5.00031  1
62    0
55 5.01251  1
62    0
56 5.05249  1
62    0
57 5.18311  1
62    0
58 5.60945  1
62    0
59 7.00171  1
62    0
60 11.5484  1
62    0
61 6.39531  1
62    0
62 0  0
