54
0 5.18311  2
1    8.33799
43    12.9663
1 5.60945  7
2    11.3764
3    9.29786
4    8.51067
5    11.9402
6    11.139
13    8.20853
15    10.2187
2 7.00171  1
7    11.9803
3 11.5484  2
13    10.9536
15    11.5177
4 6.39531  4
7    8.52293
14    7.44972
15    7.98349
43    8.48979
5 9.56801  3
13    7.9172
42    11.7885
43    8.29368
6 9.92843  8
8    11.27
9    8.9505
10    7.37629
11    8.23582
12    11.0427
13    10.8104
14    8.47551
42    10.6439
7 11.1055  1
53    0
8 14.9493  1
15    10.7642
9 7.50099  3
13    10.0021
31    9.22059
42    10.409
10 13.179  1
53    0
11 11.7202  8
16    9.75948
17    10.018
18    10.8624
19    7.61946
20    9.02997
21    7.63576
22    9.08307
23    7.80917
12 6.95624  1
53    0
13 11.3997  2
15    7.29902
31    12.573
14 5.90976  1
15    11.8253
15 7.98257  2
31    12.3199
43    12.9062
16 14.7516  7
24    9.64943
25    9.65877
26    9.68917
27    9.78841
28    10.1125
29    11.1709
30    8.62694
17 6.85522  1
53    0
18 11.0701  1
42    12.139
19 14.8337  1
31    7.67788
20 7.12348  1
53    0
21 11.946  1
53    0
22 7.69387  4
38    8.25779
39    11.1143
40    8.44218
41    11.7166
23 13.8086  1
43    11.2315
24 13.7762  2
31    7.20545
43    8.82488
25 13.6703  1
53    0
26 13.3245  6
32    8.44823
33    11.7364
34    10.4736
35    12.3501
36    12.478
37    12.8953
27 12.1953  1
31    11.1162
28 8.5081  9
44    11.872
45    10.9166
46    7.79653
47    9.60805
48    9.52364
49    9.24787
50    8.34733
51    11.4068
52    9.39729
29 6.46733  1
31    8.25834
30 9.80331  1
31    12.3793
31 10.6969  1
53    0
32 13.6151  1
53    0
33 13.1442  1
53    0
34 11.6063  1
53    0
35 6.58452  1
53    0
36 10.186  1
53    0
37 11.9466  1
53    0
38 7.6957  1
53    0
39 13.8147  1
53    0
40 13.796  1
53    0
41 13.7353  1
53    0
42 13.5369  1
53    0
43 12.889  1
53    0
44 10.7732  1
53    0
45 13.8641  1
53    0
46 13.9575  1
53    0
47 14.2624  1
53    0
48 5.25758  1
53    0
49 5.85269  1
53    0
50 7.79611  1
53    0
51 14.1424  1
53    0
52 14.8663  1
53    0
53 0  0
