119
0 7.45918  10
1    9.29786
2    8.51067
3    11.9402
4    11.139
5    8.52293
6    11.9803
7    11.27
8    8.9505
9    7.37629
11    10.8104
1 13.0422  6
10    8.23582
16    9.75948
23    11.7166
36    12.9696
61    7.51161
117    8.5006
2 11.2737  4
11    10.9536
23    12.139
36    8.20103
111    8.34733
3 5.49837  4
11    7.9172
16    9.08307
18    7.67788
36    10.929
4 6.63915  3
11    11.8253
18    11.1709
36    8.5006
5 10.3645  6
11    10.7642
16    7.63576
18    8.62694
34    8.83532
36    10.6633
37    8.78954
6 12.5295  2
10    11.0427
102    10.1125
7 9.59914  6
10    8.20853
16    10.8624
17    7.80917
18    9.22059
23    12.3501
60    12.2412
8 10.0301  4
11    7.44972
36    11.9074
61    12.3745
105    8.44218
9 11.4373  4
11    8.47551
17    9.64943
23    8.44218
35    7.36567
10 6.03244  5
11    10.0021
16    7.61946
18    12.3793
34    8.34733
60    12.1222
11 8.38328  9
12    7.29902
13    7.98349
14    10.2187
15    11.5177
16    10.018
17    9.68917
18    12.573
23    10.409
77    11.0427
12 6.0596  2
18    8.25834
34    9.60805
13 8.47179  6
16    9.02997
17    9.65877
18    10.1125
23    11.7885
34    9.39729
117    10.6633
14 6.34861  5
17    9.78841
34    11.4068
104    9.22059
110    8.82488
117    12.9696
15 9.41572  4
18    12.3199
23    12.8953
104    11.7364
110    9.60805
16 9.43129  2
18    7.20545
37    7.54585
17 9.48195  5
19    11.1162
20    8.44823
21    11.7364
22    10.4736
104    8.44823
18 9.64736  10
24    10.6439
25    12.9062
26    8.29368
27    11.2315
28    8.82488
29    12.9663
30    8.48979
31    11.872
32    10.9166
33    7.79653
19 10.1875  2
23    12.478
60    12.3185
20 11.9515  1
61    7.15455
21 7.71157  2
23    8.25779
37    10.6421
22 13.8665  2
23    11.1143
36    9.95706
23 13.9654  3
34    7.00751
103    12.3199
105    8.25779
24 14.2883  1
36    11.0321
25 5.34242  2
34    9.52364
106    12.139
26 6.1298  2
34    9.24787
37    12.8509
27 8.70098  2
34    7.00018
37    8.11313
28 7.09723  1
61    12.5574
29 11.8603  2
35    7.10987
36    7.83718
30 7.41371  2
35    7.0315
106    10.409
31 12.8939  1
104    11.1162
32 10.7894  1
37    10.8398
33 13.9169  1
118    0
34 14.1299  2
37    8.17374
104    8.25834
35 14.8254  1
36    9.74081
36 7.09632  10
38    12.9002
39    8.27409
40    11.1676
41    8.61632
42    12.2851
43    12.2657
44    12.2022
45    11.9947
46    11.3172
117    8.20103
37 11.8572  7
53    10.9638
54    7.95071
55    10.1116
56    11.168
57    8.61742
58    12.2888
59    12.2776
38 7.40364  1
118    0
39 12.861  1
104    10.4736
40 10.6816  1
118    0
41 13.565  1
75    7.37629
42 12.9809  1
117    7.36567
43 11.0732  1
102    9.78841
44 14.8437  6
47    9.10486
48    7.8804
49    9.88198
50    10.4181
51    12.169
52    11.8865
45 7.15613  1
110    7.79653
46 12.0525  7
69    11.9402
70    11.139
71    8.52293
72    11.9803
73    11.27
74    8.9505
105    12.478
47 8.04147  2
60    10.4639
105    12.8953
48 14.9438  1
103    8.62694
49 7.48299  1
118    0
50 13.1201  7
62    8.67766
63    12.4855
64    12.9198
65    8.33799
66    11.3764
67    9.29786
68    8.51067
51 11.5276  1
104    12.3501
52 6.32756  1
118    0
53 9.34675  3
107    11.7885
108    10.6439
109    12.9062
54 9.20606  1
112    8.83532
55 8.74645  1
76    8.23582
56 7.24555  1
60    11.7334
57 12.3446  1
118    0
58 8.99548  1
118    0
59 8.05887  1
93    10.8624
60 5.00031  1
118    0
61 5.01251  1
118    0
62 5.05249  8
94    7.61946
95    9.02997
96    7.63576
97    9.08307
98    7.80917
99    9.64943
100    9.65877
101    9.68917
63 5.18311  9
78    8.20853
79    10.9536
80    7.9172
81    10.0021
82    10.8104
83    7.44972
84    8.47551
85    11.8253
86    10.7642
64 5.60945  1
117    9.95706
65 7.00171  1
117    7.83718
66 11.5484  1
118    0
67 6.39531  1
118    0
68 9.56801  1
118    0
69 9.92843  1
110    11.2315
70 11.1055  1
110    11.872
71 14.9493  1
118    0
72 7.50099  6
87    7.29902
88    7.98349
89    10.2187
90    11.5177
91    9.75948
92    10.018
73 13.179  1
110    10.9166
74 11.7202  1
103    12.573
75 6.95624  1
110    12.9663
76 11.3997  1
110    8.29368
77 5.90976  1
118    0
78 7.98257  1
118    0
79 14.7516  1
103    7.20545
80 6.85522  1
113    7.00018
81 11.0701  1
103    12.3793
82 14.8337  1
103    7.67788
83 7.12348  1
102    11.1709
84 11.946  1
118    0
85 7.69387  1
118    0
86 13.8086  1
118    0
87 13.7762  1
118    0
88 13.6703  1
118    0
89 13.3245  1
111    9.39729
90 12.1953  1
118    0
91 8.5081  1
110    8.48979
92 6.46733  1
118    0
93 9.80331  1
118    0
94 10.6969  2
105    11.1143
110    9.52364
95 13.6151  1
118    0
96 13.1442  1
106    11.7166
97 11.6063  1
117    9.74081
98 6.58452  1
118    0
99 10.186  1
118    0
100 11.9466  1
118    0
101 7.6957  1
118    0
102 13.8147  1
118    0
103 13.796  1
111    11.4068
104 13.7353  1
118    0
105 13.5369  3
114    7.00751
115    7.0315
116    7.10987
106 12.889  1
118    0
107 10.7732  1
118    0
108 13.8641  1
118    0
109 13.9575  1
111    9.24787
110 14.2624  1
117    10.929
111 5.25758  1
118    0
112 5.85269  1
118    0
113 7.79611  1
118    0
114 14.1424  1
118    0
115 14.8663  1
118    0
116 7.22999  1
118    0
117 12.2939  1
118    0
118 0  0
