64
0 6.46733  2
1    5.58545
2    4.31347
1 9.80331  5
3    6.15996
4    6.18963
5    6.28649
6    3.60273
7    3.83894
2 10.6969  1
63    0
3 13.6151  7
18    5.55716
19    4.22109
20    5.85829
21    5.20449
22    6.06951
23    5.89427
24    5.32196
4 13.1442  1
8    4.61029
5 11.6063  1
63    0
6 6.58452  1
9    4.12917
7 10.186  1
63    0
8 11.9466  1
63    0
9 7.6957  8
10    5.55808
11    4.22411
12    5.86818
13    5.23681
14    6.17507
15    6.23898
16    6.44763
17    4.12889
10 13.8147  1
63    0
11 13.796  1
63    0
12 13.7353  1
63    0
13 13.5369  10
35    4.76182
36    4.62394
37    4.17367
38    5.70338
39    4.69865
40    4.41766
41    3.50009
42    3.50375
43    3.51575
44    3.55493
14 12.889  1
63    0
15 10.7732  1
63    0
16 13.8641  1
63    0
17 13.9575  1
52    5.95369
18 14.2624  2
45    3.68284
46    4.10051
19 5.25758  10
25    6.45312
26    4.14684
27    5.61576
28    4.41244
29    6.48315
30    4.2449
31    5.93602
32    5.45828
33    3.89827
34    4.80403
20 5.85269  1
63    0
21 7.79611  1
63    0
22 14.1424  1
63    0
23 14.8663  1
63    0
24 7.22999  1
63    0
25 12.2939  1
63    0
26 8.82977  1
63    0
27 7.51778  1
52    5.51605
28 13.2336  1
63    0
29 11.8984  1
63    0
30 7.53822  10
53    3.77293
54    4.39477
55    6.42547
56    4.05657
57    5.32104
58    6.4501
59    4.13704
60    5.5838
61    4.30816
62    6.14257
31 13.3004  1
63    0
32 12.1166  1
63    0
33 8.25083  1
63    0
34 5.62716  1
63    0
35 7.05969  1
51    5.33166
36 11.7379  1
63    0
37 7.01422  1
63    0
38 11.5893  1
63    0
39 6.52867  1
63    0
40 10.0035  1
63    0
41 11.3506  1
63    0
42 5.74953  1
63    0
43 7.45918  1
52    5.41992
44 13.0422  1
52    6.4848
45 11.2737  4
47    5.46451
48    3.91859
49    4.8704
50    4.97853
46 5.49837  1
63    0
47 6.63915  1
63    0
48 10.3645  1
52    4.2503
49 12.5295  1
63    0
50 9.59914  1
52    4.08687
51 10.0301  1
63    0
52 11.4373  1
63    0
53 6.03244  1
63    0
54 8.38328  1
63    0
55 6.0596  1
63    0
56 8.47179  1
63    0
57 6.34861  1
63    0
58 9.41572  1
63    0
59 9.43129  1
63    0
60 9.48195  1
63    0
61 9.64736  1
63    0
62 10.1875  1
63    0
63 0  0
