95
0 11.5893  7
1    59.9736
2    56.586
3    45.5243
4    39.402
5    49.4099
18    59.7008
24    50.0105
1 6.52867  3
17    62.4273
18    55.6952
67    35.5493
2 10.0035  2
6    60.8452
17    62.7871
3 11.3506  1
25    53.8211
4 5.74953  2
6    52.0907
7    59.4325
5 7.45918  3
7    54.819
12    61.3881
18    46.4893
6 13.0422  6
8    39.7536
9    50.558
10    55.8399
11    43.0871
24    55.2136
45    55.5808
7 11.2737  4
13    58.6671
14    52.3196
15    61.5923
16    61.8725
8 5.49837  7
19    42.6147
20    59.9013
21    56.3498
22    44.7525
23    36.8815
36    48.9421
45    42.2411
9 6.63915  4
12    61.444
24    41.0427
36    48.2472
85    43.0816
10 10.3645  2
12    61.2059
18    64.599
11 12.5295  2
12    60.6108
25    59.1267
12 9.59914  1
18    56.8818
13 10.0301  2
17    35.7727
36    50.5626
14 11.4373  3
17    37.5581
18    41.69
51    56.1576
15 6.03244  3
17    43.3883
24    54.0518
67    41.0051
16 8.38328  1
18    42.5533
17 6.0596  1
94    0
18 8.47179  2
24    41.1791
87    61.0109
19 6.34861  1
25    37.2486
20 9.41572  1
25    36.4951
21 9.43129  10
26    39.9174
27    51.0936
28    57.5886
29    48.7974
30    50.0902
31    54.3118
32    38.0973
33    45.1498
34    38.1788
35    45.4154
22 9.48195  4
24    39.586
36    48.2939
51    53.2196
67    39.1859
23 9.64736  3
24    54.7678
51    60.6951
87    49.4099
24 10.1875  3
25    42.3775
50    64.4763
85    61.4257
25 11.9515  2
50    41.2889
51    52.0449
26 7.71157  1
36    48.4458
27 13.8665  1
36    55.8545
28 13.9654  1
36    39.0458
29 14.2883  1
94    0
30 5.34242  1
94    0
31 6.1298  6
71    64.848
72    42.503
73    59.5369
74    55.1605
75    40.8687
76    54.1992
32 8.70098  7
37    43.1347
38    61.5996
39    61.8963
40    62.8649
41    36.0273
42    38.3894
67    36.8284
33 7.09723  3
68    48.704
69    49.7853
70    53.3166
34 11.8603  1
94    0
35 7.41371  1
50    58.5829
36 12.8939  1
51    58.9427
37 10.7894  6
88    52.0907
89    60.8452
90    59.4325
91    54.819
92    39.7536
93    50.558
38 13.9169  1
94    0
39 14.1299  1
94    0
40 14.8254  1
94    0
41 7.09632  1
50    55.5716
42 11.8572  2
43    46.1029
44    41.2917
43 7.40364  1
94    0
44 12.861  2
51    41.4684
87    59.9736
45 10.6816  5
46    58.6818
47    52.3681
48    61.7507
49    62.3898
50    42.2109
46 13.565  2
51    64.5312
67    54.6451
47 12.9809  1
94    0
48 11.0732  1
94    0
49 14.8437  10
58    48.0403
59    47.6182
60    46.2394
61    41.7367
62    57.0338
63    46.9865
64    44.1766
65    35.0009
66    35.0375
87    56.586
50 7.15613  1
94    0
51 12.0525  7
52    44.1244
53    64.8315
54    42.449
55    59.3602
56    54.5828
57    38.9827
67    35.1575
52 8.04147  1
94    0
53 14.9438  1
94    0
54 7.48299  1
94    0
55 13.1201  1
94    0
56 11.5276  1
94    0
57 6.32756  1
94    0
58 9.34675  1
86    61.3286
59 9.20606  1
87    45.5243
60 8.74645  1
94    0
61 7.24555  1
94    0
62 12.3446  1
94    0
63 8.99548  1
94    0
64 8.05887  1
94    0
65 5.00031  1
94    0
66 5.01251  1
94    0
67 5.05249  1
94    0
68 5.18311  1
94    0
69 5.60945  1
94    0
70 7.00171  1
87    39.402
71 11.5484  1
94    0
72 6.39531  1
94    0
73 9.56801  8
77    37.7293
78    43.9477
79    64.2547
80    40.5657
81    53.2104
82    64.501
83    41.3704
84    55.838
74 9.92843  1
94    0
75 11.1055  1
94    0
76 14.9493  1
94    0
77 7.50099  1
94    0
78 13.179  1
94    0
79 11.7202  1
94    0
80 6.95624  1
94    0
81 11.3997  1
94    0
82 5.90976  1
94    0
83 7.98257  1
94    0
84 14.7516  1
94    0
85 6.85522  1
94    0
86 11.0701  1
94    0
87 14.8337  1
94    0
88 7.12348  1
94    0
89 11.946  1
94    0
90 7.69387  1
94    0
91 13.8086  1
94    0
92 13.7762  1
94    0
93 13.6703  1
94    0
94 0  0
