95
0 14.2624  4
1    4.97853
6    4.08687
78    3.91859
79    3.77293
1 5.25758  7
2    5.33166
3    6.4848
4    4.2503
5    5.95369
26    6.1444
43    5.10936
77    4.41766
2 5.85269  3
6    5.51605
26    4.30871
46    4.82939
3 7.79611  6
7    3.77293
8    4.39477
9    6.42547
10    4.05657
11    5.32104
57    6.23898
4 14.1424  5
17    6.13286
18    6.10109
19    5.99736
20    5.6586
21    4.55243
5 14.8663  6
6    5.41992
28    6.06108
30    6.24273
46    5.43118
77    3.50009
79    4.39477
6 7.22999  9
12    6.4501
13    4.13704
14    5.5838
15    4.30816
26    5.0558
30    4.33883
46    4.82472
57    6.44763
77    3.51575
7 12.2939  1
94    0
8 8.82977  3
28    6.15923
77    3.50375
79    4.2503
9 7.51778  5
47    4.84458
48    4.89421
49    5.05626
50    5.58545
51    4.31347
10 13.2336  1
28    6.27871
11 11.8984  4
31    4.169
32    5.68818
33    4.64893
58    4.12889
12 7.53822  1
28    6.12059
13 13.3004  3
16    6.14257
26    5.94325
76    5.70338
14 12.1166  2
28    5.86671
42    3.9586
15 8.25083  2
27    6.13881
41    4.10427
16 5.62716  1
94    0
17 7.05969  4
30    3.75581
41    5.47678
42    3.72486
46    3.81788
18 11.7379  6
22    3.9402
23    4.94099
24    5.20907
25    6.08452
26    5.4819
57    5.86818
19 7.01422  2
26    5.58399
78    4.10051
20 11.5893  2
30    6.4599
46    3.90458
21 6.52867  2
41    5.52136
81    5.5838
22 10.0035  4
26    3.97536
28    5.23196
29    3.57727
79    5.41992
23 11.3506  1
94    0
24 5.74953  6
28    6.18725
41    4.11791
42    5.00105
46    3.80973
68    6.48315
81    4.30816
25 7.45918  1
94    0
26 13.0422  1
79    5.51605
27 11.2737  3
43    3.99174
58    4.22109
77    4.69865
28 5.49837  6
52    6.15996
53    6.18963
54    6.28649
55    3.60273
56    3.83894
57    4.22411
29 6.63915  2
41    3.68815
46    5.00902
30 10.3645  4
59    5.85829
60    5.20449
77    3.55493
81    4.13704
31 12.5295  7
34    4.25533
35    5.97008
36    5.56952
37    4.26147
38    5.99013
39    5.63498
40    4.47525
32 9.59914  1
57    4.12917
33 10.0301  3
82    6.14257
83    6.13286
84    6.10109
34 11.4373  1
94    0
35 6.03244  2
42    5.91267
79    5.33166
36 8.38328  2
43    3.64951
79    5.95369
37 6.0596  1
42    5.40518
38 8.47179  1
79    4.08687
39 6.34861  2
44    5.75886
45    4.87974
40 9.41572  2
42    4.23775
43    5.38211
41 9.43129  1
46    4.51498
42 9.48195  1
94    0
43 9.64736  2
57    6.17507
79    6.4848
44 10.1875  1
94    0
45 11.9515  1
46    4.54154
46 7.71157  1
57    5.23681
47 13.8665  7
61    6.06951
62    5.89427
63    5.32196
64    6.45312
65    4.14684
66    5.61576
67    4.41244
48 13.9654  1
94    0
49 14.2883  1
94    0
50 5.34242  1
94    0
51 6.1298  1
94    0
52 8.70098  1
57    4.61029
53 7.09723  1
57    5.55808
54 11.8603  1
94    0
55 7.41371  1
69    5.93602
56 12.8939  1
58    5.55716
57 10.7894  1
94    0
58 13.9169  1
94    0
59 14.1299  1
94    0
60 14.8254  1
94    0
61 7.09632  1
94    0
62 11.8572  1
94    0
63 7.40364  1
94    0
64 12.861  1
94    0
65 10.6816  1
81    6.4501
66 13.565  1
94    0
67 12.9809  6
70    5.45828
71    3.89827
72    4.80403
73    4.76182
74    4.62394
75    4.17367
68 11.0732  2
69    4.2449
77    3.68284
69 14.8437  1
94    0
70 7.15613  1
94    0
71 12.0525  1
94    0
72 8.04147  1
80    4.05657
73 14.9438  2
78    4.97853
81    5.32104
74 7.48299  1
78    5.46451
75 13.1201  1
78    4.8704
76 11.5276  1
79    6.42547
77 6.32756  1
94    0
78 9.34675  1
94    0
79 9.20606  9
85    5.99736
86    5.6586
87    4.55243
88    3.9402
89    4.94099
90    5.20907
91    6.08452
92    5.94325
93    5.4819
80 8.74645  1
94    0
81 7.24555  1
94    0
82 12.3446  1
94    0
83 8.99548  1
94    0
84 8.05887  1
94    0
85 5.00031  1
94    0
86 5.01251  1
94    0
87 5.05249  1
94    0
88 5.18311  1
94    0
89 5.60945  1
94    0
90 7.00171  1
94    0
91 11.5484  1
94    0
92 6.39531  1
94    0
93 9.56801  1
94    0
94 0  0
