49
0 5.85269  7
1    36.0273
2    38.3894
5    55.5808
6    61.7507
24    35.0375
29    41.3704
30    61.3286
1 7.79611  6
3    46.1029
4    41.2917
6    58.6818
17    64.8315
23    44.1766
25    59.5369
2 14.1424  3
6    62.3898
36    43.0871
37    60.6108
3 14.8663  7
5    42.2411
17    41.4684
24    41.0051
25    53.3166
29    64.501
36    61.444
37    52.3196
4 7.22999  2
6    52.3681
24    36.8284
5 12.2939  6
18    59.3602
19    54.5828
20    38.9827
21    48.0403
22    47.6182
29    53.2104
6 8.82977  10
7    64.4763
8    41.2889
9    55.5716
10    42.2109
11    58.5829
12    52.0449
13    60.6951
14    58.9427
15    53.2196
16    64.5312
7 7.51778  2
17    44.1244
29    40.5657
8 13.2336  1
30    43.0816
9 11.8984  4
17    42.449
25    64.848
29    43.9477
36    39.7536
10 7.53822  1
23    46.2394
11 13.3004  4
26    40.8687
27    54.1992
28    37.7293
30    55.838
12 12.1166  4
17    56.1576
25    42.503
31    56.586
37    58.6671
13 8.25083  1
24    35.1575
14 5.62716  4
32    45.5243
33    39.402
34    49.4099
35    52.0907
15 7.05969  2
23    46.9865
36    61.3881
16 11.7379  2
24    54.6451
37    61.5923
17 7.01422  1
48    0
18 11.5893  1
48    0
19 6.52867  1
23    41.7367
20 10.0035  3
23    57.0338
25    55.1605
31    59.9736
21 11.3506  3
24    39.1859
25    48.704
37    61.2059
22 5.74953  2
23    35.0009
24    35.5493
23 7.45918  2
25    49.7853
36    50.558
24 13.0422  2
29    64.2547
36    55.8399
25 11.2737  1
48    0
26 5.49837  1
48    0
27 6.63915  1
30    61.4257
28 10.3645  1
48    0
29 12.5295  2
30    61.0109
36    59.4325
30 9.59914  1
36    54.819
31 10.0301  1
48    0
32 11.4373  1
36    60.8452
33 6.03244  4
38    61.8725
39    62.7871
40    35.7727
41    37.5581
34 8.38328  1
48    0
35 6.0596  1
48    0
36 8.47179  6
42    43.3883
43    62.4273
44    64.599
45    41.69
46    56.8818
47    46.4893
37 6.34861  1
48    0
38 9.41572  1
48    0
39 9.43129  1
48    0
40 9.48195  1
48    0
41 9.64736  1
48    0
42 10.1875  1
48    0
43 11.9515  1
48    0
44 7.71157  1
48    0
45 13.8665  1
48    0
46 13.9654  1
48    0
47 14.2883  1
48    0
48 0  0
