98
0 11.5484  7
1    8.25834
2    11.1162
3    8.44823
4    11.7364
5    10.4736
13    11.4068
29    9.10486
1 6.39531  3
10    11.7885
12    8.29368
13    11.872
2 9.56801  4
10    11.1143
13    9.52364
48    7.37629
85    11.7166
3 9.92843  4
10    10.409
12    12.9062
17    7.00751
85    11.1143
4 11.1055  6
6    12.3501
7    12.478
8    12.8953
9    8.25779
29    12.2657
30    11.8865
5 14.9493  5
10    12.139
13    8.48979
24    11.9074
25    11.0321
37    10.4639
6 7.50099  4
11    10.6439
13    9.60805
29    12.2851
37    12.3745
7 13.179  3
13    9.24787
25    12.8509
29    7.8804
8 11.7202  4
10    8.44218
24    8.5006
25    10.8398
37    12.1222
9 6.95624  3
10    11.7166
12    8.82488
13    7.79653
10 11.3997  4
12    11.2315
13    12.9663
17    7.36567
30    9.88198
11 5.90976  5
13    10.9166
17    7.10987
18    8.20103
25    8.17374
29    8.61632
12 7.98257  2
13    8.34733
48    8.9505
13 14.7516  7
14    9.39729
15    8.83532
16    7.00018
17    7.0315
25    7.54585
29    8.27409
87    10.6439
14 6.85522  3
29    11.9947
31    10.1116
67    7.63576
15 11.0701  4
26    8.11313
27    10.6421
29    11.3172
31    7.95071
16 14.8337  1
40    8.67766
17 7.12348  5
19    10.929
20    7.83718
21    9.74081
22    9.95706
23    10.6633
18 11.946  1
85    8.44218
19 7.69387  3
25    8.78954
30    10.4181
67    7.80917
20 13.8086  5
32    11.168
33    8.61742
34    12.2888
35    12.2776
36    12.2412
21 13.7762  5
24    12.9696
29    11.1676
48    11.9803
67    9.08307
84    12.3501
22 13.6703  1
97    0
23 13.3245  1
37    12.3185
24 12.1953  1
37    12.5574
25 8.5081  2
29    12.2022
48    8.52293
26 6.46733  1
28    12.9002
27 9.80331  2
30    12.169
31    10.9638
28 10.6969  9
41    12.4855
42    12.9198
43    8.33799
44    11.3764
45    9.29786
46    8.51067
47    11.9402
85    12.478
95    11.4068
29 13.6151  1
97    0
30 13.1442  1
37    11.7334
31 11.6063  1
85    8.25779
32 6.58452  1
97    0
33 10.186  1
97    0
34 11.9466  1
48    11.27
35 7.6957  2
38    7.15455
39    7.51161
36 13.8147  1
97    0
37 13.796  7
50    10.9536
51    7.9172
52    10.0021
53    10.8104
54    7.44972
55    8.47551
56    11.8253
38 13.7353  1
49    8.23582
39 13.5369  1
97    0
40 12.889  1
97    0
41 10.7732  1
48    11.139
42 13.8641  1
97    0
43 13.9575  9
59    7.98349
60    10.2187
61    11.5177
62    9.75948
63    10.018
64    10.8624
65    7.61946
66    9.02997
85    10.409
44 14.2624  3
78    9.22059
79    8.25834
80    11.1162
45 5.25758  1
49    8.20853
46 5.85269  1
49    11.0427
47 7.79611  1
97    0
48 14.1424  2
57    10.7642
58    7.29902
49 14.8663  1
97    0
50 7.22999  1
97    0
51 12.2939  1
97    0
52 8.82977  1
87    11.2315
53 7.51778  1
97    0
54 13.2336  2
67    9.65877
87    12.9062
55 11.8984  1
94    8.34733
56 7.53822  10
68    9.68917
69    9.78841
70    10.1125
71    11.1709
72    8.62694
73    12.3199
74    12.3793
75    12.573
76    7.20545
77    7.67788
57 13.3004  1
87    12.9663
58 12.1166  1
97    0
59 8.25083  1
97    0
60 5.62716  1
97    0
61 7.05969  2
86    12.139
96    9.39729
62 11.7379  1
85    12.8953
63 7.01422  1
87    8.29368
64 11.5893  1
97    0
65 6.52867  1
97    0
66 10.0035  1
67    9.64943
67 11.3506  1
97    0
68 5.74953  6
88    11.872
89    10.9166
90    7.79653
91    9.60805
92    9.52364
93    9.24787
69 7.45918  1
97    0
70 13.0422  1
97    0
71 11.2737  1
87    8.82488
72 5.49837  3
81    8.44823
82    11.7364
83    10.4736
73 6.63915  1
97    0
74 10.3645  1
97    0
75 12.5295  1
86    11.7885
76 9.59914  1
97    0
77 10.0301  1
97    0
78 11.4373  1
97    0
79 6.03244  1
97    0
80 8.38328  1
97    0
81 6.0596  1
97    0
82 8.47179  1
97    0
83 6.34861  1
97    0
84 9.41572  1
87    8.48979
85 9.43129  1
97    0
86 9.48195  1
97    0
87 9.64736  1
97    0
88 10.1875  1
97    0
89 11.9515  1
97    0
90 7.71157  1
97    0
91 13.8665  1
97    0
92 13.9654  1
97    0
93 14.2883  1
97    0
94 5.34242  1
97    0
95 6.1298  1
97    0
96 8.70098  1
97    0
97 0  0
