104
0 14.8254  9
1    3.64951
2    3.99174
3    5.10936
4    5.75886
5    4.87974
6    5.00902
7    5.43118
8    3.80973
30    4.41244
1 7.09632  2
22    4.61029
32    3.50375
2 11.8572  10
9    4.51498
10    3.81788
11    4.54154
12    3.90458
13    4.82472
14    4.82939
15    4.84458
16    4.89421
17    5.05626
23    5.55808
3 7.40364  3
22    3.60273
31    4.76182
74    3.72486
4 12.861  8
25    4.12889
26    5.55716
27    4.22109
28    5.85829
29    5.20449
31    4.2449
72    6.27871
73    3.68815
5 10.6816  1
32    4.69865
6 13.565  2
24    6.44763
32    3.50009
7 12.9809  3
23    4.22411
31    6.48315
73    5.99013
8 11.0732  9
33    3.51575
34    3.55493
35    3.68284
36    4.10051
37    5.46451
38    3.91859
39    4.8704
40    4.97853
72    6.4599
9 14.8437  2
30    5.61576
88    5.05626
10 7.15613  4
18    5.58545
19    4.31347
20    6.15996
21    6.18963
11 12.0525  3
30    6.45312
31    3.89827
88    6.15996
12 8.04147  2
23    5.86818
89    6.18963
13 14.9438  2
30    5.32196
31    5.70338
14 7.48299  2
23    6.17507
88    4.82939
15 13.1201  1
103    0
16 11.5276  5
22    3.83894
23    6.23898
31    4.62394
72    4.64893
73    4.11791
17 6.32756  1
22    4.12917
18 9.34675  1
31    5.93602
19 9.20606  2
22    6.28649
32    4.41766
20 8.74645  2
30    5.89427
88    4.89421
21 7.24555  3
23    5.23681
30    4.14684
74    5.40518
22 12.3446  3
73    5.56952
74    5.47678
88    5.58545
23 8.99548  1
71    6.15923
24 8.05887  2
30    6.06951
89    6.28649
25 5.00031  2
31    4.80403
71    5.86671
26 5.01251  1
31    4.17367
27 5.05249  1
31    5.45828
28 5.18311  1
103    0
29 5.60945  1
103    0
30 7.00171  1
103    0
31 11.5484  1
71    5.58399
32 6.39531  10
61    5.6586
62    4.55243
63    3.9402
64    4.94099
65    5.20907
66    6.08452
67    5.94325
68    5.4819
69    3.97536
70    5.0558
33 9.56801  3
71    6.12059
72    4.33883
88    4.31347
34 9.92843  5
83    5.43118
84    3.80973
85    4.51498
86    3.81788
87    4.54154
35 11.1055  5
41    5.33166
42    6.4848
43    4.2503
71    6.1444
73    4.25533
36 14.9493  1
74    4.23775
37 7.50099  1
71    5.23196
38 13.179  9
44    5.95369
45    5.51605
46    4.08687
47    5.41992
48    3.77293
49    4.39477
50    6.42547
51    4.05657
52    5.32104
39 11.7202  1
103    0
40 6.95624  9
53    6.4501
54    4.13704
55    5.5838
56    4.30816
57    6.14257
58    6.13286
59    6.10109
60    5.99736
71    4.30871
41 11.3997  1
103    0
42 5.90976  1
71    6.18725
43 7.98257  1
88    4.82472
44 14.7516  1
72    3.57727
45 6.85522  1
72    3.75581
46 11.0701  1
71    6.06108
47 14.8337  1
73    5.97008
48 7.12348  1
74    4.10427
49 11.946  1
103    0
50 7.69387  1
73    5.52136
51 13.8086  1
103    0
52 13.7762  4
90    3.60273
91    3.83894
92    4.61029
93    4.12917
53 13.6703  1
103    0
54 13.3245  1
103    0
55 12.1953  1
74    5.00105
56 8.5081  1
72    4.169
57 6.46733  1
103    0
58 9.80331  1
73    5.63498
59 10.6969  1
103    0
60 13.6151  1
103    0
61 13.1442  1
103    0
62 11.6063  1
72    5.68818
63 6.58452  2
73    4.47525
74    3.9586
64 10.186  1
82    5.00902
65 11.9466  1
73    4.26147
66 7.6957  1
72    6.24273
67 13.8147  8
75    5.91267
76    5.38211
77    3.64951
78    3.99174
79    5.10936
80    5.75886
81    4.87974
94    5.55808
68 13.796  1
103    0
69 13.7353  1
71    6.13881
70 13.5369  1
103    0
71 12.889  1
103    0
72 10.7732  1
94    5.23681
73 13.8641  1
103    0
74 13.9575  1
88    4.84458
75 14.2624  1
103    0
76 5.25758  1
103    0
77 5.85269  1
103    0
78 7.79611  1
103    0
79 14.1424  1
103    0
80 14.8663  1
103    0
81 7.22999  1
103    0
82 12.2939  1
88    3.90458
83 8.82977  1
103    0
84 7.51778  1
94    4.22411
85 13.2336  1
103    0
86 11.8984  1
103    0
87 7.53822  1
94    5.86818
88 13.3004  8
95    6.17507
96    6.23898
97    6.44763
98    4.12889
99    5.55716
100    4.22109
101    5.85829
102    5.20449
89 12.1166  1
103    0
90 8.25083  1
103    0
91 5.62716  1
103    0
92 7.05969  1
103    0
93 11.7379  1
103    0
94 7.01422  1
103    0
95 11.5893  1
103    0
96 6.52867  1
103    0
97 10.0035  1
103    0
98 11.3506  1
103    0
99 5.74953  1
103    0
100 7.45918  1
103    0
101 13.0422  1
103    0
102 11.2737  1
103    0
103 0  0
