94
0 10.3645  7
1    3.97536
2    5.0558
3    6.13881
18    4.11791
19    5.91267
22    4.82939
50    3.51575
1 12.5295  6
2    5.58399
3    6.1444
17    5.99013
31    6.17507
33    4.22109
50    3.50375
2 9.59914  3
3    4.30871
19    3.99174
52    5.51605
3 10.0301  5
4    6.12059
5    6.06108
16    5.68818
21    3.80973
22    4.89421
4 11.4373  2
18    5.40518
21    3.81788
5 6.03244  10
6    5.86671
7    5.23196
8    6.15923
9    6.18725
10    6.27871
11    3.57727
12    3.75581
13    4.33883
14    6.24273
15    6.4599
6 8.38328  5
17    4.26147
21    4.54154
30    4.22411
31    6.23898
54    5.5838
7 6.0596  6
17    4.47525
18    4.10427
21    4.51498
50    3.91859
53    5.32104
85    3.99174
8 8.47179  2
19    4.23775
20    5.75886
9 6.34861  3
17    5.56952
20    4.87974
22    4.84458
10 9.41572  3
16    4.169
17    5.97008
23    6.15996
11 9.43129  2
18    5.00105
22    4.82472
12 9.48195  3
17    4.64893
31    5.23681
34    5.89427
13 9.64736  4
17    4.25533
18    5.52136
20    5.10936
22    5.05626
14 10.1875  8
20    5.00902
21    5.43118
23    4.31347
52    5.95369
53    6.42547
55    6.10109
81    5.63498
85    5.43118
15 11.9515  4
17    3.68815
19    5.38211
33    5.85829
81    4.10427
16 7.71157  2
17    5.63498
18    3.9586
17 13.8665  3
18    5.47678
19    3.72486
34    5.32196
18 13.9654  4
19    3.64951
22    3.90458
23    5.58545
33    5.55716
19 14.2883  1
35    4.14684
20 5.34242  8
57    6.08452
58    5.94325
59    5.4819
60    3.97536
61    5.0558
62    5.58399
63    4.30871
82    5.40518
21 6.1298  7
45    4.62394
46    4.17367
47    5.70338
48    4.69865
49    4.41766
80    5.56952
81    4.11791
22 8.70098  1
31    6.44763
23 7.09723  7
24    6.18963
25    6.28649
26    3.60273
27    3.83894
28    4.61029
30    5.86818
35    6.45312
24 11.8603  1
85    5.00902
25 7.41371  3
29    4.12917
50    4.97853
55    5.6586
26 12.8939  2
50    3.68284
52    5.41992
27 10.7894  2
50    4.10051
56    3.9402
28 13.9169  3
29    5.55808
50    3.50009
80    4.26147
29 14.1299  1
93    0
30 14.8254  1
82    5.91267
31 7.09632  3
32    4.12889
34    5.20449
81    4.47525
32 11.8572  1
51    6.4848
33 7.40364  2
34    6.06951
55    5.99736
34 12.861  10
36    5.61576
37    4.41244
38    6.48315
39    4.2449
40    5.93602
41    5.45828
42    3.89827
43    4.80403
44    4.76182
52    4.08687
35 10.6816  1
93    0
36 13.565  2
50    3.55493
82    3.72486
37 12.9809  1
93    0
38 11.0732  1
54    6.14257
39 14.8437  4
50    5.46451
53    4.05657
54    6.4501
81    5.52136
40 7.15613  3
50    4.8704
51    5.33166
55    6.13286
41 12.0525  1
80    5.99013
42 8.04147  1
93    0
43 14.9438  2
52    3.77293
82    5.47678
44 7.48299  2
54    4.30816
56    4.94099
45 13.1201  1
54    4.13704
46 11.5276  2
53    4.39477
85    5.75886
47 6.32756  2
83    5.38211
84    3.64951
48 9.34675  1
82    3.9586
49 9.20606  7
66    6.12059
67    6.06108
68    5.86671
69    5.23196
70    6.15923
71    6.18725
72    6.27871
50 8.74645  1
55    4.55243
51 7.24555  1
52    4.2503
52 12.3446  1
82    5.00105
53 8.99548  2
56    5.20907
85    4.51498
54 8.05887  1
85    3.80973
55 5.00031  1
80    4.64893
56 5.01251  1
93    0
57 5.05249  2
81    3.68815
82    4.23775
58 5.18311  1
93    0
59 5.60945  1
85    5.10936
60 7.00171  1
93    0
61 11.5484  7
86    3.81788
87    4.54154
88    3.90458
89    4.82472
90    4.82939
91    4.84458
92    4.89421
62 6.39531  2
64    6.1444
65    6.13881
63 9.56801  1
93    0
64 9.92843  1
93    0
65 11.1055  1
93    0
66 14.9493  1
93    0
67 7.50099  1
93    0
68 13.179  1
93    0
69 11.7202  1
93    0
70 6.95624  1
93    0
71 11.3997  7
73    3.57727
74    3.75581
75    4.33883
76    6.24273
77    6.4599
78    4.169
79    5.68818
72 5.90976  1
80    5.97008
73 7.98257  1
93    0
74 14.7516  1
85    4.87974
75 6.85522  1
93    0
76 11.0701  1
93    0
77 14.8337  1
80    4.25533
78 7.12348  1
93    0
79 11.946  1
93    0
80 7.69387  1
93    0
81 13.8086  1
93    0
82 13.7762  1
93    0
83 13.6703  1
93    0
84 13.3245  1
93    0
85 12.1953  1
93    0
86 8.5081  1
93    0
87 6.46733  1
93    0
88 9.80331  1
93    0
89 10.6969  1
93    0
90 13.6151  1
93    0
91 13.1442  1
93    0
92 11.6063  1
93    0
93 0  0
