243
0 13.9654  10
1    1.09536
2    0.79172
3    1.00021
4    1.08104
5    0.744972
6    0.847551
7    1.18253
8    1.07642
9    0.729902
10    0.798349
1 14.2883  1
11    1.08624
2 5.34242  4
11    1.15177
174    0.978841
183    0.703149
218    0.867766
3 6.1298  5
11    1.0018
33    0.825779
58    1.28509
64    1.13172
138    0.703149
4 8.70098  10
22    0.862694
23    1.23199
24    1.23793
25    1.2573
26    0.720545
27    0.767788
28    0.922059
29    0.825834
30    1.11162
31    0.844823
5 7.09723  9
42    0.924787
43    0.834733
44    1.14068
45    0.939729
46    0.883532
47    0.700018
48    0.700751
59    1.11676
64    1.09638
6 11.8603  8
15    0.780917
16    0.964943
17    0.965877
18    0.968917
19    0.978841
20    1.01125
21    1.11709
226    1.01125
7 7.41371  3
11    1.02187
138    1.06633
167    1.07642
8 12.8939  1
11    0.761946
9 10.7894  5
12    0.902997
40    1.29062
138    0.974081
150    1.11676
222    0.79172
10 13.9169  2
11    0.975948
41    0.779653
11 14.1299  5
13    0.763576
14    0.908307
58    0.754585
138    0.710987
174    1.01125
12 14.8254  5
33    1.23501
41    0.960805
88    0.89505
154    1.22888
167    0.744972
13 7.09632  3
73    1.17334
155    1.23185
226    0.978841
14 11.8572  4
33    1.04736
58    0.817374
179    1.29062
182    0.952364
15 7.40364  3
40    1.06439
58    1.08398
179    1.2139
16 12.861  1
218    1.24855
17 10.6816  2
33    1.24779
41    1.29663
18 13.565  8
60    1.22851
61    1.22657
62    1.22022
63    1.19947
88    0.823582
90    0.847551
182    0.848979
215    1.22888
19 12.9809  1
32    1.17364
20 11.0732  1
89    1.09536
21 14.8437  4
41    1.1872
154    1.22776
178    1.0409
223    1.0018
22 7.15613  2
40    0.829368
150    1.19947
23 12.0525  3
73    1.23185
138    0.783718
183    0.883532
24 8.04147  1
242    0
25 14.9438  4
64    0.78804
154    1.21222
183    0.736567
218    0.715455
26 7.48299  3
41    0.882488
59    0.827409
177    1.24779
27 13.1201  2
33    1.28953
154    0.861742
28 11.5276  4
49    0.736567
58    1.10321
91    0.729902
150    0.861632
29 6.32756  1
173    0.965877
30 9.34675  10
34    1.11143
35    0.844218
36    1.17166
37    1.0409
38    1.2139
39    1.17885
41    1.09166
49    0.710987
64    1.18865
91    0.975948
31 9.20606  2
41    0.848979
118    0.844218
32 8.74645  1
41    1.12315
33 7.24555  2
64    1.2169
150    1.22657
34 12.3446  3
41    0.952364
58    1.06421
118    1.17166
35 8.99548  1
64    0.988198
36 8.05887  2
154    1.17334
167    0.798349
37 5.00031  2
89    1.10427
167    0.847551
38 5.01251  2
49    0.703149
173    0.964943
39 5.05249  1
58    1.19074
40 5.18311  10
50    0.820103
51    1.0929
52    0.783718
53    0.974081
54    0.995706
55    1.06633
56    1.29696
57    0.85006
150    0.827409
215    1.22412
41 5.60945  2
58    1.29002
90    1.08104
42 7.00171  10
65    0.795071
66    1.01116
67    1.1168
68    0.861742
69    1.22888
70    1.22776
71    1.22412
72    1.21222
117    1.28953
153    0.795071
43 11.5484  2
90    1.00021
183    0.710987
44 6.39531  1
204    1.22022
45 9.56801  2
91    1.0018
183    0.939729
46 9.92843  2
166    0.823582
176    1.2573
47 11.1055  4
118    1.17885
138    0.736567
155    0.867766
177    1.23501
48 14.9493  1
242    0
49 7.50099  3
58    0.878954
89    0.820853
150    1.29002
50 13.179  1
242    0
51 11.7202  1
149    1.06421
52 6.95624  1
64    0.910486
53 11.3997  6
59    0.861632
80    1.29198
117    1.24779
166    0.737629
173    0.908307
223    1.15177
54 5.90976  3
166    1.09536
217    1.25574
223    1.02187
55 7.98257  2
167    1.08104
218    0.751161
56 14.7516  1
242    0
57 6.85522  3
58    0.811313
118    1.2139
222    1.08104
58 11.0701  9
92    1.08624
93    0.761946
94    0.902997
95    0.763576
96    0.908307
97    0.780917
98    0.964943
99    0.965877
100    0.968917
59 14.8337  3
64    1.04181
172    0.761946
183    0.700018
60 7.12348  1
179    1.17885
61 11.946  1
242    0
62 7.69387  7
81    0.929786
82    0.851067
83    1.19402
84    1.1139
85    0.852293
86    1.19803
87    1.127
63 13.8086  1
220    0.851067
64 13.7762  1
223    1.08624
65 13.6703  10
194    0.878954
195    1.28509
196    0.811313
197    1.06421
198    1.29002
199    0.827409
200    1.11676
201    0.861632
202    1.22851
203    1.22657
66 13.3245  2
155    0.715455
173    0.902997
67 12.1953  3
73    1.04639
91    0.798349
167    1.00021
68 8.5081  9
74    1.23745
75    1.25574
76    0.715455
77    0.751161
78    0.867766
79    1.24855
88    0.737629
221    1.19803
226    0.968917
69 6.46733  1
242    0
70 9.80331  2
183    0.834733
221    0.820853
71 10.6969  3
80    0.833799
90    0.79172
221    0.89505
72 13.6151  1
226    0.965877
73 13.1442  1
221    0.737629
74 11.6063  2
80    1.13764
220    1.19402
75 6.58452  2
91    1.07642
153    1.04181
76 10.186  1
177    1.04736
77 11.9466  1
242    0
78 7.6957  6
101    0.978841
102    1.01125
103    1.11709
104    0.862694
105    1.23199
153    1.09638
79 13.8147  1
242    0
80 13.796  1
155    1.23745
81 13.7353  1
176    1.23199
82 13.5369  1
91    1.15177
83 12.889  1
222    1.00021
84 10.7732  5
113    0.844823
114    1.17364
115    1.04736
167    0.729902
226    0.964943
85 13.8641  2
154    1.04639
226    0.780917
86 13.9575  2
90    0.744972
91    1.18253
87 14.2624  1
178    0.825779
88 5.25758  5
91    1.02187
117    0.825779
118    1.0409
178    1.17166
182    0.960805
89 5.85269  1
177    1.17364
90 7.79611  10
156    1.29198
157    0.833799
158    1.13764
159    0.929786
160    0.851067
161    1.19402
162    1.1139
163    0.852293
164    1.19803
165    1.127
91 14.1424  3
117    1.11143
178    1.28953
182    1.29663
92 14.8663  10
119    1.06439
120    1.29062
121    0.829368
122    1.12315
123    0.882488
124    1.29663
125    0.848979
126    1.1872
127    1.09166
176    0.767788
93 7.22999  2
193    0.754585
216    1.23185
94 12.2939  1
193    1.10321
95 8.82977  1
152    0.988198
96 7.51778  8
106    1.23793
107    1.2573
108    0.720545
109    0.767788
110    0.922059
111    0.825834
112    1.11162
182    0.779653
97 13.2336  2
176    0.825834
222    1.18253
98 11.8984  1
242    0
99 7.53822  1
242    0
100 13.3004  2
116    1.23501
167    0.79172
101 12.1166  1
242    0
102 8.25083  1
242    0
103 5.62716  1
183    1.14068
104 7.05969  1
222    0.729902
105 11.7379  1
242    0
106 7.01422  1
155    1.24855
107 11.5893  2
138    0.995706
153    1.01116
108 6.52867  1
242    0
109 10.0035  2
151    0.78804
154    1.1168
110 11.3506  1
173    0.780917
111 5.74953  10
128    0.779653
129    0.960805
130    0.952364
131    0.924787
132    0.834733
133    1.14068
134    0.939729
135    0.883532
136    0.700018
137    0.700751
112 7.45918  1
176    0.922059
113 13.0422  1
221    0.823582
114 11.2737  1
242    0
115 5.49837  3
166    0.820853
193    0.817374
204    0.910486
116 6.63915  1
242    0
117 10.3645  1
204    1.19947
118 12.5295  1
182    1.1872
119 9.59914  1
242    0
120 10.0301  1
178    1.11143
121 11.4373  10
139    1.29696
140    0.85006
141    1.19074
142    1.10321
143    0.817374
144    1.08398
145    0.754585
146    0.878954
147    1.28509
148    0.811313
122 6.03244  2
174    0.968917
182    1.09166
123 8.38328  1
242    0
124 6.0596  1
242    0
125 8.47179  1
242    0
126 6.34861  1
215    1.22776
127 9.41572  2
151    1.13172
176    1.11162
128 9.43129  2
155    0.751161
176    0.720545
129 9.48195  1
242    0
130 9.64736  1
150    1.22851
131 10.1875  2
176    0.862694
222    0.847551
132 11.9515  2
138    0.820103
154    1.22412
133 7.71157  1
167    1.18253
134 13.8665  1
242    0
135 13.9654  2
166    1.10427
222    1.07642
136 14.2883  3
138    1.0929
182    0.924787
215    1.17334
137 5.34242  3
151    0.910486
222    0.798349
232    0.825834
138 6.1298  1
242    0
139 8.70098  1
153    1.18865
140 7.09723  1
242    0
141 11.8603  1
150    1.22022
142 7.41371  1
242    0
143 12.8939  2
176    1.23793
218    0.833799
144 10.7894  1
204    1.13172
145 13.9169  1
177    0.844823
146 14.1299  1
222    1.09536
147 14.8254  2
153    1.2169
178    0.844218
148 7.09632  2
155    1.25574
220    0.852293
149 11.8572  1
242    0
150 7.40364  1
232    0.922059
151 12.861  1
242    0
152 10.6816  2
166    0.89505
223    0.975948
153 13.565  1
167    1.02187
154 12.9809  1
192    1.19074
155 11.0732  2
220    1.1139
223    0.902997
156 14.8437  1
242    0
157 7.15613  2
183    0.700751
218    1.29198
158 12.0525  1
242    0
159 8.04147  2
175    1.11709
179    1.06439
160 14.9438  4
168    1.15177
169    0.975948
170    1.0018
171    1.08624
161 7.48299  1
242    0
162 13.1201  2
224    0.763576
225    0.908307
163 11.5276  2
221    1.10427
222    0.744972
164 6.32756  1
242    0
165 9.34675  1
242    0
166 9.20606  8
184    0.820103
185    1.0929
186    0.783718
187    0.974081
188    0.995706
189    1.06633
190    1.29696
191    0.85006
167 8.74645  1
173    0.763576
168 7.24555  1
242    0
169 12.3446  1
179    0.829368
170 8.99548  1
242    0
171 8.05887  2
193    1.08398
216    1.23745
172 5.00031  1
242    0
173 5.01251  2
180    1.12315
181    0.882488
174 5.05249  1
242    0
175 5.18311  1
242    0
176 5.60945  1
242    0
177 7.00171  1
242    0
178 11.5484  1
242    0
179 6.39531  1
242    0
180 9.56801  1
242    0
181 9.92843  1
219    1.13764
182 11.1055  1
242    0
183 14.9493  1
242    0
184 7.50099  5
227    0.862694
228    1.23199
229    1.23793
230    1.2573
231    0.720545
185 13.179  1
242    0
186 11.7202  1
242    0
187 6.95624  1
242    0
188 11.3997  1
242    0
189 5.90976  1
242    0
190 7.98257  1
242    0
191 14.7516  2
220    0.929786
221    1.127
192 6.85522  1
242    0
193 11.0701  1
242    0
194 14.8337  1
242    0
195 7.12348  10
205    0.78804
206    0.988198
207    1.04181
208    1.2169
209    1.18865
210    1.09638
211    0.795071
212    1.01116
213    1.1168
214    0.861742
196 11.946  1
242    0
197 7.69387  1
242    0
198 13.8086  1
242    0
199 13.7762  1
242    0
200 13.6703  1
242    0
201 13.3245  1
242    0
202 12.1953  1
242    0
203 8.5081  1
215    1.21222
204 6.46733  1
242    0
205 9.80331  1
242    0
206 10.6969  1
242    0
207 13.6151  9
233    1.11162
234    0.844823
235    1.17364
236    1.04736
237    1.23501
238    1.24779
239    1.28953
240    0.825779
241    1.11143
208 13.1442  1
242    0
209 11.6063  1
242    0
210 6.58452  1
215    1.04639
211 10.186  1
242    0
212 11.9466  1
242    0
213 7.6957  1
226    1.11709
214 13.8147  1
242    0
215 13.796  1
242    0
216 13.7353  1
223    0.761946
217 13.5369  1
242    0
218 12.889  1
242    0
219 10.7732  1
242    0
220 13.8641  1
242    0
221 13.9575  1
242    0
222 14.2624  1
242    0
223 5.25758  1
242    0
224 5.85269  1
242    0
225 7.79611  1
242    0
226 14.1424  1
232    0.767788
227 14.8663  1
242    0
228 7.22999  1
242    0
229 12.2939  1
242    0
230 8.82977  1
242    0
231 7.51778  1
242    0
232 13.2336  1
242    0
233 11.8984  1
242    0
234 7.53822  1
242    0
235 13.3004  1
242    0
236 12.1166  1
242    0
237 8.25083  1
242    0
238 5.62716  1
242    0
239 7.05969  1
242    0
240 11.7379  1
242    0
241 7.01422  1
242    0
242 0  0
