92
0 10.186  6
1    0.924787
2    1.14068
40    0.751161
41    1.19803
42    0.823582
73    1.11162
1 11.9466  3
2    0.834733
3    0.939729
27    1.13172
2 7.6957  1
3    0.883532
3 13.8147  4
4    0.700018
5    0.700751
6    0.703149
7    0.710987
4 13.796  2
27    1.22851
42    0.820853
5 13.7353  6
8    0.736567
9    0.820103
10    1.0929
11    0.783718
12    0.974081
13    0.995706
6 13.5369  1
40    1.29198
7 12.889  2
28    0.988198
42    1.10427
8 10.7732  2
27    1.19947
40    1.25574
9 13.8641  2
40    1.24855
73    1.04736
10 13.9575  1
91    0
11 14.2624  2
41    0.89505
90    1.1872
12 5.25758  6
14    1.06633
15    1.29696
16    0.85006
17    1.19074
18    1.10321
40    1.13764
13 5.85269  1
91    0
14 7.79611  10
19    0.817374
20    1.08398
21    0.754585
22    0.878954
23    1.28509
24    0.811313
25    1.06421
26    1.29002
39    1.23185
73    0.922059
15 14.1424  2
27    1.22657
41    0.737629
16 14.8663  1
41    1.127
17 7.22999  2
39    1.04639
40    0.715455
18 12.2939  3
28    0.910486
39    1.21222
41    1.1139
19 8.82977  9
31    1.18865
32    1.09638
33    0.795071
34    1.01116
35    1.1168
36    0.861742
37    1.22888
38    1.22776
73    1.17364
20 7.51778  3
27    1.22022
73    0.825834
74    1.23501
21 13.2336  1
27    1.11676
22 11.8984  1
91    0
23 7.53822  3
29    1.04181
30    1.2169
41    0.851067
24 13.3004  1
27    0.861632
25 12.1166  1
90    0.952364
26 8.25083  1
27    0.827409
27 5.62716  3
28    0.78804
39    1.17334
40    0.867766
28 7.05969  2
40    0.833799
90    0.848979
29 11.7379  7
61    0.908307
62    0.780917
63    0.964943
64    0.965877
65    0.968917
66    0.978841
67    1.01125
30 7.01422  1
91    0
31 11.5893  5
51    0.729902
52    0.798349
53    1.02187
54    1.15177
90    1.14068
32 6.52867  2
41    0.929786
90    0.960805
33 10.0035  1
39    1.22412
34 11.3506  1
91    0
35 5.74953  8
43    1.09536
44    0.79172
45    1.00021
46    1.08104
47    0.744972
48    0.847551
49    1.18253
50    1.07642
36 7.45918  1
39    1.23745
37 13.0422  2
73    0.720545
90    0.924787
38 11.2737  1
41    1.19402
39 5.49837  1
91    0
40 6.63915  1
41    0.852293
41 10.3645  9
81    1.0409
82    1.2139
83    1.17885
84    1.06439
85    1.29062
86    0.829368
87    1.12315
88    0.882488
89    1.29663
42 12.5295  1
91    0
43 9.59914  1
91    0
44 10.0301  1
91    0
45 11.4373  1
90    0.779653
46 6.03244  1
91    0
47 8.38328  1
73    0.844823
48 6.0596  1
91    0
49 8.47179  6
55    0.975948
56    1.0018
57    1.08624
58    0.761946
59    0.902997
60    0.763576
50 6.34861  1
91    0
51 9.41572  1
91    0
52 9.43129  1
91    0
53 9.48195  1
91    0
54 9.64736  1
91    0
55 10.1875  1
91    0
56 11.9515  1
91    0
57 7.71157  1
91    0
58 13.8665  1
91    0
59 13.9654  1
91    0
60 14.2883  1
91    0
61 5.34242  1
91    0
62 6.1298  1
91    0
63 8.70098  5
68    1.11709
69    0.862694
70    1.23199
71    1.23793
72    1.2573
64 7.09723  6
75    1.24779
76    1.28953
77    0.825779
78    1.11143
79    0.844218
80    1.17166
65 11.8603  1
91    0
66 7.41371  1
91    0
67 12.8939  1
91    0
68 10.7894  1
73    0.767788
69 13.9169  1
91    0
70 14.1299  1
91    0
71 14.8254  1
90    0.834733
72 7.09632  1
91    0
73 11.8572  1
91    0
74 7.40364  1
91    0
75 12.861  1
91    0
76 10.6816  1
91    0
77 13.565  1
91    0
78 12.9809  1
91    0
79 11.0732  1
91    0
80 14.8437  1
91    0
81 7.15613  1
91    0
82 12.0525  1
91    0
83 8.04147  1
91    0
84 14.9438  1
91    0
85 7.48299  1
91    0
86 13.1201  1
91    0
87 11.5276  1
90    1.09166
88 6.32756  1
91    0
89 9.34675  1
91    0
90 9.20606  1
91    0
91 0  0
