187
0 5.25758  10
1    0.922059
2    0.825834
3    1.11162
4    0.844823
5    1.17364
6    1.04736
7    1.23501
8    1.24779
9    1.28953
18    0.882488
1 5.85269  2
38    1.22776
173    0.848979
2 7.79611  3
32    1.06633
35    0.827409
36    0.78804
3 14.1424  4
18    1.29062
36    1.13172
37    0.795071
156    0.978841
4 14.8663  2
31    0.974081
168    1.28953
5 7.22999  3
18    1.1872
23    1.14068
34    0.817374
6 12.2939  3
31    0.783718
78    1.01125
144    1.07642
7 8.82977  10
10    0.825779
11    1.11143
12    0.844218
13    1.17166
14    1.0409
15    1.2139
16    1.17885
17    1.06439
37    0.861742
97    1.06633
8 7.51778  5
18    1.12315
34    0.811313
36    1.19947
38    1.22888
175    0.710987
9 13.2336  2
33    1.19074
96    0.703149
10 11.8984  2
88    1.28953
89    0.825779
11 7.53822  8
19    1.09166
20    0.779653
21    0.960805
22    0.952364
31    0.995706
37    0.988198
95    0.960805
96    0.939729
12 13.3004  3
18    1.29663
33    1.29696
168    1.24779
13 12.1166  3
23    0.834733
38    1.23745
176    1.0929
14 8.25083  3
18    0.829368
23    0.924787
34    1.29002
15 5.62716  5
31    0.820103
33    1.10321
34    1.08398
37    1.18865
121    1.22412
16 7.05969  4
18    0.848979
36    1.22022
38    1.22412
78    1.23793
17 11.7379  1
31    1.0929
18 7.01422  2
78    0.968917
95    0.952364
19 11.5893  2
168    1.11143
173    1.29663
20 6.52867  1
37    1.1168
21 10.0035  9
24    0.939729
25    0.883532
26    0.700018
27    0.700751
28    0.703149
29    0.710987
30    0.736567
36    1.22851
38    0.715455
22 11.3506  2
78    1.23199
96    0.700018
23 5.74953  1
36    0.861632
24 7.45918  2
37    1.09638
121    1.01116
25 13.0422  3
37    1.01116
121    1.22888
144    1.18253
26 11.2737  1
96    0.736567
27 5.49837  2
36    1.11676
97    0.783718
28 6.63915  5
33    0.85006
34    0.878954
90    1.17885
137    0.89505
168    1.23501
29 10.3645  10
39    0.751161
40    0.867766
41    1.24855
42    1.29198
43    0.833799
44    1.13764
45    0.929786
46    0.851067
47    1.19402
48    1.1139
30 12.5295  3
34    0.754585
38    1.21222
175    0.700751
31 9.59914  2
34    1.28509
168    1.2139
32 10.0301  3
36    0.910486
37    1.04181
38    1.04639
33 11.4373  2
34    1.06421
38    1.25574
34 6.03244  1
36    1.22657
35 8.38328  4
38    1.17334
78    1.11709
87    1.24779
90    1.29062
36 6.0596  2
37    1.2169
121    1.21222
37 8.47179  1
38    1.23185
38 6.34861  6
57    1.09536
58    0.79172
59    1.00021
60    1.08104
120    1.18865
173    1.1872
39 9.41572  1
167    1.17364
40 9.43129  2
78    0.862694
177    0.974081
41 9.48195  5
79    1.2573
80    0.720545
81    0.767788
82    0.922059
83    0.825834
42 9.64736  8
67    1.02187
68    1.15177
69    0.975948
70    1.0018
71    1.08624
72    0.761946
90    1.0409
116    0.78804
43 10.1875  1
167    0.844823
44 11.9515  1
96    0.820103
45 7.71157  10
49    0.852293
50    1.19803
51    1.127
52    0.89505
53    0.737629
54    0.823582
55    1.10427
56    0.820853
87    1.23501
90    1.12315
46 13.8665  1
175    0.736567
47 13.9654  1
186    0
48 14.2883  1
144    0.798349
49 5.34242  1
186    0
50 6.1298  1
90    1.2139
51 8.70098  1
121    1.22776
52 7.09723  2
87    1.04736
116    0.910486
53 11.8603  2
95    0.779653
137    0.823582
54 7.41371  1
90    1.11143
55 12.8939  1
186    0
56 10.7894  2
95    0.924787
96    0.834733
57 13.9169  6
61    0.744972
62    0.847551
63    1.18253
64    1.07642
65    0.729902
66    0.798349
58 14.1299  1
186    0
59 14.8254  4
84    1.11162
85    0.844823
86    1.17364
137    0.737629
60 7.09632  1
186    0
61 11.8572  6
73    0.902997
74    0.763576
75    0.908307
76    0.780917
77    0.964943
97    1.0929
62 7.40364  2
78    0.978841
90    0.844218
63 12.861  2
120    1.09638
168    1.0409
64 10.6816  4
91    0.882488
92    1.29663
93    0.848979
94    1.1872
65 13.565  1
121    0.861742
66 12.9809  1
90    1.17166
67 11.0732  1
186    0
68 14.8437  2
97    0.974081
174    0.924787
69 7.15613  1
176    0.820103
70 12.0525  1
186    0
71 8.04147  1
186    0
72 14.9438  3
117    0.988198
118    1.04181
119    1.2169
73 7.48299  2
90    0.829368
121    0.795071
74 13.1201  1
96    1.14068
75 11.5276  1
78    0.965877
76 6.32756  1
186    0
77 9.34675  1
186    0
78 9.20606  2
97    0.995706
137    1.19803
79 8.74645  9
107    1.06421
108    1.29002
109    0.827409
110    1.11676
111    0.861632
112    1.22851
113    1.22657
114    1.22022
115    1.19947
80 7.24555  5
126    0.715455
127    0.751161
128    0.867766
129    1.24855
144    0.847551
81 12.3446  1
186    0
82 8.99548  1
186    0
83 8.05887  1
96    0.883532
84 5.00031  4
131    0.833799
132    1.13764
133    0.929786
134    0.851067
85 5.01251  1
174    0.960805
86 5.05249  2
97    1.29696
116    1.13172
87 5.18311  1
90    1.06439
88 5.60945  1
96    0.710987
89 7.00171  9
98    0.85006
99    1.19074
100    1.10321
101    0.817374
102    1.08398
103    0.754585
104    0.878954
105    1.28509
106    0.811313
90 11.5484  6
145    1.02187
146    1.15177
147    0.975948
148    1.0018
149    1.08624
174    0.952364
91 6.39531  1
173    0.882488
92 9.56801  2
95    1.09166
96    0.700751
93 9.92843  1
186    0
94 11.1055  1
175    0.700018
95 14.9493  1
186    0
96 7.50099  2
156    0.965877
176    0.783718
97 13.179  1
144    0.729902
98 11.7202  1
186    0
99 6.95624  1
156    0.968917
100 11.3997  1
175    1.14068
101 5.90976  1
186    0
102 7.98257  2
135    1.19402
136    1.1139
103 14.7516  1
121    1.17334
104 6.85522  3
122    1.04639
123    1.23185
124    1.23745
105 11.0701  1
186    0
106 14.8337  1
186    0
107 7.12348  1
186    0
108 11.946  1
186    0
109 7.69387  9
159    0.862694
160    1.23199
161    1.23793
162    1.2573
163    0.720545
164    0.767788
165    0.922059
166    0.825834
167    1.11162
110 13.8086  1
186    0
111 13.7762  1
186    0
112 13.6703  1
186    0
113 13.3245  2
125    1.25574
168    0.844218
114 12.1953  5
178    0.995706
179    1.06633
180    1.29696
181    0.85006
182    1.19074
115 8.5081  7
150    0.761946
151    0.902997
152    0.763576
153    0.908307
154    0.780917
155    0.964943
175    0.883532
116 6.46733  1
186    0
117 9.80331  1
121    1.1168
118 10.6969  1
175    0.703149
119 13.6151  1
186    0
120 13.1442  1
186    0
121 11.6063  2
157    1.01125
158    1.11709
122 6.58452  1
173    1.09166
123 10.186  1
186    0
124 11.9466  1
186    0
125 7.6957  1
186    0
126 13.8147  1
186    0
127 13.796  1
137    1.127
128 13.7353  1
130    1.29198
129 13.5369  4
169    1.06439
170    1.29062
171    0.829368
172    1.12315
130 12.889  3
183    1.10321
184    0.817374
185    1.08398
131 10.7732  1
186    0
132 13.8641  6
138    1.10427
139    0.820853
140    1.09536
141    0.79172
142    1.00021
143    1.08104
133 13.9575  1
186    0
134 14.2624  1
186    0
135 5.25758  1
186    0
136 5.85269  1
137    0.852293
137 7.79611  1
186    0
138 14.1424  1
186    0
139 14.8663  1
186    0
140 7.22999  1
186    0
141 12.2939  1
186    0
142 8.82977  1
186    0
143 7.51778  3
144    0.744972
167    1.04736
168    1.17885
144 13.2336  1
186    0
145 11.8984  1
186    0
146 7.53822  1
168    0.825779
147 13.3004  1
186    0
148 12.1166  1
186    0
149 8.25083  1
186    0
150 5.62716  1
186    0
151 7.05969  1
186    0
152 11.7379  1
186    0
153 7.01422  1
168    1.17166
154 11.5893  1
186    0
155 6.52867  1
186    0
156 10.0035  1
186    0
157 11.3506  1
186    0
158 5.74953  1
186    0
159 7.45918  1
186    0
160 13.0422  1
186    0
161 11.2737  1
186    0
162 5.49837  1
186    0
163 6.63915  1
173    0.779653
164 10.3645  1
186    0
165 12.5295  1
186    0
166 9.59914  1
186    0
167 10.0301  1
186    0
168 11.4373  1
175    0.939729
169 6.03244  1
186    0
170 8.38328  1
186    0
171 6.0596  1
186    0
172 8.47179  1
186    0
173 6.34861  1
174    0.834733
174 9.41572  1
186    0
175 9.43129  1
186    0
176 9.48195  1
186    0
177 9.64736  1
186    0
178 10.1875  1
186    0
179 11.9515  1
186    0
180 7.71157  1
186    0
181 13.8665  1
186    0
182 13.9654  1
186    0
183 14.2883  1
186    0
184 5.34242  1
186    0
185 6.1298  1
186    0
186 0  0
