49
0 13.2336  7
1    61.7507
2    62.3898
8    41.4684
9    44.1244
10    44.1766
19    40.8687
35    60.8452
1 11.8984  2
8    60.6951
10    46.9865
2 7.53822  9
3    64.4763
4    41.2889
5    55.5716
6    42.2109
7    58.5829
8    56.1576
9    64.8315
10    35.0009
37    61.5923
3 13.3004  3
9    42.449
10    54.5828
19    37.7293
4 12.1166  3
8    58.9427
10    57.0338
39    55.6952
5 8.25083  4
8    52.0449
10    38.9827
19    59.5369
35    50.558
6 5.62716  4
8    53.2196
9    59.3602
10    48.0403
37    61.2059
7 7.05969  3
8    64.5312
10    46.2394
19    43.9477
8 11.7379  3
10    47.6182
19    55.1605
38    35.7727
9 7.01422  2
10    41.7367
37    61.8725
10 11.5893  10
11    35.0375
12    35.1575
13    35.5493
14    36.8284
15    41.0051
16    54.6451
17    39.1859
18    48.704
35    55.8399
38    46.4893
11 6.52867  1
38    62.7871
12 10.0035  1
19    42.503
13 11.3506  1
35    39.7536
14 5.74953  1
19    54.1992
15 7.45918  3
19    64.848
20    64.2547
37    52.3196
16 13.0422  1
19    49.7853
17 11.2737  2
19    53.3166
37    60.6108
18 5.49837  10
21    40.5657
22    53.2104
23    64.501
24    41.3704
25    55.838
26    43.0816
27    61.4257
28    61.3286
29    61.0109
35    59.4325
19 6.63915  1
48    0
20 10.3645  2
36    61.3881
39    59.7008
21 12.5295  1
48    0
22 9.59914  1
48    0
23 10.0301  1
37    58.6671
24 11.4373  1
48    0
25 6.03244  7
30    59.9736
31    56.586
32    45.5243
33    39.402
34    49.4099
35    54.819
38    41.69
26 8.38328  1
48    0
27 6.0596  1
38    62.4273
28 8.47179  1
48    0
29 6.34861  2
35    61.444
38    64.599
30 9.41572  1
48    0
31 9.43129  1
38    56.8818
32 9.48195  2
35    52.0907
38    37.5581
33 9.64736  1
38    43.3883
34 10.1875  1
35    43.0871
35 11.9515  1
48    0
36 7.71157  1
39    42.5533
37 13.8665  1
48    0
38 13.9654  8
40    42.6147
41    59.9013
42    56.3498
43    44.7525
44    36.8815
45    41.1791
46    55.2136
47    41.0427
39 14.2883  1
48    0
40 5.34242  1
48    0
41 6.1298  1
48    0
42 8.70098  1
48    0
43 7.09723  1
48    0
44 11.8603  1
48    0
45 7.41371  1
48    0
46 12.8939  1
48    0
47 10.7894  1
48    0
48 0  0
