60
0 12.9809  4
1    4.30871
2    6.13881
28    5.43118
45    4.17367
1 11.0732  3
2    6.1444
25    5.00105
37    4.31347
2 14.8437  4
3    6.12059
4    6.06108
5    5.86671
6    5.23196
3 7.15613  3
25    5.52136
28    3.81788
45    4.80403
4 12.0525  2
15    4.169
16    5.68818
5 8.04147  4
25    3.68815
27    5.91267
28    3.80973
38    4.12917
6 14.9438  10
7    6.15923
8    6.18725
9    6.27871
10    3.57727
11    3.75581
12    4.33883
13    6.24273
14    6.4599
38    5.86818
40    5.89427
7 7.48299  2
28    5.75886
40    4.22109
8 13.1201  1
59    0
9 11.5276  3
22    5.99013
23    5.63498
24    4.47525
10 6.32756  1
41    4.14684
11 9.34675  7
17    4.64893
18    4.25533
19    5.97008
20    5.56952
21    4.26147
28    5.10936
40    4.12889
12 9.20606  1
38    4.22411
13 8.74645  3
25    3.9586
40    5.85829
46    4.69865
14 7.24555  1
25    4.10427
15 12.3446  4
25    5.40518
28    4.87974
37    6.18963
38    3.83894
16 8.99548  2
25    3.72486
27    5.38211
17 8.05887  1
28    4.51498
18 5.00031  4
25    5.47678
37    6.15996
38    5.23681
45    3.89827
19 5.01251  3
26    4.23775
28    5.00902
48    4.97853
20 5.05249  3
25    4.11791
38    6.17507
45    5.45828
21 5.18311  2
36    5.58545
48    3.91859
22 5.60945  1
40    6.45312
23 7.00171  3
38    3.60273
40    5.55716
45    4.62394
24 11.5484  3
29    4.54154
40    5.20449
48    3.68284
25 6.39531  1
48    3.55493
26 9.56801  2
27    3.64951
28    3.99174
27 9.92843  8
30    3.90458
31    4.82472
32    4.82939
33    4.84458
34    4.89421
35    5.05626
45    5.93602
48    4.10051
28 11.1055  1
38    5.55808
29 14.9493  1
39    6.44763
30 7.50099  1
40    5.32196
31 13.179  3
38    4.61029
39    6.23898
45    4.76182
32 11.7202  1
40    6.06951
33 6.95624  1
48    5.33166
34 11.3997  1
37    6.28649
35 5.90976  4
42    5.61576
43    4.41244
44    6.48315
47    3.50009
36 7.98257  1
59    0
37 14.7516  2
46    5.70338
48    4.8704
38 6.85522  1
46    4.41766
39 11.0701  1
59    0
40 14.8337  1
59    0
41 7.12348  1
48    5.46451
42 11.946  3
49    6.4848
50    4.2503
51    5.95369
43 7.69387  1
47    3.50375
44 13.8086  1
45    4.2449
45 13.7762  1
48    3.51575
46 13.6703  1
59    0
47 13.3245  1
59    0
48 12.1953  1
59    0
49 8.5081  1
59    0
50 6.46733  1
59    0
51 9.80331  7
52    5.51605
53    4.08687
54    5.41992
55    3.77293
56    4.39477
57    6.42547
58    4.05657
52 10.6969  1
59    0
53 13.6151  1
59    0
54 13.1442  1
59    0
55 11.6063  1
59    0
56 6.58452  1
59    0
57 10.186  1
59    0
58 11.9466  1
59    0
59 0  0
