104
0 8.70098  9
1    54.7678
2    39.586
3    50.0105
4    54.0518
5    37.2486
6    42.3775
7    39.9174
17    48.2472
18    55.5808
1 7.09723  3
17    48.2939
23    41.4684
36    39.1859
2 11.8603  3
7    53.8211
18    61.7507
23    58.5829
3 7.41371  2
7    36.4951
16    39.0458
4 12.8939  3
17    61.8963
18    52.3681
23    52.0449
5 10.7894  4
7    59.1267
17    48.9421
35    41.0051
39    53.2104
6 13.9169  9
8    51.0936
9    57.5886
10    48.7974
11    50.0902
12    54.3118
13    38.0973
14    45.1498
15    38.1788
18    42.2411
7 14.1299  3
17    62.8649
35    35.0009
36    53.3166
8 14.8254  3
18    38.3894
38    64.2547
56    42.5533
9 7.09632  4
17    43.1347
18    41.2917
35    44.1766
36    48.704
10 11.8572  3
23    53.2196
35    35.1575
49    50.558
11 7.40364  4
17    48.4458
18    62.3898
39    55.838
56    59.7008
12 12.861  4
17    50.5626
18    36.0273
36    49.7853
49    59.4325
13 10.6816  4
16    45.4154
17    55.8545
18    46.1029
24    44.1244
14 13.565  3
18    58.6818
24    56.1576
35    36.8284
15 12.9809  8
89    55.8545
90    43.1347
91    61.5996
92    61.8963
93    62.8649
94    36.0273
95    38.3894
96    46.1029
16 11.0732  1
17    61.5996
17 14.8437  9
27    59.3602
28    54.5828
29    38.9827
30    48.0403
31    47.6182
32    46.2394
33    41.7367
34    57.0338
56    55.6952
18 7.15613  4
19    64.4763
20    41.2889
21    55.5716
22    42.2109
19 12.0525  3
23    58.9427
36    54.6451
56    46.4893
20 8.04147  1
39    64.501
21 14.9438  1
23    64.5312
22 7.48299  4
23    60.6951
36    42.503
39    41.3704
50    58.6671
23 13.1201  2
25    64.8315
26    42.449
24 11.5276  1
103    0
25 6.32756  2
36    64.848
49    43.0871
26 9.34675  2
38    40.5657
79    38.0973
27 9.20606  2
35    46.9865
37    55.1605
28 8.74645  1
103    0
29 7.24555  1
35    35.0375
30 12.3446  4
38    43.9477
39    61.4257
49    54.819
55    41.69
31 8.99548  3
35    35.5493
50    52.3196
55    62.4273
32 8.05887  1
49    39.7536
33 5.00031  2
38    37.7293
55    43.3883
34 5.01251  3
36    59.5369
37    40.8687
56    56.8818
35 5.05249  1
103    0
36 5.18311  9
40    61.3286
41    61.0109
42    59.9736
43    56.586
44    45.5243
45    39.402
46    49.4099
47    52.0907
48    60.8452
37 5.60945  2
38    54.1992
50    61.2059
38 7.00171  1
39    43.0816
39 11.5484  1
103    0
40 6.39531  1
50    61.444
41 9.56801  3
49    55.8399
50    60.6108
56    42.6147
42 9.92843  1
50    61.3881
43 11.1055  1
103    0
44 14.9493  1
103    0
45 7.50099  1
50    61.5923
46 13.179  1
103    0
47 11.7202  1
103    0
48 6.95624  1
103    0
49 11.3997  4
51    61.8725
52    62.7871
53    35.7727
54    37.5581
50 5.90976  1
103    0
51 7.98257  4
57    59.9013
58    56.3498
59    44.7525
60    36.8815
52 14.7516  1
103    0
53 6.85522  1
55    64.599
54 11.0701  1
103    0
55 14.8337  1
103    0
56 7.12348  1
103    0
57 11.946  10
61    41.1791
62    55.2136
63    41.0427
64    54.7678
65    39.586
66    50.0105
67    54.0518
68    37.2486
69    42.3775
70    59.1267
58 7.69387  6
97    41.2917
98    55.5808
99    42.2411
100    58.6818
101    52.3681
102    61.7507
59 13.8086  4
71    53.8211
72    36.4951
73    39.9174
74    51.0936
60 13.7762  1
103    0
61 13.6703  1
103    0
62 13.3245  1
103    0
63 12.1953  9
80    45.1498
81    38.1788
82    45.4154
83    39.0458
84    48.2472
85    48.2939
86    48.4458
87    48.9421
88    50.5626
64 8.5081  1
78    54.3118
65 6.46733  1
103    0
66 9.80331  1
103    0
67 10.6969  1
103    0
68 13.6151  1
103    0
69 13.1442  1
103    0
70 11.6063  1
103    0
71 6.58452  1
103    0
72 10.186  1
103    0
73 11.9466  1
103    0
74 7.6957  3
75    57.5886
76    48.7974
77    50.0902
75 13.8147  1
103    0
76 13.796  1
103    0
77 13.7353  1
103    0
78 13.5369  1
103    0
79 12.889  1
103    0
80 10.7732  1
103    0
81 13.8641  1
103    0
82 13.9575  1
103    0
83 14.2624  1
103    0
84 5.25758  1
103    0
85 5.85269  1
103    0
86 7.79611  1
103    0
87 14.1424  1
103    0
88 14.8663  1
103    0
89 7.22999  1
103    0
90 12.2939  1
103    0
91 8.82977  1
103    0
92 7.51778  1
103    0
93 13.2336  1
103    0
94 11.8984  1
103    0
95 7.53822  1
103    0
96 13.3004  1
103    0
97 12.1166  1
103    0
98 8.25083  1
103    0
99 5.62716  1
103    0
100 7.05969  1
103    0
101 11.7379  1
103    0
102 7.01422  1
103    0
103 0  0
