51
0 11.946  10
1    37.2486
2    42.3775
3    59.1267
4    53.8211
5    36.4951
6    39.9174
7    51.0936
8    57.5886
9    39.0458
46    48.704
1 7.69387  3
9    45.4154
10    50.5626
30    59.3602
2 13.8086  2
9    38.0973
10    43.1347
3 13.7762  2
9    54.3118
10    48.9421
4 13.6703  3
9    38.1788
13    41.2917
20    55.5716
5 13.3245  4
9    50.0902
10    48.2939
13    55.5808
47    53.3166
6 12.1953  3
9    48.7974
10    55.8545
13    46.1029
7 8.5081  2
9    45.1498
10    61.8963
8 6.46733  3
9    48.2472
10    61.5996
48    59.5369
9 9.80331  2
10    48.4458
13    38.3894
10 10.6969  4
11    62.8649
12    36.0273
30    42.449
31    38.9827
11 13.6151  6
15    58.6818
16    52.3681
17    61.7507
18    62.3898
19    64.4763
20    42.2109
12 13.1442  2
20    41.2889
47    64.848
13 11.6063  1
14    42.2411
14 6.58452  9
22    52.0449
23    60.6951
24    58.9427
25    53.2196
26    64.5312
27    41.4684
28    56.1576
29    44.1244
46    39.1859
15 10.186  1
21    58.5829
16 11.9466  1
30    54.5828
17 7.6957  1
50    0
18 13.8147  1
49    40.8687
19 13.796  1
50    0
20 13.7353  1
30    64.8315
21 13.5369  2
36    57.0338
37    46.9865
22 12.889  1
50    0
23 10.7732  1
50    0
24 13.8641  1
50    0
25 13.9575  1
49    37.7293
26 14.2624  1
50    0
27 5.25758  4
32    48.0403
33    47.6182
34    46.2394
35    41.7367
28 5.85269  1
50    0
29 7.79611  1
50    0
30 14.1424  1
49    54.1992
31 14.8663  1
50    0
32 7.22999  1
50    0
33 12.2939  1
50    0
34 8.82977  8
38    44.1766
39    35.0009
40    35.0375
41    35.1575
42    35.5493
43    36.8284
44    41.0051
45    54.6451
35 7.51778  1
50    0
36 13.2336  1
50    0
37 11.8984  1
50    0
38 7.53822  1
50    0
39 13.3004  1
50    0
40 12.1166  1
50    0
41 8.25083  1
50    0
42 5.62716  1
46    49.7853
43 7.05969  1
47    42.503
44 11.7379  1
50    0
45 7.01422  1
48    55.1605
46 11.5893  1
50    0
47 6.52867  1
50    0
48 10.0035  1
50    0
49 11.3506  1
50    0
50 0  0
