48
0 5.62716  1
1    42.2109
1 7.05969  7
2    58.5829
3    52.0449
4    60.6951
5    58.9427
6    53.2196
7    64.5312
8    41.4684
2 11.7379  1
47    0
3 7.01422  1
9    44.1244
4 11.5893  1
9    64.8315
5 6.52867  2
9    59.3602
26    59.5369
6 10.0035  1
25    49.7853
7 11.3506  1
9    56.1576
8 5.74953  2
9    42.449
25    39.1859
9 7.45918  10
10    54.5828
11    38.9827
12    48.0403
13    47.6182
14    46.2394
15    41.7367
16    57.0338
17    46.9865
18    44.1766
26    55.1605
10 13.0422  1
47    0
11 11.2737  1
37    56.586
12 5.49837  1
27    37.7293
13 6.63915  7
19    35.0009
20    35.0375
21    35.1575
22    35.5493
23    36.8284
24    41.0051
25    53.3166
14 10.3645  1
25    64.848
15 12.5295  2
25    48.704
27    40.8687
16 9.59914  1
47    0
17 10.0301  1
27    43.9477
18 11.4373  2
25    54.6451
28    64.2547
19 6.03244  1
27    54.1992
20 8.38328  1
47    0
21 6.0596  1
47    0
22 8.47179  1
26    42.503
23 6.34861  1
37    59.9736
24 9.41572  1
47    0
25 9.43129  9
38    45.5243
39    39.402
40    49.4099
41    52.0907
42    60.8452
43    59.4325
44    54.819
45    39.7536
46    50.558
26 9.48195  1
47    0
27 9.64736  8
29    40.5657
30    53.2104
31    64.501
32    41.3704
33    55.838
34    43.0816
35    61.4257
36    61.3286
28 10.1875  1
47    0
29 11.9515  1
47    0
30 7.71157  1
47    0
31 13.8665  1
47    0
32 13.9654  1
47    0
33 14.2883  1
47    0
34 5.34242  1
47    0
35 6.1298  1
37    61.0109
36 8.70098  1
47    0
37 7.09723  1
47    0
38 11.8603  1
47    0
39 7.41371  1
47    0
40 12.8939  1
47    0
41 10.7894  1
47    0
42 13.9169  1
47    0
43 14.1299  1
47    0
44 14.8254  1
47    0
45 7.09632  1
47    0
46 11.8572  1
47    0
47 0  0
