215
0 13.565  9
1    1.19402
2    1.1139
16    1.07642
20    0.964943
25    0.922059
38    1.29663
72    0.79172
140    1.24855
175    0.848979
1 12.9809  2
16    1.15177
20    1.11709
2 11.0732  10
3    0.852293
4    1.19803
5    1.127
6    0.89505
7    0.737629
8    0.823582
9    1.10427
10    0.820853
11    1.09536
12    0.79172
3 14.8437  4
16    0.798349
20    1.01125
39    0.924787
51    0.78804
4 7.15613  5
16    1.18253
39    0.834733
43    0.754585
135    1.22888
158    1.01125
5 12.0525  8
13    1.00021
16    0.847551
19    0.780917
38    1.12315
39    0.703149
43    0.85006
52    1.04181
140    0.867766
6 8.04147  5
17    0.761946
18    0.902997
30    0.844218
43    1.08398
135    1.01116
7 14.9438  8
14    1.08104
15    0.744972
16    0.975948
20    0.968917
25    0.844823
53    1.01116
72    1.07642
135    1.22776
8 7.48299  7
21    1.23199
22    1.23793
23    1.2573
24    0.720545
53    1.22776
83    0.968917
106    0.952364
9 13.1201  4
16    1.02187
39    0.952364
54    1.23185
105    1.1872
10 11.5276  4
16    0.729902
25    0.767788
43    1.10321
83    0.978841
11 6.32756  2
20    0.862694
39    1.14068
12 9.34675  7
16    1.08624
43    0.817374
51    1.19947
52    0.988198
54    0.715455
106    0.883532
158    1.11709
13 9.20606  6
20    0.978841
30    1.11143
39    0.939729
40    0.736567
42    1.29696
51    1.13172
14 8.74645  3
16    1.0018
42    1.06633
55    0.751161
15 7.24555  4
19    0.763576
30    0.825779
53    0.795071
157    1.15177
16 12.3446  4
26    1.04736
27    1.23501
28    1.24779
29    1.28953
17 8.99548  3
20    0.965877
41    0.783718
175    1.12315
18 8.05887  9
19    0.908307
25    1.17364
39    0.960805
41    1.0929
53    1.09638
72    0.820853
105    0.779653
106    1.14068
135    0.861742
19 5.00031  2
75    1.0018
145    1.1139
20 5.01251  3
25    1.11162
39    0.700751
43    1.19074
21 5.05249  1
51    1.22657
22 5.18311  9
31    1.17166
32    1.0409
33    1.2139
34    1.17885
35    1.06439
36    1.29062
37    0.829368
39    0.883532
105    0.848979
23 5.60945  4
25    0.825834
53    1.1168
157    0.761946
158    0.968917
24 7.00171  1
54    1.23745
25 11.5484  1
124    1.29002
26 6.39531  4
38    0.882488
41    0.820103
54    1.25574
175    0.882488
27 9.56801  2
38    0.848979
156    1.02187
28 9.92843  2
40    0.710987
43    0.878954
29 11.1055  5
38    0.779653
39    0.700018
41    0.974081
145    1.19402
175    0.960805
30 14.9493  1
214    0
31 7.50099  2
53    1.22888
199    1.22851
32 13.179  3
38    1.09166
43    1.28509
106    0.939729
33 11.7202  5
46    1.29002
47    0.827409
48    1.11676
49    0.861632
50    1.22851
34 6.95624  4
44    0.811313
45    1.06421
72    1.08104
208    1.22776
35 11.3997  2
42    0.995706
53    0.861742
36 5.90976  1
38    1.1872
37 7.98257  1
54    1.21222
38 14.7516  3
53    1.22412
54    1.17334
83    0.862694
39 6.85522  3
52    1.2169
140    1.23185
163    1.23501
40 11.0701  1
141    0.833799
41 14.8337  1
105    1.29062
42 7.12348  6
130    1.13172
131    0.910486
132    0.78804
133    0.988198
134    1.04181
135    1.18865
43 11.946  1
163    1.04736
44 7.69387  3
51    1.22022
73    1.15177
124    0.811313
45 13.8086  3
54    1.04639
135    1.09638
163    0.844823
46 13.7762  2
53    1.18865
157    0.780917
47 13.6703  2
72    0.847551
73    1.02187
48 13.3245  5
136    1.22412
137    1.21222
138    1.17334
139    1.04639
140    0.715455
49 12.1953  1
51    0.910486
50 8.5081  9
56    0.867766
57    1.24855
58    1.29198
59    0.833799
60    1.13764
61    0.929786
62    0.851067
63    1.19402
72    0.744972
51 6.46733  2
106    0.924787
157    0.902997
52 9.80331  1
214    0
53 10.6969  1
73    0.798349
54 13.6151  1
214    0
55 13.1442  1
214    0
56 11.6063  9
64    1.1139
65    0.852293
66    1.19803
67    1.127
68    0.89505
69    0.737629
70    0.823582
71    1.10427
156    1.18253
57 6.58452  2
83    1.11709
105    0.882488
58 10.186  5
125    0.861632
126    1.22851
127    1.22657
128    1.22022
158    0.964943
59 11.9466  1
175    0.779653
60 7.6957  1
105    1.12315
61 13.8147  1
105    0.829368
62 13.796  1
214    0
63 13.7353  1
72    1.09536
64 13.5369  1
214    0
65 12.889  1
156    0.798349
66 10.7732  6
72    1.18253
106    0.700751
124    1.11676
145    0.852293
176    0.834733
199    0.861632
67 13.8641  2
140    1.29198
145    1.127
68 13.9575  3
72    1.00021
135    1.2169
175    1.09166
69 14.2624  1
74    0.975948
70 5.25758  2
84    1.23793
85    1.2573
71 5.85269  2
72    0.729902
83    1.01125
72 7.79611  9
117    0.85006
118    1.19074
119    1.10321
120    0.817374
121    1.08398
122    0.754585
123    0.878954
140    0.751161
157    1.0018
73 14.1424  1
106    0.834733
74 14.8663  9
96    1.28953
97    0.825779
98    1.11143
99    0.844218
100    1.17166
101    1.0409
102    1.2139
103    1.17885
104    1.06439
75 7.22999  8
76    1.08624
77    0.761946
78    0.902997
79    0.763576
80    0.908307
81    0.780917
82    0.964943
106    0.960805
76 12.2939  1
135    1.1168
77 8.82977  1
158    0.978841
78 7.51778  1
83    1.23199
79 13.2336  1
214    0
80 11.8984  1
106    0.700018
81 7.53822  1
83    0.965877
82 13.3004  10
86    0.720545
87    0.767788
88    0.922059
89    0.825834
90    1.11162
91    0.844823
92    1.17364
93    1.04736
94    1.23501
95    1.24779
83 12.1166  1
214    0
84 8.25083  2
199    1.22657
208    1.22888
85 5.62716  1
124    0.827409
86 7.05969  1
182    0.710987
87 11.7379  10
107    0.703149
108    0.710987
109    0.736567
110    0.820103
111    1.0929
112    0.783718
113    0.974081
114    0.995706
115    1.06633
116    1.29696
88 7.01422  1
163    0.922059
89 11.5893  1
214    0
90 6.52867  1
214    0
91 10.0035  2
105    1.29663
182    0.783718
92 11.3506  2
105    1.09166
163    1.24779
93 5.74953  2
124    1.28509
182    1.0929
94 7.45918  1
214    0
95 13.0422  1
214    0
96 11.2737  7
192    0.754585
193    0.878954
194    1.28509
195    0.811313
196    1.06421
197    1.29002
198    0.827409
97 5.49837  1
214    0
98 6.63915  1
199    1.22022
99 10.3645  1
214    0
100 12.5295  2
158    1.23199
208    1.1168
101 9.59914  10
146    0.89505
147    0.737629
148    0.823582
149    1.10427
150    0.820853
151    1.09536
152    0.79172
153    1.00021
154    1.08104
155    0.744972
102 10.0301  1
124    1.06421
103 11.4373  1
214    0
104 6.03244  1
182    0.736567
105 8.38328  9
164    1.28953
165    0.825779
166    1.11143
167    0.844218
168    1.17166
169    1.0409
170    1.2139
171    1.17885
172    1.06439
106 6.0596  1
145    1.19803
107 8.47179  1
214    0
108 6.34861  1
214    0
109 9.41572  1
157    0.908307
110 9.43129  1
214    0
111 9.48195  3
205    1.04181
206    1.2169
207    1.18865
112 9.64736  1
157    0.763576
113 10.1875  1
129    1.19947
114 11.9515  1
214    0
115 7.71157  1
214    0
116 13.8665  2
156    0.729902
182    0.820103
117 13.9654  1
157    1.08624
118 14.2883  1
214    0
119 5.34242  1
140    1.25574
120 6.1298  1
175    1.1872
121 8.70098  1
214    0
122 7.09723  1
214    0
123 11.8603  1
163    1.17364
124 7.41371  4
142    1.13764
143    0.929786
144    0.851067
199    1.11676
125 12.8939  1
214    0
126 10.7894  1
156    0.847551
127 13.9169  1
158    0.862694
128 14.1299  1
214    0
129 14.8254  1
214    0
130 7.09632  1
157    0.975948
131 11.8572  1
140    1.23745
132 7.40364  9
183    0.974081
184    0.995706
185    1.06633
186    1.29696
187    0.85006
188    1.19074
189    1.10321
190    0.817374
191    1.08398
133 12.861  1
135    0.795071
134 10.6816  2
158    0.965877
208    1.09638
135 13.565  1
214    0
136 12.9809  1
214    0
137 11.0732  1
214    0
138 14.8437  1
214    0
139 7.15613  2
173    1.29062
174    0.829368
140 12.0525  1
214    0
141 8.04147  1
214    0
142 14.9438  1
214    0
143 7.48299  1
214    0
144 13.1201  4
159    1.23793
160    1.2573
161    0.720545
162    0.767788
145 11.5276  1
175    1.29663
146 6.32756  1
214    0
147 9.34675  1
175    0.924787
148 9.20606  1
214    0
149 8.74645  1
214    0
150 7.24555  1
214    0
151 12.3446  1
214    0
152 8.99548  1
214    0
153 8.05887  1
182    0.703149
154 5.00031  1
163    0.825834
155 5.01251  1
156    1.07642
156 5.05249  1
163    1.11162
157 5.18311  1
214    0
158 5.60945  1
214    0
159 7.00171  1
214    0
160 11.5484  1
214    0
161 6.39531  1
214    0
162 9.56801  1
214    0
163 9.92843  1
214    0
164 11.1055  5
177    1.14068
178    0.939729
179    0.883532
180    0.700018
181    0.700751
165 14.9493  1
214    0
166 7.50099  1
214    0
167 13.179  1
208    1.01116
168 11.7202  1
214    0
169 6.95624  1
214    0
170 11.3997  1
175    0.952364
171 5.90976  1
214    0
172 7.98257  1
214    0
173 14.7516  1
214    0
174 6.85522  1
214    0
175 11.0701  1
214    0
176 14.8337  1
214    0
177 7.12348  1
214    0
178 11.946  1
208    0.861742
179 7.69387  1
214    0
180 13.8086  1
214    0
181 13.7762  1
214    0
182 13.6703  1
214    0
183 13.3245  1
214    0
184 12.1953  1
214    0
185 8.5081  1
214    0
186 6.46733  1
214    0
187 9.80331  1
208    0.795071
188 10.6969  1
214    0
189 13.6151  1
214    0
190 13.1442  1
214    0
191 11.6063  1
214    0
192 6.58452  1
214    0
193 10.186  1
214    0
194 11.9466  1
214    0
195 7.6957  1
214    0
196 13.8147  5
200    1.19947
201    1.13172
202    0.910486
203    0.78804
204    0.988198
197 13.796  1
214    0
198 13.7353  1
214    0
199 13.5369  1
214    0
200 12.889  1
214    0
201 10.7732  1
214    0
202 13.8641  1
214    0
203 13.9575  1
214    0
204 14.2624  1
214    0
205 5.25758  1
214    0
206 5.85269  1
214    0
207 7.79611  5
209    1.22412
210    1.21222
211    1.17334
212    1.04639
213    1.23185
208 14.1424  1
214    0
209 14.8663  1
214    0
210 7.22999  1
214    0
211 12.2939  1
214    0
212 8.82977  1
214    0
213 7.51778  1
214    0
214 0  0
