116
0 13.8147  6
1    12.9002
20    12.5574
28    11.9803
57    8.25834
59    8.25779
85    10.8398
1 13.796  8
2    8.27409
3    11.1676
4    12.2657
5    12.2022
20    12.3745
28    8.9505
49    11.1709
114    7.44972
2 13.7353  2
4    12.2851
20    10.4639
3 13.5369  2
4    8.61632
5    11.9947
4 12.889  4
7    9.10486
8    7.8804
9    9.88198
10    10.4181
5 10.7732  2
6    11.3172
46    9.02997
6 13.8641  1
115    0
7 13.9575  3
20    12.3185
28    8.51067
62    11.2315
8 14.2624  10
11    12.169
12    11.8865
13    10.9638
14    7.95071
15    10.1116
16    11.168
17    8.61742
18    12.2888
19    12.2776
20    12.2412
9 5.25758  1
28    11.139
10 5.85269  2
46    9.08307
62    8.29368
11 7.79611  1
115    0
12 14.1424  5
20    12.1222
28    8.52293
47    9.65877
111    8.51067
114    8.47551
13 14.8663  3
29    8.23582
30    11.0427
113    8.9505
14 7.22999  1
50    8.62694
15 12.2939  1
112    11.139
16 8.82977  1
49    10.1125
17 7.51778  1
109    7.15455
18 13.2336  2
20    11.7334
28    11.27
19 11.8984  1
62    8.82488
20 7.53822  4
21    7.15455
28    11.9402
58    12.478
85    11.9074
21 13.3004  7
22    7.51161
23    8.67766
24    12.4855
25    12.9198
26    8.33799
27    11.3764
58    12.8953
22 12.1166  1
109    12.4855
23 8.25083  2
28    9.29786
57    11.1162
24 5.62716  1
115    0
25 7.05969  2
63    11.872
64    10.9166
26 11.7379  1
28    7.37629
27 7.01422  9
39    10.7642
40    7.29902
41    7.98349
42    10.2187
43    11.5177
44    9.75948
45    10.018
61    11.7166
114    10.8104
28 11.5893  1
46    10.8624
29 6.52867  9
31    8.20853
32    10.9536
33    7.9172
34    10.0021
35    10.8104
36    7.44972
37    8.47551
38    11.8253
61    8.44218
30 10.0035  2
47    9.64943
109    8.67766
31 11.3506  3
46    7.80917
112    11.9402
113    11.0427
32 5.74953  2
60    11.1143
61    11.7885
33 7.45918  1
115    0
34 13.0422  1
46    7.61946
35 11.2737  2
81    9.74081
109    12.9198
36 5.49837  6
51    12.3199
52    12.3793
53    12.573
54    7.20545
55    7.67788
56    9.22059
37 6.63915  1
114    7.29902
38 10.3645  1
46    7.63576
39 12.5295  3
48    9.78841
62    12.9663
85    8.5006
40 9.59914  2
48    9.68917
113    10.0021
41 10.0301  2
57    8.44823
62    8.48979
42 11.4373  2
58    12.3501
85    11.0321
43 6.03244  1
115    0
44 8.38328  3
58    10.4736
62    12.9062
114    10.7642
45 6.0596  1
115    0
46 8.47179  1
58    11.7364
47 6.34861  1
115    0
48 9.41572  1
86    7.54585
49 9.43129  1
61    10.409
50 9.48195  10
65    7.79653
66    9.60805
67    9.52364
68    9.24787
69    8.34733
70    11.4068
71    9.39729
72    8.83532
73    7.00018
74    7.00751
51 9.64736  1
115    0
52 10.1875  2
61    10.6439
109    10.4639
53 11.9515  1
115    0
54 7.71157  1
102    7.95071
55 13.8665  1
61    12.139
56 13.9654  2
109    7.51161
114    11.8253
57 14.2883  6
75    7.0315
76    7.10987
77    7.36567
78    8.20103
79    10.929
80    7.83718
58 5.34242  1
113    7.37629
59 6.1298  2
102    10.9638
113    7.9172
60 8.70098  1
113    8.20853
61 7.09723  2
85    8.17374
102    9.88198
62 11.8603  2
83    10.6633
84    12.9696
63 7.41371  1
115    0
64 12.8939  5
97    12.2022
98    11.9947
99    11.3172
100    9.10486
101    7.8804
65 10.7894  1
110    9.29786
66 13.9169  1
115    0
67 14.1299  1
112    8.52293
68 14.8254  1
115    0
69 7.09632  1
115    0
70 11.8572  1
115    0
71 7.40364  1
82    9.95706
72 12.861  1
109    12.3185
73 10.6816  10
87    8.78954
88    12.8509
89    8.11313
90    10.6421
91    12.9002
92    8.27409
93    11.1676
94    8.61632
95    12.2851
96    12.2657
74 13.565  1
115    0
75 12.9809  1
112    11.27
76 11.0732  1
115    0
77 14.8437  1
115    0
78 7.15613  1
113    10.9536
79 12.0525  6
103    8.61742
104    12.2888
105    12.2776
106    12.2412
107    12.1222
108    11.7334
80 8.04147  1
115    0
81 14.9438  1
115    0
82 7.48299  2
102    10.1116
112    11.9803
83 13.1201  1
115    0
84 11.5276  1
115    0
85 6.32756  1
115    0
86 9.34675  1
115    0
87 9.20606  1
102    10.4181
88 8.74645  1
113    8.23582
89 7.24555  1
115    0
90 12.3446  1
115    0
91 8.99548  1
115    0
92 8.05887  1
115    0
93 5.00031  1
115    0
94 5.01251  1
102    11.8865
95 5.05249  1
115    0
96 5.18311  1
115    0
97 5.60945  1
102    12.169
98 7.00171  1
115    0
99 11.5484  1
102    11.168
100 6.39531  1
115    0
101 9.56801  1
109    12.3745
102 9.92843  1
115    0
103 11.1055  1
110    8.33799
104 14.9493  2
109    12.5574
110    11.3764
105 7.50099  1
115    0
106 13.179  1
115    0
107 11.7202  1
115    0
108 6.95624  1
115    0
109 11.3997  1
115    0
110 5.90976  1
115    0
111 7.98257  1
115    0
112 14.7516  1
115    0
113 6.85522  1
115    0
114 11.0701  1
115    0
115 0  0
