196
0 7.51778  4
1    64.5312
2    41.4684
8    41.7367
77    55.5716
1 13.2336  10
3    56.1576
4    44.1244
5    64.8315
6    42.449
7    59.3602
8    47.6182
28    43.9477
51    41.0427
79    47.6182
121    37.5581
2 11.8984  10
9    46.9865
10    44.1766
11    35.0009
12    35.0375
13    35.1575
14    35.5493
15    36.8284
16    41.0051
17    54.6451
37    45.5243
3 7.53822  4
8    38.9827
39    62.7871
78    52.0449
95    40.8687
4 13.3004  4
8    46.2394
37    56.586
122    42.6147
168    36.8284
5 12.1166  4
8    57.0338
28    37.7293
38    55.8399
39    60.6108
6 8.25083  3
8    54.5828
28    64.2547
67    38.3894
7 5.62716  2
8    48.0403
29    53.2104
8 7.05969  4
29    40.5657
51    36.8815
78    58.9427
122    59.9013
9 11.7379  3
39    61.2059
121    61.8725
128    36.4951
10 7.01422  2
52    54.0518
143    55.5808
11 11.5893  1
38    61.444
12 6.52867  1
18    39.1859
13 10.0035  4
39    35.7727
50    59.9013
82    35.1575
95    54.1992
14 11.3506  3
29    64.501
37    52.0907
38    39.7536
15 5.74953  3
51    39.586
67    36.0273
106    59.9736
16 7.45918  10
19    48.704
20    49.7853
21    53.3166
22    64.848
23    42.503
24    59.5369
25    55.1605
26    40.8687
27    54.1992
37    59.4325
17 13.0422  7
53    37.2486
54    42.3775
55    59.1267
56    53.8211
57    36.4951
58    39.9174
82    44.1766
18 11.2737  3
48    59.7008
49    55.6952
128    53.8211
19 5.49837  2
50    56.3498
78    64.5312
20 6.63915  10
30    41.3704
31    55.838
32    43.0816
33    61.4257
34    61.3286
35    61.0109
36    59.9736
39    61.3881
51    55.2136
78    58.5829
21 10.3645  4
102    41.3704
103    55.838
104    43.0816
105    61.4257
22 12.5295  4
39    52.3196
77    41.2889
121    35.7727
168    35.5493
23 9.59914  3
37    60.8452
78    53.2196
143    41.2917
24 10.0301  1
195    0
25 11.4373  1
195    0
26 6.03244  1
195    0
27 8.38328  4
96    37.7293
97    43.9477
98    64.2547
144    58.5829
28 6.0596  2
77    42.2109
173    43.9477
29 8.47179  3
39    61.8725
122    46.4893
128    39.586
30 6.34861  1
39    58.6671
31 9.41572  2
39    61.5923
143    38.3894
32 9.43129  2
37    49.4099
51    41.1791
33 9.48195  1
37    54.819
34 9.64736  2
59    45.4154
78    44.1244
35 10.1875  2
37    39.402
50    42.6147
36 11.9515  3
38    50.558
78    56.1576
144    42.2109
37 7.71157  5
38    43.0871
51    54.7678
67    61.8963
79    54.5828
143    43.1347
38 13.8665  1
59    38.1788
39 13.9654  8
40    37.5581
41    43.3883
42    62.4273
43    64.599
44    41.69
45    56.8818
46    46.4893
47    42.5533
40 14.2883  3
52    50.0105
59    50.0902
169    64.848
41 5.34242  1
59    38.0973
42 6.1298  3
59    57.5886
79    38.9827
106    61.3286
43 8.70098  2
81    46.9865
122    59.7008
44 7.09723  3
59    39.0458
121    61.5923
122    41.69
45 11.8603  2
128    50.0105
174    64.501
46 7.41371  9
68    46.1029
69    41.2917
70    55.5808
71    42.2411
72    58.6818
73    52.3681
74    61.7507
75    62.3898
76    64.4763
47 12.8939  6
137    39.0458
138    48.2472
139    48.2939
140    48.4458
141    48.9421
142    50.5626
48 10.7894  1
79    41.7367
49 13.9169  1
51    44.7525
50 14.1299  2
78    60.6951
143    62.8649
51 14.8254  2
59    45.1498
79    59.3602
52 7.09632  4
59    51.0936
117    61.2059
128    42.3775
168    41.0051
53 11.8572  10
60    48.2472
61    48.2939
62    48.4458
63    48.9421
64    50.5626
65    55.8545
66    43.1347
67    61.5996
79    48.0403
121    43.3883
54 7.40364  1
59    48.7974
55 12.861  1
59    54.3118
56 10.6816  3
170    59.5369
171    55.1605
172    40.8687
57 13.565  1
195    0
58 12.9809  1
79    42.449
59 11.0732  1
79    64.8315
60 14.8437  2
144    58.6818
174    53.2104
61 7.15613  1
107    56.586
62 12.0525  1
195    0
63 8.04147  2
78    41.4684
83    35.5493
64 14.9438  7
175    41.3704
176    55.838
177    43.0816
178    61.4257
179    61.3286
180    61.0109
181    59.9736
65 7.48299  3
67    62.8649
169    42.503
173    40.5657
66 13.1201  1
122    42.5533
67 11.5276  5
84    36.8284
85    41.0051
86    54.6451
87    39.1859
88    48.704
68 6.32756  1
107    49.4099
69 9.34675  8
145    52.0449
146    60.6951
147    58.9427
148    53.2196
149    64.5312
150    41.4684
151    56.1576
152    44.1244
70 9.20606  3
80    57.0338
122    44.7525
143    46.1029
71 8.74645  1
195    0
72 7.24555  10
108    60.8452
109    59.4325
110    54.819
111    39.7536
112    50.558
113    55.8399
114    43.0871
115    61.444
116    61.3881
194    61.444
73 12.3446  2
79    46.2394
122    56.8818
74 8.99548  2
82    35.0009
135    45.1498
75 8.05887  1
82    35.0375
76 5.00031  1
195    0
77 5.01251  1
128    59.1267
78 5.05249  1
127    54.7678
79 5.18311  4
99    40.5657
100    53.2104
101    64.501
121    62.4273
80 5.60945  4
123    36.8815
124    41.1791
125    55.2136
126    41.0427
81 7.00171  1
128    39.9174
82 11.5484  1
195    0
83 6.39531  1
136    45.4154
84 9.56801  1
143    61.8963
85 9.92843  1
143    55.8545
86 11.1055  1
107    39.402
87 14.9493  1
107    45.5243
88 7.50099  6
89    49.7853
90    53.3166
91    64.848
92    42.503
93    59.5369
94    55.1605
89 13.179  1
107    52.0907
90 11.7202  1
195    0
91 6.95624  1
195    0
92 11.3997  1
195    0
93 5.90976  3
121    64.599
135    38.1788
144    61.7507
94 7.98257  1
106    61.0109
95 14.7516  1
122    55.6952
96 6.85522  1
195    0
97 11.0701  2
122    56.3498
128    37.2486
98 14.8337  1
195    0
99 7.12348  7
161    41.7367
162    57.0338
163    46.9865
164    44.1766
165    35.0009
166    35.0375
167    35.1575
100 11.946  8
153    64.8315
154    42.449
155    59.3602
156    54.5828
157    38.9827
158    48.0403
159    47.6182
160    46.2394
101 7.69387  4
118    60.6108
119    58.6671
120    52.3196
121    62.7871
102 13.8086  1
195    0
103 13.7762  1
195    0
104 13.6703  1
195    0
105 13.3245  1
195    0
106 12.1953  1
173    54.1992
107 8.5081  1
195    0
108 6.46733  1
195    0
109 9.80331  1
143    36.0273
110 10.6969  3
143    61.5996
168    39.1859
173    64.2547
111 13.6151  1
144    41.2889
112 13.1442  1
195    0
113 11.6063  1
144    62.3898
114 6.58452  1
144    42.2411
115 10.186  1
195    0
116 11.9466  1
128    54.0518
117 7.6957  1
195    0
118 13.8147  1
195    0
119 13.796  6
129    51.0936
130    57.5886
131    48.7974
132    50.0902
133    54.3118
134    38.0973
120 13.7353  1
195    0
121 13.5369  1
144    52.3681
122 12.889  1
195    0
123 10.7732  1
169    48.704
124 13.8641  1
195    0
125 13.9575  1
144    55.5716
126 14.2624  1
195    0
127 5.25758  1
195    0
128 5.85269  1
195    0
129 7.79611  1
195    0
130 14.1424  1
195    0
131 14.8663  1
195    0
132 7.22999  1
195    0
133 12.2939  1
195    0
134 8.82977  1
195    0
135 7.51778  1
195    0
136 13.2336  1
195    0
137 11.8984  1
195    0
138 7.53822  1
195    0
139 13.3004  1
195    0
140 12.1166  1
195    0
141 8.25083  1
144    64.4763
142 5.62716  1
195    0
143 7.05969  1
195    0
144 11.7379  1
195    0
145 7.01422  1
195    0
146 11.5893  1
195    0
147 6.52867  1
195    0
148 10.0035  1
195    0
149 11.3506  1
195    0
150 5.74953  1
195    0
151 7.45918  1
195    0
152 13.0422  1
173    37.7293
153 11.2737  1
195    0
154 5.49837  1
195    0
155 6.63915  9
182    56.586
183    45.5243
184    39.402
185    49.4099
186    52.0907
187    60.8452
188    59.4325
189    54.819
190    39.7536
156 10.3645  1
195    0
157 12.5295  1
195    0
158 9.59914  1
168    54.6451
159 10.0301  1
169    49.7853
160 11.4373  1
195    0
161 6.03244  1
195    0
162 8.38328  1
195    0
163 6.0596  1
195    0
164 8.47179  1
169    53.3166
165 6.34861  1
194    61.3881
166 9.41572  1
195    0
167 9.43129  1
195    0
168 9.48195  1
195    0
169 9.64736  1
195    0
170 10.1875  1
195    0
171 11.9515  3
191    50.558
192    55.8399
193    43.0871
172 7.71157  1
195    0
173 13.8665  1
195    0
174 13.9654  1
195    0
175 14.2883  1
195    0
176 5.34242  1
195    0
177 6.1298  1
195    0
178 8.70098  1
195    0
179 7.09723  1
195    0
180 11.8603  1
195    0
181 7.41371  1
195    0
182 12.8939  1
195    0
183 10.7894  1
195    0
184 13.9169  1
195    0
185 14.1299  1
195    0
186 14.8254  1
195    0
187 7.09632  1
195    0
188 11.8572  1
195    0
189 7.40364  1
195    0
190 12.861  1
195    0
191 10.6816  1
195    0
192 13.565  1
195    0
193 12.9809  1
195    0
194 11.0732  1
195    0
195 0  0
