54
0 14.7516  3
1    1.00021
15    0.763576
23    0.779653
1 6.85522  2
2    1.08104
15    1.11709
2 11.0701  10
3    0.744972
4    0.847551
5    1.18253
6    1.07642
7    0.729902
8    0.798349
15    0.908307
18    1.23501
23    0.960805
24    0.710987
3 14.8337  4
15    0.978841
18    1.28953
23    1.29663
24    0.939729
4 7.12348  2
15    0.902997
24    0.883532
5 11.946  2
16    1.23793
19    1.2139
6 7.69387  5
15    0.780917
18    1.17364
19    0.825779
23    1.1872
24    0.924787
7 13.8086  10
9    1.02187
10    1.15177
11    0.975948
12    1.0018
13    1.08624
14    0.761946
15    0.965877
17    0.922059
18    0.844823
19    1.0409
8 13.7762  1
18    1.24779
9 13.6703  1
16    1.23199
10 13.3245  3
15    1.01125
17    1.11162
24    1.14068
11 12.1953  2
15    0.964943
23    1.12315
12 8.5081  3
16    1.2573
23    0.882488
24    0.834733
13 6.46733  3
15    0.968917
23    1.09166
24    0.700751
14 9.80331  2
16    0.862694
18    1.04736
15 10.6969  2
16    0.720545
17    0.767788
16 13.6151  3
17    0.825834
19    0.844218
23    0.848979
17 13.1442  2
19    1.11143
23    0.829368
18 11.6063  3
19    1.17166
23    0.952364
24    0.703149
19 6.58452  4
20    1.17885
21    1.06439
22    1.29062
24    0.736567
20 10.186  1
24    0.700018
21 11.9466  1
53    0
22 7.6957  9
25    0.820103
26    1.0929
27    0.783718
28    0.974081
29    0.995706
30    1.06633
31    1.29696
32    0.85006
33    1.19074
23 13.8147  1
53    0
24 13.796  1
53    0
25 13.7353  4
46    1.22851
47    1.22657
48    1.22022
49    1.19947
26 13.5369  1
53    0
27 12.889  1
53    0
28 10.7732  1
53    0
29 13.8641  1
53    0
30 13.9575  1
53    0
31 14.2624  9
37    0.754585
38    0.878954
39    1.28509
40    0.811313
41    1.06421
42    1.29002
43    0.827409
44    1.11676
45    0.861632
32 5.25758  1
53    0
33 5.85269  3
34    1.10321
35    0.817374
36    1.08398
34 7.79611  1
53    0
35 14.1424  1
53    0
36 14.8663  1
53    0
37 7.22999  1
53    0
38 12.2939  1
53    0
39 8.82977  1
53    0
40 7.51778  1
53    0
41 13.2336  1
53    0
42 11.8984  1
53    0
43 7.53822  1
53    0
44 13.3004  3
50    1.13172
51    0.910486
52    0.78804
45 12.1166  1
53    0
46 8.25083  1
53    0
47 5.62716  1
53    0
48 7.05969  1
53    0
49 11.7379  1
53    0
50 7.01422  1
53    0
51 11.5893  1
53    0
52 6.52867  1
53    0
53 0  0
