179
0 13.7353  10
1    38.1788
2    45.4154
3    39.0458
4    48.2472
5    48.2939
6    48.4458
13    62.3898
17    52.0449
19    46.2394
163    61.8963
1 13.5369  2
17    60.6951
163    55.8545
2 12.889  3
13    61.7507
17    53.2196
134    56.8818
3 10.7732  6
12    61.8963
13    42.2411
32    64.848
58    61.5923
102    41.7367
171    42.2109
4 13.8641  8
7    48.9421
8    50.5626
9    55.8545
10    43.1347
11    61.5996
12    38.3894
13    46.1029
91    62.8649
5 13.9575  4
17    56.1576
40    43.0816
58    61.2059
101    58.9427
6 14.2624  3
12    62.8649
13    41.2889
18    59.3602
7 5.25758  3
12    36.0273
13    55.5808
58    52.3196
8 5.85269  3
13    41.2917
17    58.9427
19    57.0338
9 7.79611  3
13    58.6818
19    41.7367
163    36.0273
10 14.1424  4
19    47.6182
58    58.6671
125    56.586
171    41.2889
11 14.8663  3
13    64.4763
32    40.8687
91    46.1029
12 7.22999  3
13    52.3681
17    64.5312
40    55.838
13 12.2939  8
14    55.5716
15    42.2109
16    58.5829
17    64.8315
18    38.9827
19    48.0403
171    55.5716
172    42.449
14 8.82977  1
17    41.4684
15 7.51778  3
17    44.1244
18    54.5828
32    55.1605
16 13.2336  5
27    41.0051
28    54.6451
29    39.1859
30    48.704
31    49.7853
17 11.8984  3
18    42.449
92    61.7507
102    38.9827
18 7.53822  7
20    46.9865
21    44.1766
22    35.0009
23    35.0375
24    35.1575
25    35.5493
26    36.8284
19 13.3004  2
32    54.1992
84    48.7974
20 12.1166  9
145    37.2486
146    42.3775
147    59.1267
148    53.8211
149    36.4951
150    39.9174
151    51.0936
152    57.5886
153    48.7974
21 8.25083  1
91    48.9421
22 5.62716  10
59    35.7727
60    37.5581
61    43.3883
62    62.4273
63    64.599
64    41.69
65    56.8818
66    46.4893
67    42.5533
71    59.9013
23 7.05969  1
102    48.0403
24 11.7379  2
33    37.7293
34    43.9477
25 7.01422  1
102    47.6182
26 11.5893  2
32    53.3166
125    61.0109
27 6.52867  8
50    60.8452
51    59.4325
52    54.819
53    39.7536
54    50.558
55    55.8399
56    43.0871
57    61.444
28 10.0035  6
35    64.2547
36    40.5657
37    53.2104
38    64.501
39    41.3704
92    41.2917
29 11.3506  3
32    42.503
58    62.7871
92    55.5808
30 5.74953  1
102    54.5828
31 7.45918  2
32    59.5369
102    57.0338
32 13.0422  10
41    61.4257
42    61.3286
43    61.0109
44    59.9736
45    56.586
46    45.5243
47    39.402
48    49.4099
49    52.0907
84    51.0936
33 11.2737  6
119    53.2104
120    64.501
121    41.3704
122    55.838
123    43.0816
124    61.4257
34 5.49837  1
178    0
35 6.63915  2
91    55.8545
134    41.69
36 10.3645  1
71    36.8815
37 12.5295  2
154    50.0902
155    54.3118
38 9.59914  1
58    60.6108
39 10.0301  6
72    55.2136
73    41.0427
74    54.7678
75    39.586
76    50.0105
102    42.449
40 11.4373  6
85    45.1498
86    38.1788
87    45.4154
88    39.0458
89    48.2472
163    43.1347
41 6.03244  2
102    46.2394
126    59.4325
42 8.38328  1
110    41.0051
43 6.0596  7
103    46.9865
104    44.1766
105    35.0009
106    35.0375
107    35.1575
108    35.5493
109    36.8284
44 8.47179  1
102    59.3602
45 6.34861  1
84    38.0973
46 9.41572  6
112    64.848
113    42.503
114    59.5369
115    55.1605
116    40.8687
117    54.1992
47 9.43129  3
92    58.6818
102    64.8315
134    64.599
48 9.48195  1
178    0
49 9.64736  3
71    56.3498
118    37.7293
137    36.8815
50 10.1875  1
91    36.0273
51 11.9515  2
58    61.3881
118    40.5657
52 7.71157  2
137    56.3498
163    50.5626
53 13.8665  3
110    54.6451
111    49.7853
125    52.0907
54 13.9654  4
68    59.7008
69    55.6952
70    42.6147
111    48.704
55 14.2883  2
58    61.8725
90    48.4458
56 5.34242  1
178    0
57 6.1298  2
92    42.2411
101    53.2196
58 8.70098  4
90    48.2939
91    61.8963
163    48.4458
172    41.4684
59 7.09723  1
84    57.5886
60 11.8603  1
91    38.3894
61 7.41371  2
84    50.0902
126    60.8452
62 12.8939  1
178    0
63 10.7894  1
178    0
64 13.9169  1
172    56.1576
65 14.1299  1
101    44.1244
66 14.8254  1
178    0
67 7.09632  1
178    0
68 11.8572  1
178    0
69 7.40364  2
71    41.1791
126    54.819
70 12.861  3
71    44.7525
134    43.3883
171    60.6951
71 10.6816  1
178    0
72 13.565  2
91    61.5996
163    62.8649
73 12.9809  1
178    0
74 11.0732  1
178    0
75 14.8437  1
178    0
76 7.15613  7
77    54.0518
78    37.2486
79    42.3775
80    59.1267
81    53.8211
82    36.4951
83    39.9174
77 12.0525  1
91    43.1347
78 8.04147  3
84    54.3118
92    52.3681
172    64.5312
79 14.9438  2
101    56.1576
126    55.8399
80 7.48299  1
137    59.7008
81 13.1201  2
118    43.9477
162    48.2939
82 11.5276  2
91    50.5626
134    62.4273
83 6.32756  2
101    64.5312
125    39.402
84 9.34675  1
137    42.6147
85 9.20606  1
178    0
86 8.74645  1
178    0
87 7.24555  2
134    61.5923
163    48.9421
88 12.3446  1
178    0
89 8.99548  8
93    62.3898
94    64.4763
95    41.2889
96    55.5716
97    42.2109
98    58.5829
99    52.0449
100    60.6951
90 8.05887  1
178    0
91 5.00031  1
178    0
92 5.01251  1
125    59.9736
93 5.05249  2
137    59.9013
171    53.2196
94 5.18311  1
178    0
95 5.60945  1
178    0
96 7.00171  1
111    53.3166
97 11.5484  1
178    0
98 6.39531  1
111    39.1859
99 9.56801  1
178    0
100 9.92843  1
101    41.4684
101 11.1055  1
137    44.7525
102 14.9493  2
134    62.7871
137    55.6952
103 7.50099  1
125    45.5243
104 13.179  1
178    0
105 11.7202  1
178    0
106 6.95624  1
178    0
107 11.3997  2
125    61.3286
134    37.5581
108 5.90976  1
118    64.2547
109 7.98257  1
163    61.5996
110 14.7516  2
125    49.4099
134    61.8725
111 6.85522  1
178    0
112 11.0701  1
178    0
113 14.8337  1
126    50.558
114 7.12348  1
178    0
115 11.946  1
144    54.0518
116 7.69387  1
163    38.3894
117 13.8086  7
127    43.0871
128    61.444
129    61.3881
130    61.2059
131    60.6108
132    58.6671
133    52.3196
118 13.7762  1
178    0
119 13.6703  1
178    0
120 13.3245  1
178    0
121 12.1953  1
178    0
122 8.5081  1
171    64.4763
123 6.46733  1
126    39.7536
124 9.80331  1
178    0
125 10.6969  1
178    0
126 13.6151  1
178    0
127 13.1442  1
178    0
128 11.6063  1
165    41.2917
129 6.58452  6
138    41.1791
139    55.2136
140    41.0427
141    54.7678
142    39.586
143    50.0105
130 10.186  1
171    52.0449
131 11.9466  1
134    35.7727
132 7.6957  2
135    46.4893
136    42.5533
133 13.8147  1
178    0
134 13.796  1
178    0
135 13.7353  1
178    0
136 13.5369  1
165    55.5808
137 12.889  6
166    42.2411
167    58.6818
168    52.3681
169    61.7507
170    62.3898
171    58.5829
138 10.7732  1
172    64.8315
139 13.8641  1
178    0
140 13.9575  1
178    0
141 14.2624  1
178    0
142 5.25758  1
178    0
143 5.85269  1
164    46.1029
144 7.79611  1
178    0
145 14.1424  1
173    59.3602
146 14.8663  1
178    0
147 7.22999  1
178    0
148 12.2939  1
178    0
149 8.82977  1
178    0
150 7.51778  1
178    0
151 13.2336  6
156    38.0973
157    45.1498
158    38.1788
159    45.4154
160    39.0458
161    48.2472
152 11.8984  1
178    0
153 7.53822  1
178    0
154 13.3004  1
178    0
155 12.1166  1
178    0
156 8.25083  1
178    0
157 5.62716  1
178    0
158 7.05969  1
178    0
159 11.7379  1
178    0
160 7.01422  1
178    0
161 11.5893  4
174    54.5828
175    38.9827
176    48.0403
177    47.6182
162 6.52867  1
178    0
163 10.0035  1
171    58.9427
164 11.3506  1
178    0
165 5.74953  1
178    0
166 7.45918  1
178    0
167 13.0422  1
178    0
168 11.2737  1
178    0
169 5.49837  1
172    44.1244
170 6.63915  1
178    0
171 10.3645  1
178    0
172 12.5295  1
178    0
173 9.59914  1
178    0
174 10.0301  1
178    0
175 11.4373  1
178    0
176 6.03244  1
178    0
177 8.38328  1
178    0
178 0  0
