191
0 13.3004  6
1    5.32196
6    5.93602
14    4.8704
25    5.6586
26    3.9402
49    4.51498
1 12.1166  5
2    6.45312
3    4.14684
4    5.61576
6    4.80403
13    3.68284
2 8.25083  5
6    6.48315
13    3.51575
14    4.2503
36    4.33883
82    3.50375
3 5.62716  4
6    5.45828
25    6.10109
37    5.99013
100    6.12059
4 7.05969  4
5    4.41244
6    4.2449
14    5.46451
93    5.5838
5 11.7379  6
6    3.89827
35    3.75581
37    3.68815
100    6.06108
120    5.10936
180    5.32104
6 7.01422  10
7    4.76182
8    4.62394
9    4.17367
10    5.70338
11    4.69865
12    4.41766
13    3.50375
14    4.97853
34    6.06108
101    3.75581
7 11.5893  4
13    3.50009
35    6.27871
37    5.63498
70    5.61576
8 6.52867  2
14    6.4848
37    4.11791
9 10.0035  4
16    4.08687
17    5.41992
35    6.15923
37    4.10427
10 11.3506  4
13    3.55493
14    3.91859
15    5.51605
36    5.97008
11 5.74953  6
13    4.10051
25    4.55243
26    4.94099
100    5.86671
120    3.64951
123    4.84458
12 7.45918  5
27    5.20907
28    6.08452
29    5.94325
30    5.4819
36    6.4599
13 13.0422  1
14    5.33166
14 11.2737  4
15    5.95369
25    4.30816
34    4.30871
49    3.81788
15 5.49837  7
18    3.77293
19    4.39477
20    6.42547
21    4.05657
22    5.32104
23    6.4501
24    4.13704
16 6.63915  1
25    5.5838
17 10.3645  3
25    6.13286
43    4.23775
49    4.54154
18 12.5295  2
34    6.13881
58    5.23681
19 9.59914  7
44    5.75886
45    4.87974
46    5.00902
47    5.43118
48    3.80973
49    3.90458
58    4.22411
20 10.0301  2
34    6.12059
83    4.97853
21 11.4373  3
36    5.68818
83    5.33166
180    4.05657
22 6.03244  5
25    6.14257
36    4.25533
70    6.45312
93    4.13704
121    4.54154
23 8.38328  4
25    5.99736
43    3.99174
100    6.1444
180    4.30816
24 6.0596  1
190    0
25 8.47179  4
31    3.97536
32    5.0558
58    6.28649
80    4.17367
26 6.34861  2
35    6.18725
37    5.52136
27 9.41572  3
36    4.26147
94    4.55243
100    6.15923
28 9.43129  4
34    5.86671
35    3.57727
36    6.24273
58    4.12917
29 9.48195  3
58    5.55808
100    6.13881
121    5.43118
30 9.64736  3
34    5.23196
36    4.169
37    4.47525
31 10.1875  4
33    5.58399
36    5.56952
43    3.64951
101    4.33883
32 11.9515  2
34    6.1444
82    3.51575
33 7.71157  1
36    4.64893
34 13.8665  1
43    5.91267
35 13.9654  1
190    0
36 14.2883  8
38    5.47678
39    3.9586
40    5.00105
41    5.40518
42    3.72486
94    4.94099
100    4.30871
102    4.169
37 5.34242  1
190    0
38 6.1298  2
43    5.10936
80    4.69865
39 8.70098  2
83    6.4848
121    3.80973
40 7.09723  2
58    3.83894
150    4.14684
41 11.8603  2
43    5.38211
121    4.87974
42 7.41371  2
56    6.15996
57    6.18963
43 12.8939  1
190    0
44 10.7894  1
93    6.10109
45 13.9169  1
83    5.46451
46 14.1299  2
49    4.82472
82    4.10051
47 14.8254  6
50    4.82939
51    4.84458
52    4.89421
53    5.05626
54    5.58545
55    4.31347
48 7.09632  3
58    4.61029
93    6.14257
181    4.94099
49 11.8572  8
62    4.12889
63    5.55716
64    4.22109
65    5.85829
66    5.20449
67    6.06951
68    5.89427
69    5.32196
50 7.40364  1
58    5.86818
51 12.861  1
190    0
52 10.6816  1
121    3.81788
53 13.565  1
58    3.60273
54 12.9809  3
59    6.17507
60    6.23898
61    6.44763
55 11.0732  1
190    0
56 14.8437  3
82    3.68284
93    5.99736
180    5.5838
57 7.15613  9
71    4.41244
72    6.48315
73    4.2449
74    5.93602
75    5.45828
76    3.89827
77    4.80403
78    4.76182
79    4.62394
58 12.0525  1
150    5.61576
59 8.04147  1
123    4.82472
60 14.9438  1
190    0
61 7.48299  1
80    4.41766
62 13.1201  3
176    4.2503
177    5.95369
178    5.51605
63 11.5276  8
103    4.64893
104    4.25533
105    5.97008
106    5.56952
107    4.26147
108    5.99013
109    5.63498
110    4.47525
64 6.32756  1
81    3.50009
65 9.34675  6
70    4.14684
83    4.8704
94    5.20907
101    6.27871
120    5.91267
121    4.51498
66 9.20606  2
83    4.2503
120    4.23775
67 8.74645  1
94    3.9402
68 7.24555  1
181    5.6586
69 12.3446  1
190    0
70 8.99548  1
180    6.13286
71 8.05887  1
80    5.70338
72 5.00031  1
190    0
73 5.01251  1
180    6.42547
74 5.05249  1
100    5.23196
75 5.18311  1
82    3.55493
76 5.60945  1
83    3.91859
77 7.00171  10
84    5.51605
85    4.08687
86    5.41992
87    3.77293
88    4.39477
89    6.42547
90    4.05657
91    5.32104
92    6.4501
102    6.24273
78 11.5484  1
94    5.6586
79 6.39531  1
93    6.13286
80 9.56801  1
100    5.58399
81 9.92843  3
83    5.95369
121    5.00902
181    4.55243
82 11.1055  1
190    0
83 14.9493  1
101    3.57727
84 7.50099  1
134    4.12917
85 13.179  2
102    5.68818
134    5.55808
86 11.7202  2
93    4.30816
102    6.4599
87 6.95624  1
190    0
88 11.3997  1
190    0
89 5.90976  8
182    6.08452
183    5.94325
184    5.4819
185    3.97536
186    5.0558
187    5.58399
188    4.30871
189    6.1444
90 7.98257  1
190    0
91 14.7516  1
120    5.38211
92 6.85522  1
100    6.18725
93 11.0701  5
95    6.08452
96    5.94325
97    5.4819
98    3.97536
99    5.0558
94 14.8337  1
122    3.90458
95 7.12348  1
181    6.10109
96 11.946  1
190    0
97 7.69387  1
190    0
98 13.8086  1
123    4.82939
99 13.7762  10
124    4.89421
125    5.05626
126    5.58545
127    4.31347
128    6.15996
129    6.18963
130    6.28649
131    3.60273
132    3.83894
133    4.61029
100 13.6703  1
180    6.14257
101 13.3245  1
190    0
102 12.1953  1
121    5.75886
103 8.5081  1
190    0
104 6.46733  1
120    3.99174
105 9.80331  9
111    3.68815
112    4.11791
113    5.52136
114    4.10427
115    5.47678
116    3.9586
117    5.00105
118    5.40518
119    3.72486
106 10.6969  1
190    0
107 13.6151  1
190    0
108 13.1442  1
190    0
109 11.6063  1
190    0
110 6.58452  1
190    0
111 10.186  1
190    0
112 11.9466  1
190    0
113 7.6957  1
179    4.08687
114 13.8147  10
159    4.62394
160    4.17367
161    5.70338
162    4.69865
163    4.41766
164    3.50009
165    3.50375
166    3.51575
167    3.55493
168    3.68284
115 13.796  1
181    5.20907
116 13.7353  1
190    0
117 13.5369  1
190    0
118 12.889  10
140    6.44763
141    4.12889
142    5.55716
143    4.22109
144    5.85829
145    5.20449
146    6.06951
147    5.89427
148    5.32196
149    6.45312
119 10.7732  1
180    6.4501
120 13.8641  1
190    0
121 13.9575  8
151    4.41244
152    6.48315
153    4.2449
154    5.93602
155    5.45828
156    3.89827
157    4.80403
158    4.76182
122 14.2624  1
190    0
123 5.25758  3
135    4.22411
136    5.86818
137    5.23681
124 5.85269  1
190    0
125 7.79611  1
190    0
126 14.1424  1
190    0
127 14.8663  1
190    0
128 7.22999  1
190    0
129 12.2939  1
190    0
130 8.82977  1
190    0
131 7.51778  2
138    6.17507
139    6.23898
132 13.2336  1
190    0
133 11.8984  1
190    0
134 7.53822  1
190    0
135 13.3004  1
190    0
136 12.1166  1
190    0
137 8.25083  1
190    0
138 5.62716  1
190    0
139 7.05969  1
190    0
140 11.7379  1
190    0
141 7.01422  1
190    0
142 11.5893  1
190    0
143 6.52867  1
190    0
144 10.0035  1
190    0
145 11.3506  1
190    0
146 5.74953  1
190    0
147 7.45918  7
169    4.10051
170    5.46451
171    3.91859
172    4.8704
173    4.97853
174    5.33166
175    6.4848
148 13.0422  1
190    0
149 11.2737  1
190    0
150 5.49837  1
190    0
151 6.63915  1
190    0
152 10.3645  1
190    0
153 12.5295  1
190    0
154 9.59914  2
179    5.41992
181    5.99736
155 10.0301  1
190    0
156 11.4373  1
190    0
157 6.03244  1
190    0
158 8.38328  1
181    3.9402
159 6.0596  1
190    0
160 8.47179  1
190    0
161 6.34861  1
190    0
162 9.41572  1
190    0
163 9.43129  1
190    0
164 9.48195  1
190    0
165 9.64736  1
179    3.77293
166 10.1875  1
179    4.39477
167 11.9515  1
190    0
168 7.71157  1
190    0
169 13.8665  1
190    0
170 13.9654  1
190    0
171 14.2883  1
190    0
172 5.34242  1
190    0
173 6.1298  1
180    4.13704
174 8.70098  1
190    0
175 7.09723  1
190    0
176 11.8603  1
190    0
177 7.41371  1
190    0
178 12.8939  1
190    0
179 10.7894  1
190    0
180 13.9169  1
190    0
181 14.1299  1
190    0
182 14.8254  1
190    0
183 7.09632  1
190    0
184 11.8572  1
190    0
185 7.40364  1
190    0
186 12.861  1
190    0
187 10.6816  1
190    0
188 13.565  1
190    0
189 12.9809  1
190    0
190 0  0
