200
0 6.63915  5
1    4.8704
2    5.33166
11    5.32104
19    3.97536
55    4.54154
1 10.3645  5
2    4.97853
19    5.4819
149    4.61029
160    4.17367
168    4.2503
2 12.5295  10
3    6.4848
4    4.2503
5    5.95369
6    5.51605
7    4.08687
8    5.41992
9    3.77293
10    4.39477
26    3.75581
37    5.63498
3 9.59914  1
11    6.42547
4 10.0301  4
19    5.94325
26    5.23196
76    4.22109
113    6.27871
5 11.4373  10
38    4.10427
39    5.47678
40    3.9586
41    5.00105
42    5.40518
43    3.72486
44    4.23775
45    5.91267
92    5.51605
149    5.55808
6 6.03244  7
21    4.30871
22    6.1444
23    6.13881
24    6.12059
25    6.06108
37    4.11791
64    6.15996
7 8.38328  2
11    4.05657
168    5.33166
8 6.0596  2
18    4.55243
37    5.52136
9 8.47179  3
12    6.4501
20    5.58399
168    6.4848
10 6.34861  3
19    3.9402
92    5.41992
113    5.86671
11 9.41572  7
13    4.13704
14    5.5838
15    4.30816
16    6.14257
17    6.13286
18    6.10109
92    4.2503
12 9.43129  1
19    6.08452
13 9.48195  2
18    5.99736
19    5.20907
14 9.64736  1
18    5.6586
15 10.1875  3
26    5.86671
78    4.62394
113    6.06108
16 11.9515  2
26    3.57727
147    4.84458
17 7.71157  2
19    4.94099
160    4.62394
18 13.8665  4
20    5.0558
37    5.99013
76    5.20449
92    5.95369
19 13.9654  2
65    3.60273
148    6.15996
20 14.2883  2
55    3.81788
149    5.86818
21 5.34242  7
27    4.33883
28    6.24273
29    6.4599
30    4.169
31    5.68818
32    4.64893
144    3.80973
22 6.1298  2
26    6.18725
113    6.13881
23 8.70098  1
199    0
24 7.09723  1
26    6.27871
25 11.8603  2
26    6.15923
78    3.89827
26 7.41371  5
33    4.25533
34    5.97008
35    5.56952
36    4.26147
92    4.39477
27 12.8939  2
37    4.47525
93    4.05657
28 10.7894  7
86    5.46451
87    3.91859
88    4.8704
89    4.97853
90    5.33166
91    6.4848
113    6.18725
29 13.9169  4
72    6.17507
73    6.23898
74    6.44763
75    4.12889
30 14.1299  1
160    4.80403
31 14.8254  5
103    4.94099
104    5.20907
105    6.08452
106    5.94325
107    5.4819
32 7.09632  1
199    0
33 11.8572  1
78    4.17367
34 7.40364  4
37    3.68815
65    3.83894
113    6.15923
147    5.58545
35 12.861  3
76    6.06951
78    5.45828
168    5.95369
36 10.6816  2
93    4.13704
177    6.13286
37 13.565  1
199    0
38 12.9809  1
55    4.51498
39 11.0732  8
56    3.90458
57    4.82472
58    4.82939
59    4.84458
60    4.89421
61    5.05626
62    5.58545
63    4.31347
40 14.8437  3
46    5.38211
47    3.64951
77    5.32196
41 7.15613  8
79    4.41766
80    3.50009
81    3.50375
82    3.51575
83    3.55493
84    3.68284
85    4.10051
177    5.20907
42 12.0525  7
48    3.99174
49    5.10936
50    5.75886
51    4.87974
52    5.00902
53    5.43118
54    3.80973
43 8.04147  1
199    0
44 14.9438  4
65    6.28649
76    5.89427
77    4.14684
168    5.46451
45 7.48299  1
77    4.2449
46 13.1201  1
199    0
47 11.5276  2
76    5.55716
147    5.05626
48 6.32756  8
66    4.61029
67    4.12917
68    5.55808
69    4.22411
70    5.86818
71    5.23681
160    4.76182
178    3.97536
49 9.34675  1
65    6.18963
50 9.20606  1
199    0
51 8.74645  1
199    0
52 7.24555  1
77    5.61576
53 12.3446  1
76    5.85829
54 8.99548  1
199    0
55 8.05887  3
94    5.5838
95    4.30816
96    6.14257
56 5.00031  3
77    6.45312
78    5.70338
148    4.31347
57 5.01251  1
77    5.93602
58 5.05249  1
199    0
59 5.18311  10
115    6.24273
116    6.4599
117    4.169
118    5.68818
119    4.64893
120    4.25533
121    5.97008
122    5.56952
123    4.26147
124    5.99013
60 5.60945  1
199    0
61 7.00171  1
92    3.77293
62 11.5484  2
78    4.69865
177    5.99736
63 6.39531  3
77    6.48315
92    6.42547
177    3.9402
64 9.56801  2
93    5.32104
169    4.08687
65 9.92843  10
189    3.57727
190    3.75581
191    4.33883
192    6.24273
193    6.4599
194    4.169
195    5.68818
196    4.64893
197    4.25533
198    5.97008
66 11.1055  1
199    0
67 14.9493  1
148    3.83894
68 7.50099  1
177    4.94099
69 13.179  1
78    4.80403
70 11.7202  7
179    5.0558
180    5.58399
181    4.30871
182    6.1444
183    6.13881
184    6.12059
185    6.06108
71 6.95624  1
199    0
72 11.3997  1
147    4.82472
73 5.90976  1
160    4.2449
74 7.98257  2
78    4.76182
114    3.57727
75 14.7516  3
149    4.12889
169    3.77293
177    4.55243
76 6.85522  1
77    4.41244
77 11.0701  1
92    4.08687
78 14.8337  2
114    3.75581
148    6.28649
79 7.12348  1
149    6.23898
80 11.946  2
93    6.4501
160    3.89827
81 7.69387  2
147    4.89421
169    4.39477
82 13.8086  3
114    4.33883
147    3.90458
160    6.48315
83 13.7762  1
199    0
84 13.6703  1
149    4.12917
85 13.3245  1
199    0
86 12.1953  1
149    6.17507
87 8.5081  6
97    6.13286
98    6.10109
99    5.99736
100    5.6586
101    4.55243
102    3.9402
88 6.46733  1
178    6.08452
89 9.80331  1
199    0
90 10.6969  1
199    0
91 13.6151  1
199    0
92 13.1442  1
147    4.54154
93 11.6063  1
160    5.93602
94 6.58452  1
144    5.00902
95 10.186  1
199    0
96 11.9466  5
108    3.97536
109    5.0558
110    5.58399
111    4.30871
112    6.1444
97 7.6957  1
199    0
98 13.8147  1
113    5.23196
99 13.796  10
134    5.40518
135    3.72486
136    4.23775
137    5.91267
138    5.38211
139    3.64951
140    3.99174
141    5.10936
142    5.75886
143    4.87974
100 13.7353  1
199    0
101 13.5369  1
144    5.43118
102 12.889  1
199    0
103 10.7732  1
168    3.91859
104 13.8641  1
113    6.12059
105 13.9575  1
199    0
106 14.2624  1
169    5.51605
107 5.25758  10
150    5.55716
151    4.22109
152    5.85829
153    5.20449
154    6.06951
155    5.89427
156    5.32196
157    6.45312
158    4.14684
159    5.61576
108 5.85269  9
125    5.63498
126    4.47525
127    3.68815
128    4.11791
129    5.52136
130    4.10427
131    5.47678
132    3.9586
133    5.00105
109 7.79611  2
149    6.44763
177    5.6586
110 14.1424  1
199    0
111 14.8663  6
170    4.05657
171    5.32104
172    6.4501
173    4.13704
174    5.5838
175    4.30816
112 7.22999  1
199    0
113 12.2939  2
147    4.82939
148    6.18963
114 8.82977  1
199    0
115 7.51778  1
199    0
116 13.2336  1
199    0
117 11.8984  1
199    0
118 7.53822  1
199    0
119 13.3004  1
199    0
120 12.1166  1
199    0
121 8.25083  1
199    0
122 5.62716  1
199    0
123 7.05969  1
199    0
124 11.7379  1
199    0
125 7.01422  1
148    3.60273
126 11.5893  1
168    4.97853
127 6.52867  1
199    0
128 10.0035  1
199    0
129 11.3506  1
178    5.94325
130 5.74953  1
169    5.41992
131 7.45918  2
149    4.22411
168    4.8704
132 13.0422  1
199    0
133 11.2737  1
199    0
134 5.49837  1
199    0
135 6.63915  1
199    0
136 10.3645  1
178    5.4819
137 12.5295  1
199    0
138 9.59914  1
161    5.70338
139 10.0301  1
160    5.45828
140 11.4373  1
199    0
141 6.03244  2
187    6.18725
188    6.27871
142 8.38328  2
145    4.51498
146    3.81788
143 6.0596  1
199    0
144 8.47179  1
149    5.23681
145 6.34861  1
199    0
146 9.41572  1
199    0
147 9.43129  6
162    4.69865
163    4.41766
164    3.50009
165    3.50375
166    3.51575
186    5.23196
148 9.48195  1
199    0
149 9.64736  1
199    0
150 10.1875  1
199    0
151 11.9515  1
169    6.42547
152 7.71157  1
199    0
153 13.8665  1
199    0
154 13.9654  1
177    6.10109
155 14.2883  1
199    0
156 5.34242  1
199    0
157 6.1298  1
199    0
158 8.70098  1
199    0
159 7.09723  1
160    4.41244
160 11.8603  1
199    0
161 7.41371  1
168    3.68284
162 12.8939  1
199    0
163 10.7894  1
167    3.55493
164 13.9169  1
199    0
165 14.1299  1
199    0
166 14.8254  1
199    0
167 7.09632  2
168    4.10051
186    6.15923
168 11.8572  1
176    6.14257
169 7.40364  1
199    0
170 12.861  1
199    0
171 10.6816  1
199    0
172 13.565  1
199    0
173 12.9809  1
199    0
174 11.0732  1
199    0
175 14.8437  1
186    5.86671
176 7.15613  1
199    0
177 12.0525  1
199    0
178 8.04147  1
199    0
179 14.9438  1
199    0
180 7.48299  1
199    0
181 13.1201  1
199    0
182 11.5276  1
199    0
183 6.32756  1
199    0
184 9.34675  1
199    0
185 9.20606  1
199    0
186 8.74645  1
199    0
187 7.24555  1
199    0
188 12.3446  1
199    0
189 8.99548  1
199    0
190 8.05887  1
199    0
191 5.00031  1
199    0
192 5.01251  1
199    0
193 5.05249  1
199    0
194 5.18311  1
199    0
195 5.60945  1
199    0
196 7.00171  1
199    0
197 11.5484  1
199    0
198 6.39531  1
199    0
199 0  0
