63
0 11.8572  3
1    50.558
13    56.8818
32    38.0973
1 7.40364  10
2    55.8399
3    43.0871
4    61.444
5    61.3881
6    61.2059
7    60.6108
8    58.6671
9    52.3196
10    61.5923
11    43.3883
2 12.861  1
62    0
3 10.6816  2
11    62.7871
12    41.69
4 13.565  1
11    37.5581
5 12.9809  2
11    35.7727
21    36.8815
6 11.0732  2
12    64.599
21    44.7525
7 14.8437  1
21    41.0427
8 7.15613  2
12    62.4273
52    42.2109
9 12.0525  1
52    58.5829
10 8.04147  1
11    61.8725
11 14.9438  7
14    46.4893
15    42.5533
16    59.7008
17    55.6952
18    42.6147
19    59.9013
20    56.3498
12 7.48299  3
22    54.7678
23    50.0105
52    55.5716
13 13.1201  2
24    42.3775
52    60.6951
14 11.5276  1
52    41.2889
15 6.32756  1
62    0
16 9.34675  4
21    55.2136
23    39.586
32    45.1498
52    64.4763
17 9.20606  1
32    38.1788
18 8.74645  2
21    41.1791
32    50.0902
19 7.24555  2
24    37.2486
32    45.4154
20 12.3446  1
24    54.0518
21 8.99548  1
62    0
22 8.05887  1
62    0
23 5.00031  7
25    59.1267
26    53.8211
27    36.4951
28    39.9174
29    51.0936
30    57.5886
31    48.7974
24 5.01251  1
62    0
25 5.05249  1
62    0
26 5.18311  10
41    61.5996
42    61.8963
43    62.8649
44    36.0273
45    38.3894
46    46.1029
47    41.2917
48    55.5808
49    42.2411
50    58.6818
27 5.60945  1
62    0
28 7.00171  1
62    0
29 11.5484  2
32    54.3118
51    61.7507
30 6.39531  1
62    0
31 9.56801  1
62    0
32 9.92843  9
33    39.0458
34    48.2472
35    48.2939
36    48.4458
37    48.9421
38    50.5626
39    55.8545
40    43.1347
52    58.9427
33 11.1055  1
62    0
34 14.9493  1
53    64.5312
35 7.50099  1
52    52.0449
36 13.179  8
54    41.4684
55    56.1576
56    44.1244
57    64.8315
58    42.449
59    59.3602
60    54.5828
61    38.9827
37 11.7202  1
51    52.3681
38 6.95624  1
62    0
39 11.3997  1
53    53.2196
40 5.90976  1
62    0
41 7.98257  1
52    62.3898
42 14.7516  1
62    0
43 6.85522  1
62    0
44 11.0701  1
62    0
45 14.8337  1
62    0
46 7.12348  1
62    0
47 11.946  1
62    0
48 7.69387  1
62    0
49 13.8086  1
62    0
50 13.7762  1
62    0
51 13.6703  1
62    0
52 13.3245  1
62    0
53 12.1953  1
62    0
54 8.5081  1
62    0
55 6.46733  1
62    0
56 9.80331  1
62    0
57 10.6969  1
62    0
58 13.6151  1
62    0
59 13.1442  1
62    0
60 11.6063  1
62    0
61 6.58452  1
62    0
62 0  0
