108
0 12.8939  6
1    3.64951
2    5.10936
21    5.55808
40    5.51605
42    6.14257
80    5.61576
1 10.7894  5
2    3.99174
6    5.43118
17    4.31347
30    4.17367
63    3.72486
2 13.9169  8
3    5.75886
4    4.87974
5    5.00902
19    6.28649
22    5.85829
30    4.80403
53    6.1444
63    5.52136
3 14.1299  4
6    3.80973
22    5.23681
30    4.76182
60    6.4599
4 14.8254  1
81    4.2449
5 7.09632  8
21    4.22411
22    5.20449
41    4.05657
61    5.63498
63    4.10427
64    3.64951
79    5.20449
89    5.33166
6 11.8572  10
7    4.51498
8    3.81788
9    4.54154
10    3.90458
11    4.82472
12    4.82939
13    4.84458
14    4.89421
15    5.05626
16    5.58545
7 7.40364  2
41    3.77293
60    5.68818
8 12.861  3
21    4.12917
22    5.55716
23    6.45312
9 10.6816  3
20    4.61029
23    5.32196
60    4.26147
10 13.565  3
22    6.44763
23    5.89427
30    3.89827
11 12.9809  5
22    6.23898
42    5.5838
64    5.43118
65    4.54154
104    3.9402
12 11.0732  3
17    6.15996
41    5.32104
105    5.4819
13 14.8437  6
20    3.83894
30    4.62394
53    6.12059
65    3.81788
79    6.06951
81    5.93602
14 7.15613  7
18    6.18963
19    3.60273
22    6.17507
23    6.06951
53    4.30871
60    5.97008
61    4.47525
15 12.0525  3
40    5.95369
42    4.13704
60    5.99013
16 8.04147  6
24    4.14684
25    5.61576
26    4.41244
27    6.48315
28    4.2449
29    5.93602
17 14.9438  5
22    4.22109
30    5.45828
40    5.46451
41    6.4501
81    3.89827
18 7.48299  2
22    4.12889
60    4.25533
19 13.1201  2
53    5.86671
89    6.4848
20 11.5276  6
22    5.86818
40    4.2503
63    4.23775
65    4.82939
79    6.44763
88    3.51575
21 6.32756  2
41    6.42547
81    4.80403
22 9.34675  1
106    6.13881
23 9.20606  2
40    5.33166
64    3.99174
24 8.74645  3
42    6.13286
80    4.14684
90    5.95369
25 7.24555  3
41    4.08687
64    4.87974
90    3.77293
26 12.3446  10
43    5.99736
44    5.6586
45    4.55243
46    3.9402
47    4.94099
48    5.20907
49    6.08452
50    5.94325
51    5.4819
52    3.97536
27 8.99548  10
31    5.70338
32    4.69865
33    4.41766
34    3.50009
35    3.50375
36    3.51575
37    3.55493
38    3.68284
39    4.10051
40    6.4848
28 8.05887  6
54    6.15923
55    6.18725
56    6.27871
57    3.57727
65    4.82472
88    3.50375
29 5.00031  2
40    4.97853
63    5.40518
30 5.01251  1
40    3.91859
31 5.05249  2
41    4.39477
42    6.10109
32 5.18311  2
60    5.56952
65    3.90458
33 5.60945  3
60    4.169
90    5.41992
106    6.1444
34 7.00171  1
41    5.41992
35 11.5484  1
63    3.9586
36 6.39531  4
40    4.8704
42    4.30816
58    3.75581
89    4.2503
37 9.56801  2
90    5.51605
105    3.97536
38 9.92843  4
53    5.0558
59    6.24273
64    5.38211
106    6.15923
39 11.1055  2
53    5.23196
79    5.89427
40 14.9493  3
64    3.80973
65    4.51498
79    6.23898
41 7.50099  1
88    3.50009
42 13.179  1
70    6.28649
43 11.7202  4
66    4.84458
67    4.89421
68    5.05626
88    4.10051
44 6.95624  2
53    5.58399
79    5.85829
45 11.3997  2
60    4.64893
69    4.31347
46 5.90976  2
69    5.58545
88    3.55493
47 7.98257  2
53    6.13881
106    4.30871
48 14.7516  6
82    4.76182
83    4.62394
84    4.17367
85    5.70338
86    4.69865
87    4.41766
49 6.85522  2
63    5.47678
64    5.75886
50 11.0701  5
91    6.42547
92    4.05657
93    5.32104
94    6.4501
106    6.12059
51 14.8337  1
64    5.91267
52 7.12348  4
53    6.06108
58    4.33883
70    3.60273
80    6.45312
53 11.946  1
63    5.00105
54 7.69387  9
95    4.13704
96    5.5838
97    4.30816
98    6.14257
99    6.13286
100    6.10109
101    5.99736
102    5.6586
103    4.55243
55 13.8086  1
62    3.68815
56 13.7762  1
107    0
57 13.6703  1
107    0
58 13.3245  8
71    3.83894
72    4.61029
73    4.12917
74    5.55808
75    4.22411
76    5.86818
77    5.23681
79    4.22109
59 12.1953  1
107    0
60 8.5081  2
69    6.15996
105    4.94099
61 6.46733  1
64    5.10936
62 9.80331  3
63    4.11791
64    5.00902
88    3.68284
63 10.6969  2
79    5.55716
81    5.45828
64 13.6151  1
88    5.46451
65 13.1442  1
88    4.8704
66 11.6063  1
105    6.08452
67 6.58452  1
70    6.18963
68 10.186  1
80    6.48315
69 11.9466  1
107    0
70 7.6957  1
90    4.39477
71 13.8147  1
107    0
72 13.796  1
78    6.17507
73 13.7353  1
80    4.41244
74 13.5369  1
107    0
75 12.889  1
79    4.12889
76 10.7732  2
88    3.91859
105    5.20907
77 13.8641  1
107    0
78 13.9575  1
80    5.32196
79 14.2624  1
107    0
80 5.25758  1
88    4.97853
81 5.85269  1
107    0
82 7.79611  1
107    0
83 14.1424  1
107    0
84 14.8663  1
107    0
85 7.22999  1
107    0
86 12.2939  1
106    5.0558
87 8.82977  1
107    0
88 7.51778  1
107    0
89 13.2336  1
90    4.08687
90 11.8984  1
106    6.06108
91 7.53822  1
107    0
92 13.3004  1
107    0
93 12.1166  1
105    5.94325
94 8.25083  1
106    5.86671
95 5.62716  1
107    0
96 7.05969  1
107    0
97 11.7379  1
107    0
98 7.01422  1
107    0
99 11.5893  1
107    0
100 6.52867  1
107    0
101 10.0035  1
107    0
102 11.3506  1
106    5.58399
103 5.74953  1
107    0
104 7.45918  1
107    0
105 13.0422  1
106    5.23196
106 11.2737  1
107    0
107 0  0
