228
0 5.62716  8
1    41.3704
2    55.838
3    43.0816
4    61.4257
5    61.3286
6    61.0109
7    59.9736
74    64.5312
1 7.05969  10
8    56.586
9    45.5243
10    39.402
11    49.4099
12    52.0907
13    60.8452
14    59.4325
15    54.819
16    55.8399
23    61.8725
2 11.7379  1
227    0
3 7.01422  2
23    43.3883
187    52.3196
4 11.5893  1
74    60.6951
5 6.52867  2
16    39.7536
23    41.69
6 10.0035  1
87    39.1859
7 11.3506  3
23    62.4273
94    55.838
104    52.0907
8 5.74953  3
23    37.5581
38    36.4951
69    62.3898
9 7.45918  2
16    50.558
104    39.7536
10 13.0422  4
16    43.0871
23    62.7871
94    41.3704
104    60.8452
11 11.2737  2
16    61.444
88    48.704
12 5.49837  9
24    46.4893
25    42.5533
26    59.7008
27    55.6952
28    42.6147
29    59.9013
30    56.3498
31    44.7525
32    36.8815
13 6.63915  2
23    56.8818
38    50.0105
14 10.3645  2
38    54.0518
120    39.586
15 12.5295  1
227    0
16 9.59914  8
17    61.3881
18    61.2059
19    60.6108
20    58.6671
21    52.3196
22    61.5923
86    35.1575
104    59.4325
17 10.0301  8
105    50.558
106    55.8399
107    43.0871
108    61.444
109    61.3881
110    61.2059
111    60.6108
112    58.6671
18 11.4373  3
23    35.7727
38    42.3775
74    56.1576
19 6.03244  2
187    50.558
194    56.8818
20 8.38328  2
23    64.599
86    44.1766
21 6.0596  1
139    58.9427
22 8.47179  1
86    54.6451
23 6.34861  3
69    64.4763
86    36.8284
214    38.0973
24 9.41572  5
90    64.848
91    42.503
92    59.5369
94    64.2547
114    35.7727
25 9.43129  1
74    44.1244
26 9.48195  2
138    55.5716
187    61.2059
27 9.64736  7
39    39.9174
40    51.0936
41    57.5886
42    48.7974
43    50.0902
120    51.0936
126    61.5996
28 10.1875  1
128    46.1029
29 11.9515  6
33    41.1791
34    55.2136
35    41.0427
36    54.7678
37    39.586
38    37.2486
30 7.71157  3
38    53.8211
126    48.4458
187    61.3881
31 13.8665  1
227    0
32 13.9654  1
94    64.501
33 14.2883  1
94    54.1992
34 5.34242  8
44    54.3118
45    38.0973
46    45.1498
47    38.1788
48    45.4154
49    39.0458
50    48.2472
197    59.9013
35 6.1298  10
60    36.0273
61    38.3894
62    46.1029
63    41.2917
64    55.5808
65    42.2411
66    58.6818
67    52.3681
68    61.7507
119    55.2136
36 8.70098  1
119    55.6952
37 7.09723  2
38    59.1267
120    50.0105
38 11.8603  3
159    39.1859
160    48.704
161    49.7853
39 7.41371  2
89    49.7853
139    53.2196
40 12.8939  1
86    35.0009
41 10.7894  3
74    53.2196
86    35.0375
138    60.6951
42 13.9169  1
227    0
43 14.1299  1
114    41.69
44 14.8254  3
74    52.0449
187    43.0871
197    44.7525
45 7.09632  5
70    41.2889
71    55.5716
72    42.2109
73    58.5829
125    38.1788
46 11.8572  1
227    0
47 7.40364  1
227    0
48 12.861  10
51    48.2939
52    48.4458
53    48.9421
54    50.5626
55    55.8545
56    43.1347
57    61.5996
58    61.8963
59    62.8649
89    53.3166
49 10.6816  2
113    52.3196
126    43.1347
50 13.565  2
93    55.1605
187    55.8399
51 12.9809  1
227    0
52 11.0732  2
115    56.8818
116    46.4893
53 14.8437  1
114    43.3883
54 7.15613  3
74    58.9427
86    41.0051
119    41.0427
55 12.0525  3
117    42.5533
118    59.7008
147    48.0403
56 8.04147  1
126    55.8545
57 14.9438  1
120    37.2486
58 7.48299  2
74    41.4684
125    45.4154
59 13.1201  1
227    0
60 11.5276  10
75    64.8315
76    42.449
77    59.3602
78    54.5828
79    38.9827
80    48.0403
81    47.6182
82    46.2394
83    41.7367
84    57.0338
61 6.32756  1
227    0
62 9.34675  1
119    42.6147
63 9.20606  10
95    43.0816
96    61.4257
97    61.3286
98    61.0109
99    59.9736
100    56.586
101    45.5243
102    39.402
103    49.4099
119    44.7525
64 8.74645  1
213    54.3118
65 7.24555  1
113    61.5923
66 12.3446  2
119    56.3498
187    61.444
67 8.99548  1
227    0
68 8.05887  2
120    53.8211
196    59.7008
69 5.00031  3
123    54.3118
124    38.0973
195    42.5533
70 5.01251  1
94    37.7293
71 5.05249  1
227    0
72 5.18311  3
104    54.819
119    59.9013
122    50.0902
73 5.60945  1
227    0
74 7.00171  1
227    0
75 11.5484  1
194    46.4893
76 6.39531  1
119    36.8815
77 9.56801  4
120    39.9174
125    48.2472
138    52.0449
178    61.4257
78 9.92843  1
227    0
79 11.1055  9
129    41.2917
130    55.5808
131    42.2411
132    58.6818
133    52.3681
134    61.7507
135    62.3898
136    64.4763
137    41.2889
80 14.9493  1
213    57.5886
81 7.50099  1
85    46.9865
82 13.179  1
125    45.1498
83 11.7202  1
178    56.586
84 6.95624  3
86    35.5493
94    43.9477
139    41.4684
85 11.3997  2
94    53.2104
120    42.3775
86 5.90976  1
227    0
87 7.98257  1
122    48.7974
88 14.7516  1
121    57.5886
89 6.85522  3
113    61.8725
114    62.4273
194    41.69
90 11.0701  2
94    40.8687
138    42.2109
91 14.8337  2
94    40.5657
126    50.5626
92 7.12348  8
205    54.0518
206    37.2486
207    42.3775
208    59.1267
209    53.8211
210    36.4951
211    39.9174
212    51.0936
93 11.946  1
227    0
94 7.69387  1
227    0
95 13.8086  1
125    39.0458
96 13.7762  1
138    58.5829
97 13.6703  2
114    62.7871
126    48.2939
98 13.3245  1
227    0
99 12.1953  1
227    0
100 8.5081  1
119    41.1791
101 6.46733  1
227    0
102 9.80331  2
128    38.3894
139    64.5312
103 10.6969  1
227    0
104 13.6151  1
227    0
105 13.1442  1
227    0
106 11.6063  1
227    0
107 6.58452  1
227    0
108 10.186  2
120    36.4951
178    61.0109
109 11.9466  1
227    0
110 7.6957  2
120    59.1267
147    46.2394
111 13.8147  1
114    37.5581
112 13.796  1
114    64.599
113 13.7353  1
127    36.0273
114 13.5369  1
227    0
115 12.889  1
126    48.9421
116 10.7732  7
140    56.1576
141    44.1244
142    64.8315
143    42.449
144    59.3602
145    54.5828
146    38.9827
117 13.8641  1
119    54.7678
118 13.9575  2
120    54.0518
147    47.6182
119 14.2624  1
227    0
120 5.25758  1
227    0
121 5.85269  2
148    41.7367
149    57.0338
122 7.79611  1
227    0
123 14.1424  1
227    0
124 14.8663  1
126    61.8963
125 7.22999  2
126    62.8649
213    48.7974
126 12.2939  1
178    59.9736
127 8.82977  1
227    0
128 7.51778  8
179    45.5243
180    39.402
181    49.4099
182    52.0907
183    60.8452
184    59.4325
185    54.819
186    39.7536
129 13.2336  1
227    0
130 11.8984  1
227    0
131 7.53822  2
187    61.5923
197    55.6952
132 13.3004  1
187    60.6108
133 12.1166  1
227    0
134 8.25083  1
227    0
135 5.62716  1
227    0
136 7.05969  1
227    0
137 11.7379  1
213    50.0902
138 7.01422  9
150    46.9865
151    44.1766
152    35.0009
153    35.0375
154    35.1575
155    35.5493
156    36.8284
157    41.0051
158    54.6451
139 11.5893  1
227    0
140 6.52867  1
197    42.6147
141 10.0035  1
227    0
142 11.3506  1
178    61.3286
143 5.74953  1
227    0
144 7.45918  1
227    0
145 13.0422  1
227    0
146 11.2737  1
227    0
147 5.49837  1
227    0
148 6.63915  1
227    0
149 10.3645  1
227    0
150 12.5295  1
227    0
151 9.59914  1
187    58.6671
152 10.0301  1
227    0
153 11.4373  1
227    0
154 6.03244  1
227    0
155 8.38328  1
227    0
156 6.0596  10
162    53.3166
163    64.848
164    42.503
165    59.5369
166    55.1605
167    40.8687
168    54.1992
169    37.7293
170    43.9477
171    64.2547
157 8.47179  7
215    38.1788
216    45.4154
217    39.0458
218    48.2472
219    48.2939
220    48.4458
221    48.9421
158 6.34861  5
222    50.5626
223    55.8545
224    43.1347
225    61.5996
226    61.8963
159 9.41572  1
227    0
160 9.43129  1
227    0
161 9.48195  1
227    0
162 9.64736  1
227    0
163 10.1875  1
227    0
164 11.9515  7
198    36.8815
199    41.1791
200    55.2136
201    41.0427
202    54.7678
203    39.586
204    50.0105
165 7.71157  1
227    0
166 13.8665  6
172    40.5657
173    53.2104
174    64.501
175    41.3704
176    55.838
177    43.0816
167 13.9654  1
227    0
168 14.2883  1
197    56.3498
169 5.34242  1
227    0
170 6.1298  1
227    0
171 8.70098  1
227    0
172 7.09723  1
194    64.599
173 11.8603  1
227    0
174 7.41371  1
227    0
175 12.8939  1
227    0
176 10.7894  1
227    0
177 13.9169  1
227    0
178 14.1299  1
227    0
179 14.8254  1
227    0
180 7.09632  6
188    61.8725
189    62.7871
190    35.7727
191    37.5581
192    43.3883
193    62.4273
181 11.8572  1
227    0
182 7.40364  1
227    0
183 12.861  1
214    45.1498
184 10.6816  1
227    0
185 13.565  1
227    0
186 12.9809  1
227    0
187 11.0732  1
227    0
188 14.8437  1
227    0
189 7.15613  1
227    0
190 12.0525  1
227    0
191 8.04147  1
227    0
192 14.9438  1
227    0
193 7.48299  1
227    0
194 13.1201  1
227    0
195 11.5276  1
227    0
196 6.32756  1
227    0
197 9.34675  1
227    0
198 9.20606  1
227    0
199 8.74645  1
227    0
200 7.24555  1
227    0
201 12.3446  1
227    0
202 8.99548  1
227    0
203 8.05887  1
227    0
204 5.00031  1
227    0
205 5.01251  1
227    0
206 5.05249  1
227    0
207 5.18311  1
227    0
208 5.60945  1
227    0
209 7.00171  1
227    0
210 11.5484  1
227    0
211 6.39531  1
227    0
212 9.56801  1
227    0
213 9.92843  1
227    0
214 11.1055  1
227    0
215 14.9493  1
227    0
216 7.50099  1
227    0
217 13.179  1
227    0
218 11.7202  1
227    0
219 6.95624  1
227    0
220 11.3997  1
227    0
221 5.90976  1
227    0
222 7.98257  1
227    0
223 14.7516  1
227    0
224 6.85522  1
227    0
225 11.0701  1
227    0
226 14.8337  1
227    0
227 0  0
