111
0 11.0732  10
1    48.9421
2    50.5626
3    55.8545
4    43.1347
5    61.5996
6    61.8963
36    55.1605
54    62.7871
65    55.2136
66    42.3775
1 14.8437  7
8    36.0273
9    38.3894
10    46.1029
11    41.2917
12    55.5808
13    42.2411
66    59.1267
2 7.15613  2
14    58.6818
36    59.5369
3 12.0525  3
24    60.6951
54    52.3196
95    38.9827
4 8.04147  2
36    48.704
47    52.0907
5 14.9438  2
24    41.4684
95    54.5828
6 7.48299  2
7    62.8649
77    62.8649
7 13.1201  9
15    52.3681
16    61.7507
17    62.3898
18    64.4763
19    41.2889
20    55.5716
21    42.2109
22    58.5829
23    52.0449
8 11.5276  2
36    49.7853
47    61.3286
9 6.32756  1
28    42.449
10 9.34675  1
110    0
11 9.20606  3
24    53.2196
55    41.69
79    58.6818
12 8.74645  6
24    58.9427
28    54.5828
35    35.0009
36    53.3166
47    49.4099
66    54.0518
13 7.24555  9
67    51.0936
68    57.5886
69    48.7974
70    50.0902
71    54.3118
72    38.0973
73    45.1498
74    38.1788
81    62.3898
14 12.3446  7
37    54.1992
38    37.7293
39    43.9477
40    64.2547
41    40.5657
42    53.2104
75    39.0458
15 8.99548  3
24    64.5312
66    37.2486
75    50.5626
16 8.05887  2
28    59.3602
53    61.2059
17 5.00031  1
35    44.1766
18 5.01251  4
25    56.1576
26    44.1244
53    61.3881
54    37.5581
19 5.05249  5
29    38.9827
30    48.0403
35    39.1859
47    61.0109
54    58.6671
20 5.18311  2
27    64.8315
47    59.9736
21 5.60945  2
35    35.0375
36    40.8687
22 7.00171  2
47    45.5243
65    41.1791
23 11.5484  2
35    35.5493
95    57.0338
24 6.39531  1
35    54.6451
25 9.56801  2
47    56.586
54    35.7727
26 9.92843  6
31    47.6182
32    46.2394
33    41.7367
34    57.0338
54    60.6108
65    54.7678
27 11.1055  1
110    0
28 14.9493  1
35    36.8284
29 7.50099  1
35    35.1575
30 13.179  2
36    42.503
83    42.2109
31 11.7202  2
35    41.0051
75    45.4154
32 6.95624  2
36    64.848
65    39.586
33 11.3997  5
43    64.501
44    41.3704
45    55.838
46    43.0816
76    43.1347
34 5.90976  2
35    46.9865
66    53.8211
35 7.98257  1
110    0
36 14.7516  4
48    60.8452
49    59.4325
50    54.819
51    39.7536
37 6.85522  1
47    61.4257
38 11.0701  1
110    0
39 14.8337  9
56    56.8818
57    46.4893
58    42.5533
59    59.7008
60    55.6952
61    42.6147
62    59.9013
63    56.3498
64    44.7525
40 7.12348  2
53    55.8399
55    64.599
41 11.946  1
54    61.8725
42 7.69387  2
53    61.444
80    61.7507
43 13.8086  2
47    39.402
65    41.0427
44 13.7762  2
75    55.8545
95    46.9865
45 13.6703  1
95    59.3602
46 13.3245  1
54    61.5923
47 12.1953  4
52    50.558
53    43.0871
66    39.9174
106    64.848
48 8.5081  1
78    41.2917
49 6.46733  1
65    50.0105
50 9.80331  3
75    48.9421
76    61.5996
95    48.0403
51 10.6969  2
66    36.4951
79    52.3681
52 13.6151  1
110    0
53 13.1442  3
54    43.3883
55    62.4273
106    49.7853
54 11.6063  1
110    0
55 6.58452  3
78    42.2411
83    55.5716
95    41.7367
56 10.186  1
95    47.6182
57 11.9466  1
110    0
58 7.6957  2
65    36.8815
75    48.2939
59 13.8147  1
110    0
60 13.796  1
76    61.8963
61 13.7353  1
110    0
62 13.5369  1
95    46.2394
63 12.889  1
82    64.4763
64 10.7732  1
75    48.2472
65 13.8641  1
110    0
66 13.9575  1
110    0
67 14.2624  1
110    0
68 5.25758  1
75    48.4458
69 5.85269  1
78    55.5808
70 7.79611  3
77    36.0273
78    46.1029
106    53.3166
71 14.1424  1
110    0
72 14.8663  1
78    38.3894
73 7.22999  1
110    0
74 12.2939  1
110    0
75 8.82977  4
84    58.5829
85    52.0449
86    60.6951
87    58.9427
76 7.51778  1
110    0
77 13.2336  1
110    0
78 11.8984  1
110    0
79 7.53822  3
107    42.503
108    59.5369
109    55.1605
80 13.3004  1
110    0
81 12.1166  10
96    44.1766
97    35.0009
98    35.0375
99    35.1575
100    35.5493
101    36.8284
102    41.0051
103    54.6451
104    39.1859
105    48.704
82 8.25083  1
83    41.2889
83 5.62716  1
110    0
84 7.05969  1
110    0
85 11.7379  1
110    0
86 7.01422  7
88    53.2196
89    64.5312
90    41.4684
91    56.1576
92    44.1244
93    64.8315
94    42.449
87 11.5893  1
110    0
88 6.52867  1
110    0
89 10.0035  1
110    0
90 11.3506  1
110    0
91 5.74953  1
110    0
92 7.45918  1
110    0
93 13.0422  1
110    0
94 11.2737  1
110    0
95 5.49837  1
110    0
96 6.63915  1
110    0
97 10.3645  1
110    0
98 12.5295  1
110    0
99 9.59914  1
110    0
100 10.0301  1
110    0
101 11.4373  1
110    0
102 6.03244  1
110    0
103 8.38328  1
110    0
104 6.0596  1
110    0
105 8.47179  1
110    0
106 6.34861  1
110    0
107 9.41572  1
110    0
108 9.43129  1
110    0
109 9.48195  1
110    0
110 0  0
