121
0 7.12348  7
1    0.974081
7    1.08398
8    1.29002
10    1.09638
13    1.23185
55    1.23199
68    1.29696
1 11.946  10
2    0.995706
3    1.06633
4    1.29696
5    0.85006
6    1.19074
8    1.06421
9    1.22851
11    1.21222
66    0.703149
67    0.710987
2 7.69387  6
7    0.878954
8    0.861632
9    1.22022
10    0.988198
11    0.861742
68    0.817374
3 13.8086  6
7    0.817374
8    1.11676
9    1.19947
10    1.01116
13    1.23745
55    1.23793
4 13.7762  6
7    1.10321
8    0.827409
10    1.18865
46    0.763576
65    0.882488
68    0.85006
5 13.6703  7
7    0.754585
8    0.811313
9    0.910486
10    0.795071
11    1.1168
13    0.715455
65    1.1872
6 13.3245  2
11    1.22412
46    0.761946
7 12.1953  5
8    1.28509
9    1.22657
10    1.2169
11    1.22888
13    1.25574
8 8.5081  4
9    1.13172
10    0.78804
11    1.22776
107    1.19402
9 6.46733  3
10    1.04181
64    1.12315
107    0.851067
10 9.80331  5
11    1.17334
13    0.751161
65    0.848979
66    0.952364
67    0.820103
11 10.6969  1
12    1.04639
12 13.6151  7
14    0.867766
15    1.24855
16    1.29198
17    0.833799
18    1.13764
19    0.929786
20    0.851067
13 13.1442  4
31    1.09536
32    0.79172
33    1.00021
64    1.2139
14 11.6063  1
120    0
15 6.58452  1
55    0.844823
16 10.186  1
120    0
17 11.9466  10
21    1.19402
22    1.1139
23    0.852293
24    1.19803
25    1.127
26    0.89505
27    0.737629
28    0.823582
29    1.10427
30    0.820853
18 7.6957  2
66    0.939729
67    0.974081
19 13.8147  1
120    0
20 13.796  1
120    0
21 13.7353  4
46    0.902997
54    0.862694
55    1.11162
64    1.06439
22 13.5369  1
120    0
23 12.889  2
66    1.14068
67    1.06633
24 10.7732  3
55    0.720545
66    0.960805
67    1.0929
25 13.8641  1
120    0
26 13.9575  1
120    0
27 14.2624  7
34    1.08104
35    0.744972
36    0.847551
37    1.18253
38    1.07642
39    0.729902
40    0.798349
28 5.25758  2
55    0.922059
66    0.834733
29 5.85269  1
120    0
30 7.79611  7
41    1.02187
42    1.15177
43    0.975948
44    1.0018
45    1.08624
64    1.17166
65    1.09166
31 14.1424  1
64    0.829368
32 14.8663  9
47    0.908307
48    0.780917
49    0.964943
50    0.965877
51    0.968917
52    0.978841
53    1.01125
65    0.779653
66    0.883532
33 7.22999  1
64    1.29062
34 12.2939  1
120    0
35 8.82977  2
54    1.11709
68    1.10321
36 7.51778  2
64    1.0409
113    1.09536
37 13.2336  1
120    0
38 11.8984  1
68    1.08398
39 7.53822  6
60    1.28953
61    0.825779
62    1.11143
63    0.844218
64    1.17885
113    0.820853
40 13.3004  1
66    0.700018
41 12.1166  1
120    0
42 8.25083  1
120    0
43 5.62716  2
65    1.29663
94    1.22776
44 7.05969  2
55    1.2573
67    0.995706
45 11.7379  5
56    1.17364
57    1.04736
58    1.23501
59    1.24779
66    0.924787
46 7.01422  1
66    0.700751
47 11.5893  9
85    1.04181
86    1.2169
87    1.18865
88    1.09638
89    0.795071
90    1.01116
91    1.1168
92    0.861742
93    1.22888
48 6.52867  1
67    0.783718
49 10.0035  6
96    1.04639
97    1.23185
98    1.23745
99    1.25574
100    0.715455
101    0.751161
50 11.3506  2
55    0.767788
67    0.736567
51 5.74953  1
120    0
52 7.45918  1
120    0
53 13.0422  3
55    0.825834
68    0.754585
95    1.17334
54 11.2737  1
68    1.19074
55 5.49837  1
120    0
56 6.63915  1
120    0
57 10.3645  1
120    0
58 12.5295  1
120    0
59 9.59914  6
69    0.878954
70    1.28509
71    0.811313
72    1.06421
73    1.29002
74    0.827409
60 10.0301  1
120    0
61 11.4373  1
120    0
62 6.03244  1
120    0
63 8.38328  9
76    0.861632
77    1.22851
78    1.22657
79    1.22022
80    1.19947
81    1.13172
82    0.910486
83    0.78804
84    0.988198
64 6.0596  3
104    1.29198
105    0.833799
106    1.13764
65 8.47179  1
94    1.22412
66 6.34861  2
102    0.867766
103    1.24855
67 9.41572  2
110    0.89505
111    0.737629
68 9.43129  1
95    1.21222
69 9.48195  1
120    0
70 9.64736  1
75    1.11676
71 10.1875  1
120    0
72 11.9515  1
120    0
73 7.71157  1
120    0
74 13.8665  1
120    0
75 13.9654  6
114    0.79172
115    1.00021
116    1.08104
117    0.744972
118    0.847551
119    1.18253
76 14.2883  1
120    0
77 5.34242  1
120    0
78 6.1298  1
120    0
79 8.70098  1
107    1.1139
80 7.09723  1
120    0
81 11.8603  1
120    0
82 7.41371  1
107    0.929786
83 12.8939  1
120    0
84 10.7894  1
120    0
85 13.9169  1
120    0
86 14.1299  1
120    0
87 14.8254  1
120    0
88 7.09632  1
113    1.10427
89 11.8572  1
120    0
90 7.40364  1
120    0
91 12.861  1
120    0
92 10.6816  2
108    1.19803
109    1.127
93 13.565  1
120    0
94 12.9809  1
120    0
95 11.0732  1
120    0
96 14.8437  1
120    0
97 7.15613  1
112    0.823582
98 12.0525  1
120    0
99 8.04147  1
120    0
100 14.9438  1
107    0.852293
101 7.48299  1
120    0
102 13.1201  1
120    0
103 11.5276  1
120    0
104 6.32756  1
120    0
105 9.34675  1
120    0
106 9.20606  1
120    0
107 8.74645  1
120    0
108 7.24555  1
120    0
109 12.3446  1
120    0
110 8.99548  1
120    0
111 8.05887  1
120    0
112 5.00031  1
120    0
113 5.01251  1
120    0
114 5.05249  1
120    0
115 5.18311  1
120    0
116 5.60945  1
120    0
117 7.00171  1
120    0
118 11.5484  1
120    0
119 6.39531  1
120    0
120 0  0
