225
0 9.64736  4
1    10.4639
2    12.3745
20    7.29902
54    8.82488
1 10.1875  2
2    12.3185
10    11.3764
2 11.9515  9
3    12.5574
4    7.15455
5    7.51161
6    8.67766
7    12.4855
8    12.9198
9    8.33799
114    9.64943
174    7.37629
3 7.71157  2
20    8.47551
34    9.78841
4 13.8665  4
10    11.139
43    8.44823
56    9.39729
69    12.2657
5 13.9654  4
10    11.9402
33    9.65877
68    8.11313
119    12.3501
6 14.2883  3
10    9.29786
21    7.98349
56    11.4068
7 5.34242  1
10    8.51067
8 6.1298  10
11    11.9803
12    11.27
13    8.9505
14    7.37629
15    8.23582
16    11.0427
17    8.20853
18    10.9536
19    7.9172
174    9.29786
9 8.70098  5
10    8.52293
34    10.1125
43    12.3501
68    8.17374
138    8.34733
10 7.09723  10
44    11.1143
45    8.44218
46    11.7166
47    10.409
48    12.139
49    11.7885
50    10.6439
51    12.9062
52    8.29368
57    7.00751
11 11.8603  3
22    10.2187
23    11.5177
118    10.4736
12 7.41371  4
34    11.1709
54    10.9166
113    7.29902
119    12.478
13 12.8939  3
54    11.872
68    12.8509
148    9.10486
14 10.7894  2
20    10.8104
66    11.9074
15 13.9169  3
20    10.7642
43    11.7364
54    7.79653
16 14.1299  4
20    11.8253
43    12.8953
54    8.48979
71    9.10486
17 14.8254  5
20    7.44972
34    9.68917
35    8.62694
69    12.2851
136    7.79653
18 7.09632  6
121    8.25779
122    11.1143
123    8.44218
124    11.7166
125    10.409
126    12.139
19 11.8572  2
20    10.0021
69    11.1676
20 7.40364  7
24    9.75948
25    10.018
26    10.8624
27    7.61946
28    9.02997
29    7.63576
69    12.9002
21 12.861  1
194    10.1125
22 10.6816  1
224    0
23 13.565  6
69    8.27409
113    11.5177
114    9.65877
116    8.62694
194    8.62694
196    11.1143
24 12.9809  1
224    0
25 11.0732  4
30    9.08307
31    7.80917
32    9.64943
69    8.61632
26 14.8437  3
67    11.0321
148    12.2022
175    11.0427
27 7.15613  2
140    11.9074
147    8.61632
28 12.0525  2
53    11.2315
138    8.83532
29 8.04147  1
68    7.54585
30 14.9438  4
213    9.52364
214    9.24787
215    8.34733
216    11.4068
31 7.48299  3
54    12.9663
71    10.4181
173    11.3764
32 13.1201  4
41    9.22059
42    8.25834
68    8.78954
141    12.8509
33 11.5276  7
36    12.3199
37    12.3793
38    12.573
39    7.20545
40    7.67788
43    11.1162
66    12.9696
34 6.32756  2
57    7.0315
186    10.8624
35 9.34675  10
99    11.9803
100    11.27
101    8.9505
102    7.37629
103    8.23582
104    11.0427
105    8.20853
106    10.9536
107    7.9172
196    12.8953
36 9.20606  2
141    8.17374
175    10.0021
37 8.74645  2
116    12.3793
174    11.27
38 7.24555  3
43    8.25779
54    9.24787
195    11.7364
39 12.3446  8
197    8.44218
198    11.7166
199    10.409
200    12.139
201    11.7885
202    10.6439
203    12.9062
204    8.29368
40 8.99548  1
116    11.1709
41 8.05887  3
43    10.4736
114    9.08307
196    12.478
42 5.00031  2
43    12.478
68    10.8398
43 5.01251  3
54    9.52364
70    12.2022
136    10.9166
44 5.05249  2
116    7.67788
141    8.78954
45 5.18311  3
57    7.00018
71    11.9947
194    12.573
46 5.60945  1
114    9.02997
47 7.00171  10
90    12.4855
91    12.9198
92    8.33799
93    11.3764
94    9.29786
95    8.51067
96    11.9402
97    11.139
98    8.52293
190    9.64943
48 11.5484  4
55    8.34733
114    7.63576
116    12.3199
174    11.9803
49 6.39531  10
58    7.10987
59    7.36567
60    8.20103
61    10.929
62    7.83718
63    9.74081
64    9.95706
65    10.6633
117    9.22059
118    11.1162
50 9.56801  2
54    9.60805
138    11.4068
51 9.92843  1
224    0
52 11.1055  1
148    7.8804
53 14.9493  7
108    10.0021
109    10.8104
110    7.44972
111    8.47551
112    11.8253
118    8.44823
195    10.4736
54 7.50099  1
71    9.88198
55 13.179  1
56    8.83532
56 11.7202  1
224    0
57 6.95624  1
224    0
58 11.3997  1
140    9.74081
59 5.90976  3
71    12.169
140    12.9696
174    8.51067
60 7.98257  5
68    10.6421
118    8.25834
139    7.0315
174    8.52293
175    8.20853
61 14.7516  1
224    0
62 6.85522  2
71    11.3172
175    7.9172
63 11.0701  1
66    8.5006
64 14.8337  2
113    10.2187
148    11.9947
65 7.12348  1
224    0
66 11.946  1
140    8.5006
67 7.69387  2
72    11.8865
140    10.6633
68 13.8086  8
82    11.7334
83    10.4639
84    12.3185
85    12.3745
86    12.5574
87    7.15455
88    7.51161
89    8.67766
69 13.7762  1
71    7.8804
70 13.6703  9
73    10.9638
74    7.95071
75    10.1116
76    11.168
77    8.61742
78    12.2888
79    12.2776
80    12.2412
81    12.1222
71 13.3245  2
116    12.573
137    9.60805
72 12.1953  7
158    12.2888
159    12.2776
160    12.2412
161    12.1222
162    11.7334
163    10.4639
175    10.9536
73 8.5081  1
114    9.68917
74 6.46733  1
140    7.83718
75 9.80331  1
224    0
76 10.6969  9
164    12.3185
165    12.3745
166    12.5574
167    7.15455
168    7.51161
169    8.67766
170    12.4855
171    12.9198
172    8.33799
77 13.6151  1
224    0
78 13.1442  7
217    9.39729
218    8.83532
219    7.00018
220    7.00751
221    7.0315
222    7.10987
223    7.36567
79 11.6063  1
115    9.78841
80 6.58452  1
141    10.8398
81 10.186  1
224    0
82 11.9466  1
224    0
83 7.6957  2
138    9.24787
194    12.3199
84 13.8147  2
114    7.61946
194    7.20545
85 13.796  1
139    7.36567
86 13.7353  9
127    11.7885
128    10.6439
129    12.9062
130    8.29368
131    11.2315
132    8.82488
133    12.9663
134    8.48979
135    11.872
87 13.5369  1
224    0
88 12.889  1
120    12.8953
89 10.7732  1
148    12.2657
90 13.8641  1
224    0
91 13.9575  1
116    7.20545
92 14.2624  1
224    0
93 5.25758  1
138    9.39729
94 5.85269  1
113    9.75948
95 7.79611  1
224    0
96 14.1424  1
113    7.98349
97 14.8663  1
224    0
98 7.22999  5
181    7.98349
182    10.2187
183    11.5177
184    9.75948
185    10.018
99 12.2939  3
139    8.20103
194    11.1709
196    8.25779
100 8.82977  1
224    0
101 7.51778  1
224    0
102 13.2336  1
186    7.61946
103 11.8984  1
139    10.929
104 7.53822  1
224    0
105 13.3004  3
114    10.018
118    11.7364
195    8.44823
106 12.1166  1
224    0
107 8.25083  2
116    10.1125
174    11.9402
108 5.62716  1
224    0
109 7.05969  1
113    10.7642
110 11.7379  2
114    10.8624
138    9.52364
111 7.01422  1
147    12.2851
112 11.5893  1
114    7.80917
113 6.52867  1
141    7.54585
114 10.0035  1
224    0
115 11.3506  1
224    0
116 5.74953  1
140    9.95706
117 7.45918  2
139    7.10987
141    11.0321
118 13.0422  3
187    7.63576
188    9.08307
189    7.80917
119 11.2737  1
224    0
120 5.49837  1
224    0
121 6.63915  1
224    0
122 10.3645  1
139    7.00018
123 12.5295  1
194    7.67788
124 9.59914  1
224    0
125 10.0301  1
224    0
126 11.4373  1
224    0
127 6.03244  1
224    0
128 8.38328  1
224    0
129 6.0596  1
224    0
130 8.47179  1
195    12.3501
131 6.34861  1
175    10.8104
132 9.41572  1
139    7.00751
133 9.43129  1
224    0
134 9.48195  1
224    0
135 9.64736  1
224    0
136 10.1875  1
224    0
137 11.9515  9
149    9.88198
150    10.4181
151    12.169
152    11.8865
153    10.9638
154    7.95071
155    10.1116
156    11.168
157    8.61742
138 7.71157  1
224    0
139 13.8665  1
224    0
140 13.9654  1
224    0
141 14.2883  6
142    8.11313
143    10.6421
144    12.9002
145    8.27409
146    11.1676
195    11.1162
142 5.34242  1
174    11.139
143 6.1298  1
224    0
144 8.70098  2
148    11.3172
186    9.02997
145 7.09723  1
224    0
146 11.8603  1
224    0
147 7.41371  1
224    0
148 12.8939  1
224    0
149 10.7894  1
224    0
150 13.9169  1
224    0
151 14.1299  1
224    0
152 14.8254  1
224    0
153 7.09632  1
224    0
154 11.8572  1
224    0
155 7.40364  1
224    0
156 12.861  1
224    0
157 10.6816  1
224    0
158 13.565  1
224    0
159 12.9809  1
174    8.9505
160 11.0732  1
224    0
161 14.8437  1
224    0
162 7.15613  1
224    0
163 12.0525  1
194    8.25834
164 8.04147  1
224    0
165 14.9438  1
224    0
166 7.48299  1
224    0
167 13.1201  5
176    7.44972
177    8.47551
178    11.8253
179    10.7642
180    7.29902
168 11.5276  1
224    0
169 6.32756  1
174    8.23582
170 9.34675  1
224    0
171 9.20606  1
224    0
172 8.74645  1
224    0
173 7.24555  1
224    0
174 12.3446  1
224    0
175 8.99548  1
224    0
176 8.05887  1
224    0
177 5.00031  1
224    0
178 5.01251  1
224    0
179 5.05249  1
224    0
180 5.18311  1
224    0
181 5.60945  1
194    9.22059
182 7.00171  1
224    0
183 11.5484  1
224    0
184 6.39531  1
224    0
185 9.56801  1
224    0
186 9.92843  1
191    9.65877
187 11.1055  2
192    9.68917
193    9.78841
188 14.9493  1
224    0
189 7.50099  1
224    0
190 13.179  1
224    0
191 11.7202  1
224    0
192 6.95624  1
194    12.3793
193 11.3997  1
224    0
194 5.90976  1
224    0
195 7.98257  1
224    0
196 14.7516  1
224    0
197 6.85522  1
224    0
198 11.0701  1
224    0
199 14.8337  1
224    0
200 7.12348  7
205    11.2315
206    8.82488
207    12.9663
208    8.48979
209    11.872
210    10.9166
211    7.79653
201 11.946  1
224    0
202 7.69387  1
224    0
203 13.8086  1
224    0
204 13.7762  1
224    0
205 13.6703  1
212    9.60805
206 13.3245  1
224    0
207 12.1953  1
224    0
208 8.5081  1
224    0
209 6.46733  1
224    0
210 9.80331  1
224    0
211 10.6969  1
224    0
212 13.6151  1
224    0
213 13.1442  1
224    0
214 11.6063  1
224    0
215 6.58452  1
224    0
216 10.186  1
224    0
217 11.9466  1
224    0
218 7.6957  1
224    0
219 13.8147  1
224    0
220 13.796  1
224    0
221 13.7353  1
224    0
222 13.5369  1
224    0
223 12.889  1
224    0
224 0  0
