182
0 10.1875  9
1    8.20103
2    10.929
3    7.83718
4    9.74081
5    12.9696
6    8.17374
70    9.52364
78    12.1222
164    12.3185
1 11.9515  6
6    8.5006
57    9.02997
68    12.139
70    7.0315
100    11.1709
163    11.7334
2 7.71157  2
98    7.98349
164    8.33799
3 13.8665  6
5    10.6633
6    11.9074
18    11.9947
74    11.1676
78    12.2776
143    12.9696
4 13.9654  6
5    9.95706
6    11.0321
18    12.2022
58    10.1125
80    12.5574
99    7.63576
5 14.2883  2
59    7.20545
80    7.15455
6 5.34242  8
7    10.8398
8    7.54585
9    8.78954
10    12.8509
11    8.11313
12    10.6421
68    8.44218
78    10.1116
7 6.1298  3
45    10.9536
58    9.64943
69    10.9166
8 8.70098  5
13    12.9002
14    8.27409
15    11.1676
59    11.1709
68    11.7166
9 7.09723  6
18    11.3172
29    12.5574
69    8.82488
72    12.9696
74    8.17374
76    11.9947
10 11.8603  3
29    12.1222
68    12.8953
71    9.74081
11 7.41371  3
16    8.61632
17    12.2851
45    7.37629
12 12.8939  3
20    9.88198
21    10.4181
29    12.3745
13 10.7894  3
18    9.10486
29    12.3185
74    7.54585
14 13.9169  8
135    7.0315
136    7.10987
137    7.36567
138    8.20103
139    10.929
140    7.83718
141    9.74081
142    9.95706
15 14.1299  2
18    12.2657
100    9.78841
16 14.8254  1
29    11.7334
17 7.09632  3
19    7.8804
76    12.169
98    11.8253
18 11.8572  6
22    12.169
23    11.8865
29    12.2412
57    10.018
70    8.83532
71    7.83718
19 7.40364  5
24    10.9638
25    7.95071
26    10.1116
27    11.168
57    10.8624
20 12.861  4
28    8.61742
68    8.25779
72    10.6633
78    11.168
21 10.6816  3
59    12.3199
70    9.24787
99    7.61946
22 13.565  2
34    12.9198
73    11.9074
23 12.9809  8
39    11.9402
40    11.139
41    8.52293
42    11.9803
43    11.27
44    8.9505
45    8.20853
58    7.80917
24 11.0732  2
70    8.34733
80    7.51161
25 14.8437  1
70    9.39729
26 7.15613  5
28    12.2888
29    12.2776
70    11.4068
75    8.61632
78    8.61742
27 12.0525  4
29    10.4639
80    8.67766
100    7.67788
164    12.9198
28 8.04147  4
30    7.15455
31    7.51161
32    8.67766
33    12.4855
29 14.9438  5
54    7.98349
55    10.2187
56    11.5177
78    12.2888
100    12.3793
30 7.48299  1
45    8.23582
31 13.1201  3
74    10.6421
78    10.9638
98    10.7642
32 11.5276  6
35    8.33799
36    11.3764
37    9.29786
38    8.51067
76    12.2657
78    7.95071
33 6.32756  2
45    11.0427
69    11.2315
34 9.34675  3
59    12.3793
80    9.29786
99    9.64943
35 9.20606  1
58    9.65877
36 8.74645  2
76    10.4181
78    12.2412
37 7.24555  2
57    9.75948
71    10.929
38 12.3446  4
58    9.08307
59    7.67788
74    12.8509
76    9.10486
39 8.99548  1
181    0
40 8.05887  10
46    7.9172
47    10.0021
48    10.8104
49    7.44972
50    8.47551
51    11.8253
52    10.7642
53    7.29902
59    8.62694
74    10.8398
41 5.00031  3
80    8.33799
99    9.08307
100    12.573
42 5.01251  2
69    8.29368
98    11.5177
43 5.05249  7
81    8.51067
82    11.9402
83    11.139
84    8.52293
85    11.9803
86    11.27
87    8.9505
44 5.18311  1
71    8.20103
45 5.60945  1
69    9.60805
46 7.00171  1
70    7.00751
47 11.5484  10
88    7.37629
89    8.23582
90    11.0427
91    8.20853
92    10.9536
93    7.9172
94    10.0021
95    10.8104
96    7.44972
97    8.47551
48 6.39531  3
79    12.3185
100    9.22059
164    12.5574
49 9.56801  2
71    7.10987
163    12.1222
50 9.92843  2
58    9.68917
79    11.7334
51 11.1055  3
68    11.7885
76    12.2022
99    9.02997
52 14.9493  4
57    7.61946
58    7.63576
69    7.79653
79    12.3745
53 7.50099  7
60    9.22059
61    8.25834
62    11.1162
63    8.44823
64    11.7364
73    11.0321
80    12.9198
54 13.179  3
59    12.573
70    7.00018
163    8.61742
55 11.7202  3
58    9.78841
68    10.409
74    8.78954
56 6.95624  1
181    0
57 11.3997  3
68    11.1143
69    8.48979
76    9.88198
58 5.90976  1
98    10.8624
59 7.98257  3
72    8.5006
76    11.3172
99    9.65877
60 14.7516  7
111    8.44218
112    11.7166
113    10.409
114    12.139
115    11.7885
116    10.6439
117    12.9062
61 6.85522  1
69    12.9062
62 11.0701  1
165    11.139
63 14.8337  5
65    10.4736
66    12.3501
67    12.478
68    10.6439
69    11.872
64 7.12348  2
71    9.95706
99    9.68917
65 11.946  1
181    0
66 7.69387  3
69    12.9663
74    8.27409
100    12.3199
67 13.8086  2
77    11.8865
79    10.4639
68 13.7762  1
181    0
69 13.6703  1
71    7.36567
70 13.3245  1
74    12.9002
71 12.1953  1
75    12.2851
72 8.5081  2
74    8.11313
76    7.8804
73 6.46733  1
100    10.1125
74 9.80331  5
80    11.3764
98    10.2187
143    10.6633
163    12.2412
165    11.9402
75 10.6969  1
181    0
76 13.6151  1
181    0
77 13.1442  2
98    10.018
99    7.80917
78 11.6063  1
98    9.75948
79 6.58452  2
80    12.4855
153    12.2022
80 10.186  1
165    9.29786
81 11.9466  1
153    12.2657
82 7.6957  1
181    0
83 13.8147  1
153    11.9947
84 13.796  7
118    8.29368
119    11.2315
120    8.82488
121    12.9663
122    8.48979
123    11.872
124    10.9166
85 13.7353  2
100    7.20545
163    12.2888
86 13.5369  1
100    8.62694
87 12.889  1
98    7.29902
88 10.7732  1
181    0
89 13.8641  1
181    0
90 13.9575  1
143    8.5006
91 14.2624  10
101    8.25834
102    11.1162
103    8.44823
104    11.7364
105    10.4736
106    12.3501
107    12.478
108    12.8953
109    8.25779
110    11.1143
92 5.25758  1
181    0
93 5.85269  1
181    0
94 7.79611  1
181    0
95 14.1424  5
125    7.79653
126    9.60805
127    9.52364
128    9.24787
153    12.9002
96 14.8663  6
129    8.34733
130    11.4068
131    9.39729
132    8.83532
133    7.00018
134    7.00751
97 7.22999  2
153    8.27409
164    12.3745
98 12.2939  1
153    11.3172
99 8.82977  1
181    0
100 7.51778  1
181    0
101 13.2336  1
181    0
102 11.8984  1
181    0
103 7.53822  1
181    0
104 13.3004  1
181    0
105 12.1166  1
164    12.4855
106 8.25083  1
181    0
107 5.62716  1
181    0
108 7.05969  9
144    11.9074
145    11.0321
146    8.17374
147    10.8398
148    7.54585
149    8.78954
150    12.8509
151    8.11313
152    10.6421
109 11.7379  1
181    0
110 7.01422  1
181    0
111 11.5893  1
181    0
112 6.52867  1
181    0
113 10.0035  1
181    0
114 11.3506  1
153    11.1676
115 5.74953  1
181    0
116 7.45918  9
154    9.10486
155    7.8804
156    9.88198
157    10.4181
158    12.169
159    11.8865
160    10.9638
161    7.95071
162    10.1116
117 13.0422  1
164    8.67766
118 11.2737  1
181    0
119 5.49837  1
181    0
120 6.63915  1
181    0
121 10.3645  1
153    8.61632
122 12.5295  1
181    0
123 9.59914  1
181    0
124 10.0301  1
181    0
125 11.4373  1
181    0
126 6.03244  1
181    0
127 8.38328  1
165    11.3764
128 6.0596  1
181    0
129 8.47179  1
181    0
130 6.34861  2
153    12.2851
164    7.15455
131 9.41572  5
170    8.23582
171    11.0427
172    8.20853
173    10.9536
174    7.9172
132 9.43129  1
163    11.168
133 9.48195  1
181    0
134 9.64736  1
181    0
135 10.1875  1
181    0
136 11.9515  1
181    0
137 7.71157  1
181    0
138 13.8665  1
181    0
139 13.9654  1
181    0
140 14.2883  1
181    0
141 5.34242  1
181    0
142 6.1298  1
181    0
143 8.70098  1
181    0
144 7.09723  1
181    0
145 11.8603  1
181    0
146 7.41371  1
181    0
147 12.8939  1
181    0
148 10.7894  1
181    0
149 13.9169  1
181    0
150 14.1299  1
181    0
151 14.8254  1
181    0
152 7.09632  1
181    0
153 11.8572  1
164    7.51161
154 7.40364  1
181    0
155 12.861  1
163    10.4639
156 10.6816  1
181    0
157 13.565  1
181    0
158 12.9809  1
181    0
159 11.0732  1
163    12.2776
160 14.8437  4
166    11.9803
167    11.27
168    8.9505
169    7.37629
161 7.15613  1
165    8.52293
162 12.0525  1
181    0
163 8.04147  1
165    8.51067
164 14.9438  1
181    0
165 7.48299  1
181    0
166 13.1201  1
181    0
167 11.5276  6
175    10.0021
176    10.8104
177    7.44972
178    8.47551
179    11.8253
180    10.7642
168 6.32756  1
181    0
169 9.34675  1
181    0
170 9.20606  1
181    0
171 8.74645  1
181    0
172 7.24555  1
181    0
173 12.3446  1
181    0
174 8.99548  1
181    0
175 8.05887  1
181    0
176 5.00031  1
181    0
177 5.01251  1
181    0
178 5.05249  1
181    0
179 5.18311  1
181    0
180 5.60945  1
181    0
181 0  0
