55
0 6.63915  3
1    0.939729
2    0.883532
3    0.700751
1 10.3645  2
2    0.700018
3    0.703149
2 12.5295  1
3    0.710987
3 9.59914  9
4    0.736567
5    0.820103
6    1.0929
7    0.783718
8    0.974081
9    0.995706
10    1.06633
11    1.29696
12    0.85006
4 10.0301  6
13    1.19074
14    1.10321
15    0.817374
16    1.08398
17    0.754585
18    0.878954
5 11.4373  1
54    0
6 6.03244  1
54    0
7 8.38328  1
54    0
8 6.0596  1
54    0
9 8.47179  1
54    0
10 6.34861  5
19    1.28509
20    0.811313
21    1.06421
22    1.29002
23    0.827409
11 9.41572  1
54    0
12 9.43129  3
36    1.18865
37    1.09638
47    1.23745
13 9.48195  1
54    0
14 9.64736  1
54    0
15 10.1875  5
24    1.11676
25    0.861632
26    1.22851
27    1.22657
28    1.22022
16 11.9515  1
54    0
17 7.71157  9
38    0.795071
39    1.01116
40    1.1168
41    0.861742
42    1.22888
43    1.22776
44    1.22412
45    1.21222
46    1.17334
18 13.8665  1
54    0
19 13.9654  1
54    0
20 14.2883  1
54    0
21 5.34242  1
47    1.04639
22 6.1298  1
54    0
23 8.70098  1
54    0
24 7.09723  1
54    0
25 11.8603  7
29    1.19947
30    1.13172
31    0.910486
32    0.78804
33    0.988198
34    1.04181
35    1.2169
26 7.41371  1
54    0
27 12.8939  1
54    0
28 10.7894  1
47    1.23185
29 13.9169  1
54    0
30 14.1299  1
54    0
31 14.8254  1
54    0
32 7.09632  5
49    0.715455
50    0.751161
51    0.867766
52    1.24855
53    1.29198
33 11.8572  1
54    0
34 7.40364  1
54    0
35 12.861  1
54    0
36 10.6816  1
54    0
37 13.565  1
48    1.25574
38 12.9809  1
54    0
39 11.0732  1
54    0
40 14.8437  1
54    0
41 7.15613  1
54    0
42 12.0525  1
54    0
43 8.04147  1
54    0
44 14.9438  1
54    0
45 7.48299  1
54    0
46 13.1201  1
54    0
47 11.5276  1
54    0
48 6.32756  1
54    0
49 9.34675  1
54    0
50 9.20606  1
54    0
51 8.74645  1
54    0
52 7.24555  1
54    0
53 12.3446  1
54    0
54 0  0
