53
0 9.43129  2
1    0.974081
2    0.995706
1 9.48195  2
2    1.06633
29    1.09638
2 9.64736  5
3    1.29696
4    0.85006
5    1.19074
6    1.10321
7    0.817374
3 10.1875  1
29    0.795071
4 11.9515  1
52    0
5 7.71157  2
8    1.08398
9    0.754585
6 13.8665  4
32    1.17334
33    0.867766
35    0.820853
36    0.79172
7 13.9654  1
29    1.1168
8 14.2883  1
33    1.25574
9 5.34242  10
10    0.878954
11    1.28509
12    0.811313
13    1.06421
14    1.29002
15    0.827409
16    1.11676
17    0.861632
18    1.22851
19    1.22657
10 6.1298  2
33    1.23745
34    0.929786
11 8.70098  1
36    0.847551
12 7.09723  1
30    1.22888
13 11.8603  1
35    1.19803
14 7.41371  1
52    0
15 12.8939  2
33    0.751161
36    1.09536
16 10.7894  1
34    1.19402
17 13.9169  9
20    1.22022
21    1.19947
22    1.13172
23    0.910486
24    0.78804
25    0.988198
26    1.04181
27    1.2169
28    1.18865
18 14.1299  3
32    1.04639
34    1.1139
36    0.729902
19 14.8254  5
30    1.22776
33    0.715455
34    0.851067
35    1.10427
36    0.744972
20 7.09632  1
33    1.23185
21 11.8572  1
35    1.127
22 7.40364  1
36    1.18253
23 12.861  2
31    1.22412
35    0.852293
24 10.6816  3
29    1.01116
33    1.24855
35    0.823582
25 13.565  2
30    0.861742
35    0.89505
26 12.9809  2
33    1.29198
36    1.07642
27 11.0732  1
52    0
28 14.8437  1
34    1.13764
29 7.15613  2
31    1.21222
36    1.00021
30 12.0525  1
37    0.798349
31 8.04147  2
34    0.833799
35    0.737629
32 14.9438  1
52    0
33 7.48299  1
36    1.08104
34 13.1201  1
52    0
35 11.5276  8
44    0.902997
45    0.763576
46    0.908307
47    0.780917
48    0.964943
49    0.965877
50    0.968917
51    0.978841
36 6.32756  1
52    0
37 9.34675  6
38    1.02187
39    1.15177
40    0.975948
41    1.0018
42    1.08624
43    0.761946
38 9.20606  1
52    0
39 8.74645  1
52    0
40 7.24555  1
52    0
41 12.3446  1
52    0
42 8.99548  1
52    0
43 8.05887  1
52    0
44 5.00031  1
52    0
45 5.01251  1
52    0
46 5.05249  1
52    0
47 5.18311  1
52    0
48 5.60945  1
52    0
49 7.00171  1
52    0
50 11.5484  1
52    0
51 6.39531  1
52    0
52 0  0
