114
0 13.565  10
1    1.01125
2    1.11709
3    0.862694
4    1.23199
5    1.23793
6    1.2573
7    0.720545
8    0.825834
9    1.17364
10    1.12315
1 12.9809  3
8    0.922059
10    1.17885
11    0.848979
2 11.0732  5
9    1.23501
10    1.2139
11    1.29663
41    1.22022
51    1.22412
3 14.8437  2
10    0.829368
11    0.960805
4 7.15613  4
8    0.844823
9    1.04736
10    1.0409
11    1.1872
5 12.0525  3
8    1.11162
10    1.06439
11    0.952364
6 8.04147  4
9    0.825779
10    1.11143
11    0.882488
40    0.861632
7 14.9438  4
8    0.767788
9    1.28953
10    1.29062
11    0.779653
8 7.48299  3
9    1.24779
10    1.17166
11    0.924787
9 13.1201  2
10    0.844218
11    1.09166
10 11.5276  2
11    0.834733
59    0.929786
11 6.32756  10
12    1.14068
13    0.939729
14    0.883532
15    0.700018
16    0.700751
17    0.703149
18    0.710987
19    0.736567
20    0.820103
21    1.0929
12 9.34675  1
51    1.21222
13 9.20606  1
113    0
14 8.74645  1
41    0.910486
15 7.24555  1
41    0.988198
16 12.3446  5
108    0.848979
109    1.1872
110    1.09166
111    0.779653
112    0.960805
17 8.99548  1
59    1.29198
18 8.05887  2
41    1.13172
52    1.17334
19 5.00031  9
25    1.06633
26    1.29696
27    0.85006
28    1.19074
29    1.10321
30    0.817374
31    1.08398
32    0.754585
33    0.878954
20 5.01251  1
76    0.763576
21 5.05249  4
22    0.783718
23    0.974081
24    0.995706
75    0.975948
22 5.18311  1
59    1.19402
23 5.60945  1
113    0
24 7.00171  3
40    1.22657
59    0.852293
76    0.964943
25 11.5484  1
113    0
26 6.39531  1
59    0.851067
27 9.56801  2
34    1.28509
35    0.811313
28 9.92843  3
40    1.22851
41    0.78804
59    1.13764
29 11.1055  1
59    1.24855
30 14.9493  7
42    1.04181
43    1.2169
44    1.18865
45    1.09638
46    0.795071
47    1.01116
48    1.1168
31 7.50099  2
75    0.798349
76    0.780917
32 13.179  6
36    1.06421
37    1.29002
38    0.827409
39    1.11676
41    1.19947
74    1.07642
33 11.7202  8
77    0.978841
78    1.01125
79    1.11709
80    0.862694
81    1.23199
82    1.23793
83    1.2573
84    0.720545
34 6.95624  1
62    0.89505
35 11.3997  1
113    0
36 5.90976  1
76    0.965877
37 7.98257  1
113    0
38 14.7516  1
113    0
39 6.85522  1
75    1.02187
40 11.0701  1
113    0
41 14.8337  4
104    0.829368
105    1.12315
106    0.882488
107    1.29663
42 7.12348  6
53    1.23185
54    1.23745
55    1.25574
56    0.715455
57    0.751161
58    0.867766
43 11.946  4
49    0.861742
50    1.22888
51    1.22776
75    1.15177
44 7.69387  2
60    1.19803
61    1.127
45 13.8086  1
113    0
46 13.7762  9
95    0.825779
96    1.11143
97    0.844218
98    1.17166
99    1.0409
100    1.2139
101    1.17885
102    1.06439
103    1.29062
47 13.6703  1
113    0
48 13.3245  2
52    1.04639
76    0.968917
49 12.1953  1
59    1.1139
50 8.5081  1
75    0.729902
51 6.46733  1
113    0
52 9.80331  1
59    0.833799
53 10.6969  1
113    0
54 13.6151  8
85    0.767788
86    0.922059
87    0.825834
88    1.11162
89    0.844823
90    1.17364
91    1.04736
92    1.23501
55 13.1442  1
113    0
56 11.6063  1
76    0.761946
57 6.58452  2
72    0.847551
73    1.18253
58 10.186  1
76    0.908307
59 11.9466  1
76    0.902997
60 7.6957  1
76    1.08624
61 13.8147  1
113    0
62 13.796  9
63    0.737629
64    0.823582
65    1.10427
66    0.820853
67    1.09536
68    0.79172
69    1.00021
70    1.08104
71    0.744972
63 13.7353  1
113    0
64 13.5369  1
113    0
65 12.889  1
113    0
66 10.7732  1
113    0
67 13.8641  1
113    0
68 13.9575  1
76    1.0018
69 14.2624  1
113    0
70 5.25758  1
113    0
71 5.85269  1
113    0
72 7.79611  1
113    0
73 14.1424  1
113    0
74 14.8663  1
113    0
75 7.22999  1
113    0
76 12.2939  1
113    0
77 8.82977  1
113    0
78 7.51778  1
113    0
79 13.2336  1
113    0
80 11.8984  1
113    0
81 7.53822  1
113    0
82 13.3004  1
113    0
83 12.1166  1
113    0
84 8.25083  1
113    0
85 5.62716  1
113    0
86 7.05969  1
113    0
87 11.7379  1
113    0
88 7.01422  1
113    0
89 11.5893  1
113    0
90 6.52867  1
113    0
91 10.0035  2
93    1.24779
94    1.28953
92 11.3506  1
113    0
93 5.74953  1
113    0
94 7.45918  1
113    0
95 13.0422  1
113    0
96 11.2737  1
113    0
97 5.49837  1
113    0
98 6.63915  1
113    0
99 10.3645  1
113    0
100 12.5295  1
113    0
101 9.59914  1
113    0
102 10.0301  1
113    0
103 11.4373  1
113    0
104 6.03244  1
113    0
105 8.38328  1
113    0
106 6.0596  1
113    0
107 8.47179  1
113    0
108 6.34861  1
113    0
109 9.41572  1
113    0
110 9.43129  1
113    0
111 9.48195  1
113    0
112 9.64736  1
113    0
113 0  0
