88
0 6.39531  5
1    1.01125
2    1.11709
12    1.11143
13    1.17885
14    0.952364
1 9.56801  3
2    0.862694
16    1.0929
58    1.1139
2 9.92843  10
3    1.23199
4    1.23793
5    1.2573
6    0.720545
7    0.767788
8    0.922059
9    0.825834
11    1.17364
13    1.06439
15    0.700018
3 11.1055  5
11    1.24779
13    1.2139
14    1.29663
15    0.703149
61    0.975948
4 14.9493  6
11    1.28953
15    0.834733
47    1.25574
58    1.127
60    1.08104
74    1.11143
5 7.50099  4
10    1.11162
13    1.0409
14    0.848979
46    1.01116
6 13.179  4
11    0.844823
13    1.17166
14    0.960805
15    0.924787
7 11.7202  3
11    0.825779
14    0.779653
60    0.847551
8 6.95624  5
11    1.23501
13    1.29062
14    1.1872
15    1.14068
58    0.89505
9 11.3997  2
11    1.04736
60    1.07642
10 5.90976  5
14    1.09166
15    0.700751
46    0.795071
47    1.23185
61    0.761946
11 7.98257  2
14    0.829368
15    0.710987
12 14.7516  4
13    0.844218
14    1.12315
15    0.883532
16    0.820103
13 6.85522  2
14    0.882488
47    1.17334
14 11.0701  3
15    0.939729
47    1.23745
58    0.823582
15 14.8337  1
16    0.736567
16 7.12348  10
17    0.783718
18    0.974081
19    0.995706
20    1.06633
21    1.29696
22    0.85006
23    1.19074
24    1.10321
25    0.817374
26    1.08398
17 11.946  1
61    1.08624
18 7.69387  1
47    0.861742
19 13.8086  1
87    0
20 13.7762  10
27    0.754585
28    0.878954
29    1.28509
30    0.811313
31    1.06421
32    1.29002
33    0.827409
34    1.11676
35    0.861632
36    1.22851
21 13.6703  1
47    1.22776
22 13.3245  10
38    1.22022
39    1.19947
40    1.13172
41    0.910486
42    0.78804
43    0.988198
44    1.04181
59    0.79172
61    1.0018
75    0.882488
23 12.1953  8
63    0.763576
64    0.908307
65    0.780917
66    0.964943
67    0.965877
68    0.968917
69    0.978841
75    1.12315
24 8.5081  2
58    0.820853
75    1.17885
25 6.46733  3
45    1.09638
47    1.22888
60    0.729902
26 9.80331  2
76    1.1872
77    1.09166
27 10.6969  1
75    0.829368
28 13.6151  1
73    0.922059
29 13.1442  4
37    1.22657
47    1.22412
58    0.737629
72    1.23199
30 11.6063  1
46    1.1168
31 6.58452  2
73    0.720545
75    1.29663
32 10.186  1
87    0
33 11.9466  3
48    0.715455
61    0.798349
74    0.844218
34 7.6957  1
45    1.2169
35 13.8147  1
87    0
36 13.796  1
87    0
37 13.7353  3
45    1.18865
72    1.2573
73    1.04736
38 13.5369  1
58    0.852293
39 12.889  1
47    1.21222
40 10.7732  3
49    0.751161
50    0.867766
51    1.24855
41 13.8641  1
87    0
42 13.9575  1
72    0.862694
43 14.2624  1
87    0
44 5.25758  6
52    1.29198
53    0.833799
54    1.13764
55    0.929786
56    0.851067
57    1.19402
45 5.85269  3
47    1.04639
61    1.15177
73    1.17364
46 7.79611  1
61    1.02187
47 14.1424  2
59    1.00021
74    1.24779
48 14.8663  1
87    0
49 7.22999  1
58    1.10427
50 12.2939  1
59    1.09536
51 8.82977  1
60    0.744972
52 7.51778  1
87    0
53 13.2336  3
70    1.01125
71    1.11709
74    1.17166
54 11.8984  1
87    0
55 7.53822  1
58    1.19803
56 13.3004  3
60    1.18253
73    0.825834
74    1.28953
57 12.1166  1
87    0
58 8.25083  1
87    0
59 5.62716  1
73    1.11162
60 7.05969  1
62    0.902997
61 11.7379  1
87    0
62 7.01422  1
72    1.23793
63 11.5893  1
75    0.848979
64 6.52867  2
74    1.0409
75    1.29062
65 10.0035  2
73    0.767788
74    1.2139
66 11.3506  1
87    0
67 5.74953  9
78    0.779653
79    0.960805
80    0.952364
81    0.924787
82    0.834733
83    1.14068
84    0.939729
85    0.883532
86    0.700018
68 7.45918  1
87    0
69 13.0422  1
87    0
70 11.2737  1
87    0
71 5.49837  1
73    0.844823
72 6.63915  2
73    1.23501
75    1.06439
73 10.3645  1
74    0.825779
74 12.5295  1
87    0
75 9.59914  1
87    0
76 10.0301  1
87    0
77 11.4373  1
87    0
78 6.03244  1
87    0
79 8.38328  1
87    0
80 6.0596  1
87    0
81 8.47179  1
87    0
82 6.34861  1
87    0
83 9.41572  1
87    0
84 9.43129  1
87    0
85 9.48195  1
87    0
86 9.64736  1
87    0
87 0  0
