48
0 8.74645  10
1    61.444
2    61.3881
3    61.2059
4    60.6108
5    58.6671
6    52.3196
7    61.5923
8    61.8725
9    62.7871
10    35.7727
1 7.24555  6
41    43.1347
42    61.5996
43    61.8963
44    62.8649
45    36.0273
46    38.3894
2 12.3446  1
35    48.2472
3 8.99548  1
47    0
4 8.05887  1
33    51.0936
5 5.00031  5
36    48.2939
37    48.4458
38    48.9421
39    50.5626
40    55.8545
6 5.01251  1
47    0
7 5.05249  9
11    37.5581
12    43.3883
13    62.4273
14    64.599
15    41.69
16    56.8818
17    46.4893
18    42.5533
19    59.7008
8 5.18311  1
47    0
9 5.60945  1
47    0
10 7.00171  9
20    55.6952
21    42.6147
22    59.9013
23    56.3498
24    44.7525
25    36.8815
26    41.1791
27    55.2136
28    41.0427
11 11.5484  1
29    54.7678
12 6.39531  1
47    0
13 9.56801  1
33    38.0973
14 9.92843  3
30    53.8211
31    36.4951
32    39.9174
15 11.1055  2
29    42.3775
35    39.0458
16 14.9493  1
34    38.1788
17 7.50099  1
33    57.5886
18 13.179  1
33    54.3118
19 11.7202  1
29    50.0105
20 6.95624  1
47    0
21 11.3997  1
34    45.1498
22 5.90976  1
29    39.586
23 7.98257  1
47    0
24 14.7516  1
29    37.2486
25 6.85522  1
33    50.0902
26 11.0701  1
29    59.1267
27 14.8337  1
29    54.0518
28 7.12348  1
47    0
29 11.946  1
47    0
30 7.69387  1
35    45.4154
31 13.8086  1
33    48.7974
32 13.7762  1
47    0
33 13.6703  1
47    0
34 13.3245  1
47    0
35 12.1953  1
47    0
36 8.5081  1
47    0
37 6.46733  1
47    0
38 9.80331  1
47    0
39 10.6969  1
47    0
40 13.6151  1
47    0
41 13.1442  1
47    0
42 11.6063  1
47    0
43 6.58452  1
47    0
44 10.186  1
47    0
45 11.9466  1
47    0
46 7.6957  1
47    0
47 0  0
