219
0 8.82977  6
1    1.0929
2    0.783718
6    1.10321
7    0.827409
51    0.978841
103    1.09536
1 7.51778  7
6    1.19074
7    0.878954
29    1.29198
51    1.01125
91    0.861742
127    0.767788
203    1.0018
2 13.2336  7
3    0.974081
6    1.08398
7    0.754585
52    1.23199
90    0.988198
91    1.1168
176    1.22888
3 11.8984  6
4    0.995706
5    1.06633
6    1.29696
7    1.29002
50    0.965877
89    1.06421
4 7.53822  8
6    0.817374
7    0.811313
28    0.867766
29    0.929786
54    1.28953
88    0.754585
89    0.827409
127    0.922059
5 13.3004  5
6    0.85006
7    1.28509
15    0.988198
33    1.127
91    1.09638
6 12.1166  6
7    1.06421
15    0.78804
29    1.24855
54    0.844823
90    1.22657
127    0.844823
7 8.25083  10
8    1.11676
9    0.861632
10    1.22851
11    1.22657
12    1.22022
13    1.19947
14    1.13172
28    1.23745
29    0.851067
103    1.08104
8 5.62716  4
28    0.715455
29    1.13764
171    0.78804
176    1.22412
9 7.05969  4
15    0.910486
28    0.751161
53    0.720545
90    1.22022
10 11.7379  1
218    0
11 7.01422  8
55    0.825779
56    1.11143
57    0.844218
58    1.17166
59    1.0409
60    1.2139
61    1.17885
157    0.995706
12 11.5893  5
33    1.10427
52    0.862694
91    1.01116
97    0.715455
98    0.929786
13 6.52867  5
24    1.22888
25    1.22776
26    1.22412
27    1.21222
28    1.17334
14 10.0035  9
118    0.964943
119    0.965877
120    0.968917
121    0.978841
122    1.01125
123    1.11709
124    0.862694
125    1.23199
126    1.23793
15 11.3506  9
16    1.04181
17    1.2169
18    1.18865
19    1.09638
20    0.795071
21    1.01116
22    1.1168
23    0.861742
54    1.23501
16 5.74953  2
87    0.974081
103    1.00021
17 7.45918  9
34    0.820853
35    1.09536
36    0.79172
37    1.00021
38    1.08104
39    0.744972
40    0.847551
41    1.18253
96    1.04639
18 13.0422  3
28    1.04639
29    0.833799
54    0.922059
19 11.2737  2
54    1.11162
89    1.28509
20 5.49837  2
31    1.1139
32    0.852293
21 6.63915  1
28    1.25574
22 10.3645  5
42    0.729902
53    1.23793
98    0.851067
102    0.737629
127    0.825834
23 12.5295  3
33    0.89505
87    1.29696
127    1.11162
24 9.59914  3
54    1.04736
90    1.2169
203    1.02187
25 10.0301  1
28    1.23185
26 11.4373  1
42    0.798349
27 6.03244  4
30    1.19402
54    1.17364
103    0.847551
203    0.798349
28 8.38328  1
218    0
29 6.0596  7
33    0.737629
49    0.763576
53    1.2573
54    0.767788
87    0.85006
140    1.12315
175    1.1168
30 8.47179  1
33    0.823582
31 6.34861  5
33    1.19803
42    1.07642
49    0.902997
50    0.964943
54    1.24779
32 9.41572  1
218    0
33 9.43129  9
43    1.02187
44    1.15177
45    0.975948
46    1.0018
47    1.08624
48    0.761946
50    0.968917
87    0.995706
89    0.878954
34 9.48195  3
99    1.1139
100    0.852293
101    1.19803
35 9.64736  2
97    1.24855
151    0.703149
36 10.1875  2
50    0.908307
127    1.17364
37 11.9515  1
54    0.825834
38 7.71157  2
193    0.737629
194    0.823582
39 13.8665  9
128    1.23501
129    1.24779
130    1.28953
131    0.825779
132    1.11143
133    0.844218
134    1.17166
135    1.0409
136    1.2139
40 13.9654  1
103    0.744972
41 14.2883  1
102    0.89505
42 5.34242  1
98    1.19402
43 6.1298  2
87    1.19074
175    0.861742
44 8.70098  1
87    1.10321
45 7.09723  1
218    0
46 11.8603  1
218    0
47 7.41371  4
88    1.08398
89    0.861632
102    0.823582
103    0.820853
48 12.8939  2
50    0.780917
96    1.23745
49 10.7894  1
98    1.13764
50 13.9169  1
157    1.29696
51 14.1299  1
52    1.11709
52 14.8254  1
97    1.25574
53 7.09632  4
90    0.78804
102    1.10427
127    1.04736
140    0.829368
54 11.8572  7
164    1.11676
165    0.861632
166    1.22851
167    1.22657
168    1.22022
169    1.19947
170    1.13172
55 7.40364  4
89    1.29002
127    0.720545
140    0.882488
177    1.04639
56 12.861  1
90    1.19947
57 10.6816  1
218    0
58 13.565  1
218    0
59 12.9809  10
62    1.06439
63    1.29062
64    0.829368
65    1.12315
66    0.882488
67    1.29663
68    0.848979
69    1.1872
70    1.09166
71    0.779653
60 11.0732  10
104    1.18253
105    1.07642
106    0.729902
107    0.798349
108    1.02187
109    1.15177
110    0.975948
111    1.0018
112    1.08624
113    0.761946
61 14.8437  2
82    0.710987
91    0.795071
62 7.15613  3
87    1.06633
89    0.811313
157    0.754585
63 12.0525  5
152    0.710987
153    0.736567
154    0.820103
155    1.0929
156    0.783718
64 8.04147  1
218    0
65 14.9438  1
90    1.13172
66 7.48299  1
177    1.23745
67 13.1201  10
72    0.960805
73    0.952364
74    0.924787
75    0.834733
76    1.14068
77    0.939729
78    0.883532
79    0.700018
80    0.700751
81    0.703149
68 11.5276  1
90    0.910486
69 6.32756  1
218    0
70 9.34675  1
157    0.974081
71 9.20606  8
141    1.29663
142    0.848979
143    1.1872
144    1.09166
145    0.779653
146    0.960805
147    0.952364
148    0.924787
72 8.74645  1
96    1.23185
73 7.24555  5
83    0.736567
84    0.820103
85    1.0929
86    0.783718
103    0.79172
74 12.3446  1
174    0.795071
75 8.99548  1
92    1.22888
76 8.05887  1
218    0
77 5.00031  1
89    1.22851
78 5.01251  2
157    1.06633
175    1.01116
79 5.05249  1
177    1.23185
80 5.18311  1
90    1.04181
81 5.60945  1
97    0.867766
82 7.00171  4
114    0.902997
115    0.763576
116    0.908307
117    0.780917
83 11.5484  2
88    0.817374
89    1.11676
84 6.39531  1
91    1.18865
85 9.56801  1
97    0.833799
86 9.92843  3
93    1.22776
94    1.22412
95    1.21222
87 11.1055  1
218    0
88 14.9493  2
97    1.29198
151    0.939729
89 7.50099  1
97    0.751161
90 13.179  1
203    1.07642
91 11.7202  1
102    1.127
92 6.95624  1
127    1.2573
93 11.3997  1
218    0
94 5.90976  1
96    1.17334
95 7.98257  1
218    0
96 14.7516  1
218    0
97 6.85522  1
218    0
98 11.0701  1
176    1.21222
99 14.8337  2
139    1.29062
157    0.817374
100 7.12348  1
218    0
101 11.946  1
218    0
102 7.69387  1
218    0
103 13.8086  1
218    0
104 13.7762  1
203    1.18253
105 13.6703  1
218    0
106 13.3245  1
218    0
107 12.1953  2
137    1.17885
138    1.06439
108 8.5081  2
149    0.834733
150    1.14068
109 6.46733  1
218    0
110 9.80331  1
218    0
111 10.6969  1
218    0
112 13.6151  1
218    0
113 13.1442  1
218    0
114 11.6063  1
218    0
115 6.58452  1
218    0
116 10.186  1
218    0
117 11.9466  1
218    0
118 7.6957  1
218    0
119 13.8147  1
218    0
120 13.796  1
218    0
121 13.7353  1
151    0.700751
122 13.5369  1
157    1.19074
123 12.889  2
151    0.700018
172    1.04181
124 10.7732  1
218    0
125 13.8641  1
218    0
126 13.9575  1
157    1.10321
127 14.2624  1
171    0.910486
128 5.25758  1
218    0
129 5.85269  1
157    1.08398
130 7.79611  1
218    0
131 14.1424  1
151    0.883532
132 14.8663  1
172    1.2169
133 7.22999  1
218    0
134 12.2939  1
218    0
135 8.82977  1
218    0
136 7.51778  1
218    0
137 13.2336  1
218    0
138 11.8984  1
218    0
139 7.53822  2
177    1.25574
203    0.975948
140 13.3004  1
218    0
141 12.1166  4
214    1.01125
215    1.11709
216    0.862694
217    1.23199
142 8.25083  1
218    0
143 5.62716  1
218    0
144 7.05969  1
173    1.18865
145 11.7379  1
218    0
146 7.01422  1
218    0
147 11.5893  1
157    0.85006
148 6.52867  3
183    0.833799
184    1.13764
185    0.929786
149 10.0035  1
218    0
150 11.3506  6
158    0.878954
159    1.28509
160    0.811313
161    1.06421
162    1.29002
163    0.827409
151 5.74953  1
218    0
152 7.45918  5
178    0.715455
179    0.751161
180    0.867766
181    1.24855
182    1.29198
153 13.0422  1
218    0
154 11.2737  1
218    0
155 5.49837  1
218    0
156 6.63915  1
218    0
157 10.3645  1
218    0
158 12.5295  1
218    0
159 9.59914  1
218    0
160 10.0301  4
199    1.00021
200    1.08104
201    0.744972
202    0.847551
161 11.4373  1
218    0
162 6.03244  2
212    0.968917
213    0.978841
163 8.38328  1
172    0.988198
164 6.0596  2
174    1.09638
177    1.17334
165 8.47179  4
195    1.10427
196    0.820853
197    1.09536
198    0.79172
166 6.34861  1
218    0
167 9.41572  1
176    1.22776
168 9.43129  1
218    0
169 9.48195  1
218    0
170 9.64736  1
218    0
171 10.1875  8
204    1.08624
205    0.761946
206    0.902997
207    0.763576
208    0.908307
209    0.780917
210    0.964943
211    0.965877
172 11.9515  1
218    0
173 7.71157  1
218    0
174 13.8665  1
218    0
175 13.9654  1
218    0
176 14.2883  1
218    0
177 5.34242  1
218    0
178 6.1298  1
218    0
179 8.70098  7
186    0.851067
187    1.19402
188    1.1139
189    0.852293
190    1.19803
191    1.127
192    0.89505
180 7.09723  1
218    0
181 11.8603  1
218    0
182 7.41371  1
218    0
183 12.8939  1
218    0
184 10.7894  1
218    0
185 13.9169  1
218    0
186 14.1299  1
218    0
187 14.8254  1
203    1.15177
188 7.09632  1
218    0
189 11.8572  1
218    0
190 7.40364  1
218    0
191 12.861  1
218    0
192 10.6816  1
218    0
193 13.565  1
218    0
194 12.9809  1
218    0
195 11.0732  1
218    0
196 14.8437  1
218    0
197 7.15613  1
218    0
198 12.0525  1
218    0
199 8.04147  1
203    0.729902
200 14.9438  1
218    0
201 7.48299  1
218    0
202 13.1201  1
218    0
203 11.5276  1
218    0
204 6.32756  1
218    0
205 9.34675  1
218    0
206 9.20606  1
218    0
207 8.74645  1
218    0
208 7.24555  1
218    0
209 12.3446  1
218    0
210 8.99548  1
218    0
211 8.05887  1
218    0
212 5.00031  1
218    0
213 5.01251  1
218    0
214 5.05249  1
218    0
215 5.18311  1
218    0
216 5.60945  1
218    0
217 7.00171  1
218    0
218 0  0
