118
0 13.8641  7
1    5.6586
2    4.55243
4    6.08452
10    5.86671
11    4.33883
12    4.26147
92    3.9586
1 13.9575  8
2    3.9402
4    5.20907
5    4.30871
10    6.27871
11    6.24273
12    5.97008
13    4.47525
51    3.50009
2 14.2624  5
3    4.94099
4    5.94325
5    5.0558
13    4.11791
48    4.80403
3 5.25758  4
4    5.4819
5    3.97536
13    3.68815
48    4.76182
4 5.85269  6
5    5.58399
10    5.23196
12    5.56952
13    5.47678
34    5.58545
39    6.44763
5 7.79611  6
6    6.1444
7    6.13881
8    6.12059
9    6.06108
10    6.18725
39    4.22411
6 14.1424  6
10    3.57727
12    5.68818
13    5.00105
34    5.05626
48    5.61576
92    4.23775
7 14.8663  4
12    4.25533
13    4.10427
39    4.12889
82    6.18725
8 7.22999  5
10    3.75581
11    4.169
13    5.63498
35    6.18963
90    3.68815
9 12.2939  6
10    6.15923
12    4.64893
13    5.52136
36    3.83894
39    6.23898
89    5.56952
10 8.82977  3
11    6.4599
12    5.99013
39    5.23681
11 7.51778  4
13    3.9586
60    6.4848
82    4.30871
90    5.63498
12 13.2336  10
14    5.40518
15    3.72486
16    4.23775
17    5.91267
18    5.38211
19    3.64951
20    3.99174
21    5.10936
22    5.75886
35    3.60273
13 11.8984  1
117    0
14 7.53822  1
39    6.17507
15 13.3004  1
39    5.86818
16 12.1166  4
37    4.12917
38    5.55808
39    5.55716
92    5.40518
17 8.25083  1
117    0
18 5.62716  1
82    6.27871
19 7.05969  10
23    4.87974
24    5.00902
25    5.43118
26    3.80973
27    4.51498
28    3.81788
29    4.54154
30    3.90458
34    4.31347
35    6.28649
20 11.7379  1
48    3.89827
21 7.01422  1
93    3.64951
22 11.5893  1
48    4.41244
23 6.52867  2
48    4.62394
51    4.41766
24 10.0035  6
68    4.30816
69    6.14257
70    6.13286
71    6.10109
72    5.99736
73    5.6586
25 11.3506  1
92    5.00105
26 5.74953  4
48    5.45828
60    3.77293
80    5.4819
82    6.15923
27 7.45918  4
31    4.82472
32    4.82939
33    4.84458
48    5.93602
28 13.0422  5
34    4.89421
36    4.61029
48    4.2449
82    6.06108
89    4.26147
29 11.2737  1
34    6.15996
30 5.49837  1
92    5.38211
31 6.63915  8
52    3.50375
53    3.51575
54    3.55493
55    3.68284
56    4.10051
57    5.46451
58    3.91859
59    4.8704
32 10.3645  1
117    0
33 12.5295  1
117    0
34 9.59914  1
117    0
35 10.0301  1
60    5.33166
36 11.4373  4
49    4.17367
50    5.70338
60    4.2503
92    3.72486
37 6.03244  8
40    4.22109
41    5.85829
42    5.20449
43    6.06951
44    5.89427
45    5.32196
46    6.45312
47    4.14684
38 8.38328  1
117    0
39 6.0596  7
74    4.55243
75    3.9402
76    4.94099
77    5.20907
78    6.08452
79    5.94325
81    5.58399
40 8.47179  3
48    6.48315
60    4.97853
90    4.47525
41 6.34861  1
60    5.95369
42 9.41572  1
117    0
43 9.43129  1
117    0
44 9.48195  1
80    5.0558
45 9.64736  1
117    0
46 10.1875  1
60    4.08687
47 11.9515  1
51    4.69865
48 7.71157  1
117    0
49 13.8665  1
117    0
50 13.9654  1
117    0
51 14.2883  2
82    6.13881
92    5.91267
52 5.34242  1
117    0
53 6.1298  8
61    4.39477
62    6.42547
63    4.05657
64    5.32104
65    6.4501
66    4.13704
67    5.5838
89    4.25533
54 8.70098  2
60    5.41992
80    3.97536
55 7.09723  6
83    3.57727
84    3.75581
85    4.33883
86    6.24273
87    6.4599
88    4.169
56 11.8603  2
60    5.51605
89    4.64893
57 7.41371  1
117    0
58 12.8939  1
117    0
59 10.7894  2
82    6.1444
89    5.68818
60 13.9169  1
117    0
61 14.1299  1
117    0
62 14.8254  1
117    0
63 7.09632  1
117    0
64 11.8572  1
117    0
65 7.40364  1
82    5.86671
66 12.861  10
94    3.99174
95    5.10936
96    5.75886
97    4.87974
98    5.00902
99    5.43118
100    3.80973
101    4.51498
102    3.81788
103    4.54154
67 10.6816  1
117    0
68 13.565  1
82    5.23196
69 12.9809  10
107    4.84458
108    4.89421
109    5.05626
110    5.58545
111    4.31347
112    6.15996
113    6.18963
114    6.28649
115    3.60273
116    3.83894
70 11.0732  1
82    6.12059
71 14.8437  1
89    5.99013
72 7.15613  1
92    4.10427
73 12.0525  1
117    0
74 8.04147  1
91    4.11791
75 14.9438  1
117    0
76 7.48299  1
117    0
77 13.1201  1
117    0
78 11.5276  1
117    0
79 6.32756  1
89    5.97008
80 9.34675  1
92    5.47678
81 9.20606  1
117    0
82 8.74645  1
117    0
83 7.24555  1
117    0
84 12.3446  1
117    0
85 8.99548  1
117    0
86 8.05887  1
117    0
87 5.00031  1
117    0
88 5.01251  1
117    0
89 5.05249  1
117    0
90 5.18311  1
92    5.52136
91 5.60945  1
117    0
92 7.00171  1
117    0
93 11.5484  1
117    0
94 6.39531  1
117    0
95 9.56801  1
117    0
96 9.92843  1
117    0
97 11.1055  1
117    0
98 14.9493  1
117    0
99 7.50099  1
117    0
100 13.179  3
104    3.90458
105    4.82472
106    4.82939
101 11.7202  1
117    0
102 6.95624  1
117    0
103 11.3997  1
117    0
104 5.90976  1
117    0
105 7.98257  1
117    0
106 14.7516  1
117    0
107 6.85522  1
117    0
108 11.0701  1
117    0
109 14.8337  1
117    0
110 7.12348  1
117    0
111 11.946  1
117    0
112 7.69387  1
117    0
113 13.8086  1
117    0
114 13.7762  1
117    0
115 13.6703  1
117    0
116 13.3245  1
117    0
117 0  0
