172
0 12.5295  3
1    58.9427
2    64.5312
110    35.7727
1 9.59914  4
2    53.2196
9    46.2394
74    59.3602
97    64.501
2 10.0301  5
3    41.4684
10    44.1766
38    61.8725
57    59.1267
128    61.5996
3 11.4373  8
4    56.1576
5    44.1244
6    64.8315
7    42.449
9    38.9827
20    54.1992
73    53.2196
75    38.9827
4 6.03244  2
10    35.0009
21    43.9477
5 8.38328  2
10    41.7367
33    49.4099
6 6.0596  6
8    59.3602
9    47.6182
20    59.5369
22    64.2547
33    60.8452
126    39.0458
7 8.47179  7
9    48.0403
10    57.0338
22    64.501
70    61.8963
73    42.2109
111    59.7008
126    57.5886
8 6.34861  5
9    54.5828
10    46.9865
20    37.7293
33    55.8399
34    61.2059
9 9.41572  10
11    35.0375
12    35.1575
13    35.5493
14    36.8284
15    41.0051
16    54.6451
17    39.1859
18    48.704
19    49.7853
73    58.5829
10 9.43129  3
20    55.1605
33    43.0871
126    54.3118
11 9.48195  4
33    52.0907
34    60.6108
38    37.5581
72    62.3898
12 9.64736  3
33    54.819
71    41.2917
73    64.5312
13 10.1875  2
20    53.3166
34    61.3881
14 11.9515  10
23    41.3704
24    55.838
25    43.0816
26    61.4257
27    61.3286
28    61.0109
29    59.9736
30    56.586
31    45.5243
32    39.402
15 7.71157  2
20    64.848
22    40.5657
16 13.8665  2
110    41.69
119    54.0518
17 13.9654  2
66    48.9421
73    58.9427
18 14.2883  5
20    42.503
38    62.7871
66    50.5626
71    62.8649
111    46.4893
19 5.34242  4
20    40.8687
22    53.2104
33    50.558
75    48.0403
20 6.1298  1
109    61.3881
21 8.70098  4
33    59.4325
38    35.7727
71    38.3894
74    64.8315
22 7.09723  7
39    62.4273
40    64.599
41    41.69
42    56.8818
43    46.4893
72    52.3681
77    44.1766
23 11.8603  9
58    39.9174
59    51.0936
60    57.5886
61    48.7974
62    50.0902
63    54.3118
64    38.0973
97    41.3704
132    55.5808
24 7.41371  1
127    48.4458
25 12.8939  5
35    58.6671
36    52.3196
37    61.5923
57    50.0105
72    55.5716
26 10.7894  4
65    45.4154
71    46.1029
73    60.6951
139    58.9427
27 13.9169  4
57    37.2486
74    56.1576
75    46.2394
128    43.1347
28 14.1299  3
33    39.7536
109    52.3196
139    52.0449
29 14.8254  3
67    55.8545
68    43.1347
69    61.5996
30 7.09632  1
72    41.2889
31 11.8572  1
171    0
32 7.40364  4
33    61.444
38    43.3883
110    61.5923
127    48.2939
33 12.861  1
66    48.2472
34 10.6816  2
72    61.7507
75    54.5828
35 13.565  2
72    58.6818
111    59.9013
36 12.9809  4
71    36.0273
74    42.449
97    53.2104
110    62.4273
37 11.0732  1
57    54.0518
38 14.8437  2
57    36.4951
72    42.2411
39 7.15613  7
44    42.5533
45    59.7008
46    55.6952
47    42.6147
48    59.9013
72    64.4763
97    55.838
40 12.0525  2
110    61.8725
126    48.2472
41 8.04147  3
88    64.848
97    61.3286
139    42.2109
42 14.9438  1
66    48.2939
43 7.48299  2
77    46.9865
126    38.1788
44 13.1201  1
66    48.4458
45 11.5276  1
128    48.9421
46 6.32756  1
65    45.1498
47 9.34675  8
49    56.3498
50    44.7525
51    36.8815
52    41.1791
53    55.2136
54    41.0427
55    54.7678
56    39.586
48 9.20606  1
171    0
49 8.74645  2
111    55.6952
119    50.0105
50 7.24555  8
143    56.1576
144    44.1244
145    64.8315
146    42.449
147    59.3602
148    54.5828
149    38.9827
150    48.0403
51 12.3446  3
57    42.3775
109    43.0871
110    56.8818
52 8.99548  3
57    53.8211
109    58.6671
111    42.6147
53 8.05887  10
98    56.586
99    45.5243
100    39.402
101    49.4099
102    52.0907
103    60.8452
104    59.4325
105    54.819
106    39.7536
139    58.5829
54 5.00031  1
171    0
55 5.01251  1
88    42.503
56 5.05249  10
79    35.1575
80    35.5493
81    36.8284
82    41.0051
83    54.6451
84    39.1859
85    48.704
86    49.7853
87    53.3166
109    61.444
57 5.18311  1
89    59.5369
58 5.60945  1
97    59.9736
59 7.00171  1
71    55.5808
60 11.5484  1
77    35.0009
61 6.39531  2
65    38.1788
128    50.5626
62 9.56801  3
75    41.7367
110    43.3883
126    48.7974
63 9.92843  1
171    0
64 11.1055  3
65    39.0458
73    52.0449
108    55.8399
65 14.9493  1
171    0
66 7.50099  1
171    0
67 13.179  3
75    47.6182
109    61.2059
110    62.7871
68 11.7202  8
112    56.3498
113    44.7525
114    36.8815
115    41.1791
116    55.2136
117    41.0427
118    54.7678
126    45.1498
69 6.95624  1
74    44.1244
70 11.3997  1
78    35.0375
71 5.90976  2
73    41.4684
110    64.599
72 7.98257  1
97    61.0109
73 14.7516  6
133    52.3681
134    61.7507
135    62.3898
136    64.4763
137    41.2889
138    55.5716
74 6.85522  1
76    57.0338
75 11.0701  1
171    0
76 14.8337  1
171    0
77 7.12348  7
90    55.1605
91    40.8687
92    54.1992
93    37.7293
94    43.9477
95    64.2547
96    40.5657
78 11.946  1
171    0
79 7.69387  1
171    0
80 13.8086  1
132    41.2917
81 13.7762  1
107    50.558
82 13.6703  1
171    0
83 13.3245  1
128    61.8963
84 12.1953  1
126    45.4154
85 8.5081  1
171    0
86 6.46733  1
171    0
87 9.80331  2
126    38.0973
161    36.8284
88 10.6969  3
140    53.2196
141    64.5312
142    41.4684
89 13.6151  1
97    43.0816
90 13.1442  1
171    0
91 11.6063  1
171    0
92 6.58452  1
171    0
93 10.186  1
97    61.4257
94 11.9466  1
171    0
95 7.6957  1
171    0
96 13.8147  1
171    0
97 13.796  1
171    0
98 13.7353  1
128    62.8649
99 13.5369  1
128    55.8545
100 12.889  2
109    60.6108
132    42.2411
101 10.7732  3
129    36.0273
130    38.3894
131    46.1029
102 13.8641  1
171    0
103 13.9575  1
171    0
104 14.2624  1
119    39.586
105 5.25758  2
110    37.5581
139    60.6951
106 5.85269  1
111    42.5533
107 7.79611  1
171    0
108 14.1424  1
171    0
109 14.8663  1
171    0
110 7.22999  1
171    0
111 12.2939  6
120    42.3775
121    59.1267
122    53.8211
123    36.4951
124    39.9174
125    51.0936
112 8.82977  1
171    0
113 7.51778  1
171    0
114 13.2336  1
171    0
115 11.8984  1
171    0
116 7.53822  1
119    37.2486
117 13.3004  1
171    0
118 12.1166  1
171    0
119 8.25083  1
132    58.6818
120 5.62716  1
171    0
121 7.05969  1
171    0
122 11.7379  1
171    0
123 7.01422  1
171    0
124 11.5893  1
126    50.0902
125 6.52867  1
171    0
126 10.0035  1
171    0
127 11.3506  1
171    0
128 5.74953  1
171    0
129 7.45918  1
171    0
130 13.0422  1
171    0
131 11.2737  1
171    0
132 5.49837  1
171    0
133 6.63915  1
171    0
134 10.3645  1
171    0
135 12.5295  1
171    0
136 9.59914  1
171    0
137 10.0301  1
171    0
138 11.4373  1
171    0
139 6.03244  1
171    0
140 8.38328  1
171    0
141 6.0596  1
171    0
142 8.47179  10
151    47.6182
152    46.2394
153    41.7367
154    57.0338
155    46.9865
156    44.1766
157    35.0009
158    35.0375
159    35.1575
160    35.5493
143 6.34861  9
162    41.0051
163    54.6451
164    39.1859
165    48.704
166    49.7853
167    53.3166
168    64.848
169    42.503
170    59.5369
144 9.41572  1
171    0
145 9.43129  1
171    0
146 9.48195  1
171    0
147 9.64736  1
171    0
148 10.1875  1
171    0
149 11.9515  1
171    0
150 7.71157  1
171    0
151 13.8665  1
171    0
152 13.9654  1
171    0
153 14.2883  1
171    0
154 5.34242  1
171    0
155 6.1298  1
171    0
156 8.70098  1
171    0
157 7.09723  1
171    0
158 11.8603  1
171    0
159 7.41371  1
171    0
160 12.8939  1
171    0
161 10.7894  1
171    0
162 13.9169  1
171    0
163 14.1299  1
171    0
164 14.8254  1
171    0
165 7.09632  1
171    0
166 11.8572  1
171    0
167 7.40364  1
171    0
168 12.861  1
171    0
169 10.6816  1
171    0
170 13.565  1
171    0
171 0  0
