110
0 10.1875  3
1    1.10427
23    0.965877
36    1.19074
1 11.9515  3
2    0.820853
28    1.0409
30    1.14068
2 7.71157  7
3    1.09536
4    0.79172
5    1.00021
6    1.08104
27    1.17364
28    1.17885
31    1.0929
3 13.8665  10
7    0.744972
8    0.847551
9    1.18253
10    1.07642
11    0.729902
12    0.798349
13    1.02187
14    1.15177
15    0.975948
16    1.0018
4 13.9654  3
23    0.978841
30    0.924787
36    1.08398
5 14.2883  3
23    1.01125
29    1.1872
31    0.783718
6 5.34242  1
23    1.11709
7 6.1298  4
23    1.23793
24    0.825834
28    1.17166
30    0.834733
8 8.70098  4
23    1.23199
27    1.24779
29    1.09166
30    0.700018
9 7.09723  2
24    1.2573
30    0.939729
10 11.8603  1
109    0
11 7.41371  1
36    1.10321
12 12.8939  2
29    0.779653
30    0.883532
13 10.7894  1
24    0.922059
14 13.9169  3
28    1.29062
29    0.848979
30    0.710987
15 14.1299  9
17    1.08624
18    0.761946
19    0.902997
20    0.763576
21    0.908307
22    0.780917
24    0.767788
29    1.12315
36    0.85006
16 14.8254  2
28    1.06439
29    0.960805
17 7.09632  1
30    0.700751
18 11.8572  2
23    0.862694
24    0.720545
19 7.40364  3
23    0.968917
28    1.2139
29    0.882488
20 12.861  2
23    0.964943
28    1.11143
21 10.6816  1
31    0.820103
22 13.565  1
27    1.23501
23 12.9809  1
28    0.844218
24 11.0732  4
25    1.11162
26    0.844823
27    1.04736
29    1.29663
25 14.8437  2
28    0.825779
36    0.754585
26 7.15613  3
28    1.28953
29    0.829368
31    0.736567
27 12.0525  6
37    0.811313
38    1.06421
39    1.29002
40    0.827409
41    1.11676
42    0.861632
28 8.04147  2
29    0.952364
36    0.878954
29 14.9438  3
30    0.703149
36    0.817374
68    0.715455
30 7.48299  8
48    0.910486
49    0.78804
50    0.988198
51    1.04181
52    1.2169
53    1.18865
54    1.09638
55    0.795071
31 13.1201  4
32    0.974081
33    0.995706
34    1.06633
35    1.29696
32 11.5276  1
36    1.28509
33 6.32756  5
43    1.22851
44    1.22657
45    1.22022
46    1.19947
47    1.13172
34 9.34675  1
69    1.29198
35 9.20606  1
109    0
36 8.74645  6
63    1.17334
64    1.04639
65    1.23185
66    1.23745
67    1.25574
69    0.867766
37 7.24555  1
109    0
38 12.3446  9
70    0.851067
71    1.19402
72    1.1139
73    0.852293
74    1.19803
75    1.127
76    0.89505
77    0.737629
78    0.823582
39 8.99548  1
69    0.751161
40 8.05887  1
109    0
41 5.00031  1
109    0
42 5.01251  8
56    1.01116
57    1.1168
58    0.861742
59    1.22888
60    1.22776
61    1.22412
62    1.21222
69    0.833799
43 5.05249  1
109    0
44 5.18311  1
109    0
45 5.60945  1
109    0
46 7.00171  1
98    0.763576
47 11.5484  1
109    0
48 6.39531  8
88    1.07642
89    0.729902
90    0.798349
91    1.02187
92    1.15177
93    0.975948
94    1.0018
95    1.08624
49 9.56801  1
69    0.929786
50 9.92843  1
98    0.780917
51 11.1055  1
109    0
52 14.9493  1
109    0
53 7.50099  1
109    0
54 13.179  1
109    0
55 11.7202  1
109    0
56 6.95624  1
109    0
57 11.3997  1
109    0
58 5.90976  1
109    0
59 7.98257  1
69    1.13764
60 14.7516  1
109    0
61 6.85522  1
109    0
62 11.0701  1
109    0
63 14.8337  1
109    0
64 7.12348  1
109    0
65 11.946  1
109    0
66 7.69387  1
109    0
67 13.8086  1
69    1.24855
68 13.7762  1
109    0
69 13.6703  9
79    1.10427
80    0.820853
81    1.09536
82    0.79172
83    1.00021
84    1.08104
85    0.744972
86    0.847551
87    1.18253
70 13.3245  1
109    0
71 12.1953  1
109    0
72 8.5081  1
109    0
73 6.46733  1
109    0
74 9.80331  1
109    0
75 10.6969  1
109    0
76 13.6151  1
109    0
77 13.1442  1
109    0
78 11.6063  1
109    0
79 6.58452  10
99    0.964943
100    0.965877
101    0.968917
102    0.978841
103    1.01125
104    1.11709
105    0.862694
106    1.23199
107    1.23793
108    1.2573
80 10.186  1
109    0
81 11.9466  1
109    0
82 7.6957  1
109    0
83 13.8147  1
109    0
84 13.796  1
109    0
85 13.7353  1
98    0.908307
86 13.5369  1
109    0
87 12.889  2
96    0.761946
97    0.902997
88 10.7732  1
109    0
89 13.8641  1
109    0
90 13.9575  1
109    0
91 14.2624  1
109    0
92 5.25758  1
109    0
93 5.85269  1
109    0
94 7.79611  1
109    0
95 14.1424  1
109    0
96 14.8663  1
109    0
97 7.22999  1
109    0
98 12.2939  1
109    0
99 8.82977  1
109    0
100 7.51778  1
109    0
101 13.2336  1
109    0
102 11.8984  1
109    0
103 7.53822  1
109    0
104 13.3004  1
109    0
105 12.1166  1
109    0
106 8.25083  1
109    0
107 5.62716  1
109    0
108 7.05969  1
109    0
109 0  0
