107
0 7.98257  10
1    42.449
2    59.3602
3    54.5828
4    38.9827
5    48.0403
6    47.6182
7    46.2394
8    41.7367
9    57.0338
10    46.9865
1 14.7516  1
26    55.1605
2 6.85522  1
40    49.4099
3 11.0701  2
83    46.1029
104    36.8284
4 14.8337  1
69    42.3775
5 7.12348  1
58    46.4893
6 11.946  1
57    62.4273
7 7.69387  1
71    45.4154
8 13.8086  10
11    44.1766
12    35.0009
13    35.0375
14    35.1575
15    35.5493
16    36.8284
17    41.0051
18    54.6451
19    39.1859
20    48.704
9 13.7762  2
37    59.9736
38    56.586
10 13.6703  1
26    40.8687
11 13.3245  1
70    50.0902
12 12.1953  1
106    0
13 8.5081  2
41    52.0907
90    58.9427
14 6.46733  1
26    54.1992
15 9.80331  1
58    56.8818
16 10.6969  5
21    49.7853
22    53.3166
23    64.848
24    42.503
25    59.5369
17 13.6151  1
106    0
18 13.1442  7
42    54.819
43    39.7536
44    50.558
45    55.8399
46    43.0871
47    61.444
48    61.3881
19 11.6063  1
83    55.5808
20 6.58452  10
27    64.2547
28    40.5657
29    53.2104
30    64.501
31    41.3704
32    55.838
33    43.0816
34    61.4257
35    61.3286
36    61.0109
21 10.186  2
26    37.7293
70    54.3118
22 11.9466  3
26    43.9477
39    39.402
105    42.503
23 7.6957  1
106    0
24 13.8147  2
41    59.4325
70    39.9174
25 13.796  1
106    0
26 13.7353  1
105    55.1605
27 13.5369  1
106    0
28 12.889  1
106    0
29 10.7732  1
58    59.7008
30 13.8641  1
106    0
31 13.9575  1
106    0
32 14.2624  1
41    60.8452
33 5.25758  1
105    40.8687
34 5.85269  1
70    51.0936
35 7.79611  1
58    41.69
36 14.1424  2
39    45.5243
69    50.0105
37 14.8663  9
49    61.2059
50    60.6108
51    58.6671
52    52.3196
53    61.5923
54    61.8725
55    62.7871
56    35.7727
57    43.3883
38 7.22999  2
69    37.2486
83    42.2411
39 12.2939  1
106    0
40 8.82977  1
106    0
41 7.51778  1
106    0
42 13.2336  8
61    56.3498
62    44.7525
63    36.8815
64    41.1791
65    55.2136
66    41.0427
67    54.7678
68    39.586
43 11.8984  1
106    0
44 7.53822  1
104    35.1575
45 13.3004  1
104    35.5493
46 12.1166  2
69    59.1267
72    39.0458
47 8.25083  2
70    57.5886
105    48.704
48 5.62716  1
70    45.1498
49 7.05969  1
106    0
50 11.7379  2
57    37.5581
70    48.7974
51 7.01422  1
106    0
52 11.5893  4
58    42.5533
69    36.4951
70    38.1788
105    54.6451
53 6.52867  1
106    0
54 10.0035  1
106    0
55 11.3506  2
57    64.599
90    58.5829
56 5.74953  2
58    55.6952
69    53.8211
57 7.45918  3
59    42.6147
60    59.9013
72    48.2939
58 13.0422  1
106    0
59 11.2737  10
73    48.4458
74    48.9421
75    50.5626
76    55.8545
77    43.1347
78    61.5996
79    61.8963
80    62.8649
81    36.0273
82    38.3894
60 5.49837  3
70    38.0973
104    57.0338
105    64.848
61 6.63915  1
69    54.0518
62 10.3645  2
83    58.6818
104    35.0009
63 12.5295  1
106    0
64 9.59914  1
106    0
65 10.0301  1
106    0
66 11.4373  1
105    49.7853
67 6.03244  1
106    0
68 8.38328  2
83    52.3681
105    39.1859
69 6.0596  1
106    0
70 8.47179  1
106    0
71 6.34861  2
72    48.2472
90    52.0449
72 9.41572  1
106    0
73 9.43129  1
106    0
74 9.48195  1
106    0
75 9.64736  1
106    0
76 10.1875  1
106    0
77 11.9515  1
106    0
78 7.71157  1
106    0
79 13.8665  1
106    0
80 13.9654  6
84    61.7507
85    62.3898
86    64.4763
87    41.2889
88    55.5716
89    42.2109
81 14.2883  1
106    0
82 5.34242  1
83    41.2917
83 6.1298  1
106    0
84 8.70098  1
106    0
85 7.09723  2
90    60.6951
104    46.9865
86 11.8603  10
94    56.1576
95    44.1244
96    64.8315
97    42.449
98    59.3602
99    54.5828
100    38.9827
101    48.0403
102    47.6182
103    46.2394
87 7.41371  1
106    0
88 12.8939  1
106    0
89 10.7894  1
106    0
90 13.9169  4
91    53.2196
92    64.5312
93    41.4684
104    41.0051
91 14.1299  1
106    0
92 14.8254  1
106    0
93 7.09632  1
104    44.1766
94 11.8572  1
104    41.7367
95 7.40364  1
105    53.3166
96 12.861  1
104    35.0375
97 10.6816  1
105    59.5369
98 13.565  1
106    0
99 12.9809  1
106    0
100 11.0732  1
106    0
101 14.8437  1
106    0
102 7.15613  1
106    0
103 12.0525  1
106    0
104 8.04147  1
106    0
105 14.9438  1
106    0
106 0  0
