204
0 11.9515  10
1    61.0109
2    59.9736
3    56.586
4    45.5243
5    39.402
6    49.4099
7    52.0907
8    60.8452
9    59.4325
10    54.819
1 7.71157  2
54    64.4763
118    45.1498
2 13.8665  3
16    61.2059
33    42.3775
38    48.7974
3 13.9654  5
16    52.3196
24    64.599
54    58.5829
154    35.0375
156    39.1859
4 14.2883  3
76    55.1605
77    40.8687
186    59.7008
5 5.34242  2
16    60.6108
119    48.4458
6 6.1298  3
16    61.3881
53    41.2917
68    48.0403
7 8.70098  2
16    58.6671
33    37.2486
8 7.09723  5
188    54.0518
189    37.2486
190    42.3775
191    59.1267
192    53.8211
9 11.8603  6
11    39.7536
12    50.558
13    55.8399
14    43.0871
15    61.444
54    62.3898
10 7.41371  3
33    39.586
69    57.0338
104    43.3883
11 12.8939  2
38    50.0902
116    42.3775
12 10.7894  1
69    46.9865
13 13.9169  6
98    60.6108
99    58.6671
100    52.3196
101    61.5923
102    61.8725
103    62.7871
14 14.1299  2
24    41.69
54    55.5716
15 14.8254  1
33    54.0518
16 7.09632  10
17    61.5923
18    61.8725
19    62.7871
20    35.7727
21    37.5581
22    43.3883
23    62.4273
24    42.5533
38    54.3118
156    55.1605
17 11.8572  1
24    46.4893
18 7.40364  1
74    39.1859
19 12.861  5
49    55.8545
50    43.1347
51    61.5996
52    61.8963
141    52.0449
20 10.6816  1
24    56.8818
21 13.565  4
33    50.0105
53    55.5808
89    45.5243
116    53.8211
22 12.9809  3
97    43.0871
119    39.0458
154    35.5493
23 11.0732  3
33    59.1267
142    53.2196
194    38.1788
24 14.8437  9
25    59.7008
26    55.6952
27    42.6147
28    59.9013
29    56.3498
30    44.7525
31    36.8815
33    55.2136
75    59.5369
25 7.15613  3
33    54.7678
117    48.7974
187    41.0427
26 12.0525  1
38    57.5886
27 8.04147  2
33    41.0427
97    55.8399
28 14.9438  1
203    0
29 7.48299  2
32    41.1791
193    57.5886
30 13.1201  1
97    61.2059
31 11.5276  6
34    53.8211
35    36.4951
36    39.9174
37    51.0936
89    39.402
132    58.6818
32 6.32756  1
194    45.1498
33 9.34675  1
68    47.6182
34 9.20606  10
39    38.0973
40    45.1498
41    38.1788
42    45.4154
43    39.0458
44    48.2472
45    48.2939
46    48.4458
47    48.9421
48    50.5626
35 8.74645  1
69    35.0009
36 7.24555  1
156    53.3166
37 12.3446  4
53    42.2411
54    41.2889
97    61.3881
156    49.7853
38 8.99548  2
53    46.1029
169    45.5243
39 8.05887  6
109    59.7008
110    55.6952
111    42.6147
112    59.9013
113    56.3498
114    44.7525
40 5.00031  1
89    56.586
41 5.01251  1
68    41.7367
42 5.05249  3
53    62.8649
132    42.2411
187    39.586
43 5.18311  3
53    36.0273
69    44.1766
187    36.8815
44 5.60945  2
53    38.3894
116    39.9174
45 7.00171  1
54    42.2109
46 11.5484  2
115    39.586
194    54.3118
47 6.39531  9
55    52.0449
56    60.6951
57    58.9427
58    53.2196
59    64.5312
60    41.4684
61    56.1576
62    44.1244
104    35.7727
48 9.56801  3
54    61.7507
117    54.3118
186    59.9013
49 9.92843  3
54    58.6818
116    36.4951
117    50.0902
50 11.1055  1
203    0
51 14.9493  1
74    48.704
52 7.50099  2
68    46.2394
74    49.7853
53 13.179  3
54    52.3681
75    64.848
115    54.7678
54 11.7202  4
70    35.0375
71    35.1575
72    35.5493
73    36.8284
55 6.95624  1
74    54.6451
56 11.3997  1
156    40.8687
57 5.90976  1
74    53.3166
58 7.98257  3
63    64.8315
64    42.449
142    41.4684
59 14.7516  1
142    58.9427
60 6.85522  2
89    61.3286
116    37.2486
61 11.0701  1
203    0
62 14.8337  1
203    0
63 7.12348  8
90    49.4099
91    52.0907
92    60.8452
93    59.4325
94    54.819
95    39.7536
115    55.2136
131    55.5808
64 11.946  3
65    59.3602
66    54.5828
67    38.9827
65 7.69387  1
203    0
66 13.8086  10
78    54.1992
79    37.7293
80    43.9477
81    64.2547
82    40.5657
83    53.2104
84    64.501
85    41.3704
86    55.838
87    43.0816
67 13.7762  2
74    41.0051
156    59.5369
68 13.6703  2
75    42.503
97    61.444
69 13.3245  1
119    38.1788
70 12.1953  2
119    48.2939
193    36.4951
71 8.5081  1
118    38.0973
72 6.46733  1
89    61.0109
73 9.80331  1
96    50.558
74 10.6969  5
150    57.0338
151    46.9865
152    44.1766
153    35.0009
176    52.3196
75 13.6151  3
117    57.5886
142    64.8315
175    61.2059
76 13.1442  1
115    41.0427
77 11.6063  2
116    54.0518
193    51.0936
78 6.58452  5
105    41.69
106    56.8818
107    46.4893
108    42.5533
186    42.6147
79 10.186  1
203    0
80 11.9466  1
116    51.0936
81 7.6957  1
203    0
82 13.8147  1
203    0
83 13.796  1
174    61.444
84 13.7353  1
155    41.0051
85 13.5369  3
104    64.599
119    45.4154
175    60.6108
86 12.889  2
88    61.4257
116    59.1267
87 10.7732  4
89    59.9736
170    49.4099
174    39.7536
175    61.3881
88 13.8641  1
203    0
89 13.9575  1
156    64.848
90 14.2624  1
104    62.4273
91 5.25758  1
203    0
92 5.85269  2
187    54.7678
193    39.9174
93 7.79611  1
142    44.1244
94 14.1424  1
203    0
95 14.8663  1
186    42.5533
96 7.22999  2
143    59.3602
144    54.5828
97 12.2939  2
128    38.3894
129    46.1029
98 8.82977  1
203    0
99 7.51778  1
203    0
100 13.2336  1
174    50.558
101 11.8984  2
104    37.5581
119    48.2472
102 7.53822  1
115    41.1791
103 13.3004  1
203    0
104 12.1166  8
195    45.4154
196    39.0458
197    48.2472
198    48.2939
199    48.4458
200    48.9421
201    50.5626
202    55.8545
105 8.25083  1
203    0
106 5.62716  1
174    43.0871
107 7.05969  1
203    0
108 11.7379  8
120    48.9421
121    50.5626
122    55.8545
123    43.1347
124    61.5996
125    61.8963
126    62.8649
127    36.0273
109 7.01422  1
115    36.8815
110 11.5893  1
186    46.4893
111 6.52867  1
156    48.704
112 10.0035  1
203    0
113 11.3506  2
116    50.0105
176    61.5923
114 5.74953  1
203    0
115 7.45918  1
187    50.0105
116 13.0422  1
203    0
117 11.2737  1
203    0
118 5.49837  1
203    0
119 6.63915  1
174    54.819
120 10.3645  1
142    42.449
121 12.5295  1
203    0
122 9.59914  2
142    56.1576
169    56.586
123 10.0301  1
203    0
124 11.4373  1
130    41.2917
125 6.03244  1
142    64.5312
126 8.38328  2
154    35.1575
174    55.8399
127 6.0596  1
203    0
128 8.47179  1
203    0
129 6.34861  1
187    41.1791
130 9.41572  8
157    37.7293
158    43.9477
159    64.2547
160    40.5657
161    53.2104
162    64.501
163    41.3704
164    55.838
131 9.43129  1
203    0
132 9.48195  8
133    52.3681
134    61.7507
135    62.3898
136    64.4763
137    41.2889
138    55.5716
139    42.2109
140    58.5829
133 9.64736  5
145    38.9827
146    48.0403
147    47.6182
148    46.2394
149    41.7367
134 10.1875  2
142    60.6951
193    48.7974
135 11.9515  1
203    0
136 7.71157  1
170    39.402
137 13.8665  1
203    0
138 13.9654  1
203    0
139 14.2883  1
155    36.8284
140 5.34242  1
203    0
141 6.1298  1
203    0
142 8.70098  1
203    0
143 7.09723  1
155    54.6451
144 11.8603  1
203    0
145 7.41371  1
187    56.3498
146 12.8939  1
203    0
147 10.7894  1
203    0
148 13.9169  1
203    0
149 14.1299  1
203    0
150 14.8254  1
203    0
151 7.09632  4
165    43.0816
166    61.4257
167    61.3286
168    61.0109
152 11.8572  1
203    0
153 7.40364  1
156    54.1992
154 12.861  1
156    42.503
155 10.6816  1
203    0
156 13.565  1
203    0
157 12.9809  1
203    0
158 11.0732  1
186    55.6952
159 14.8437  1
169    59.9736
160 7.15613  1
203    0
161 12.0525  1
203    0
162 8.04147  1
203    0
163 14.9438  1
203    0
164 7.48299  9
177    61.8725
178    62.7871
179    35.7727
180    37.5581
181    43.3883
182    62.4273
183    64.599
184    41.69
185    56.8818
165 13.1201  1
203    0
166 11.5276  1
203    0
167 6.32756  4
171    52.0907
172    60.8452
173    59.4325
194    38.0973
168 9.34675  1
203    0
169 9.20606  1
203    0
170 8.74645  1
176    58.6671
171 7.24555  1
203    0
172 12.3446  1
203    0
173 8.99548  1
194    50.0902
174 8.05887  1
187    55.2136
175 5.00031  1
203    0
176 5.01251  1
203    0
177 5.05249  1
203    0
178 5.18311  1
187    44.7525
179 5.60945  1
203    0
180 7.00171  1
203    0
181 11.5484  1
203    0
182 6.39531  1
203    0
183 9.56801  1
203    0
184 9.92843  1
203    0
185 11.1055  1
203    0
186 14.9493  1
203    0
187 7.50099  1
203    0
188 13.179  1
203    0
189 11.7202  1
203    0
190 6.95624  1
203    0
191 11.3997  1
203    0
192 5.90976  1
203    0
193 7.98257  1
203    0
194 14.7516  1
203    0
195 6.85522  1
203    0
196 11.0701  1
203    0
197 14.8337  1
203    0
198 7.12348  1
203    0
199 11.946  1
203    0
200 7.69387  1
203    0
201 13.8086  1
203    0
202 13.7762  1
203    0
203 0  0
