225
0 7.01422  9
1    8.27409
2    11.1676
3    8.61632
4    12.2851
5    12.2657
6    12.2022
7    11.9947
8    11.3172
153    12.139
1 11.5893  1
146    11.7364
2 6.52867  1
198    8.20853
3 10.0035  3
25    12.4855
29    8.52293
155    11.872
4 11.3506  3
17    12.2412
25    8.33799
146    8.44823
5 5.74953  2
9    9.10486
17    12.2776
6 7.45918  8
18    10.4639
19    12.3185
20    12.3745
21    12.5574
22    7.15455
23    7.51161
24    8.67766
157    8.5006
7 13.0422  2
15    10.9638
29    11.9402
8 11.2737  2
17    8.61742
54    12.573
9 5.49837  7
10    7.8804
11    9.88198
12    10.4181
13    12.169
14    11.8865
29    11.139
138    10.1125
10 6.63915  3
17    12.2888
136    7.61946
198    10.0021
11 10.3645  1
17    11.168
12 12.5295  1
17    12.1222
13 9.59914  4
17    11.7334
75    8.82488
155    9.52364
174    7.95071
14 10.0301  1
25    12.9198
15 11.4373  4
16    7.95071
85    7.00751
153    10.409
214    12.573
16 6.03244  2
17    10.1116
154    12.9062
17 8.38328  3
38    10.7642
87    7.83718
135    7.29902
18 6.0596  7
97    12.2657
98    12.2022
99    11.9947
100    11.3172
101    9.10486
102    7.8804
154    11.2315
19 8.47179  2
54    10.1125
153    10.6439
20 6.34861  4
30    11.9803
38    10.8104
79    9.52364
155    8.34733
21 9.41572  1
38    11.8253
22 9.43129  7
89    12.8509
90    8.11313
91    10.6421
92    12.9002
93    8.27409
94    11.1676
95    8.61632
23 9.48195  3
26    11.3764
27    9.29786
28    8.51067
24 9.64736  5
31    11.27
32    8.9505
33    7.37629
38    8.47551
107    11.168
25 10.1875  3
38    7.29902
54    12.3199
107    10.9638
26 11.9515  2
88    10.8398
107    12.2888
27 7.71157  1
38    7.44972
28 13.8665  6
34    8.23582
35    11.0427
36    8.20853
37    10.9536
88    11.0321
107    10.1116
29 13.9654  3
54    7.67788
107    8.61742
174    10.9638
30 14.2883  1
38    10.0021
31 5.34242  1
224    0
32 6.1298  2
53    9.78841
88    8.78954
33 8.70098  1
75    8.48979
34 7.09723  1
224    0
35 11.8603  1
96    12.2851
36 7.41371  3
54    11.1709
75    12.9663
156    7.0315
37 12.8939  1
38    7.9172
38 10.7894  4
39    7.98349
40    10.2187
41    11.5177
42    9.75948
39 13.9169  2
135    11.8253
198    7.9172
40 14.1299  2
54    12.3793
174    11.8865
41 14.8254  9
43    10.018
44    10.8624
45    7.61946
46    9.02997
47    7.63576
48    9.08307
49    7.80917
50    9.64943
173    9.88198
42 7.09632  4
51    9.65877
52    9.68917
54    8.62694
156    7.00751
43 11.8572  2
87    8.20103
188    9.29786
44 7.40364  10
55    9.22059
56    8.25834
57    11.1162
58    8.44823
59    11.7364
60    10.4736
61    12.3501
62    12.478
87    10.6633
88    7.54585
45 12.861  1
156    7.00018
46 10.6816  2
156    7.36567
157    7.83718
47 13.565  1
173    9.10486
48 12.9809  2
146    12.3501
188    8.67766
49 11.0732  7
70    11.7885
71    10.6439
72    12.9062
73    8.29368
74    11.2315
107    7.95071
137    9.65877
50 14.8437  7
63    12.8953
64    8.25779
65    11.1143
66    8.44218
67    11.7166
68    10.409
69    12.139
51 7.15613  2
54    7.20545
155    9.24787
52 12.0525  1
87    10.929
53 8.04147  1
199    10.018
54 14.9438  3
76    10.9166
77    7.79653
78    9.60805
55 7.48299  1
156    7.10987
56 13.1201  8
200    10.8624
201    7.61946
202    9.02997
203    7.63576
204    9.08307
205    7.80917
206    9.64943
207    9.65877
57 11.5276  1
224    0
58 6.32756  8
147    12.478
148    12.8953
149    8.25779
150    11.1143
151    8.44218
152    11.7166
174    12.169
198    10.9536
59 9.34675  1
214    7.20545
60 9.20606  1
173    7.8804
61 8.74645  1
224    0
62 7.24555  4
79    9.24787
88    8.17374
154    8.82488
155    7.79653
63 12.3446  2
86    7.0315
87    7.36567
64 8.99548  1
224    0
65 8.05887  1
87    9.74081
66 5.00031  1
224    0
67 5.01251  1
224    0
68 5.05249  2
155    9.60805
156    9.39729
69 5.18311  1
224    0
70 5.60945  1
153    11.7885
71 7.00171  10
125    8.9505
126    7.37629
127    8.23582
128    11.0427
129    8.20853
130    10.9536
131    7.9172
132    10.0021
133    10.8104
134    7.44972
72 11.5484  2
75    11.872
87    9.95706
73 6.39531  1
224    0
74 9.56801  7
108    12.1222
109    11.7334
110    10.4639
111    12.3185
112    12.3745
113    12.5574
114    7.15455
75 9.92843  5
80    8.34733
81    11.4068
82    9.39729
83    8.83532
84    7.00018
76 11.1055  1
224    0
77 14.9493  4
123    11.9803
124    11.27
135    9.75948
136    10.8624
78 7.50099  3
87    12.9696
88    8.5006
135    10.2187
79 13.179  10
189    11.9402
190    11.139
191    8.52293
192    11.9803
193    11.27
194    8.9505
195    7.37629
196    8.23582
197    11.0427
198    10.7642
80 11.7202  1
87    7.10987
81 6.95624  4
208    9.68917
209    9.78841
210    10.1125
211    11.1709
82 11.3997  1
107    12.2776
83 5.90976  1
157    9.74081
84 7.98257  1
173    11.3172
85 14.7516  1
224    0
86 6.85522  2
88    11.9074
137    9.78841
87 11.0701  10
159    8.17374
160    10.8398
161    7.54585
162    8.78954
163    12.8509
164    8.11313
165    10.6421
166    12.9002
167    8.27409
173    11.9947
88 14.8337  4
122    11.139
137    9.68917
146    8.25834
157    12.9696
89 7.12348  2
107    12.2412
122    11.9402
90 11.946  4
103    9.88198
104    10.4181
105    12.169
106    11.8865
91 7.69387  1
224    0
92 13.8086  1
224    0
93 13.7762  2
136    9.08307
155    8.48979
94 13.6703  1
137    9.64943
95 13.3245  1
188    8.51067
96 12.1953  2
122    8.51067
156    8.83532
97 8.5081  2
136    10.018
155    12.9663
98 6.46733  1
158    11.0321
99 9.80331  1
224    0
100 10.6969  1
224    0
101 13.6151  1
224    0
102 13.1442  7
115    7.51161
116    8.67766
117    12.4855
118    12.9198
119    8.33799
120    11.3764
121    9.29786
103 11.6063  1
224    0
104 6.58452  1
214    7.67788
105 10.186  1
135    7.98349
106 11.9466  4
142    12.573
143    7.20545
144    7.67788
145    9.22059
107 7.6957  1
157    10.6633
108 13.8147  1
135    11.5177
109 13.796  1
138    11.1709
110 13.7353  1
224    0
111 13.5369  1
158    11.9074
112 12.889  1
199    9.75948
113 10.7732  1
224    0
114 13.8641  1
122    8.52293
115 13.9575  1
224    0
116 14.2624  1
224    0
117 5.25758  3
137    7.80917
146    10.4736
198    8.47551
118 5.85269  1
135    10.7642
119 7.79611  1
224    0
120 14.1424  1
135    8.47551
121 14.8663  1
154    8.29368
122 7.22999  1
224    0
123 12.2939  1
224    0
124 8.82977  4
139    8.62694
140    12.3199
141    12.3793
157    10.929
125 7.51778  1
156    11.4068
126 13.2336  1
224    0
127 11.8984  2
136    7.63576
188    8.33799
128 7.53822  1
224    0
129 13.3004  2
146    11.1162
198    10.8104
130 12.1166  1
224    0
131 8.25083  2
212    8.62694
213    12.3199
132 5.62716  1
224    0
133 7.05969  1
136    9.02997
134 11.7379  1
224    0
135 7.01422  1
224    0
136 11.5893  1
224    0
137 6.52867  1
224    0
138 10.0035  1
188    12.4855
139 11.3506  1
224    0
140 5.74953  1
224    0
141 7.45918  1
224    0
142 13.0422  1
173    10.4181
143 11.2737  2
174    10.1116
188    11.3764
144 5.49837  1
224    0
145 6.63915  1
224    0
146 10.3645  1
224    0
147 12.5295  8
175    11.168
176    8.61742
177    12.2888
178    12.2776
179    12.2412
180    12.1222
181    11.7334
182    10.4639
148 9.59914  1
224    0
149 10.0301  1
199    7.98349
150 11.4373  1
156    8.20103
151 6.03244  1
224    0
152 8.38328  1
224    0
153 6.0596  1
155    10.9166
154 8.47179  5
168    11.1676
169    8.61632
170    12.2851
171    12.2657
172    12.2022
155 6.34861  1
224    0
156 9.41572  1
157    9.95706
157 9.43129  1
224    0
158 9.48195  1
224    0
159 9.64736  1
224    0
160 10.1875  1
224    0
161 11.9515  9
215    9.22059
216    8.25834
217    11.1162
218    8.44823
219    11.7364
220    10.4736
221    12.3501
222    12.478
223    12.8953
162 7.71157  1
198    11.8253
163 13.8665  1
198    7.29902
164 13.9654  1
224    0
165 14.2883  1
224    0
166 5.34242  1
224    0
167 6.1298  1
224    0
168 8.70098  1
224    0
169 7.09723  1
224    0
170 11.8603  1
224    0
171 7.41371  1
224    0
172 12.8939  1
224    0
173 10.7894  1
224    0
174 13.9169  1
224    0
175 14.1299  1
224    0
176 14.8254  5
183    12.3185
184    12.3745
185    12.5574
186    7.15455
187    7.51161
177 7.09632  1
224    0
178 11.8572  1
188    12.9198
179 7.40364  1
224    0
180 12.861  1
224    0
181 10.6816  1
224    0
182 13.565  1
224    0
183 12.9809  1
224    0
184 11.0732  1
224    0
185 14.8437  1
214    12.3793
186 7.15613  1
199    10.2187
187 12.0525  1
198    7.44972
188 8.04147  1
199    11.5177
189 14.9438  1
224    0
190 7.48299  1
224    0
191 13.1201  1
224    0
192 11.5276  1
224    0
193 6.32756  1
224    0
194 9.34675  1
224    0
195 9.20606  1
224    0
196 8.74645  1
224    0
197 7.24555  1
224    0
198 12.3446  1
224    0
199 8.99548  1
224    0
200 8.05887  1
224    0
201 5.00031  1
224    0
202 5.01251  1
224    0
203 5.05249  1
224    0
204 5.18311  1
224    0
205 5.60945  1
224    0
206 7.00171  1
224    0
207 11.5484  1
224    0
208 6.39531  1
224    0
209 9.56801  1
224    0
210 9.92843  1
224    0
211 11.1055  1
224    0
212 14.9493  1
224    0
213 7.50099  1
224    0
214 13.179  1
224    0
215 11.7202  1
224    0
216 6.95624  1
224    0
217 11.3997  1
224    0
218 5.90976  1
224    0
219 7.98257  1
224    0
220 14.7516  1
224    0
221 6.85522  1
224    0
222 11.0701  1
224    0
223 14.8337  1
224    0
224 0  0
