54
0 14.9493  3
1    1.127
3    0.737629
10    1.18253
1 7.50099  3
2    0.89505
3    1.10427
10    0.975948
2 13.179  3
3    0.823582
10    0.847551
21    0.862694
3 11.7202  7
4    0.820853
5    1.09536
6    0.79172
7    1.00021
8    1.08104
9    0.744972
10    1.02187
4 6.95624  1
10    1.08624
5 11.3997  3
10    0.729902
34    1.2139
36    1.29062
6 5.90976  1
10    0.798349
7 7.98257  2
10    1.07642
36    0.829368
8 14.7516  1
10    1.0018
9 6.85522  2
10    1.15177
36    1.06439
10 11.0701  10
11    0.761946
12    0.902997
13    0.763576
14    0.908307
15    0.780917
16    0.964943
17    0.965877
18    0.968917
21    1.11709
36    1.12315
11 14.8337  1
51    0.820103
12 7.12348  2
21    0.720545
51    1.29696
13 11.946  1
21    1.23199
14 7.69387  1
34    1.17166
15 13.8086  2
22    0.922059
36    0.882488
16 13.7762  2
21    1.2573
36    1.29663
17 13.6703  3
23    0.825834
24    1.11162
52    1.08398
18 13.3245  3
19    0.978841
20    1.01125
36    0.848979
19 12.1953  1
21    0.767788
20 8.5081  1
21    1.23793
21 6.46733  1
52    1.19074
22 9.80331  1
53    0
23 10.6969  1
51    0.995706
24 13.6151  10
25    0.844823
26    1.17364
27    1.04736
28    1.23501
29    1.24779
30    1.28953
31    0.825779
32    1.11143
33    0.844218
51    0.974081
25 13.1442  1
53    0
26 11.6063  1
44    0.939729
27 6.58452  1
35    1.17885
28 10.186  1
53    0
29 11.9466  2
34    1.0409
52    0.817374
30 7.6957  1
53    0
31 13.8147  1
53    0
32 13.796  1
53    0
33 13.7353  1
36    1.1872
34 13.5369  8
37    1.09166
38    0.779653
39    0.960805
40    0.952364
41    0.924787
42    0.834733
43    1.14068
52    0.811313
35 12.889  1
53    0
36 10.7732  1
53    0
37 13.8641  1
53    0
38 13.9575  1
53    0
39 14.2624  1
52    0.878954
40 5.25758  1
53    0
41 5.85269  1
53    0
42 7.79611  1
51    0.783718
43 14.1424  6
45    0.883532
46    0.700018
47    0.700751
48    0.703149
49    0.710987
50    0.736567
44 14.8663  2
51    1.06633
52    1.28509
45 7.22999  1
51    1.0929
46 12.2939  1
52    0.754585
47 8.82977  1
53    0
48 7.51778  1
51    0.85006
49 13.2336  1
53    0
50 11.8984  1
52    1.10321
51 7.53822  1
53    0
52 13.3004  1
53    0
53 0  0
