221
0 12.0525  10
1    7.9172
2    10.0021
3    10.8104
4    7.44972
5    8.47551
6    11.8253
7    10.7642
8    9.02997
9    9.65877
10    8.25834
1 8.04147  5
7    7.29902
8    10.018
9    12.3199
16    11.7166
130    12.8509
2 14.9438  6
7    10.2187
8    11.5177
9    10.1125
10    12.3793
141    8.67766
192    12.2022
3 7.48299  8
8    7.63576
9    9.64943
10    7.67788
16    12.8953
17    10.409
43    10.8398
149    8.47551
199    12.169
4 13.1201  8
7    7.98349
8    7.61946
9    9.68917
10    12.573
16    11.1143
17    8.29368
64    9.29786
149    7.98349
5 11.5276  6
8    10.8624
9    11.1709
10    7.20545
17    11.7885
45    11.8865
72    8.47551
6 6.32756  7
8    9.08307
9    8.62694
10    9.22059
17    12.139
43    8.78954
176    11.2315
191    8.78954
7 9.34675  8
8    9.75948
9    9.78841
17    12.9062
64    8.33799
93    8.44823
112    7.79653
142    11.139
151    9.02997
8 9.20606  5
9    7.80917
16    8.25779
42    8.17374
44    11.3172
201    12.3745
9 8.74645  7
11    11.1162
12    8.44823
13    11.7364
14    10.4736
15    12.3501
83    7.63576
93    12.573
10 7.24555  7
18    8.48979
19    11.872
20    10.9166
21    7.79653
22    9.60805
64    11.27
133    8.61742
11 12.3446  1
16    8.44218
12 8.99548  2
17    8.82488
177    7.00018
13 8.05887  3
17    11.2315
45    10.4181
141    12.9198
14 5.00031  2
16    12.478
17    12.9663
15 5.01251  3
17    10.6439
45    9.10486
177    7.79653
16 5.05249  4
43    11.1676
64    11.9803
92    12.3793
177    7.00751
17 5.18311  3
43    7.54585
119    7.36567
201    12.2888
18 5.60945  1
220    0
19 7.00171  10
102    11.7166
103    10.409
104    12.139
105    11.7885
106    10.6439
107    12.9062
108    8.29368
109    11.2315
110    8.82488
111    12.9663
20 11.5484  9
23    9.52364
24    9.24787
25    8.34733
26    11.4068
27    9.39729
28    8.83532
29    7.00018
150    10.2187
200    10.1116
21 6.39531  2
133    12.2888
142    11.9803
22 9.56801  3
44    12.2657
64    11.3764
142    11.27
23 9.92843  1
172    12.478
24 11.1055  4
43    8.27409
132    7.8804
134    12.1222
141    8.51067
25 14.9493  3
45    12.169
133    10.9638
149    7.29902
26 7.50099  5
59    7.15455
60    7.51161
61    8.67766
62    12.4855
63    12.9198
27 13.179  9
30    7.00751
31    7.0315
32    7.10987
33    7.36567
34    8.20103
35    10.929
36    7.83718
64    11.9402
119    8.20103
28 11.7202  2
112    9.24787
134    12.2412
29 6.95624  6
47    10.1116
48    11.168
49    8.61742
50    12.2888
51    12.2776
172    12.139
30 11.3997  2
44    8.61632
83    9.08307
31 5.90976  2
43    8.11313
45    7.8804
32 7.98257  3
42    11.9074
44    11.9947
201    12.2412
33 14.7516  4
44    12.2022
45    10.9638
119    7.10987
177    11.4068
34 6.85522  10
74    10.7642
75    7.29902
76    7.98349
77    10.2187
78    11.5177
79    9.75948
80    10.018
81    10.8624
82    7.61946
141    12.4855
35 11.0701  6
37    9.74081
38    9.95706
39    10.6633
40    12.9696
41    8.5006
43    10.6421
36 14.8337  2
43    12.9002
44    12.2851
37 7.12348  1
42    11.0321
38 11.946  4
64    8.51067
176    12.9663
192    11.1676
200    10.9638
39 7.69387  1
133    10.4181
40 13.8086  2
45    9.88198
72    7.44972
41 13.7762  2
46    7.95071
93    7.20545
42 13.6703  1
43    12.8509
43 13.3245  2
52    12.2412
65    7.37629
44 12.1953  4
53    12.1222
54    11.7334
55    10.4639
200    8.61742
45 8.5081  1
101    8.44218
46 6.46733  1
72    10.8104
47 9.80331  1
220    0
48 10.6969  1
83    9.02997
49 13.6151  1
112    10.9166
50 13.1442  2
65    8.9505
130    12.9002
51 11.6063  1
93    8.25834
52 6.58452  7
66    8.23582
67    11.0427
68    8.20853
69    10.9536
70    7.9172
71    10.0021
92    12.3199
53 10.186  3
56    12.3185
57    12.3745
58    12.5574
54 11.9466  1
220    0
55 7.6957  1
220    0
56 13.8147  2
150    9.75948
176    11.872
57 13.796  6
152    9.08307
153    7.80917
154    9.64943
155    9.65877
156    9.68917
157    9.78841
58 13.7353  1
64    8.52293
59 13.5369  2
112    9.52364
172    12.3501
60 12.889  1
220    0
61 10.7732  1
119    9.74081
62 13.8641  2
73    11.8253
133    11.168
63 13.9575  2
64    11.139
112    8.34733
64 14.2624  1
93    11.1162
65 5.25758  1
220    0
66 5.85269  1
220    0
67 7.79611  6
135    10.4639
136    12.3185
137    12.3745
138    12.5574
139    7.15455
140    7.51161
68 14.1424  1
220    0
69 14.8663  2
93    7.67788
141    8.33799
70 7.22999  5
84    7.80917
85    9.64943
86    9.65877
132    11.9947
149    10.8104
71 12.2939  1
220    0
72 8.82977  7
94    11.7364
95    10.4736
96    12.3501
97    12.478
98    12.8953
99    8.25779
100    11.1143
73 7.51778  1
220    0
74 13.2336  1
191    10.6421
75 11.8984  5
178    7.0315
179    7.10987
180    7.36567
181    8.20103
182    10.929
76 7.53822  7
87    9.68917
88    9.78841
89    10.1125
90    11.1709
91    8.62694
112    8.48979
130    11.1676
77 13.3004  1
142    8.9505
78 12.1166  1
220    0
79 8.25083  1
220    0
80 5.62716  1
220    0
81 7.05969  7
143    7.37629
144    8.23582
145    11.0427
146    8.20853
147    10.9536
148    7.9172
150    10.018
82 11.7379  1
151    10.8624
83 7.01422  2
130    10.6421
191    8.17374
84 11.5893  5
162    12.3793
163    12.573
164    7.20545
165    7.67788
166    9.22059
85 6.52867  1
130    8.61632
86 10.0035  2
130    12.2851
201    12.3185
87 11.3506  1
220    0
88 5.74953  1
220    0
89 7.45918  4
93    9.22059
119    10.929
149    11.8253
177    9.60805
90 13.0422  1
191    10.8398
91 11.2737  1
131    12.2657
92 5.49837  4
158    10.1125
159    11.1709
160    8.62694
161    12.3199
93 6.63915  2
132    11.3172
133    10.1116
94 10.3645  1
220    0
95 12.5295  1
130    8.11313
96 9.59914  7
113    11.4068
114    9.39729
115    8.83532
116    7.00018
117    7.00751
118    7.0315
149    10.0021
97 10.0301  1
131    12.2022
98 11.4373  1
220    0
99 6.03244  1
177    9.39729
100 8.38328  5
167    8.25834
168    11.1162
169    8.44823
170    11.7364
171    10.4736
101 6.0596  1
220    0
102 8.47179  1
172    11.1143
103 6.34861  1
220    0
104 9.41572  1
112    11.872
105 9.43129  1
172    8.44218
106 9.48195  10
120    9.95706
121    10.6633
122    12.9696
123    8.5006
124    11.9074
125    11.0321
126    8.17374
127    10.8398
128    7.54585
129    8.78954
107 9.64736  1
177    9.52364
108 10.1875  1
220    0
109 11.9515  2
112    9.60805
134    11.7334
110 7.71157  2
133    11.8865
141    9.29786
111 13.8665  1
220    0
112 13.9654  3
173    11.7885
174    10.6439
175    12.9062
113 14.2883  2
130    8.27409
142    8.52293
114 5.34242  1
220    0
115 6.1298  1
198    10.4181
116 8.70098  1
220    0
117 7.09723  2
119    7.83718
132    9.88198
118 11.8603  2
133    12.169
176    8.29368
119 7.41371  1
220    0
120 12.8939  1
220    0
121 10.7894  1
177    8.83532
122 13.9169  1
220    0
123 14.1299  2
133    7.95071
141    11.3764
124 14.8254  1
149    10.7642
125 7.09632  1
132    9.10486
126 11.8572  4
194    11.3172
195    9.10486
196    7.8804
197    9.88198
127 7.40364  3
151    7.61946
172    8.25779
191    8.27409
128 12.861  1
193    11.9947
129 10.6816  2
134    12.2776
176    8.82488
130 13.565  1
200    11.168
131 12.9809  1
220    0
132 11.0732  1
220    0
133 14.8437  1
220    0
134 7.15613  1
177    8.34733
135 12.0525  1
220    0
136 8.04147  1
220    0
137 14.9438  1
220    0
138 7.48299  2
142    11.9402
172    12.8953
139 13.1201  1
220    0
140 11.5276  1
220    0
141 6.32756  1
220    0
142 9.34675  1
220    0
143 9.20606  1
150    11.5177
144 8.74645  1
149    7.44972
145 7.24555  1
220    0
146 12.3446  1
220    0
147 8.99548  1
220    0
148 8.05887  1
192    12.2851
149 5.00031  1
220    0
150 5.01251  1
151    7.63576
151 5.05249  1
220    0
152 5.18311  2
177    9.24787
200    7.95071
153 5.60945  1
220    0
154 7.00171  1
191    7.54585
155 11.5484  1
220    0
156 6.39531  1
172    11.7166
157 9.56801  1
220    0
158 9.92843  10
210    9.29786
211    8.51067
212    11.9402
213    11.139
214    8.52293
215    11.9803
216    11.27
217    8.9505
218    7.37629
219    8.23582
159 11.1055  1
199    11.8865
160 14.9493  1
176    8.48979
161 7.50099  1
220    0
162 13.179  1
220    0
163 11.7202  1
220    0
164 6.95624  1
172    10.409
165 11.3997  1
220    0
166 5.90976  1
191    12.8509
167 7.98257  1
220    0
168 14.7516  1
220    0
169 6.85522  1
220    0
170 11.0701  1
220    0
171 14.8337  1
176    10.9166
172 7.12348  8
183    7.83718
184    9.74081
185    9.95706
186    10.6633
187    12.9696
188    8.5006
189    11.9074
190    11.0321
173 11.946  1
220    0
174 7.69387  1
220    0
175 13.8086  2
192    12.2657
201    10.4639
176 13.7762  1
220    0
177 13.6703  1
220    0
178 13.3245  1
220    0
179 12.1953  1
220    0
180 8.5081  1
220    0
181 6.46733  1
201    12.1222
182 9.80331  1
220    0
183 10.6969  1
220    0
184 13.6151  1
201    12.2776
185 13.1442  8
202    12.5574
203    7.15455
204    7.51161
205    8.67766
206    12.4855
207    12.9198
208    8.33799
209    11.3764
186 11.6063  2
191    8.11313
192    8.61632
187 6.58452  1
191    12.9002
188 10.186  1
220    0
189 11.9466  1
220    0
190 7.6957  1
220    0
191 13.8147  1
220    0
192 13.796  1
220    0
193 13.7353  1
220    0
194 13.5369  1
220    0
195 12.889  1
220    0
196 10.7732  1
201    11.7334
197 13.8641  1
220    0
198 13.9575  1
220    0
199 14.2624  1
220    0
200 5.25758  1
220    0
201 5.85269  1
220    0
202 7.79611  1
220    0
203 14.1424  1
220    0
204 14.8663  1
220    0
205 7.22999  1
220    0
206 12.2939  1
220    0
207 8.82977  1
220    0
208 7.51778  1
220    0
209 13.2336  1
220    0
210 11.8984  1
220    0
211 7.53822  1
220    0
212 13.3004  1
220    0
213 12.1166  1
220    0
214 8.25083  1
220    0
215 5.62716  1
220    0
216 7.05969  1
220    0
217 11.7379  1
220    0
218 7.01422  1
220    0
219 11.5893  1
220    0
220 0  0
