92
0 5.49837  6
1    5.20907
30    3.9586
43    4.84458
53    4.41244
59    5.70338
60    3.68284
1 6.63915  4
2    6.08452
3    5.94325
15    6.27871
53    6.48315
2 10.3645  2
3    5.4819
78    4.55243
3 12.5295  10
4    3.97536
5    5.0558
6    5.58399
7    4.30871
8    6.1444
9    6.13881
10    6.12059
11    6.06108
12    5.86671
13    5.23196
4 9.59914  1
30    5.52136
5 10.0301  1
79    5.58399
6 11.4373  5
15    3.75581
44    4.61029
52    5.85829
60    3.51575
82    5.68818
7 6.03244  1
30    4.11791
8 8.38328  7
16    4.33883
17    6.24273
18    6.4599
19    4.169
20    5.68818
21    4.64893
32    5.38211
9 6.0596  1
59    4.17367
10 8.47179  3
15    6.18725
52    4.22109
60    4.10051
11 6.34861  3
33    5.10936
34    5.75886
43    4.82939
12 9.41572  1
76    4.30816
13 9.43129  2
14    6.15923
43    5.05626
14 9.48195  2
15    3.57727
52    5.20449
15 9.64736  9
22    4.25533
23    5.97008
24    5.56952
25    4.26147
26    5.99013
27    5.63498
28    4.47525
29    3.68815
59    3.50375
16 10.1875  4
52    4.14684
60    3.55493
76    5.32104
78    6.13286
17 11.9515  2
30    4.10427
32    3.72486
18 7.71157  1
91    0
19 13.8665  9
35    4.87974
36    5.00902
37    5.43118
38    3.80973
39    4.51498
40    3.81788
59    3.50009
76    5.5838
78    5.99736
20 13.9654  2
31    5.40518
81    4.33883
21 14.2883  2
30    5.00105
43    5.58545
22 5.34242  3
32    3.64951
52    5.55716
79    5.86671
23 6.1298  1
32    5.91267
24 8.70098  1
30    5.47678
25 7.09723  1
42    3.90458
26 11.8603  1
43    4.89421
27 7.41371  3
32    4.23775
43    6.18963
76    4.13704
28 12.8939  1
91    0
29 10.7894  5
54    4.2449
55    5.93602
56    5.45828
57    3.89827
58    4.80403
30 13.9169  1
91    0
31 14.1299  1
32    3.99174
32 14.8254  1
91    0
33 7.09632  3
41    4.54154
52    6.06951
82    4.25533
34 11.8572  1
91    0
35 7.40364  1
44    4.12917
36 12.861  8
45    5.55808
46    4.22411
47    5.86818
48    5.23681
49    6.17507
50    6.23898
51    6.44763
82    6.4599
37 10.6816  4
43    6.15996
59    4.76182
79    6.06108
80    6.18725
38 13.565  2
44    3.83894
59    4.41766
39 12.9809  3
43    4.31347
52    6.45312
82    4.64893
40 11.0732  2
43    4.82472
44    3.60273
41 14.8437  3
43    6.28649
80    5.23196
81    6.27871
42 7.15613  1
91    0
43 12.0525  1
53    5.61576
44 8.04147  2
79    6.1444
81    3.75581
45 14.9438  1
91    0
46 7.48299  1
91    0
47 13.1201  2
52    4.12889
78    5.6586
48 11.5276  1
79    6.12059
49 6.32756  1
52    5.89427
50 9.34675  2
52    5.32196
79    5.4819
51 9.20606  1
78    5.20907
52 8.74645  1
59    4.62394
53 7.24555  8
68    5.95369
69    5.51605
70    4.08687
71    5.41992
72    3.77293
73    4.39477
74    6.42547
75    4.05657
54 12.3446  2
76    6.4501
78    4.94099
55 8.99548  1
91    0
56 8.05887  2
59    4.69865
78    6.08452
57 5.00031  1
91    0
58 5.01251  7
61    5.46451
62    3.91859
63    4.8704
64    4.97853
65    5.33166
66    6.4848
67    4.2503
59 5.05249  1
91    0
60 5.18311  1
79    3.97536
61 5.60945  1
78    5.94325
62 7.00171  1
91    0
63 11.5484  3
78    6.10109
79    5.0558
82    4.169
64 6.39531  8
83    5.97008
84    5.56952
85    4.26147
86    5.99013
87    5.63498
88    4.47525
89    3.68815
90    4.11791
65 9.56801  1
91    0
66 9.92843  1
80    6.15923
67 11.1055  2
77    6.14257
82    6.24273
68 14.9493  1
91    0
69 7.50099  1
79    4.30871
70 13.179  1
91    0
71 11.7202  1
91    0
72 6.95624  1
91    0
73 11.3997  1
91    0
74 5.90976  1
91    0
75 7.98257  1
91    0
76 14.7516  1
78    3.9402
77 6.85522  1
91    0
78 11.0701  1
79    6.13881
79 14.8337  1
81    3.57727
80 7.12348  1
91    0
81 11.946  1
91    0
82 7.69387  1
91    0
83 13.8086  1
91    0
84 13.7762  1
91    0
85 13.6703  1
91    0
86 13.3245  1
91    0
87 12.1953  1
91    0
88 8.5081  1
91    0
89 6.46733  1
91    0
90 9.80331  1
91    0
91 0  0
