117
0 6.0596  10
1    55.2136
2    41.0427
3    54.7678
4    39.586
5    50.0105
6    54.0518
7    37.2486
8    42.3775
9    59.1267
10    53.8211
1 8.47179  1
18    38.1788
2 6.34861  2
52    54.6451
110    42.2411
3 9.41572  10
36    62.3898
37    64.4763
38    41.2889
39    55.5716
40    42.2109
41    58.5829
42    52.0449
43    60.6951
44    58.9427
45    53.2196
4 9.43129  1
18    48.2939
5 9.48195  6
11    36.4951
12    39.9174
13    51.0936
14    57.5886
18    45.1498
114    41.2889
6 9.64736  10
25    61.8963
26    62.8649
27    36.0273
28    38.3894
29    46.1029
30    41.2917
31    55.5808
32    42.2411
33    58.6818
57    40.8687
7 10.1875  4
18    45.4154
53    48.704
57    40.5657
91    59.9013
8 11.9515  2
52    35.5493
57    37.7293
9 7.71157  1
56    59.5369
10 13.8665  3
46    64.5312
47    41.4684
48    56.1576
11 13.9654  2
18    38.0973
50    54.5828
12 14.2883  5
15    48.7974
16    50.0902
17    54.3118
51    46.2394
110    41.2917
13 5.34242  1
18    39.0458
14 6.1298  2
49    44.1244
52    35.1575
15 8.70098  2
18    48.2472
53    39.1859
16 7.09723  10
19    48.4458
20    48.9421
21    50.5626
22    55.8545
23    43.1347
24    61.5996
49    64.8315
50    59.3602
52    44.1766
99    51.0936
17 11.8603  4
54    49.7853
55    53.3166
57    41.3704
114    64.4763
18 7.41371  2
51    57.0338
57    43.9477
19 12.8939  3
34    52.3681
35    61.7507
56    64.848
20 10.7894  1
51    48.0403
21 13.9169  1
101    48.4458
22 14.1299  1
49    42.449
23 14.8254  5
58    55.838
59    43.0816
60    61.4257
61    61.3286
62    61.0109
24 7.09632  1
98    50.0105
25 11.8572  2
98    37.2486
114    52.0449
26 7.40364  1
52    46.9865
27 12.861  1
57    64.2547
28 10.6816  1
51    41.7367
29 13.565  1
116    0
30 12.9809  3
50    38.9827
51    47.6182
56    42.503
31 11.0732  1
52    36.8284
32 14.8437  1
57    64.501
33 7.15613  2
52    35.0009
73    50.558
34 12.0525  1
91    46.4893
35 8.04147  1
116    0
36 14.9438  1
52    41.0051
37 7.48299  1
116    0
38 13.1201  2
98    54.7678
101    48.2472
39 11.5276  1
116    0
40 6.32756  10
63    59.9736
64    56.586
65    45.5243
66    39.402
67    49.4099
68    52.0907
69    60.8452
70    59.4325
71    54.819
72    39.7536
41 9.34675  1
116    0
42 9.20606  8
83    62.7871
84    35.7727
85    37.5581
86    43.3883
87    62.4273
88    64.599
89    41.69
90    56.8818
43 8.74645  10
74    43.0871
75    61.444
76    61.3881
77    61.2059
78    60.6108
79    58.6671
80    52.3196
81    61.5923
82    61.8725
98    53.8211
44 7.24555  1
116    0
45 12.3446  1
57    54.1992
46 8.99548  1
109    38.3894
47 8.05887  2
97    41.0427
101    48.2939
48 5.00031  1
116    0
49 5.01251  1
100    48.7974
50 5.05249  1
52    35.0375
51 5.18311  1
116    0
52 5.60945  1
57    53.2104
53 7.00171  1
116    0
54 11.5484  3
57    55.1605
99    39.9174
101    39.0458
55 6.39531  1
116    0
56 9.56801  1
114    58.5829
57 9.92843  1
98    59.1267
58 11.1055  1
73    55.8399
59 14.9493  1
91    42.6147
60 7.50099  1
116    0
61 13.179  1
116    0
62 11.7202  1
116    0
63 6.95624  1
101    45.1498
64 11.3997  1
91    59.7008
65 5.90976  1
116    0
66 7.98257  1
116    0
67 14.7516  3
111    52.3681
112    61.7507
113    62.3898
68 6.85522  1
116    0
69 11.0701  1
110    58.6818
70 14.8337  1
116    0
71 7.12348  2
101    50.0902
115    64.5312
72 11.946  1
91    55.6952
73 7.69387  1
101    45.4154
74 13.8086  1
116    0
75 13.7762  1
116    0
76 13.6703  1
116    0
77 13.3245  1
116    0
78 12.1953  1
114    42.2109
79 8.5081  1
116    0
80 6.46733  2
91    42.5533
101    54.3118
81 9.80331  1
116    0
82 10.6969  1
98    42.3775
83 13.6151  1
98    54.0518
84 13.1442  4
93    44.7525
94    36.8815
95    41.1791
96    55.2136
85 11.6063  2
98    39.586
101    38.1788
86 6.58452  1
116    0
87 10.186  1
114    55.5716
88 11.9466  1
92    56.3498
89 7.6957  1
116    0
90 13.8147  2
99    36.4951
100    57.5886
91 13.796  1
115    53.2196
92 13.7353  1
116    0
93 13.5369  1
116    0
94 12.889  1
110    55.5808
95 10.7732  1
116    0
96 13.8641  1
115    41.4684
97 13.9575  1
109    36.0273
98 14.2624  8
102    48.9421
103    50.5626
104    55.8545
105    43.1347
106    61.5996
107    61.8963
108    62.8649
114    60.6951
99 5.25758  1
101    38.0973
100 5.85269  1
116    0
101 7.79611  1
116    0
102 14.1424  1
116    0
103 14.8663  1
116    0
104 7.22999  1
116    0
105 12.2939  1
116    0
106 8.82977  1
110    46.1029
107 7.51778  1
114    58.9427
108 13.2336  1
116    0
109 11.8984  1
116    0
110 7.53822  1
116    0
111 13.3004  1
116    0
112 12.1166  1
116    0
113 8.25083  1
116    0
114 5.62716  1
116    0
115 7.05969  1
116    0
116 0  0
