177
0 11.4373  1
1    1.1872
1 6.03244  3
2    1.09166
3    0.779653
4    0.960805
2 8.38328  10
5    0.952364
6    0.924787
7    0.834733
8    1.14068
9    0.939729
10    0.883532
11    0.700018
12    0.700751
13    0.703149
14    0.710987
3 6.0596  1
29    0.861632
4 8.47179  4
54    0.867766
55    1.24855
56    1.29198
57    0.833799
5 6.34861  1
28    1.29002
6 9.41572  3
77    0.798349
79    0.908307
129    0.861632
7 9.43129  10
17    1.0929
18    0.783718
19    0.974081
20    0.995706
21    1.06633
22    1.29696
23    0.85006
24    1.19074
25    1.10321
77    1.18253
8 9.48195  2
77    1.07642
95    1.11143
9 9.64736  2
15    0.736567
16    0.820103
10 10.1875  1
29    1.22851
11 11.9515  2
29    1.22022
129    1.28509
12 7.71157  2
27    1.28509
130    0.988198
13 13.8665  1
176    0
14 13.9654  2
26    0.817374
77    1.15177
15 14.2883  6
36    1.2169
37    1.18865
38    1.09638
39    0.795071
81    0.862694
131    1.1168
16 5.34242  7
30    1.19947
31    1.13172
32    0.910486
33    0.78804
34    0.988198
35    1.04181
81    0.978841
17 6.1298  1
27    1.08398
18 8.70098  1
28    1.06421
19 7.09723  1
27    0.878954
20 11.8603  1
176    0
21 7.41371  1
28    0.827409
22 12.8939  6
71    1.09536
72    0.79172
73    1.00021
74    1.08104
75    0.744972
76    0.847551
23 10.7894  1
27    0.754585
24 13.9169  2
28    0.811313
78    1.0018
25 14.1299  1
176    0
26 14.8254  1
176    0
27 7.09632  1
29    1.11676
28 11.8572  1
29    1.22657
29 7.40364  1
176    0
30 12.861  1
176    0
31 10.6816  5
40    1.01116
41    1.1168
42    0.861742
43    1.22888
95    1.2139
32 13.565  1
176    0
33 12.9809  1
80    0.964943
34 11.0732  2
79    0.780917
81    1.23199
35 14.8437  10
44    1.22776
45    1.22412
46    1.21222
47    1.17334
48    1.04639
49    1.23185
50    1.23745
51    1.25574
52    0.715455
53    0.751161
36 7.15613  1
176    0
37 12.0525  1
132    1.22412
38 8.04147  1
81    1.23793
39 14.9438  1
176    0
40 7.48299  2
81    1.01125
95    1.17166
41 13.1201  1
130    1.09638
42 11.5276  7
159    0.744972
160    0.847551
161    1.18253
162    1.07642
163    0.729902
164    0.798349
165    1.02187
43 6.32756  1
130    1.19947
44 9.34675  1
78    1.08624
45 9.20606  1
131    0.795071
46 8.74645  1
176    0
47 7.24555  6
66    0.89505
67    0.737629
68    0.823582
69    1.10427
70    0.820853
78    0.902997
48 12.3446  1
176    0
49 8.99548  1
81    0.968917
50 8.05887  1
176    0
51 5.00031  1
77    0.975948
52 5.01251  1
130    1.18865
53 5.05249  8
58    1.13764
59    0.929786
60    0.851067
61    1.19402
62    1.1139
63    0.852293
64    1.19803
65    1.127
54 5.18311  2
95    1.17885
133    1.23185
55 5.60945  2
81    1.11709
95    1.29062
56 7.00171  1
176    0
57 11.5484  1
78    0.761946
58 6.39531  1
129    1.29002
59 9.56801  1
176    0
60 9.92843  1
176    0
61 11.1055  2
129    0.827409
130    0.78804
62 14.9493  1
176    0
63 7.50099  8
112    0.703149
113    0.710987
114    0.736567
115    0.820103
116    1.0929
117    0.783718
118    0.974081
132    0.861742
64 13.179  1
176    0
65 11.7202  1
129    1.11676
66 6.95624  1
176    0
67 11.3997  1
176    0
68 5.90976  3
141    0.833799
142    1.13764
143    0.929786
69 7.98257  5
90    1.04736
91    1.23501
92    1.24779
93    1.28953
94    0.825779
70 14.7516  1
132    1.22776
71 6.85522  2
77    0.729902
95    0.844218
72 11.0701  1
77    1.02187
73 14.8337  1
176    0
74 7.12348  1
78    0.763576
75 11.946  1
129    0.811313
76 7.69387  10
103    0.960805
104    0.952364
105    0.924787
106    0.834733
107    1.14068
108    0.939729
109    0.883532
110    0.700018
111    0.700751
129    1.22022
77 13.8086  8
82    1.2573
83    0.720545
84    0.767788
85    0.922059
86    0.825834
87    1.11162
88    0.844823
89    1.17364
78 13.7762  1
81    0.965877
79 13.6703  1
95    1.0409
80 13.3245  1
95    0.829368
81 12.1953  1
132    1.04639
82 8.5081  1
130    1.2169
83 6.46733  1
176    0
84 9.80331  8
144    0.851067
145    1.19402
146    1.1139
147    0.852293
148    1.19803
149    1.127
150    0.89505
151    0.737629
85 10.6969  1
131    1.01116
86 13.6151  1
176    0
87 13.1442  8
96    1.12315
97    0.882488
98    1.29663
99    0.848979
100    1.1872
101    1.09166
102    0.779653
129    1.06421
88 11.6063  2
95    1.06439
129    1.22851
89 6.58452  1
176    0
90 10.186  1
176    0
91 11.9466  1
176    0
92 7.6957  1
176    0
93 13.8147  1
176    0
94 13.796  1
176    0
95 13.7353  1
132    1.17334
96 13.5369  1
176    0
97 12.889  1
176    0
98 10.7732  1
132    1.22888
99 13.8641  1
176    0
100 13.9575  1
176    0
101 14.2624  1
176    0
102 5.25758  1
176    0
103 5.85269  1
176    0
104 7.79611  1
176    0
105 14.1424  5
152    0.823582
153    1.10427
154    0.820853
155    1.09536
156    0.79172
106 14.8663  10
119    0.995706
120    1.06633
121    1.29696
122    0.85006
123    1.19074
124    1.10321
125    0.817374
126    1.08398
127    0.754585
128    0.878954
107 7.22999  1
176    0
108 12.2939  1
132    1.21222
109 8.82977  1
176    0
110 7.51778  1
176    0
111 13.2336  1
176    0
112 11.8984  1
176    0
113 7.53822  1
130    1.13172
114 13.3004  1
176    0
115 12.1166  1
176    0
116 8.25083  1
176    0
117 5.62716  1
176    0
118 7.05969  1
176    0
119 11.7379  2
129    1.22657
130    1.04181
120 7.01422  1
176    0
121 11.5893  6
134    1.23745
135    1.25574
136    0.715455
137    0.751161
138    0.867766
139    1.24855
122 6.52867  1
176    0
123 10.0035  1
176    0
124 11.3506  1
130    0.910486
125 5.74953  1
176    0
126 7.45918  1
176    0
127 13.0422  1
176    0
128 11.2737  1
176    0
129 5.49837  1
176    0
130 6.63915  1
176    0
131 10.3645  1
176    0
132 12.5295  1
176    0
133 9.59914  1
176    0
134 10.0301  1
176    0
135 11.4373  1
140    1.29198
136 6.03244  1
176    0
137 8.38328  1
176    0
138 6.0596  1
176    0
139 8.47179  1
176    0
140 6.34861  1
176    0
141 9.41572  1
176    0
142 9.43129  1
176    0
143 9.48195  1
176    0
144 9.64736  1
176    0
145 10.1875  1
176    0
146 11.9515  1
176    0
147 7.71157  1
176    0
148 13.8665  2
157    1.00021
158    1.08104
149 13.9654  1
176    0
150 14.2883  1
176    0
151 5.34242  1
176    0
152 6.1298  1
176    0
153 8.70098  1
176    0
154 7.09723  1
176    0
155 11.8603  1
176    0
156 7.41371  1
176    0
157 12.8939  1
176    0
158 10.7894  1
176    0
159 13.9169  1
176    0
160 14.1299  1
176    0
161 14.8254  1
176    0
162 7.09632  10
166    1.15177
167    0.975948
168    1.0018
169    1.08624
170    0.761946
171    0.902997
172    0.763576
173    0.908307
174    0.780917
175    0.964943
163 11.8572  1
176    0
164 7.40364  1
176    0
165 12.861  1
176    0
166 10.6816  1
176    0
167 13.565  1
176    0
168 12.9809  1
176    0
169 11.0732  1
176    0
170 14.8437  1
176    0
171 7.15613  1
176    0
172 12.0525  1
176    0
173 8.04147  1
176    0
174 14.9438  1
176    0
175 7.48299  1
176    0
176 0  0
