218
0 5.60945  6
1    0.902997
2    0.763576
3    0.908307
4    0.780917
5    0.964943
6    0.965877
1 7.00171  1
83    0.715455
2 11.5484  7
9    1.01125
10    1.11709
11    0.862694
12    1.23199
13    1.23793
14    1.2573
63    1.22657
3 6.39531  2
7    0.968917
8    0.978841
4 9.56801  3
17    1.11162
29    1.2139
150    0.878954
5 9.92843  1
50    1.06633
6 11.1055  1
143    0.736567
7 14.9493  1
96    0.902997
8 7.50099  2
50    0.85006
199    0.825834
9 13.179  1
177    1.19402
10 11.7202  2
38    0.952364
209    1.12315
11 6.95624  2
17    0.922059
83    1.24855
12 11.3997  6
15    0.720545
16    0.767788
17    0.825834
38    0.924787
150    1.11676
198    1.2573
13 5.90976  1
217    0
14 7.98257  7
22    1.24779
23    1.28953
24    0.825779
25    1.11143
26    0.844218
27    1.17166
28    1.0409
15 14.7516  1
95    1.08624
16 6.85522  4
19    1.17364
20    1.04736
21    1.23501
49    0.995706
17 11.0701  2
18    0.844823
94    1.18253
18 14.8337  8
51    1.19074
52    1.10321
53    0.817374
54    1.08398
55    0.754585
56    0.878954
63    1.22851
209    1.1872
19 7.12348  2
196    0.862694
197    1.23199
20 11.946  2
131    0.779653
132    0.960805
21 7.69387  1
38    0.960805
22 13.8086  2
38    0.834733
149    1.08398
23 13.7762  2
38    1.09166
50    1.29696
24 13.6703  6
84    0.929786
85    0.851067
86    1.19402
87    1.1139
88    0.852293
89    1.19803
25 13.3245  10
39    0.883532
40    0.700018
41    0.700751
42    0.703149
43    0.710987
44    0.736567
45    0.820103
46    1.0929
47    0.783718
48    0.974081
26 12.1953  2
38    0.939729
83    1.29198
27 8.5081  9
30    1.17885
31    1.06439
32    1.29062
33    0.829368
34    1.12315
35    0.882488
36    1.29663
37    0.848979
60    1.29002
28 6.46733  2
148    0.817374
198    0.720545
29 9.80331  1
38    1.14068
30 10.6969  3
38    0.779653
60    0.827409
94    0.79172
31 13.6151  1
217    0
32 13.1442  4
57    1.28509
58    0.811313
59    1.06421
149    0.754585
33 11.6063  1
95    1.02187
34 6.58452  1
144    0.820103
35 10.186  1
217    0
36 11.9466  3
38    1.1872
83    1.23185
96    0.763576
37 7.6957  2
83    0.833799
97    0.964943
38 13.8147  1
217    0
39 13.796  9
168    0.715455
169    0.751161
170    0.867766
171    1.24855
172    1.29198
173    0.833799
174    1.13764
175    0.929786
176    0.851067
40 13.7353  10
64    1.19947
65    1.13172
66    0.910486
67    0.78804
68    0.988198
69    1.04181
70    1.2169
71    1.18865
72    1.09638
73    0.795071
41 13.5369  1
217    0
42 12.889  1
217    0
43 10.7732  1
94    1.07642
44 13.8641  1
217    0
45 13.9575  1
217    0
46 14.2624  1
147    1.10321
47 5.25758  1
83    1.13764
48 5.85269  1
94    0.744972
49 7.79611  1
217    0
50 14.1424  1
63    1.22022
51 14.8663  2
95    0.729902
209    0.848979
52 7.22999  1
94    1.10427
53 12.2939  3
61    1.11676
62    0.861632
146    0.85006
54 8.82977  1
95    0.761946
55 7.51778  1
95    1.15177
56 13.2336  1
162    1.09638
57 11.8984  10
99    1.11709
100    0.862694
101    1.23199
102    1.23793
103    1.2573
104    0.720545
105    0.767788
106    0.922059
107    0.825834
108    1.11162
58 7.53822  10
133    0.952364
134    0.924787
135    0.834733
136    1.14068
137    0.939729
138    0.883532
139    0.700018
140    0.700751
141    0.703149
142    0.710987
59 13.3004  1
83    0.867766
60 12.1166  1
97    0.780917
61 8.25083  10
74    1.01116
75    1.1168
76    0.861742
77    1.22888
78    1.22776
79    1.22412
80    1.21222
81    1.17334
82    1.04639
95    0.798349
62 5.62716  1
217    0
63 7.05969  1
217    0
64 11.7379  1
217    0
65 7.01422  1
209    0.829368
66 11.5893  1
217    0
67 6.52867  2
209    1.06439
210    1.09166
68 10.0035  7
90    1.127
91    0.89505
92    0.737629
93    0.823582
95    1.0018
97    0.968917
162    0.861742
69 11.3506  1
217    0
70 5.74953  3
83    1.23745
180    1.02187
209    1.29062
71 7.45918  1
94    1.09536
72 13.0422  1
94    0.820853
73 11.2737  1
83    0.751161
74 5.49837  1
178    0.79172
75 6.63915  1
94    0.847551
76 10.3645  1
98    1.01125
77 12.5295  1
83    1.25574
78 9.59914  1
95    0.975948
79 10.0301  2
97    0.978841
199    1.11162
80 11.4373  10
121    1.17885
122    1.06439
123    1.29062
124    0.829368
125    1.12315
126    0.882488
127    1.29663
128    0.848979
129    1.1872
130    1.09166
81 6.03244  1
178    1.10427
82 8.38328  1
146    0.995706
83 6.0596  2
97    0.965877
178    1.09536
84 8.47179  5
163    1.17334
164    1.04639
165    1.23185
166    1.23745
167    1.25574
85 6.34861  1
217    0
86 9.41572  1
217    0
87 9.43129  1
94    1.00021
88 9.48195  1
217    0
89 9.64736  1
217    0
90 10.1875  1
217    0
91 11.9515  3
96    0.908307
146    1.29696
198    1.23793
92 7.71157  1
217    0
93 13.8665  1
94    1.08104
94 13.9654  8
181    1.15177
182    0.975948
183    1.0018
184    1.08624
185    0.761946
186    0.902997
187    0.763576
198    0.767788
95 14.2883  1
217    0
96 5.34242  1
146    1.06633
97 6.1298  2
145    0.783718
150    1.28509
98 8.70098  2
146    0.974081
179    1.08104
99 7.09723  1
217    0
100 11.8603  1
217    0
101 7.41371  1
177    1.1139
102 12.8939  1
217    0
103 10.7894  8
109    0.844823
110    1.17364
111    1.04736
112    1.23501
113    1.24779
114    1.28953
162    1.01116
199    0.844823
104 13.9169  1
178    0.823582
105 14.1299  1
179    0.847551
106 14.8254  1
217    0
107 7.09632  1
217    0
108 11.8572  1
162    1.18865
109 7.40364  1
217    0
110 12.861  2
178    1.00021
180    1.07642
111 10.6816  6
115    0.825779
116    1.11143
117    0.844218
118    1.17166
119    1.0409
120    1.2139
112 13.565  1
145    1.0929
113 12.9809  1
217    0
114 11.0732  1
217    0
115 14.8437  1
217    0
116 7.15613  1
217    0
117 12.0525  1
217    0
118 8.04147  2
162    0.795071
177    1.19803
119 14.9438  1
162    1.22888
120 7.48299  1
217    0
121 13.1201  1
217    0
122 11.5276  1
217    0
123 6.32756  1
217    0
124 9.34675  1
162    1.1168
125 9.20606  1
217    0
126 8.74645  1
217    0
127 7.24555  1
217    0
128 12.3446  1
150    0.811313
129 8.99548  1
150    1.06421
130 8.05887  1
209    0.882488
131 5.00031  1
150    0.827409
132 5.01251  2
146    1.19074
178    0.89505
133 5.05249  1
162    1.21222
134 5.18311  1
180    0.729902
135 5.60945  8
156    1.13172
157    0.910486
158    0.78804
159    0.988198
160    1.04181
161    1.2169
178    0.737629
209    1.29663
136 7.00171  1
217    0
137 11.5484  2
179    0.744972
199    0.922059
138 6.39531  1
217    0
139 9.56801  1
162    1.22412
140 9.92843  8
188    0.908307
189    0.780917
190    0.964943
191    0.965877
192    0.968917
193    0.978841
194    1.01125
195    1.11709
141 11.1055  1
217    0
142 14.9493  5
151    0.861632
152    1.22851
153    1.22657
154    1.22022
155    1.19947
143 7.50099  1
217    0
144 13.179  1
217    0
145 11.7202  1
177    0.852293
146 6.95624  1
217    0
147 11.3997  1
210    0.779653
148 5.90976  1
217    0
149 7.98257  1
150    1.29002
150 14.7516  9
200    1.23501
201    1.24779
202    1.28953
203    0.825779
204    1.11143
205    0.844218
206    1.17166
207    1.0409
208    1.2139
151 6.85522  1
217    0
152 11.0701  1
217    0
153 14.8337  1
180    0.798349
154 7.12348  1
217    0
155 11.946  1
217    0
156 7.69387  1
217    0
157 13.8086  1
217    0
158 13.7762  1
217    0
159 13.6703  1
162    1.22776
160 13.3245  1
217    0
161 12.1953  1
217    0
162 8.5081  1
217    0
163 6.46733  1
217    0
164 9.80331  1
217    0
165 10.6969  1
217    0
166 13.6151  1
217    0
167 13.1442  1
217    0
168 11.6063  1
217    0
169 6.58452  1
217    0
170 10.186  1
177    1.127
171 11.9466  1
178    0.820853
172 7.6957  1
199    1.04736
173 13.8147  1
217    0
174 13.796  1
217    0
175 13.7353  1
217    0
176 13.5369  1
217    0
177 12.889  1
179    1.18253
178 10.7732  1
217    0
179 13.8641  1
217    0
180 13.9575  1
199    1.17364
181 14.2624  1
217    0
182 5.25758  1
217    0
183 5.85269  1
217    0
184 7.79611  1
217    0
185 14.1424  1
217    0
186 14.8663  1
217    0
187 7.22999  1
217    0
188 12.2939  1
217    0
189 8.82977  1
217    0
190 7.51778  1
217    0
191 13.2336  1
217    0
192 11.8984  1
217    0
193 7.53822  1
217    0
194 13.3004  1
217    0
195 12.1166  1
217    0
196 8.25083  6
211    0.960805
212    0.952364
213    0.924787
214    0.834733
215    1.14068
216    0.939729
197 5.62716  1
217    0
198 7.05969  1
217    0
199 11.7379  1
217    0
200 7.01422  1
217    0
201 11.5893  1
217    0
202 6.52867  1
209    1.17885
203 10.0035  1
217    0
204 11.3506  1
217    0
205 5.74953  1
217    0
206 7.45918  1
217    0
207 13.0422  1
217    0
208 11.2737  1
217    0
209 5.49837  1
217    0
210 6.63915  1
217    0
211 10.3645  1
217    0
212 12.5295  1
217    0
213 9.59914  1
217    0
214 10.0301  1
217    0
215 11.4373  1
217    0
216 6.03244  1
217    0
217 0  0
