200
0 14.8254  7
1    10.1116
2    11.168
3    8.61742
4    12.2888
5    12.2412
33    9.02997
78    10.4181
1 7.09632  3
6    12.3185
40    11.1709
100    11.1709
2 11.8572  2
6    12.1222
102    8.25779
3 7.40364  2
5    12.2776
6    11.7334
4 12.861  2
6    10.4639
101    8.25834
5 10.6816  4
7    12.3745
8    12.5574
9    7.15455
168    11.27
6 13.565  4
10    7.51161
11    8.67766
12    12.4855
13    9.29786
7 12.9809  2
13    8.33799
153    10.4639
8 11.0732  10
50    11.1143
51    8.44218
52    11.7166
53    10.409
54    12.139
55    11.7885
56    10.6439
78    12.169
95    10.9536
102    10.409
9 14.8437  1
57    8.82488
10 7.15613  10
14    8.51067
15    11.9402
16    11.139
17    8.52293
18    11.9803
19    11.27
20    8.9505
21    7.37629
33    7.61946
60    7.79653
11 12.0525  2
13    12.9198
33    7.29902
12 8.04147  3
13    11.3764
33    11.5177
69    8.5006
13 14.9438  1
40    8.62694
14 7.48299  2
42    11.1162
84    12.1222
15 13.1201  1
122    12.9696
16 11.5276  6
30    8.47551
31    11.8253
32    10.7642
33    7.98349
85    8.33799
100    10.1125
17 6.32756  7
34    7.63576
35    9.08307
36    7.80917
37    9.64943
38    9.65877
39    9.68917
69    8.17374
18 9.34675  2
40    12.573
153    12.3185
19 9.20606  7
22    8.23582
23    11.0427
24    8.20853
25    10.9536
26    7.9172
27    10.0021
181    9.64943
20 8.74645  2
41    7.67788
85    12.9198
21 7.24555  2
28    10.8104
29    7.44972
22 12.3446  2
33    10.2187
85    11.3764
23 8.99548  1
101    12.8953
24 8.05887  5
73    8.61632
74    12.2851
75    12.2657
76    12.2022
101    8.44823
25 5.00031  3
41    9.22059
97    10.018
182    9.78841
26 5.01251  8
43    8.44823
44    11.7364
45    10.4736
46    12.3501
47    12.478
48    12.8953
49    8.25779
96    9.75948
27 5.05249  4
40    12.3199
41    8.25834
78    9.88198
84    12.5574
28 5.18311  3
33    10.018
40    10.1125
180    10.8624
29 5.60945  1
33    9.75948
30 7.00171  1
57    12.9663
31 11.5484  5
33    10.8624
40    9.78841
41    7.20545
68    12.9696
97    9.08307
32 6.39531  4
70    12.9002
71    8.27409
72    11.1676
101    12.3501
33 9.56801  6
62    7.00018
63    7.00751
64    7.0315
65    7.10987
66    7.36567
67    8.20103
34 9.92843  2
114    9.24787
182    8.62694
35 11.1055  1
40    12.3793
36 14.9493  3
68    10.6633
100    12.3199
184    11.1162
37 7.50099  3
84    12.3185
100    12.3793
180    9.08307
38 13.179  4
57    8.29368
68    10.929
79    10.9638
168    10.9536
39 11.7202  1
68    7.83718
40 6.95624  1
84    12.2412
41 11.3997  1
57    8.48979
42 5.90976  9
169    7.9172
170    10.0021
171    10.8104
172    7.44972
173    8.47551
174    11.8253
175    10.7642
176    7.29902
177    7.98349
43 7.98257  2
57    12.9062
61    9.39729
44 14.7516  2
60    9.60805
96    10.7642
45 6.85522  2
69    11.0321
84    10.4639
46 11.0701  4
58    11.872
59    10.9166
78    9.10486
96    7.98349
47 14.8337  1
61    11.4068
48 7.12348  4
57    11.2315
69    8.78954
100    8.62694
122    9.95706
49 11.946  2
114    11.4068
181    7.80917
50 7.69387  2
97    10.8624
101    12.478
51 13.8086  1
199    0
52 13.7762  3
68    9.74081
100    12.573
101    11.7364
53 13.6703  10
86    8.51067
87    11.9402
88    11.139
89    8.52293
90    11.9803
91    11.27
92    8.9505
93    7.37629
94    8.23582
178    10.2187
54 13.3245  1
97    7.80917
55 12.1953  4
60    9.52364
69    7.54585
100    7.67788
114    9.60805
56 8.5081  10
103    12.139
104    11.7885
105    10.6439
106    12.9062
107    8.29368
108    11.2315
109    8.82488
110    12.9663
111    8.48979
112    11.872
57 6.46733  1
69    10.8398
58 9.80331  4
60    9.24787
61    8.34733
69    11.9074
78    7.8804
59 10.6969  1
61    8.83532
60 13.6151  3
68    9.95706
69    12.8509
84    7.15455
61 13.1442  5
84    12.2776
85    7.51161
95    7.44972
96    10.2187
102    11.1143
62 11.6063  2
84    12.3745
95    7.9172
63 6.58452  3
69    10.6421
77    11.9947
182    12.3199
64 10.186  2
95    11.0427
168    11.9803
65 11.9466  1
199    0
66 7.6957  1
182    11.1709
67 13.8147  1
78    11.8865
68 13.796  1
69    8.11313
69 13.7353  1
79    7.95071
70 13.5369  1
96    7.29902
71 12.889  2
98    9.68917
99    9.78841
72 10.7732  1
78    11.3172
73 13.8641  1
97    7.63576
74 13.9575  4
80    10.1116
81    11.168
82    8.61742
83    12.2888
75 14.2624  2
101    10.4736
153    11.7334
76 5.25758  6
162    11.3764
163    9.29786
164    8.51067
165    11.9402
166    11.139
167    8.52293
77 5.85269  1
96    11.5177
78 7.79611  1
199    0
79 14.1424  3
85    12.4855
95    10.8104
180    9.02997
80 14.8663  1
97    7.61946
81 7.22999  1
85    9.29786
82 12.2939  3
84    11.7334
95    8.47551
122    9.74081
83 8.82977  5
85    8.67766
102    8.44218
114    8.34733
122    10.6633
180    10.018
84 7.51778  1
199    0
85 13.2336  2
97    9.02997
153    12.1222
86 11.8984  2
100    9.22059
181    9.68917
87 7.53822  2
97    9.65877
179    11.5177
88 13.3004  2
95    11.8253
122    8.20103
89 12.1166  3
97    9.64943
101    11.1162
122    7.83718
90 8.25083  1
95    8.20853
91 5.62716  1
168    11.0427
92 7.05969  2
95    10.0021
114    7.79653
93 11.7379  1
199    0
94 7.01422  1
199    0
95 11.5893  1
122    11.9074
96 6.52867  1
100    7.20545
97 10.0035  1
199    0
98 11.3506  2
102    11.7166
122    8.5006
99 5.74953  7
115    9.39729
116    8.83532
117    7.00018
118    7.00751
119    7.0315
120    7.10987
121    7.36567
100 7.45918  1
199    0
101 13.0422  1
113    10.9166
102 11.2737  1
199    0
103 5.49837  1
199    0
104 6.63915  10
126    8.78954
127    12.8509
128    8.11313
129    10.6421
130    12.9002
131    8.27409
132    11.1676
133    8.61632
134    12.2851
135    12.2657
105 10.3645  1
199    0
106 12.5295  1
199    0
107 9.59914  1
122    10.929
108 10.0301  1
199    0
109 11.4373  1
114    9.52364
110 6.03244  1
199    0
111 8.38328  1
180    7.63576
112 6.0596  5
123    8.17374
124    10.8398
125    7.54585
168    8.9505
184    8.44823
113 8.47179  1
183    7.67788
114 6.34861  10
136    12.2022
137    11.9947
138    11.3172
139    9.10486
140    7.8804
141    9.88198
142    10.4181
143    12.169
144    11.8865
183    9.22059
115 9.41572  1
199    0
116 9.43129  1
199    0
117 9.48195  9
145    10.9638
146    7.95071
147    10.1116
148    11.168
149    8.61742
150    12.2888
151    12.2776
152    12.2412
180    7.61946
118 9.64736  1
122    11.0321
119 10.1875  1
199    0
120 11.9515  1
199    0
121 7.71157  1
199    0
122 13.8665  1
199    0
123 13.9654  2
192    8.44218
193    11.7166
124 14.2883  1
199    0
125 5.34242  1
199    0
126 6.1298  1
199    0
127 8.70098  1
168    8.20853
128 7.09723  1
199    0
129 11.8603  7
185    11.7364
186    10.4736
187    12.3501
188    12.478
189    12.8953
190    8.25779
191    11.1143
130 7.41371  1
183    12.573
131 12.8939  1
199    0
132 10.7894  1
199    0
133 13.9169  1
199    0
134 14.1299  1
183    8.25834
135 14.8254  1
199    0
136 7.09632  1
182    10.1125
137 11.8572  1
199    0
138 7.40364  1
182    12.3793
139 12.861  1
181    9.65877
140 10.6816  1
199    0
141 13.565  1
199    0
142 12.9809  1
199    0
143 11.0732  1
199    0
144 14.8437  1
199    0
145 7.15613  1
199    0
146 12.0525  1
199    0
147 8.04147  1
199    0
148 14.9438  1
199    0
149 7.48299  8
154    12.3745
155    12.5574
156    7.15455
157    7.51161
158    8.67766
159    12.4855
160    12.9198
161    8.33799
150 13.1201  1
199    0
151 11.5276  1
199    0
152 6.32756  1
199    0
153 9.34675  1
199    0
154 9.20606  1
199    0
155 8.74645  1
199    0
156 7.24555  1
199    0
157 12.3446  1
199    0
158 8.99548  1
199    0
159 8.05887  1
180    9.75948
160 5.00031  1
199    0
161 5.01251  1
199    0
162 5.05249  1
168    7.37629
163 5.18311  1
199    0
164 5.60945  1
199    0
165 7.00171  1
199    0
166 11.5484  1
168    8.23582
167 6.39531  1
199    0
168 9.56801  1
199    0
169 9.92843  1
199    0
170 11.1055  1
199    0
171 14.9493  1
183    7.20545
172 7.50099  1
199    0
173 13.179  1
199    0
174 11.7202  1
199    0
175 6.95624  1
199    0
176 11.3997  1
199    0
177 5.90976  1
199    0
178 7.98257  1
199    0
179 14.7516  1
199    0
180 6.85522  1
199    0
181 11.0701  1
199    0
182 14.8337  1
199    0
183 7.12348  1
199    0
184 11.946  1
199    0
185 7.69387  1
199    0
186 13.8086  1
199    0
187 13.7762  1
199    0
188 13.6703  1
199    0
189 13.3245  1
199    0
190 12.1953  5
194    10.409
195    12.139
196    11.7885
197    10.6439
198    12.9062
191 8.5081  1
199    0
192 6.46733  1
199    0
193 9.80331  1
199    0
194 10.6969  1
199    0
195 13.6151  1
199    0
196 13.1442  1
199    0
197 11.6063  1
199    0
198 6.58452  1
199    0
199 0  0
