163
0 12.861  2
1    5.46451
135    4.17367
1 10.6816  10
2    3.91859
3    4.8704
4    4.97853
5    5.33166
6    6.4848
7    4.2503
8    5.95369
9    5.51605
46    6.15996
69    3.51575
2 13.565  3
23    4.30871
24    5.86671
47    3.60273
3 12.9809  1
23    6.13881
4 11.0732  3
23    3.97536
24    6.15923
46    4.31347
5 14.8437  6
10    4.08687
11    5.41992
12    3.77293
17    6.13286
23    5.0558
103    5.47678
6 7.15613  2
44    5.38211
134    5.45828
7 12.0525  4
17    6.14257
103    3.9586
134    5.61576
146    5.51605
8 8.04147  7
13    4.39477
14    6.42547
15    4.05657
16    5.32104
18    5.6586
67    4.62394
112    5.58545
9 14.9438  8
25    3.57727
26    3.75581
27    4.33883
28    6.24273
29    6.4599
30    4.169
31    5.68818
45    4.51498
10 7.48299  5
17    6.4501
23    5.94325
46    5.05626
59    5.89427
102    5.63498
11 13.1201  4
23    5.4819
44    5.10936
46    4.82939
90    6.08452
12 11.5276  2
18    5.99736
46    4.54154
13 6.32756  4
17    4.30816
18    6.10109
44    4.87974
111    5.43118
14 9.34675  2
17    5.5838
102    4.47525
15 9.20606  4
17    4.13704
18    4.55243
90    5.94325
102    5.99013
16 8.74645  4
23    6.12059
24    6.27871
112    4.82472
146    4.39477
17 7.24555  4
23    6.1444
43    3.9586
45    3.80973
90    3.97536
18 12.3446  5
19    3.9402
20    4.94099
21    5.20907
22    6.08452
44    3.64951
19 8.99548  5
24    6.06108
46    4.82472
69    4.97853
102    5.56952
111    3.81788
20 8.05887  3
23    5.58399
24    5.23196
134    3.89827
21 5.00031  3
46    5.58545
59    5.85829
69    4.8704
22 5.01251  4
32    4.64893
33    4.25533
43    4.23775
102    4.25533
23 5.05249  4
24    6.18725
43    5.00105
103    5.00105
104    5.40518
24 5.18311  10
48    3.83894
49    4.61029
50    4.12917
51    5.55808
52    4.22411
53    5.86818
54    5.23681
55    6.17507
56    6.23898
57    6.44763
25 5.60945  2
59    5.55716
90    3.9402
26 7.00171  8
36    4.26147
37    5.99013
38    5.63498
39    4.47525
40    3.68815
41    4.11791
42    5.52136
43    4.10427
27 11.5484  2
46    4.84458
103    4.11791
28 6.39531  1
59    6.06951
29 9.56801  3
44    3.99174
104    5.91267
111    4.51498
30 9.92843  2
59    6.45312
90    5.4819
31 11.1055  3
34    5.97008
35    5.56952
43    5.47678
32 14.9493  4
44    5.91267
45    5.00902
67    4.69865
90    5.0558
33 7.50099  1
162    0
34 13.179  2
59    5.32196
69    3.68284
35 11.7202  1
45    5.43118
36 6.95624  2
45    3.81788
47    6.18963
37 11.3997  1
162    0
38 5.90976  1
112    4.89421
39 7.98257  3
64    5.93602
102    4.26147
147    6.10109
40 14.7516  2
43    5.40518
46    3.90458
41 6.85522  2
46    4.89421
67    5.70338
42 11.0701  2
43    3.72486
146    5.41992
43 14.8337  3
44    5.75886
58    4.12889
69    5.46451
44 7.12348  1
162    0
45 11.946  2
47    6.28649
146    5.95369
46 7.69387  10
70    5.33166
71    6.4848
72    4.2503
73    5.95369
74    5.51605
75    4.08687
76    5.41992
77    3.77293
78    4.39477
79    6.42547
47 13.8086  1
68    4.41766
48 13.7762  6
60    4.14684
61    5.61576
62    4.41244
63    6.48315
113    6.18963
134    6.48315
49 13.6703  3
59    4.22109
101    3.57727
146    4.05657
50 13.3245  2
67    4.76182
69    4.10051
51 12.1953  10
80    4.05657
81    5.32104
82    6.4501
83    4.13704
84    5.5838
85    4.30816
86    6.14257
87    6.13286
88    6.10109
101    6.24273
52 8.5081  1
146    3.77293
53 6.46733  2
103    5.52136
134    5.93602
54 9.80331  3
59    5.20449
101    4.169
113    3.60273
55 10.6969  1
162    0
56 13.6151  1
162    0
57 13.1442  1
111    4.54154
58 11.6063  4
67    4.17367
69    3.50375
89    5.6586
111    5.00902
59 6.58452  3
69    3.55493
112    4.31347
147    4.13704
60 10.186  1
69    3.50009
61 11.9466  4
64    4.2449
90    5.58399
104    4.23775
113    6.28649
62 7.6957  3
65    5.45828
66    3.89827
89    5.99736
63 13.8147  2
69    3.91859
147    4.30816
64 13.796  1
162    0
65 13.7353  1
112    5.05626
66 13.5369  2
67    4.80403
112    4.84458
67 12.889  3
90    4.94099
112    3.90458
146    4.08687
68 10.7732  2
111    3.80973
135    3.50009
69 13.8641  10
91    4.30871
92    6.1444
93    6.13881
94    6.12059
95    6.06108
96    5.86671
97    5.23196
98    6.15923
99    6.18725
100    6.27871
70 13.9575  1
112    6.15996
71 14.2624  1
101    5.68818
72 5.25758  1
135    5.70338
73 5.85269  1
162    0
74 7.79611  1
101    6.4599
75 14.1424  1
162    0
76 14.8663  1
162    0
77 7.22999  1
162    0
78 12.2939  2
90    4.55243
104    3.72486
79 8.82977  6
105    5.38211
106    3.64951
107    3.99174
108    5.10936
109    5.75886
110    4.87974
80 7.51778  1
162    0
81 13.2336  1
162    0
82 11.8984  1
162    0
83 7.53822  6
114    3.83894
115    4.61029
116    4.12917
117    5.55808
118    4.22411
119    5.86818
84 13.3004  1
162    0
85 12.1166  10
148    5.99736
149    5.6586
150    4.55243
151    3.9402
152    4.94099
153    5.20907
154    6.08452
155    5.94325
156    5.4819
157    3.97536
86 8.25083  1
101    4.33883
87 5.62716  1
90    5.20907
88 7.05969  3
103    3.68815
112    4.82939
135    4.69865
89 11.7379  1
162    0
90 7.01422  1
101    4.64893
91 11.5893  1
162    0
92 6.52867  3
101    3.75581
103    4.10427
134    4.62394
93 10.0035  1
162    0
94 11.3506  1
162    0
95 5.74953  1
146    6.42547
96 7.45918  1
146    5.32104
97 13.0422  1
162    0
98 11.2737  1
162    0
99 5.49837  1
162    0
100 6.63915  1
102    5.97008
101 10.3645  6
128    5.20449
129    6.06951
130    5.89427
131    5.32196
132    6.45312
133    4.14684
102 12.5295  1
147    5.5838
103 9.59914  1
162    0
104 10.0301  1
162    0
105 11.4373  1
147    6.14257
106 6.03244  1
162    0
107 8.38328  1
162    0
108 6.0596  1
162    0
109 8.47179  2
134    4.41244
135    4.41766
110 6.34861  1
162    0
111 9.41572  9
120    5.23681
121    6.17507
122    6.23898
123    6.44763
124    4.12889
125    5.55716
126    4.22109
127    5.85829
147    6.4501
112 9.43129  1
162    0
113 9.48195  1
162    0
114 9.64736  1
162    0
115 10.1875  1
162    0
116 11.9515  1
162    0
117 7.71157  1
146    4.2503
118 13.8665  1
162    0
119 13.9654  1
162    0
120 14.2883  1
162    0
121 5.34242  2
135    3.50375
147    6.13286
122 6.1298  1
162    0
123 8.70098  1
162    0
124 7.09723  1
161    6.1444
125 11.8603  1
134    4.76182
126 7.41371  1
162    0
127 12.8939  1
162    0
128 10.7894  1
162    0
129 13.9169  1
134    4.2449
130 14.1299  1
162    0
131 14.8254  10
136    3.51575
137    3.55493
138    3.68284
139    4.10051
140    5.46451
141    3.91859
142    4.8704
143    4.97853
144    5.33166
145    6.4848
132 7.09632  1
162    0
133 11.8572  1
134    4.80403
134 7.40364  1
162    0
135 12.861  1
162    0
136 10.6816  1
162    0
137 13.565  1
162    0
138 12.9809  1
162    0
139 11.0732  1
162    0
140 14.8437  1
162    0
141 7.15613  1
162    0
142 12.0525  1
162    0
143 8.04147  1
162    0
144 14.9438  1
162    0
145 7.48299  1
162    0
146 13.1201  1
162    0
147 11.5276  1
162    0
148 6.32756  1
162    0
149 9.34675  1
162    0
150 9.20606  1
162    0
151 8.74645  1
162    0
152 7.24555  1
162    0
153 12.3446  1
162    0
154 8.99548  1
162    0
155 8.05887  1
162    0
156 5.00031  1
162    0
157 5.01251  3
158    5.0558
159    5.58399
160    4.30871
158 5.05249  1
162    0
159 5.18311  1
162    0
160 5.60945  1
162    0
161 7.00171  1
162    0
162 0  0
