105
0 6.32756  4
1    43.1347
2    61.5996
3    61.8963
34    55.1605
1 9.34675  10
4    62.8649
5    36.0273
6    38.3894
7    46.1029
8    41.2917
9    55.5808
10    42.2411
11    58.6818
13    42.2109
68    42.3775
2 9.20606  2
12    41.2889
18    56.1576
3 8.74645  2
34    64.2547
46    60.6108
4 7.24555  1
12    62.3898
5 12.3446  4
12    64.4763
18    64.8315
34    43.9477
68    59.1267
6 8.99548  2
33    39.1859
35    53.2104
7 8.05887  2
12    52.3681
13    52.0449
8 5.00031  3
33    36.8284
75    48.4458
98    41.4684
9 5.01251  4
12    61.7507
33    53.3166
46    61.2059
74    38.1788
10 5.05249  3
12    55.5716
13    58.5829
18    42.449
11 5.18311  3
18    41.4684
33    64.848
34    42.503
12 5.60945  1
37    56.586
13 7.00171  5
14    60.6951
15    58.9427
16    53.2196
17    64.5312
33    49.7853
14 11.5484  2
33    54.6451
46    61.444
15 6.39531  3
33    48.704
67    54.7678
77    43.1347
16 9.56801  10
19    59.3602
20    54.5828
21    38.9827
22    48.0403
23    47.6182
24    46.2394
25    41.7367
26    57.0338
27    46.9865
37    39.402
17 9.92843  4
18    44.1244
36    41.3704
37    45.5243
68    54.0518
18 11.1055  1
47    61.5923
19 14.9493  1
36    61.4257
20 7.50099  2
46    43.0871
77    61.8963
21 13.179  2
28    44.1766
77    61.5996
22 11.7202  2
34    37.7293
36    55.838
23 6.95624  1
34    59.5369
24 11.3997  3
34    40.5657
36    64.501
77    55.8545
25 5.90976  1
104    0
26 7.98257  4
29    35.0009
30    35.0375
31    35.1575
32    35.5493
27 14.7516  4
33    41.0051
37    61.0109
46    61.3881
74    45.1498
28 6.85522  8
38    49.4099
39    52.0907
40    60.8452
41    59.4325
42    54.819
43    39.7536
44    50.558
45    55.8399
29 11.0701  9
48    61.8725
49    62.7871
50    35.7727
51    37.5581
52    43.3883
53    62.4273
54    64.599
55    41.69
56    56.8818
30 14.8337  2
36    43.0816
46    52.3196
31 7.12348  1
99    42.449
32 11.946  2
34    54.1992
36    61.3286
33 7.69387  1
34    40.8687
34 13.8086  1
104    0
35 13.7762  1
104    0
36 13.6703  3
37    59.9736
67    39.586
75    48.2939
37 13.3245  1
104    0
38 12.1953  3
101    48.0403
102    47.6182
103    46.2394
39 8.5081  1
46    58.6671
40 6.46733  1
104    0
41 9.80331  1
67    55.2136
42 10.6969  1
104    0
43 13.6151  1
99    59.3602
44 13.1442  2
68    53.8211
77    50.5626
45 11.6063  1
104    0
46 6.58452  9
78    62.8649
79    36.0273
80    38.3894
81    46.1029
82    41.2917
83    55.5808
84    42.2411
85    58.6818
86    52.3681
47 10.186  1
98    64.8315
48 11.9466  1
104    0
49 7.6957  1
73    50.0902
50 13.8147  1
104    0
51 13.796  1
68    36.4951
52 13.7353  1
104    0
53 13.5369  1
104    0
54 12.889  1
74    45.4154
55 10.7732  10
57    46.4893
58    42.5533
59    59.7008
60    55.6952
61    42.6147
62    59.9013
63    56.3498
64    44.7525
65    36.8815
66    41.1791
56 13.8641  5
69    39.9174
70    51.0936
71    57.5886
72    48.7974
98    56.1576
57 13.9575  1
74    38.0973
58 14.2624  1
74    39.0458
59 5.25758  1
104    0
60 5.85269  1
104    0
61 7.79611  1
68    50.0105
62 14.1424  1
104    0
63 14.8663  1
76    48.9421
64 7.22999  1
68    37.2486
65 12.2939  1
100    38.9827
66 8.82977  1
67    41.0427
67 7.51778  1
104    0
68 13.2336  1
74    48.2472
69 11.8984  1
74    54.3118
70 7.53822  1
104    0
71 13.3004  10
88    62.3898
89    64.4763
90    41.2889
91    55.5716
92    42.2109
93    58.5829
94    52.0449
95    60.6951
96    58.9427
97    53.2196
72 12.1166  1
104    0
73 8.25083  1
104    0
74 5.62716  1
104    0
75 7.05969  1
104    0
76 11.7379  1
104    0
77 7.01422  1
104    0
78 11.5893  1
104    0
79 6.52867  1
104    0
80 10.0035  1
104    0
81 11.3506  1
104    0
82 5.74953  1
104    0
83 7.45918  1
104    0
84 13.0422  1
104    0
85 11.2737  1
98    44.1244
86 5.49837  2
87    61.7507
98    64.5312
87 6.63915  1
104    0
88 10.3645  1
104    0
89 12.5295  1
104    0
90 9.59914  1
104    0
91 10.0301  1
104    0
92 11.4373  1
104    0
93 6.03244  1
104    0
94 8.38328  1
104    0
95 6.0596  1
104    0
96 8.47179  1
104    0
97 6.34861  1
104    0
98 9.41572  1
104    0
99 9.43129  1
100    54.5828
100 9.48195  1
104    0
101 9.64736  1
104    0
102 10.1875  1
104    0
103 11.9515  1
104    0
104 0  0
