234
0 6.39531  5
1    0.844823
2    1.04736
3    1.23501
210    0.78804
219    1.29198
1 9.56801  6
2    1.17364
3    1.28953
18    1.1872
20    0.703149
51    1.22776
52    1.04639
2 9.92843  3
3    1.24779
55    0.867766
121    0.883532
3 11.1055  7
4    0.825779
5    1.11143
6    0.844218
7    1.17166
8    1.0409
9    1.2139
39    0.827409
4 14.9493  6
21    0.710987
22    0.736567
23    0.820103
24    1.0929
25    0.783718
26    0.974081
5 7.50099  2
38    0.811313
151    1.1139
6 13.179  2
18    0.779653
38    1.06421
7 11.7202  6
27    0.995706
28    1.06633
29    1.29696
30    0.85006
183    1.04736
208    1.08398
8 6.95624  2
99    1.23501
219    0.833799
9 11.3997  10
10    1.17885
11    1.06439
12    1.29062
13    0.829368
14    1.12315
15    0.882488
16    1.29663
17    0.848979
18    1.09166
39    1.11676
10 5.90976  1
19    0.883532
11 7.98257  3
20    0.700751
39    1.22022
54    1.25574
12 14.7516  2
18    0.834733
20    0.700018
13 6.85522  3
18    0.924787
38    1.29002
192    1.14068
14 11.0701  2
18    0.939729
55    0.751161
15 14.8337  2
18    1.14068
219    1.1139
16 7.12348  3
18    0.952364
53    1.23745
211    1.18865
17 11.946  6
18    0.960805
40    1.19947
64    0.820853
65    1.08104
121    0.700751
149    1.1168
18 7.69387  1
233    0
19 13.8086  2
121    0.703149
168    1.08624
20 13.7762  4
184    1.0409
185    1.2139
186    1.17885
187    1.06439
21 13.6703  4
56    1.1139
57    0.852293
58    1.19803
151    0.833799
22 13.3245  2
40    0.910486
219    0.852293
23 12.1953  7
31    1.19074
32    1.10321
33    0.817374
34    1.08398
35    0.754585
36    0.878954
37    1.28509
24 8.5081  2
55    1.13764
232    1.01125
25 6.46733  10
41    0.78804
42    0.988198
43    1.04181
44    1.2169
45    1.18865
46    1.09638
47    0.795071
51    1.22888
53    1.23185
55    1.29198
26 9.80331  2
149    1.22412
183    1.17166
27 10.6969  2
228    1.07642
229    1.08624
28 13.6151  2
39    0.861632
135    1.28509
29 13.1442  2
55    0.851067
135    1.08398
30 11.6063  1
39    1.22851
31 6.58452  2
39    1.22657
218    0.715455
32 10.186  1
233    0
33 11.9466  1
233    0
34 7.6957  1
65    0.79172
35 13.8147  2
55    0.929786
209    1.22022
36 13.796  7
170    0.968917
171    0.978841
172    1.01125
173    1.11709
174    0.862694
175    1.23199
176    1.23793
37 13.7353  3
55    1.19402
135    0.878954
150    1.04639
38 13.5369  1
40    1.13172
39 12.889  2
51    1.22412
121    0.700018
40 10.7732  3
149    1.21222
151    1.19402
229    1.0018
41 13.8641  2
52    1.17334
228    1.18253
42 13.9575  4
48    1.01116
49    1.1168
50    0.861742
55    0.833799
43 14.2624  1
168    1.02187
44 5.25758  2
63    1.10427
150    0.715455
45 5.85269  2
55    1.24855
65    1.09536
46 7.79611  3
51    1.21222
151    0.852293
212    0.861742
47 14.1424  1
232    0.978841
48 14.8663  6
110    0.882488
111    1.29663
112    0.848979
113    1.1872
114    1.09166
115    0.779653
49 7.22999  2
54    0.715455
211    1.2169
50 12.2939  1
99    1.24779
51 8.82977  1
228    0.79172
52 7.51778  7
129    1.06633
130    1.29696
131    0.85006
132    1.19074
133    1.10321
134    0.817374
151    1.29198
53 13.2336  2
228    0.744972
232    0.968917
54 11.8984  1
168    1.0018
55 7.53822  10
74    0.975948
75    1.0018
76    1.08624
77    0.761946
78    0.902997
79    0.763576
80    0.908307
81    0.780917
82    0.964943
229    0.763576
56 13.3004  2
65    1.00021
228    0.729902
57 12.1166  2
59    1.127
150    1.25574
58 8.25083  1
233    0
59 5.62716  3
60    0.89505
61    0.737629
62    0.823582
60 7.05969  9
100    1.11143
101    0.844218
102    1.17166
103    1.0409
104    1.2139
105    1.17885
106    1.06439
168    0.761946
192    0.960805
61 11.7379  1
233    0
62 7.01422  1
219    0.929786
63 11.5893  3
121    0.939729
135    0.811313
183    1.11143
64 6.52867  1
150    0.867766
65 10.0035  8
66    0.744972
67    0.847551
68    1.18253
69    1.07642
70    0.729902
71    0.798349
72    1.02187
73    1.15177
66 11.3506  1
219    0.867766
67 5.74953  1
233    0
68 7.45918  1
151    0.851067
69 13.0422  8
83    0.965877
84    0.968917
85    0.978841
86    1.01125
87    1.11709
88    0.862694
89    1.23199
208    0.827409
70 11.2737  2
169    0.964943
209    1.19947
71 5.49837  1
233    0
72 6.63915  1
232    0.964943
73 10.3645  1
168    0.763576
74 12.5295  2
183    0.844823
209    1.13172
75 9.59914  1
233    0
76 10.0301  1
188    1.12315
77 11.4373  1
233    0
78 6.03244  1
212    1.22776
79 8.38328  10
90    1.23793
91    1.2573
92    0.720545
93    0.767788
94    0.922059
95    0.825834
96    1.11162
97    0.844823
98    1.17364
135    1.29002
80 6.0596  2
208    0.817374
232    1.11709
81 8.47179  1
233    0
82 6.34861  1
149    0.861742
83 9.41572  1
99    0.825779
84 9.43129  1
149    1.22888
85 9.48195  2
168    0.908307
183    0.825779
86 9.64736  1
233    0
87 10.1875  1
99    1.04736
88 11.9515  4
107    1.29062
108    0.829368
109    1.12315
150    1.23185
89 7.71157  1
233    0
90 13.8665  1
233    0
91 13.9654  2
99    1.28953
168    1.15177
92 14.2883  2
149    0.795071
208    0.811313
93 5.34242  1
192    0.952364
94 6.1298  1
233    0
95 8.70098  1
151    1.13764
96 7.09723  1
208    1.06421
97 11.8603  3
149    1.09638
150    1.23745
211    0.795071
98 7.41371  1
233    0
99 12.8939  1
233    0
100 10.7894  6
116    0.960805
117    0.952364
118    0.924787
119    0.834733
120    1.14068
228    1.08104
101 13.9169  1
135    0.754585
102 14.1299  10
159    0.79172
160    1.00021
161    1.08104
162    0.744972
163    0.847551
164    1.18253
165    1.07642
166    0.729902
167    0.798349
188    0.882488
103 14.8254  1
233    0
104 7.09632  1
233    0
105 11.8572  1
233    0
106 7.40364  1
233    0
107 12.861  2
151    0.929786
208    0.754585
108 10.6816  1
233    0
109 13.565  1
233    0
110 12.9809  1
219    1.24855
111 11.0732  2
135    1.06421
218    0.751161
112 14.8437  1
188    1.29663
113 7.15613  7
122    0.710987
123    0.736567
124    0.820103
125    1.0929
126    0.783718
127    0.974081
128    0.995706
114 12.0525  1
233    0
115 8.04147  7
152    1.127
153    0.89505
154    0.737629
155    0.823582
156    1.10427
157    0.820853
158    1.09536
116 14.9438  10
136    1.11676
137    0.861632
138    1.22851
139    1.22657
140    1.22022
141    1.19947
142    1.13172
143    0.910486
144    0.78804
145    0.988198
117 7.48299  1
233    0
118 13.1201  1
233    0
119 11.5276  1
169    0.780917
120 6.32756  1
233    0
121 9.34675  4
146    1.04181
147    1.2169
148    1.18865
211    1.1168
122 9.20606  1
233    0
123 8.74645  1
209    1.11676
124 7.24555  2
211    1.01116
219    1.13764
125 12.3446  1
219    1.19402
126 8.99548  6
193    0.883532
194    0.700018
195    0.700751
196    0.703149
197    0.710987
198    0.736567
127 8.05887  1
219    0.851067
128 5.00031  2
168    0.975948
208    1.10321
129 5.01251  1
192    0.834733
130 5.05249  2
150    0.751161
211    0.988198
131 5.18311  1
183    1.28953
132 5.60945  1
228    0.798349
133 7.00171  1
135    0.827409
134 11.5484  1
183    1.23501
135 6.39531  2
149    1.22776
229    0.761946
136 9.56801  2
151    1.19803
210    0.910486
137 9.92843  1
192    0.939729
138 11.1055  1
188    1.29062
139 14.9493  1
233    0
140 7.50099  1
233    0
141 13.179  1
149    1.01116
142 11.7202  1
168    0.902997
143 6.95624  1
233    0
144 11.3997  1
183    0.844218
145 5.90976  1
233    0
146 7.98257  9
199    0.820103
200    1.0929
201    0.783718
202    0.974081
203    0.995706
204    1.06633
205    1.29696
206    0.85006
207    1.19074
147 14.7516  1
233    0
148 6.85522  2
150    1.17334
151    1.24855
149 11.0701  1
233    0
150 14.8337  1
212    1.22412
151 7.12348  1
228    1.00021
152 11.946  7
177    1.2573
178    0.720545
179    0.767788
180    0.922059
181    0.825834
182    1.11162
183    1.24779
153 7.69387  2
208    1.29002
229    1.15177
154 13.8086  1
208    0.878954
155 13.7762  1
233    0
156 13.6703  1
233    0
157 13.3245  1
233    0
158 12.1953  1
233    0
159 8.5081  3
189    1.1872
190    1.09166
191    0.779653
160 6.46733  2
192    0.924787
228    1.02187
161 9.80331  1
233    0
162 10.6969  1
232    0.862694
163 13.6151  1
233    0
164 13.1442  1
233    0
165 11.6063  1
183    1.17364
166 6.58452  1
188    0.829368
167 10.186  1
233    0
168 11.9466  2
169    0.965877
209    0.861632
169 7.6957  1
233    0
170 13.8147  1
233    0
171 13.796  1
233    0
172 13.7353  1
233    0
173 13.5369  1
233    0
174 12.889  1
232    0.965877
175 10.7732  2
188    0.848979
229    0.975948
176 13.8641  1
233    0
177 13.9575  1
233    0
178 14.2624  1
209    1.22657
179 5.25758  1
233    0
180 5.85269  1
209    1.22851
181 7.79611  1
212    1.22888
182 14.1424  5
213    1.21222
214    1.17334
215    1.04639
216    1.23185
217    1.23745
183 14.8663  1
233    0
184 7.22999  2
230    0.908307
231    0.780917
185 12.2939  1
208    1.28509
186 8.82977  1
233    0
187 7.51778  1
233    0
188 13.2336  1
218    1.25574
189 11.8984  1
233    0
190 7.53822  1
233    0
191 13.3004  1
229    0.902997
192 12.1166  1
211    1.04181
193 8.25083  1
233    0
194 5.62716  8
220    1.19803
221    1.127
222    0.89505
223    0.737629
224    0.823582
225    1.10427
226    0.820853
227    1.09536
195 7.05969  1
233    0
196 11.7379  1
233    0
197 7.01422  1
233    0
198 11.5893  1
233    0
199 6.52867  1
233    0
200 10.0035  1
233    0
201 11.3506  1
211    1.09638
202 5.74953  1
233    0
203 7.45918  1
233    0
204 13.0422  1
233    0
205 11.2737  1
233    0
206 5.49837  1
233    0
207 6.63915  1
233    0
208 10.3645  1
233    0
209 12.5295  1
233    0
210 9.59914  1
233    0
211 10.0301  1
233    0
212 11.4373  1
233    0
213 6.03244  1
233    0
214 8.38328  1
233    0
215 6.0596  1
233    0
216 8.47179  1
233    0
217 6.34861  1
233    0
218 9.41572  1
233    0
219 9.43129  1
233    0
220 9.48195  1
233    0
221 9.64736  1
228    0.847551
222 10.1875  1
233    0
223 11.9515  1
233    0
224 7.71157  1
233    0
225 13.8665  1
233    0
226 13.9654  1
233    0
227 14.2883  1
233    0
228 5.34242  1
233    0
229 6.1298  1
233    0
230 8.70098  1
233    0
231 7.09723  1
233    0
232 11.8603  1
233    0
233 0  0
