189
0 13.6151  5
1    0.908307
22    1.06439
27    1.14068
75    0.720545
132    0.825779
1 13.1442  7
2    0.780917
3    0.964943
4    0.965877
5    0.968917
12    0.720545
76    1.23501
78    1.06439
2 11.6063  5
12    0.767788
38    1.06633
93    1.06421
95    1.09638
154    0.736567
3 6.58452  10
6    0.978841
7    1.01125
8    1.11709
9    0.862694
10    1.23199
11    1.23793
12    1.17364
37    0.995706
78    1.2139
93    1.22851
4 10.186  7
12    1.11162
27    0.834733
39    0.754585
81    0.883532
82    0.820103
122    0.780917
155    0.85006
5 11.9466  4
12    0.825834
70    1.09536
72    1.0018
78    0.829368
6 7.6957  5
24    0.882488
25    1.29663
26    0.848979
27    0.779653
69    0.929786
7 13.8147  3
12    1.2573
73    0.763576
130    1.04736
8 13.796  5
12    0.844823
27    0.960805
68    0.715455
102    1.23185
132    1.2139
9 13.7353  3
12    1.04736
78    1.29663
95    0.795071
10 13.5369  10
13    1.23501
14    1.24779
15    1.28953
16    0.825779
17    1.11143
18    0.844218
19    1.17166
20    1.0409
21    1.2139
27    0.952364
11 12.889  3
12    0.922059
77    1.17166
115    1.10427
12 10.7732  5
27    0.939729
77    1.11143
80    1.14068
82    0.736567
178    0.795071
13 13.8641  3
22    0.829368
67    1.04639
154    0.820103
14 13.9575  5
22    1.17885
27    0.924787
39    1.08398
74    0.908307
75    0.767788
15 14.2624  2
23    1.12315
77    0.844218
16 5.25758  6
22    1.29062
68    0.751161
69    1.19803
70    1.10427
74    0.978841
102    0.867766
17 5.85269  1
78    1.29062
18 7.79611  2
27    1.09166
68    0.867766
19 14.1424  2
38    0.85006
70    0.823582
20 14.8663  10
40    0.878954
41    1.28509
42    0.811313
43    1.06421
44    1.29002
45    0.827409
46    1.11676
47    0.861632
48    1.22851
69    1.1139
21 7.22999  4
67    1.21222
72    0.847551
93    1.29002
132    1.11143
22 12.2939  2
39    0.817374
68    1.24855
23 8.82977  3
27    1.1872
75    0.922059
122    0.908307
24 7.51778  4
39    1.10321
72    1.02187
121    0.902997
122    0.965877
25 13.2336  4
49    1.22657
50    1.22022
78    1.17885
82    0.700751
26 11.8984  2
94    1.13172
115    0.79172
27 7.53822  7
28    0.883532
29    0.700018
30    0.700751
31    0.703149
32    0.710987
94    1.22022
178    1.1168
28 13.3004  5
33    0.736567
34    0.820103
35    1.0929
36    0.783718
82    0.783718
29 12.1166  10
56    1.04181
57    1.2169
58    1.18865
59    1.09638
60    0.795071
61    1.01116
62    1.1168
63    0.861742
64    1.22888
78    1.12315
30 8.25083  3
72    1.07642
121    1.08624
122    0.763576
31 5.62716  4
70    0.737629
71    0.744972
73    0.761946
130    1.11162
32 7.05969  2
72    1.18253
121    1.15177
33 11.7379  3
38    1.29696
68    1.29198
79    0.848979
34 7.01422  1
37    0.974081
35 11.5893  6
39    1.19074
67    1.23185
69    1.13764
74    0.968917
132    1.17166
178    1.01116
36 6.52867  2
65    1.22776
69    1.127
37 10.0035  2
78    0.882488
79    0.924787
38 11.3506  3
66    1.22412
68    0.833799
79    1.09166
39 5.74953  1
81    0.939729
40 7.45918  2
79    1.1872
115    0.823582
41 13.0422  2
74    1.11709
102    1.23745
42 11.2737  2
67    1.17334
69    1.19402
43 5.49837  2
71    0.79172
77    0.825779
44 6.63915  1
188    0
45 10.3645  1
188    0
46 12.5295  1
77    1.0409
47 9.59914  5
74    0.780917
76    1.04736
82    1.0929
121    0.761946
132    1.24779
48 10.0301  1
75    1.2573
49 11.4373  1
188    0
50 6.03244  7
51    1.19947
52    1.13172
53    0.910486
54    0.78804
55    0.988198
69    0.851067
75    0.862694
51 8.38328  1
69    0.89505
52 6.0596  3
71    1.08104
73    0.902997
75    1.23793
53 8.47179  3
75    1.11162
77    1.28953
179    1.17334
54 6.34861  3
72    1.08624
82    0.700018
94    1.19947
55 9.41572  7
67    1.23745
74    0.964943
79    0.779653
94    0.78804
102    1.25574
121    0.975948
155    1.29696
56 9.43129  1
188    0
57 9.48195  3
72    0.975948
95    1.01116
178    1.18865
58 9.64736  3
76    1.24779
93    1.11676
179    1.22412
59 10.1875  2
67    1.25574
69    0.852293
60 11.9515  1
75    0.825834
61 7.71157  2
82    0.703149
178    0.861742
62 13.8665  1
72    1.15177
63 13.9654  2
74    0.965877
93    0.811313
64 14.2883  2
82    0.710987
93    1.28509
65 5.34242  9
86    0.85006
87    1.19074
88    1.10321
89    0.817374
90    1.08398
91    0.754585
92    0.878954
102    1.24855
115    1.08104
66 6.1298  2
72    0.729902
76    0.844823
67 8.70098  1
71    1.00021
68 7.09723  1
70    0.820853
69 11.8603  3
75    1.23199
76    1.17364
93    0.861632
70 7.41371  2
95    1.18865
102    0.715455
71 12.8939  1
72    0.798349
72 10.7894  6
116    0.744972
117    0.847551
118    1.18253
119    1.07642
120    0.729902
130    1.17364
73 13.9169  1
74    1.01125
74 14.1299  2
82    0.974081
178    1.2169
75 14.8254  3
79    0.952364
94    0.910486
122    0.968917
76 7.09632  2
79    0.960805
102    0.751161
77 11.8572  10
133    1.06439
134    1.29062
135    0.829368
136    1.12315
137    0.882488
138    1.29663
139    0.848979
140    1.1872
141    1.09166
178    1.22888
78 7.40364  2
79    0.834733
121    1.0018
79 12.861  3
83    0.995706
84    1.06633
85    1.29696
80 10.6816  8
156    1.19074
157    1.10321
158    0.817374
159    1.08398
160    0.754585
161    0.878954
162    1.28509
163    0.811313
81 13.565  1
94    0.988198
82 12.9809  1
188    0
83 11.0732  1
122    1.01125
84 14.8437  1
131    1.23501
85 7.15613  1
95    1.2169
86 12.0525  1
93    0.827409
87 8.04147  9
103    1.29198
104    0.833799
105    1.13764
106    0.929786
107    0.851067
108    1.19402
109    1.1139
110    0.852293
111    1.19803
88 14.9438  1
188    0
89 7.48299  1
94    1.22657
90 13.1201  5
98    1.22888
99    1.22776
100    1.22412
101    1.21222
132    1.17885
91 11.5276  1
188    0
92 6.32756  1
188    0
93 9.34675  1
94    1.04181
94 9.20606  1
188    0
95 8.74645  2
96    1.1168
97    0.861742
96 7.24555  4
174    0.910486
175    0.78804
176    0.988198
177    1.04181
97 12.3446  1
102    1.17334
98 8.99548  1
115    1.00021
99 8.05887  1
188    0
100 5.00031  1
102    1.04639
101 5.01251  2
121    0.798349
179    1.21222
102 5.05249  1
115    0.820853
103 5.18311  1
188    0
104 5.60945  2
121    1.02187
122    0.964943
105 7.00171  2
130    0.825834
179    1.04639
106 11.5484  1
115    1.09536
107 6.39531  1
130    0.844823
108 9.56801  3
112    1.127
113    0.89505
114    0.737629
109 9.92843  1
188    0
110 11.1055  1
188    0
111 14.9493  1
188    0
112 7.50099  1
132    0.844218
113 13.179  1
188    0
114 11.7202  1
122    1.11709
115 6.95624  7
123    0.862694
124    1.23199
125    1.23793
126    1.2573
127    0.720545
128    0.767788
129    0.922059
116 11.3997  1
122    0.978841
117 5.90976  4
142    0.779653
143    0.960805
144    0.952364
155    0.995706
118 7.98257  1
188    0
119 14.7516  1
188    0
120 6.85522  1
179    1.22776
121 11.0701  1
188    0
122 14.8337  1
188    0
123 7.12348  1
188    0
124 11.946  1
132    1.0409
125 7.69387  1
188    0
126 13.8086  1
188    0
127 13.7762  1
188    0
128 13.6703  1
188    0
129 13.3245  1
132    1.28953
130 12.1953  1
188    0
131 8.5081  1
188    0
132 6.46733  1
188    0
133 9.80331  1
188    0
134 10.6969  1
188    0
135 13.6151  10
164    1.06421
165    1.29002
166    0.827409
167    1.11676
168    0.861632
169    1.22851
170    1.22657
171    1.22022
172    1.19947
173    1.13172
136 13.1442  10
145    0.924787
146    0.834733
147    1.14068
148    0.939729
149    0.883532
150    0.700018
151    0.700751
152    0.703149
153    0.710987
155    0.974081
137 11.6063  1
155    1.06633
138 6.58452  1
154    1.0929
139 10.186  1
188    0
140 11.9466  1
188    0
141 7.6957  1
188    0
142 13.8147  1
188    0
143 13.796  1
188    0
144 13.7353  1
188    0
145 13.5369  1
188    0
146 12.889  1
154    0.783718
147 10.7732  1
188    0
148 13.8641  1
188    0
149 13.9575  1
188    0
150 14.2624  1
188    0
151 5.25758  1
188    0
152 5.85269  1
188    0
153 7.79611  1
188    0
154 14.1424  1
188    0
155 14.8663  1
188    0
156 7.22999  1
188    0
157 12.2939  1
188    0
158 8.82977  1
188    0
159 7.51778  1
188    0
160 13.2336  1
188    0
161 11.8984  1
188    0
162 7.53822  1
188    0
163 13.3004  1
188    0
164 12.1166  8
180    1.23185
181    1.23745
182    1.25574
183    0.715455
184    0.751161
185    0.867766
186    1.24855
187    1.29198
165 8.25083  1
178    1.09638
166 5.62716  1
188    0
167 7.05969  1
188    0
168 11.7379  1
188    0
169 7.01422  1
188    0
170 11.5893  1
188    0
171 6.52867  1
188    0
172 10.0035  1
188    0
173 11.3506  1
188    0
174 5.74953  1
188    0
175 7.45918  1
188    0
176 13.0422  1
188    0
177 11.2737  1
188    0
178 5.49837  1
188    0
179 6.63915  1
188    0
180 10.3645  1
188    0
181 12.5295  1
188    0
182 9.59914  1
188    0
183 10.0301  1
188    0
184 11.4373  1
188    0
185 6.03244  1
188    0
186 8.38328  1
188    0
187 6.0596  1
188    0
188 0  0
