63
0 11.9466  5
1    9.22059
26    8.34733
28    7.10987
39    8.61632
46    8.61742
1 7.6957  7
2    8.25834
3    11.1162
4    8.44823
5    11.7364
6    10.4736
7    12.3501
27    7.00751
2 13.8147  1
62    0
3 13.796  2
28    7.36567
45    7.95071
4 13.7353  3
26    9.24787
28    10.929
45    10.9638
5 13.5369  10
29    8.5006
30    11.9074
31    11.0321
32    8.17374
33    10.8398
34    7.54585
35    8.78954
36    12.8509
37    8.11313
38    10.6421
6 12.889  9
8    12.478
9    12.8953
10    8.25779
11    11.1143
12    8.44218
13    11.7166
14    10.409
27    7.00018
28    12.9696
7 10.7732  1
28    9.95706
8 13.8641  1
15    10.6439
9 13.9575  1
27    11.4068
10 14.2624  1
45    10.4181
11 5.25758  1
62    0
12 5.85269  6
21    8.48979
22    11.872
23    10.9166
24    7.79653
25    9.60805
28    10.6633
13 7.79611  1
15    12.139
14 14.1424  2
15    11.7885
28    8.20103
15 14.8663  6
16    12.9062
17    8.29368
18    11.2315
19    8.82488
20    12.9663
45    9.88198
16 7.22999  5
40    12.2657
41    12.2022
42    11.9947
43    11.3172
44    9.10486
17 12.2939  1
39    8.27409
18 8.82977  1
39    11.1676
19 7.51778  1
62    0
20 13.2336  2
27    8.83532
46    12.2888
21 11.8984  1
28    9.74081
22 7.53822  3
27    7.0315
28    7.83718
46    12.2412
23 13.3004  1
47    12.1222
24 12.1166  1
62    0
25 8.25083  1
26    9.52364
26 5.62716  1
27    9.39729
27 7.05969  1
62    0
28 11.7379  1
62    0
29 7.01422  1
46    12.2776
30 11.5893  7
48    11.7334
49    10.4639
50    12.3185
51    12.3745
52    12.5574
53    7.15455
54    7.51161
31 6.52867  1
45    11.8865
32 10.0035  1
62    0
33 11.3506  1
39    12.9002
34 5.74953  1
45    10.1116
35 7.45918  1
45    7.8804
36 13.0422  1
39    12.2851
37 11.2737  1
62    0
38 5.49837  1
62    0
39 6.63915  1
62    0
40 10.3645  1
46    11.168
41 12.5295  1
62    0
42 9.59914  1
62    0
43 10.0301  1
62    0
44 11.4373  1
45    12.169
45 6.03244  1
62    0
46 8.38328  1
62    0
47 6.0596  1
62    0
48 8.47179  1
62    0
49 6.34861  1
62    0
50 9.41572  1
62    0
51 9.43129  1
62    0
52 9.48195  1
62    0
53 9.64736  7
55    8.67766
56    12.4855
57    12.9198
58    8.33799
59    11.3764
60    9.29786
61    8.51067
54 10.1875  1
62    0
55 11.9515  1
62    0
56 7.71157  1
62    0
57 13.8665  1
62    0
58 13.9654  1
62    0
59 14.2883  1
62    0
60 5.34242  1
62    0
61 6.1298  1
62    0
62 0  0
