45
0 7.41371  5
1    55.1605
2    54.1992
15    61.3881
16    58.6671
27    41.0427
1 12.8939  6
2    40.8687
3    37.7293
15    59.4325
27    56.3498
29    39.0458
42    46.1029
2 10.7894  8
4    43.9477
11    61.3286
14    60.8452
15    43.0871
16    62.7871
27    55.2136
28    36.4951
42    41.2889
3 13.9169  1
29    50.0902
4 14.1299  9
5    64.2547
6    40.5657
7    53.2104
8    64.501
9    41.3704
10    55.838
11    43.0816
15    54.819
16    35.7727
5 14.8254  4
11    59.9736
14    52.0907
16    52.3196
42    62.3898
6 7.09632  4
11    61.4257
15    61.2059
16    61.5923
28    42.3775
7 11.8572  2
11    56.586
28    50.0105
8 7.40364  5
12    45.5243
13    49.4099
28    53.8211
29    38.1788
42    55.5808
9 12.861  3
11    61.0109
15    55.8399
28    51.0936
10 10.6816  1
27    54.7678
11 13.565  3
13    39.402
15    39.7536
27    59.9013
12 12.9809  2
15    50.558
16    61.8725
13 11.0732  2
15    61.444
27    36.8815
14 14.8437  1
15    60.6108
15 7.15613  1
42    52.3681
16 12.0525  10
17    37.5581
18    43.3883
19    62.4273
20    64.599
21    41.69
22    56.8818
23    46.4893
24    42.5533
25    59.7008
26    55.6952
17 8.04147  1
28    39.9174
18 14.9438  2
27    44.7525
42    42.2411
19 7.48299  1
29    57.5886
20 13.1201  1
27    41.1791
21 11.5276  3
28    59.1267
29    54.3118
42    61.7507
22 6.32756  2
28    54.0518
29    45.4154
23 9.34675  1
27    42.6147
24 9.20606  3
29    45.1498
42    41.2917
43    42.2109
25 8.74645  3
30    48.2472
31    48.2939
32    48.4458
26 7.24555  2
28    37.2486
29    38.0973
27 12.3446  1
28    39.586
28 8.99548  2
29    48.7974
43    55.5716
29 8.05887  1
44    0
30 5.00031  1
42    64.4763
31 5.01251  1
44    0
32 5.05249  9
33    48.9421
34    50.5626
35    55.8545
36    43.1347
37    61.5996
38    61.8963
39    62.8649
40    36.0273
41    38.3894
33 5.18311  1
44    0
34 5.60945  1
44    0
35 7.00171  1
44    0
36 11.5484  1
44    0
37 6.39531  1
44    0
38 9.56801  1
42    58.6818
39 9.92843  1
44    0
40 11.1055  1
44    0
41 14.9493  1
44    0
42 7.50099  1
43    58.5829
43 13.179  1
44    0
44 0  0
