50
0 5.01251  8
1    6.27871
2    3.57727
3    3.75581
4    4.33883
5    6.24273
6    6.4599
7    4.169
8    5.68818
1 5.05249  7
9    4.64893
10    4.25533
11    5.97008
12    5.56952
13    4.26147
14    5.99013
15    5.63498
2 5.18311  1
49    0
3 5.60945  1
38    4.82939
4 7.00171  1
49    0
5 11.5484  1
49    0
6 6.39531  1
49    0
7 9.56801  1
49    0
8 9.92843  2
33    3.80973
48    5.23681
9 11.1055  1
49    0
10 14.9493  1
33    5.00902
11 7.50099  10
16    4.47525
17    3.68815
18    4.11791
19    5.52136
20    4.10427
21    5.47678
22    3.9586
23    5.00105
24    5.40518
25    3.72486
12 13.179  1
49    0
13 11.7202  2
33    5.43118
38    4.84458
14 6.95624  3
35    3.81788
36    4.54154
37    3.90458
15 11.3997  1
49    0
16 5.90976  1
48    4.22411
17 7.98257  1
49    0
18 14.7516  2
32    5.75886
38    5.58545
19 6.85522  1
38    4.82472
20 11.0701  1
49    0
21 14.8337  1
49    0
22 7.12348  3
29    3.64951
30    3.99174
31    5.10936
23 11.946  5
26    4.23775
27    5.91267
28    5.38211
38    5.05626
48    5.86818
24 7.69387  1
49    0
25 13.8086  2
32    4.87974
34    4.51498
26 13.7762  1
49    0
27 13.6703  1
49    0
28 13.3245  1
49    0
29 12.1953  1
38    4.89421
30 8.5081  1
49    0
31 6.46733  1
49    0
32 9.80331  3
39    4.31347
40    6.15996
41    6.18963
33 10.6969  6
42    6.28649
43    3.60273
44    3.83894
45    4.61029
46    4.12917
47    5.55808
34 13.6151  1
49    0
35 13.1442  1
49    0
36 11.6063  1
49    0
37 6.58452  1
49    0
38 10.186  1
49    0
39 11.9466  1
49    0
40 7.6957  1
49    0
41 13.8147  1
49    0
42 13.796  1
49    0
43 13.7353  1
49    0
44 13.5369  1
49    0
45 12.889  1
49    0
46 10.7732  1
49    0
47 13.8641  1
49    0
48 13.9575  1
49    0
49 0  0
