205
0 7.79611  8
1    8.82488
7    9.24787
35    7.51161
49    7.9172
81    7.36567
94    7.8804
127    8.44218
149    12.9002
1 14.1424  8
2    12.9663
3    8.48979
4    11.872
5    10.9166
6    7.79653
7    11.4068
17    11.9074
34    8.61742
2 14.8663  7
7    9.39729
10    7.0315
17    12.9696
35    12.3745
49    7.44972
81    7.10987
175    7.9172
3 7.22999  3
9    7.00018
94    12.169
175    10.0021
4 12.2939  6
7    9.52364
8    8.83532
17    8.5006
80    11.4068
108    11.0427
156    12.169
5 8.82977  6
7    9.60805
10    7.00751
33    11.168
35    8.67766
67    7.20545
85    8.5006
6 7.51778  4
7    8.34733
17    11.0321
18    12.8509
28    11.3172
7 13.2336  6
18    8.78954
28    9.10486
35    12.3185
80    11.872
107    11.27
160    7.51161
8 11.8984  10
19    8.11313
20    10.6421
21    12.9002
22    8.27409
23    11.1676
24    8.61632
25    12.2851
26    12.2657
27    12.2022
33    10.9638
9 7.53822  9
11    7.10987
12    7.36567
13    8.20103
14    10.929
15    7.83718
16    9.74081
34    12.1222
35    12.9198
72    8.25779
10 13.3004  2
17    7.54585
35    12.4855
11 12.1166  5
17    10.6633
34    12.2888
48    8.20853
86    8.27409
175    10.8104
12 8.25083  3
31    10.4181
32    12.169
138    9.95706
13 5.62716  7
17    9.95706
28    11.9947
35    7.15455
95    7.95071
108    10.9536
109    10.2187
137    7.00751
14 7.05969  1
17    10.8398
15 11.7379  8
117    9.08307
118    7.80917
119    9.64943
120    9.65877
121    9.68917
122    9.78841
123    10.1125
124    11.1709
16 7.01422  3
17    8.17374
33    11.8865
49    10.7642
17 11.5893  3
79    8.29368
85    12.8509
107    7.37629
18 6.52867  3
33    7.95071
107    8.52293
125    12.573
19 10.0035  4
81    7.00751
85    7.54585
128    8.29368
175    11.8253
20 11.3506  7
33    10.1116
49    7.98349
67    8.25834
79    8.48979
137    7.10987
138    10.929
203    10.9166
21 5.74953  6
35    12.5574
80    9.24787
126    11.7364
128    12.9062
138    7.83718
176    10.8624
22 7.45918  3
67    11.1162
81    7.00018
127    12.8953
23 13.0422  2
105    11.3764
149    8.61632
24 11.2737  4
29    7.8804
30    9.88198
34    11.7334
160    12.3745
25 5.49837  4
35    8.33799
79    12.9062
137    8.83532
160    12.3185
26 6.63915  2
49    8.47551
137    11.4068
27 10.3645  1
105    8.67766
28 12.5295  1
149    10.6421
29 9.59914  5
34    12.2412
35    10.4639
49    10.0021
67    7.67788
106    9.29786
30 10.0301  1
108    10.8104
31 11.4373  3
81    8.83532
85    11.9074
176    10.2187
32 6.03244  10
36    11.3764
37    9.29786
38    8.51067
39    11.9402
40    11.139
41    8.52293
42    11.9803
43    11.27
81    7.83718
86    8.11313
33 8.38328  5
34    12.2776
49    11.8253
67    9.22059
94    9.88198
106    11.139
34 6.0596  1
49    7.29902
35 8.47179  3
81    9.74081
95    11.8865
138    10.6633
36 6.34861  2
80    9.52364
85    10.8398
37 9.41572  4
44    8.9505
45    7.37629
46    8.23582
47    11.0427
38 9.43129  10
110    11.5177
111    9.75948
112    10.018
113    10.8624
114    7.61946
115    9.02997
116    7.63576
156    11.8865
160    7.15455
175    8.20853
39 9.48195  2
93    9.10486
175    11.0427
40 9.64736  2
81    8.20103
109    7.29902
41 10.1875  10
50    10.2187
51    11.5177
52    9.75948
53    10.018
54    10.8624
55    7.61946
56    9.02997
57    7.63576
79    11.2315
95    10.1116
42 11.9515  1
49    10.9536
43 7.71157  1
204    0
44 13.8665  10
58    9.08307
59    7.80917
60    9.64943
61    9.65877
62    9.68917
63    9.78841
64    10.1125
65    11.1709
66    8.62694
107    8.9505
45 13.9654  1
204    0
46 14.2883  1
49    10.8104
47 5.34242  1
160    11.7334
48 6.1298  3
81    7.0315
105    12.9198
192    8.44218
49 8.70098  6
68    11.7364
69    10.4736
70    12.3501
71    12.478
129    12.9663
156    8.61742
50 7.09723  4
72    11.1143
80    7.79653
108    10.0021
137    7.00018
51 11.8603  1
108    8.20853
52 7.41371  1
67    12.573
53 12.8939  3
79    8.82488
104    7.51161
108    7.44972
54 10.7894  1
128    11.7885
55 13.9169  1
125    8.25834
56 14.1299  2
85    8.17374
176    10.018
57 14.8254  3
94    10.4181
126    10.4736
156    10.1116
58 7.09632  2
67    12.3199
79    12.9663
59 11.8572  2
81    10.929
108    8.47551
60 7.40364  2
138    8.20103
203    7.79653
61 12.861  1
204    0
62 10.6816  3
86    10.6421
127    12.139
203    11.872
63 13.565  2
85    11.0321
128    8.82488
64 12.9809  1
204    0
65 11.0732  2
67    12.3793
80    8.34733
66 14.8437  7
67    8.44823
80    9.39729
95    10.9638
175    8.23582
176    7.98349
183    8.62694
192    11.7166
67 7.15613  1
72    12.8953
68 12.0525  8
73    8.44218
74    11.7166
75    10.409
76    12.139
77    11.7885
78    10.6439
80    9.60805
105    12.4855
69 8.04147  1
204    0
70 14.9438  2
105    8.33799
109    7.98349
71 7.48299  5
91    11.9947
92    11.3172
104    7.15455
176    11.5177
192    8.25779
72 13.1201  4
86    11.1676
109    10.7642
125    12.3199
128    11.2315
73 11.5276  2
126    12.3501
183    9.78841
74 6.32756  4
82    9.95706
83    10.6633
84    12.9696
175    7.44972
75 9.34675  1
108    11.8253
76 9.20606  4
87    8.61632
88    12.2851
89    12.2657
90    12.2022
77 8.74645  1
104    12.3745
78 7.24555  3
80    10.9166
85    8.78954
106    11.9402
79 12.3446  3
86    12.9002
95    11.168
171    11.9803
80 8.99548  1
204    0
81 8.05887  1
125    7.20545
82 5.00031  2
138    7.36567
192    11.1143
83 5.01251  9
96    8.61742
97    12.2888
98    12.2776
99    12.2412
100    12.1222
101    11.7334
102    10.4639
103    12.3185
149    12.2657
84 5.05249  3
125    8.62694
127    10.409
137    7.0315
85 5.18311  1
204    0
86 5.60945  3
104    12.5574
106    8.51067
125    12.3793
87 7.00171  1
127    11.7166
88 11.5484  2
107    11.9803
127    11.1143
89 6.39531  3
157    12.2888
158    12.2776
159    12.2412
90 9.56801  1
160    12.1222
91 9.92843  1
204    0
92 11.1055  1
204    0
93 14.9493  1
204    0
94 7.50099  1
204    0
95 13.179  1
204    0
96 11.7202  3
108    7.9172
129    8.48979
160    12.5574
97 6.95624  2
125    7.67788
127    8.25779
98 11.3997  1
156    7.95071
99 5.90976  1
204    0
100 7.98257  1
128    10.6439
101 14.7516  1
183    11.1709
102 6.85522  2
108    8.23582
160    10.4639
103 11.0701  8
130    11.872
131    10.9166
132    7.79653
133    9.60805
134    9.52364
135    9.24787
136    8.34733
137    9.39729
104 14.8337  1
204    0
105 7.12348  2
126    12.478
138    9.74081
106 11.946  1
204    0
107 7.69387  1
204    0
108 13.8086  1
204    0
109 13.7762  1
204    0
110 13.6703  1
204    0
111 13.3245  2
149    11.1676
156    10.9638
112 12.1953  1
204    0
113 8.5081  1
204    0
114 6.46733  2
149    8.27409
192    12.8953
115 9.80331  8
195    11.7885
196    10.6439
197    12.9062
198    8.29368
199    11.2315
200    8.82488
201    12.9663
202    8.48979
116 10.6969  1
204    0
117 13.6151  1
204    0
118 13.1442  1
125    9.22059
119 11.6063  2
176    9.02997
184    12.3199
120 6.58452  2
125    11.1162
176    9.75948
121 10.186  1
204    0
122 11.9466  1
204    0
123 7.6957  3
172    11.27
173    8.9505
174    7.37629
124 13.8147  6
150    11.9947
151    11.3172
152    9.10486
153    7.8804
154    9.88198
155    10.4181
125 13.796  2
126    8.44823
156    11.168
126 13.7353  1
149    12.2022
127 13.5369  1
204    0
128 12.889  1
204    0
129 10.7732  1
204    0
130 13.8641  1
183    10.1125
131 13.9575  1
204    0
132 14.2624  1
204    0
133 5.25758  1
175    10.9536
134 5.85269  10
161    8.67766
162    12.4855
163    12.9198
164    8.33799
165    11.3764
166    9.29786
167    8.51067
168    11.9402
169    11.139
170    8.52293
135 7.79611  10
139    12.9696
140    8.5006
141    11.9074
142    11.0321
143    8.17374
144    10.8398
145    7.54585
146    8.78954
147    12.8509
148    8.11313
136 14.1424  1
204    0
137 14.8663  1
192    12.478
138 7.22999  1
176    7.61946
139 12.2939  2
193    10.409
194    12.139
140 8.82977  1
204    0
141 7.51778  1
204    0
142 13.2336  1
204    0
143 11.8984  1
204    0
144 7.53822  1
204    0
145 13.3004  7
185    12.573
186    7.20545
187    7.67788
188    9.22059
189    8.25834
190    11.1162
191    8.44823
146 12.1166  1
204    0
147 8.25083  1
149    12.2851
148 5.62716  1
204    0
149 7.05969  1
204    0
150 11.7379  1
204    0
151 7.01422  1
204    0
152 11.5893  1
204    0
153 6.52867  1
204    0
154 10.0035  1
184    12.3793
155 11.3506  1
176    10.7642
156 5.74953  1
204    0
157 7.45918  1
204    0
158 13.0422  1
204    0
159 11.2737  1
204    0
160 5.49837  1
204    0
161 6.63915  1
204    0
162 10.3645  1
204    0
163 12.5295  1
204    0
164 9.59914  1
176    7.29902
165 10.0301  1
204    0
166 11.4373  1
204    0
167 6.03244  6
177    7.63576
178    9.08307
179    7.80917
180    9.64943
181    9.65877
182    9.68917
168 8.38328  1
175    8.47551
169 6.0596  1
204    0
170 8.47179  1
192    11.7364
171 6.34861  1
204    0
172 9.41572  1
204    0
173 9.43129  1
204    0
174 9.48195  1
192    12.3501
175 9.64736  1
204    0
176 10.1875  1
204    0
177 11.9515  1
204    0
178 7.71157  1
204    0
179 13.8665  1
192    10.4736
180 13.9654  1
204    0
181 14.2883  1
204    0
182 5.34242  1
204    0
183 6.1298  1
204    0
184 8.70098  1
204    0
185 7.09723  1
204    0
186 11.8603  1
204    0
187 7.41371  1
204    0
188 12.8939  1
203    9.60805
189 10.7894  1
204    0
190 13.9169  1
204    0
191 14.1299  1
204    0
192 14.8254  1
204    0
193 7.09632  1
204    0
194 11.8572  1
204    0
195 7.40364  1
204    0
196 12.861  1
203    9.52364
197 10.6816  1
204    0
198 13.565  1
204    0
199 12.9809  1
204    0
200 11.0732  1
204    0
201 14.8437  1
204    0
202 7.15613  1
204    0
203 12.0525  1
204    0
204 0  0
