217
0 7.15613  4
1    7.37629
2    8.23582
12    10.2187
13    7.80917
1 12.0525  6
3    11.0427
14    11.1709
25    12.9663
36    11.0321
120    10.1116
199    8.67766
2 8.04147  10
4    8.20853
5    10.9536
6    7.9172
7    10.0021
8    10.8104
9    7.44972
10    8.47551
11    11.8253
13    7.63576
24    11.1143
3 14.9438  4
12    11.5177
13    9.65877
24    12.3501
34    8.83532
4 7.48299  6
12    10.018
13    9.08307
14    9.68917
24    11.7166
36    10.6633
120    12.2888
5 13.1201  6
12    7.29902
14    12.3199
25    12.9062
74    7.9172
77    9.64943
89    8.44218
6 11.5276  3
12    9.02997
14    9.78841
24    8.44218
7 6.32756  4
12    7.98349
13    9.64943
14    10.1125
34    9.39729
8 9.34675  7
12    10.7642
14    12.3793
24    10.409
25    8.48979
35    10.929
73    11.139
200    11.3764
9 9.20606  5
12    7.61946
14    8.62694
25    11.7885
77    9.65877
118    12.2022
10 8.74645  5
12    9.75948
34    7.00751
75    10.8624
90    11.7885
186    11.1676
11 7.24555  3
12    10.8624
35    9.74081
90    12.9663
12 12.3446  3
40    8.11313
145    11.0427
172    10.9166
13 8.99548  10
15    12.573
16    7.20545
17    7.67788
18    9.22059
19    8.25834
20    11.1162
21    8.44823
22    11.7364
23    10.4736
24    8.25779
14 8.05887  3
49    10.4181
50    12.169
74    8.20853
15 5.00031  3
24    12.139
25    11.2315
89    12.139
16 5.01251  3
72    11.3764
77    7.63576
78    12.3199
17 5.05249  4
25    8.29368
34    7.00018
118    11.1676
191    9.88198
18 5.18311  4
24    12.8953
25    8.82488
48    11.9947
75    10.7642
19 5.60945  3
24    12.478
34    8.20103
89    11.7166
20 7.00171  5
25    10.6439
36    8.5006
89    11.1143
116    7.54585
120    11.168
21 11.5484  3
48    7.8804
88    12.3501
117    12.9002
22 6.39531  10
26    11.872
27    10.9166
28    7.79653
29    9.60805
30    9.52364
31    9.24787
32    8.34733
33    11.4068
34    7.36567
74    10.9536
23 9.56801  4
36    8.17374
73    7.37629
125    10.4639
200    11.27
24 9.92843  5
34    7.0315
73    8.52293
88    10.4736
154    12.3793
172    9.52364
25 11.1055  5
35    7.83718
36    12.9696
40    12.8509
75    10.2187
117    10.6421
26 14.9493  4
73    11.9402
75    7.61946
145    8.47551
185    9.74081
27 7.50099  4
34    7.10987
73    8.9505
77    9.68917
155    9.22059
28 13.179  3
36    11.9074
90    8.82488
119    7.95071
29 11.7202  1
48    9.10486
30 6.95624  2
40    10.6421
77    7.80917
31 11.3997  4
35    9.95706
74    10.0021
88    12.8953
119    10.9638
32 5.90976  5
48    9.88198
74    10.8104
77    9.08307
120    8.61742
145    8.20853
33 7.98257  1
119    9.88198
34 14.7516  3
37    10.8398
38    7.54585
39    8.78954
35 6.85522  2
90    10.6439
146    7.61946
36 11.0701  7
91    8.48979
92    11.872
93    10.9166
94    7.79653
155    7.67788
191    9.10486
206    11.8253
37 14.8337  2
75    10.018
89    8.25779
38 7.12348  1
216    0
39 11.946  8
41    12.9002
42    8.27409
43    11.1676
44    8.61632
45    12.2851
46    12.2657
47    12.2022
72    9.29786
40 7.69387  4
56    8.61742
57    12.2888
58    12.2776
154    10.1125
41 13.8086  7
66    7.15455
67    7.51161
68    8.67766
69    12.4855
70    12.9198
71    8.33799
154    11.1709
42 13.7762  2
48    11.3172
90    11.2315
43 13.6703  5
73    8.51067
74    8.47551
75    9.75948
77    9.78841
119    11.8865
44 13.3245  2
74    7.44972
118    12.2851
45 12.1953  1
216    0
46 8.5081  1
216    0
47 6.46733  3
74    11.8253
75    11.5177
77    8.62694
48 9.80331  1
216    0
49 10.6969  6
51    11.8865
52    10.9638
53    7.95071
54    10.1116
55    11.168
125    12.3185
50 13.6151  4
95    9.60805
96    9.52364
97    9.24787
98    8.34733
51 13.1442  3
73    8.23582
185    11.9074
199    7.51161
52 11.6063  1
199    12.3745
53 6.58452  1
115    8.17374
54 10.186  1
216    0
55 11.9466  1
199    10.4639
56 7.6957  1
119    10.4181
57 13.8147  7
59    12.2412
60    12.1222
61    11.7334
62    10.4639
63    12.3185
64    12.3745
65    12.5574
58 13.796  2
73    11.27
186    12.2851
59 13.7353  2
90    8.29368
191    12.169
60 13.5369  1
76    9.02997
61 12.889  6
133    8.33799
134    11.3764
135    9.29786
136    8.51067
137    11.9402
155    8.25834
62 10.7732  2
75    7.29902
155    7.20545
63 13.8641  2
88    12.478
154    12.3199
64 13.9575  3
77    11.1709
146    9.02997
199    8.33799
65 14.2624  2
74    11.0427
118    8.61632
66 5.25758  2
155    11.1162
200    11.139
67 5.85269  3
100    9.39729
101    8.83532
186    8.61632
68 7.79611  1
75    7.98349
69 14.1424  1
79    12.3793
70 14.8663  2
89    10.409
145    10.0021
71 7.22999  8
80    12.573
81    7.20545
82    7.67788
83    9.22059
84    8.25834
85    11.1162
86    8.44823
87    11.7364
72 12.2939  2
73    11.9803
77    10.1125
73 8.82977  1
185    12.9696
74 7.51778  7
110    9.74081
111    9.95706
112    10.6633
113    12.9696
114    8.5006
116    12.8509
146    7.29902
75 13.2336  3
145    10.9536
146    11.5177
185    11.0321
76 11.8984  1
191    10.9638
77 7.53822  2
115    11.9074
118    9.10486
78 13.3004  1
186    8.78954
79 12.1166  3
165    12.9062
166    8.29368
167    11.2315
80 8.25083  1
146    10.018
81 5.62716  1
116    8.11313
82 7.05969  1
216    0
83 11.7379  1
199    12.9198
84 7.01422  1
155    8.44823
85 11.5893  1
115    10.8398
86 6.52867  2
116    8.78954
185    8.5006
87 10.0035  1
90    12.9062
88 11.3506  1
118    11.9947
89 5.74953  1
154    8.62694
90 7.45918  4
173    9.24787
174    8.34733
175    11.4068
176    9.39729
91 13.0422  1
186    12.8509
92 11.2737  1
119    12.169
93 5.49837  2
145    7.44972
155    12.3501
94 6.63915  2
99    11.4068
118    12.2657
95 10.3645  7
102    7.00018
103    7.00751
104    7.0315
105    7.10987
106    7.36567
107    8.20103
108    10.929
96 12.5295  2
146    10.2187
172    9.60805
97 9.59914  1
109    7.83718
98 10.0301  3
145    7.9172
177    7.00018
186    12.9002
99 11.4373  4
121    12.2776
122    12.2412
123    12.1222
124    11.7334
100 6.03244  2
145    10.7642
200    11.9402
101 8.38328  1
185    10.8398
102 6.0596  1
118    7.8804
103 8.47179  3
115    11.0321
118    8.27409
154    12.573
104 6.34861  2
186    8.27409
200    8.51067
105 9.41572  1
185    9.95706
106 9.43129  1
191    10.1116
107 9.48195  1
216    0
108 9.64736  2
145    10.8104
199    12.5574
109 10.1875  1
216    0
110 11.9515  7
138    11.139
139    8.52293
140    11.9803
141    11.27
142    8.9505
143    7.37629
144    8.23582
111 7.71157  1
146    10.8624
112 13.8665  1
206    7.9172
113 13.9654  1
216    0
114 14.2883  2
146    7.98349
155    11.7364
115 5.34242  1
118    11.3172
116 6.1298  8
126    12.3745
127    12.5574
128    7.15455
129    7.51161
130    8.67766
131    12.4855
132    12.9198
186    8.11313
117 8.70098  1
216    0
118 7.09723  1
206    8.47551
119 11.8603  5
201    8.9505
202    7.37629
203    8.23582
204    11.0427
205    8.20853
120 7.41371  1
155    10.4736
121 12.8939  1
216    0
122 10.7894  1
216    0
123 13.9169  7
178    7.00751
179    7.0315
180    7.10987
181    7.36567
182    8.20103
183    10.929
184    7.83718
124 14.1299  2
172    7.79653
186    7.54585
125 14.8254  1
216    0
126 7.09632  5
147    7.63576
148    9.08307
149    7.80917
150    9.64943
151    9.65877
127 11.8572  1
216    0
128 7.40364  1
216    0
129 12.861  5
168    8.82488
169    12.9663
170    8.48979
171    11.872
177    8.83532
130 10.6816  1
185    10.6633
131 13.565  1
206    10.9536
132 12.9809  1
216    0
133 11.0732  1
145    11.8253
134 14.8437  1
216    0
135 7.15613  2
152    9.68917
153    9.78841
136 12.0525  1
191    7.95071
137 8.04147  1
216    0
138 14.9438  1
216    0
139 7.48299  1
146    9.75948
140 13.1201  1
216    0
141 11.5276  7
156    12.8953
157    8.25779
158    11.1143
159    8.44218
160    11.7166
161    10.409
162    12.139
142 6.32756  1
216    0
143 9.34675  9
207    10.7642
208    7.29902
209    7.98349
210    10.2187
211    11.5177
212    9.75948
213    10.018
214    10.8624
215    7.61946
144 9.20606  1
155    12.478
145 8.74645  1
216    0
146 7.24555  1
216    0
147 12.3446  7
192    11.168
193    8.61742
194    12.2888
195    12.2776
196    12.2412
197    12.1222
198    11.7334
148 8.99548  1
216    0
149 8.05887  1
216    0
150 5.00031  1
199    12.4855
151 5.01251  3
163    11.7885
164    10.6439
191    7.8804
152 5.05249  1
216    0
153 5.18311  1
216    0
154 5.60945  1
200    9.29786
155 7.00171  1
206    10.0021
156 11.5484  1
191    10.4181
157 6.39531  1
216    0
158 9.56801  1
200    8.52293
159 9.92843  3
187    12.2657
188    12.2022
199    12.3185
160 11.1055  1
216    0
161 14.9493  1
216    0
162 7.50099  1
216    0
163 13.179  1
206    10.8104
164 11.7202  1
216    0
165 6.95624  1
216    0
166 11.3997  1
216    0
167 5.90976  1
186    10.6421
168 7.98257  1
216    0
169 14.7516  1
191    11.8865
170 6.85522  1
206    7.44972
171 11.0701  2
189    11.9947
190    11.3172
172 14.8337  1
216    0
173 7.12348  1
216    0
174 11.946  1
216    0
175 7.69387  1
216    0
176 13.8086  1
216    0
177 13.7762  1
216    0
178 13.6703  1
216    0
179 13.3245  1
216    0
180 12.1953  1
216    0
181 8.5081  1
199    7.15455
182 6.46733  1
216    0
183 9.80331  1
185    8.17374
184 10.6969  1
216    0
185 13.6151  1
216    0
186 13.1442  1
216    0
187 11.6063  1
216    0
188 6.58452  1
216    0
189 10.186  1
216    0
190 11.9466  1
216    0
191 7.6957  1
216    0
192 13.8147  1
216    0
193 13.796  1
216    0
194 13.7353  1
216    0
195 13.5369  1
216    0
196 12.889  1
216    0
197 10.7732  1
200    11.9803
198 13.8641  1
216    0
199 13.9575  1
216    0
200 14.2624  1
216    0
201 5.25758  1
216    0
202 5.85269  1
216    0
203 7.79611  1
216    0
204 14.1424  1
216    0
205 14.8663  1
216    0
206 7.22999  1
216    0
207 12.2939  1
216    0
208 8.82977  1
216    0
209 7.51778  1
216    0
210 13.2336  1
216    0
211 11.8984  1
216    0
212 7.53822  1
216    0
213 13.3004  1
216    0
214 12.1166  1
216    0
215 8.25083  1
216    0
216 0  0
