120
0 6.95624  6
1    44.1766
2    35.0009
3    35.0375
28    39.7536
80    42.2411
95    38.9827
1 11.3997  2
3    35.1575
29    55.8399
2 5.90976  9
4    35.5493
5    36.8284
6    41.0051
7    54.6451
8    39.1859
9    48.704
10    49.7853
11    53.3166
26    61.4257
3 7.98257  2
28    52.0907
66    38.0973
4 14.7516  2
28    60.8452
95    59.3602
5 6.85522  2
27    56.586
28    50.558
6 11.0701  4
12    64.848
13    42.503
14    59.5369
15    55.1605
7 14.8337  10
16    40.8687
17    54.1992
18    37.7293
19    43.9477
20    64.2547
21    40.5657
22    53.2104
23    64.501
24    41.3704
25    55.838
8 7.12348  1
80    38.3894
9 11.946  10
38    62.7871
39    35.7727
40    37.5581
41    43.3883
42    62.4273
43    64.599
44    41.69
45    56.8818
46    46.4893
47    42.5533
10 7.69387  1
28    59.4325
11 13.8086  1
105    54.6451
12 13.7762  3
28    54.819
65    39.9174
81    64.4763
13 13.6703  1
26    61.0109
14 13.3245  1
80    41.2917
15 12.1953  1
29    43.0871
16 8.5081  1
27    39.402
17 6.46733  10
30    61.444
31    61.3881
32    61.2059
33    60.6108
34    58.6671
35    52.3196
36    61.5923
37    61.8725
66    51.0936
81    58.6818
18 9.80331  2
26    43.0816
80    55.5808
19 10.6969  1
27    49.4099
20 13.6151  1
119    0
21 13.1442  1
66    57.5886
22 11.6063  2
80    62.8649
105    35.1575
23 6.58452  1
119    0
24 10.186  2
26    61.3286
27    45.5243
25 11.9466  1
26    59.9736
26 7.6957  1
119    0
27 13.8147  1
119    0
28 13.796  1
119    0
29 13.7353  1
119    0
30 13.5369  1
66    50.0902
31 12.889  1
81    41.2889
32 10.7732  1
81    61.7507
33 13.8641  1
119    0
34 13.9575  1
119    0
35 14.2624  1
119    0
36 5.25758  1
95    54.5828
37 5.85269  1
119    0
38 7.79611  1
119    0
39 14.1424  1
119    0
40 14.8663  9
57    41.0427
58    54.7678
59    39.586
60    50.0105
61    54.0518
62    37.2486
63    42.3775
64    59.1267
65    53.8211
41 7.22999  1
119    0
42 12.2939  1
119    0
43 8.82977  1
66    54.3118
44 7.51778  1
105    36.8284
45 13.2336  6
48    59.7008
49    55.6952
50    42.6147
51    59.9013
52    56.3498
53    44.7525
46 11.8984  1
119    0
47 7.53822  4
54    36.8815
55    41.1791
56    55.2136
105    41.0051
48 13.3004  10
96    48.0403
97    47.6182
98    46.2394
99    41.7367
100    57.0338
101    46.9865
102    44.1766
103    35.0009
104    35.0375
105    35.5493
49 12.1166  1
119    0
50 8.25083  1
66    48.7974
51 5.62716  1
119    0
52 7.05969  1
119    0
53 11.7379  1
119    0
54 7.01422  1
119    0
55 11.5893  1
119    0
56 6.52867  4
67    45.1498
68    38.1788
69    45.4154
81    52.3681
57 10.0035  1
65    36.4951
58 11.3506  1
119    0
59 5.74953  1
119    0
60 7.45918  1
119    0
61 13.0422  1
119    0
62 11.2737  1
119    0
63 5.49837  1
119    0
64 6.63915  1
119    0
65 10.3645  1
119    0
66 12.5295  1
80    36.0273
67 9.59914  1
119    0
68 10.0301  10
70    39.0458
71    48.2472
72    48.2939
73    48.4458
74    48.9421
75    50.5626
76    55.8545
77    43.1347
78    61.5996
79    61.8963
69 11.4373  1
119    0
70 6.03244  1
119    0
71 8.38328  1
119    0
72 6.0596  7
106    39.1859
107    48.704
108    49.7853
109    53.3166
110    64.848
111    42.503
112    59.5369
73 8.47179  1
119    0
74 6.34861  1
119    0
75 9.41572  1
80    46.1029
76 9.43129  1
119    0
77 9.48195  1
119    0
78 9.64736  1
81    62.3898
79 10.1875  1
119    0
80 11.9515  1
119    0
81 7.71157  9
82    55.5716
83    42.2109
84    58.5829
85    52.0449
86    60.6951
87    58.9427
88    53.2196
89    64.5312
90    41.4684
82 13.8665  1
119    0
83 13.9654  1
119    0
84 14.2883  1
119    0
85 5.34242  4
91    56.1576
92    44.1244
93    64.8315
94    42.449
86 6.1298  1
113    55.1605
87 8.70098  1
119    0
88 7.09723  1
119    0
89 11.8603  1
119    0
90 7.41371  1
119    0
91 12.8939  1
119    0
92 10.7894  1
119    0
93 13.9169  1
119    0
94 14.1299  1
119    0
95 14.8254  1
119    0
96 7.09632  1
119    0
97 11.8572  1
119    0
98 7.40364  1
119    0
99 12.861  1
119    0
100 10.6816  1
119    0
101 13.565  1
119    0
102 12.9809  1
119    0
103 11.0732  1
119    0
104 14.8437  5
114    40.8687
115    54.1992
116    37.7293
117    43.9477
118    64.2547
105 7.15613  1
119    0
106 12.0525  1
119    0
107 8.04147  1
119    0
108 14.9438  1
119    0
109 7.48299  1
119    0
110 13.1201  1
119    0
111 11.5276  1
119    0
112 6.32756  1
119    0
113 9.34675  1
119    0
114 9.20606  1
119    0
115 8.74645  1
119    0
116 7.24555  1
119    0
117 12.3446  1
119    0
118 8.99548  1
119    0
119 0  0
