107
0 13.5369  4
1    1.08398
17    0.861742
33    0.79172
82    0.833799
1 12.889  3
2    0.754585
6    1.06421
17    0.795071
2 10.7732  4
3    0.878954
4    1.28509
5    0.811313
17    1.2169
3 13.8641  6
17    1.04181
23    1.24855
46    0.780917
52    0.825779
63    0.960805
68    0.85006
4 13.9575  10
7    1.29002
8    0.827409
9    1.11676
10    0.861632
11    1.22851
12    1.22657
13    1.22022
14    1.19947
15    1.13172
16    0.910486
5 14.2624  3
17    1.09638
47    0.968917
77    1.2169
6 5.25758  2
23    0.751161
52    1.17166
7 5.85269  3
23    1.25574
33    1.09536
47    1.11709
8 7.79611  6
17    1.18865
23    1.23185
46    0.902997
52    1.0409
63    0.924787
89    0.89505
9 14.1424  6
17    0.78804
33    0.820853
45    0.761946
47    0.965877
51    1.24779
64    0.700751
10 14.8663  4
23    1.29198
33    1.08104
69    0.754585
80    0.861742
11 7.22999  4
23    0.833799
32    0.89505
33    0.823582
48    0.720545
12 12.2939  7
18    1.22888
19    1.22776
20    1.22412
21    1.21222
22    1.17334
48    0.767788
51    1.04736
13 8.82977  2
17    0.988198
23    1.23745
14 7.51778  3
17    1.1168
52    1.11143
77    1.18865
15 13.2336  1
106    0
16 11.8984  3
17    1.01116
23    1.04639
77    0.988198
17 7.53822  9
24    1.13764
25    0.929786
26    0.851067
27    1.19402
28    1.1139
29    0.852293
30    1.19803
31    1.127
47    1.01125
18 13.3004  3
46    0.908307
63    0.779653
81    1.24855
19 12.1166  5
23    0.715455
52    0.844218
64    0.736567
80    1.21222
89    1.19803
20 8.25083  4
23    0.867766
48    1.23793
63    0.939729
80    1.22888
21 5.62716  3
52    1.2139
63    0.883532
64    0.783718
22 7.05969  4
33    0.737629
46    0.964943
68    1.19074
76    1.19947
23 11.7379  4
34    0.744972
35    0.847551
36    1.18253
37    1.07642
24 7.01422  1
33    1.10427
25 11.5893  1
48    0.922059
26 6.52867  4
33    1.00021
46    0.763576
47    1.23199
81    0.715455
27 10.0035  4
43    1.0018
44    1.08624
48    1.2573
63    0.700018
28 11.3506  1
64    0.703149
29 5.74953  7
38    0.729902
39    0.798349
40    1.02187
41    1.15177
42    0.975948
52    1.28953
89    1.127
30 7.45918  2
64    0.710987
82    1.29198
31 13.0422  1
77    1.04181
32 11.2737  1
106    0
33 5.49837  2
47    0.978841
68    1.10321
34 6.63915  2
69    0.817374
77    0.78804
35 10.3645  1
106    0
36 12.5295  2
63    1.14068
80    1.04639
37 9.59914  1
48    0.825834
38 10.0301  3
49    0.844823
50    1.17364
89    0.820853
39 11.4373  2
47    0.862694
89    0.823582
40 6.03244  1
106    0
41 8.38328  6
83    1.13764
84    0.929786
85    0.851067
86    1.19402
87    1.1139
88    0.852293
42 6.0596  2
80    1.17334
89    0.79172
43 8.47179  5
71    0.827409
72    1.11676
73    0.861632
74    1.22851
75    1.22657
44 6.34861  2
48    1.11162
63    0.834733
45 9.41572  10
53    1.17885
54    1.06439
55    1.29062
56    0.829368
57    1.12315
58    0.882488
59    1.29663
60    0.848979
61    1.1872
62    1.09166
46 9.43129  1
51    1.23501
47 9.48195  3
64    0.820103
70    1.28509
76    1.13172
48 9.64736  3
64    1.0929
70    0.811313
81    0.867766
49 10.1875  8
91    0.744972
92    0.847551
93    1.18253
94    1.07642
95    0.729902
96    0.798349
97    1.02187
98    1.15177
50 11.9515  2
70    1.06421
80    1.1168
51 7.71157  1
106    0
52 13.8665  1
106    0
53 13.9654  1
106    0
54 14.2883  1
77    0.910486
55 5.34242  1
106    0
56 6.1298  1
80    1.22776
57 8.70098  3
76    1.22022
80    1.01116
89    1.10427
58 7.09723  2
81    0.751161
89    1.09536
59 11.8603  3
63    0.952364
80    1.22412
81    1.25574
60 7.41371  1
70    0.878954
61 12.8939  1
106    0
62 10.7894  4
65    0.974081
66    0.995706
67    1.06633
68    1.29696
63 13.9169  1
106    0
64 14.1299  1
106    0
65 14.8254  1
81    1.23745
66 7.09632  1
70    1.29002
67 11.8572  1
69    1.08398
68 7.40364  1
106    0
69 12.861  1
106    0
70 10.6816  1
106    0
71 13.565  1
106    0
72 12.9809  3
78    1.09638
79    0.795071
90    1.08104
73 11.0732  1
106    0
74 14.8437  1
81    1.23185
75 7.15613  1
106    0
76 12.0525  1
89    0.737629
77 8.04147  1
106    0
78 14.9438  1
106    0
79 7.48299  1
106    0
80 13.1201  1
106    0
81 11.5276  1
106    0
82 6.32756  1
106    0
83 9.34675  1
106    0
84 9.20606  1
106    0
85 8.74645  7
99    0.975948
100    1.0018
101    1.08624
102    0.761946
103    0.902997
104    0.763576
105    0.908307
86 7.24555  1
106    0
87 12.3446  1
106    0
88 8.99548  1
106    0
89 8.05887  1
90    1.00021
90 5.00031  1
106    0
91 5.01251  1
106    0
92 5.05249  1
106    0
93 5.18311  1
106    0
94 5.60945  1
106    0
95 7.00171  1
106    0
96 11.5484  1
106    0
97 6.39531  1
106    0
98 9.56801  1
106    0
99 9.92843  1
106    0
100 11.1055  1
106    0
101 14.9493  1
106    0
102 7.50099  1
106    0
103 13.179  1
106    0
104 11.7202  1
106    0
105 6.95624  1
106    0
106 0  0
