44
0 14.8254  4
1    8.78954
2    12.8509
9    9.10486
33    10.2187
1 7.09632  4
2    8.11313
9    7.8804
23    11.3764
34    7.80917
2 11.8572  4
3    10.6421
4    12.9002
9    11.3172
33    7.98349
3 7.40364  1
23    9.29786
4 12.861  5
5    8.27409
6    11.1676
7    8.61632
8    12.2851
32    8.47551
5 10.6816  5
10    9.88198
11    10.4181
12    12.169
13    11.8865
14    10.9638
6 13.565  2
9    12.2022
22    12.4855
7 12.9809  4
9    11.9947
21    11.7334
22    7.51161
23    11.27
8 11.0732  4
9    12.2657
21    12.1222
22    12.3185
23    8.52293
9 14.8437  8
15    7.95071
16    10.1116
17    11.168
18    8.61742
19    12.2888
20    12.2776
22    12.5574
34    10.8624
10 7.15613  1
43    0
11 12.0525  2
21    12.2412
23    11.9402
12 8.04147  1
42    12.3793
13 14.9438  9
24    7.37629
25    8.23582
26    11.0427
27    8.20853
28    10.9536
29    7.9172
30    10.0021
31    10.8104
34    9.08307
14 7.48299  1
22    12.3745
15 13.1201  4
22    12.9198
23    11.9803
32    7.44972
42    8.25834
16 11.5276  1
33    11.5177
17 6.32756  1
22    8.33799
18 9.34675  2
23    8.51067
42    7.67788
19 9.20606  3
22    7.15455
23    11.139
33    7.29902
20 8.74645  3
22    10.4639
23    8.9505
42    12.3199
21 7.24555  2
22    8.67766
34    10.018
22 12.3446  1
33    10.7642
23 8.99548  1
33    11.8253
24 8.05887  1
43    0
25 5.00031  1
33    9.75948
26 5.01251  1
34    7.63576
27 5.05249  1
43    0
28 5.18311  1
43    0
29 5.60945  1
43    0
30 7.00171  8
35    9.64943
36    9.65877
37    9.68917
38    9.78841
39    10.1125
40    11.1709
41    8.62694
42    12.573
31 11.5484  1
43    0
32 6.39531  1
34    9.02997
33 9.56801  1
34    7.61946
34 9.92843  1
43    0
35 11.1055  1
43    0
36 14.9493  1
43    0
37 7.50099  1
42    7.20545
38 13.179  1
43    0
39 11.7202  1
43    0
40 6.95624  1
42    9.22059
41 11.3997  1
43    0
42 5.90976  1
43    0
43 0  0
