184
0 8.82977  6
1    58.6818
69    51.0936
71    50.5626
74    61.7507
117    35.7727
151    35.0009
1 7.51778  6
2    52.3681
20    54.5828
24    44.1766
39    64.2547
148    41.4684
149    44.1244
2 13.2336  10
3    61.7507
4    62.3898
5    64.4763
6    41.2889
7    55.5716
8    42.2109
39    55.838
59    43.3883
70    54.3118
71    61.5996
3 11.8984  6
39    61.4257
60    42.5533
90    47.6182
120    41.1791
138    38.3894
158    40.8687
4 7.53822  9
9    58.5829
10    52.0449
11    60.6951
12    58.9427
58    61.5923
74    62.3898
98    53.3166
99    64.2547
148    53.2196
5 13.3004  4
20    59.3602
69    36.4951
90    46.9865
157    55.1605
6 12.1166  1
57    60.6108
7 8.25083  2
72    46.1029
73    41.2917
8 5.62716  1
98    40.8687
9 7.05969  2
74    58.6818
149    38.9827
10 11.7379  4
24    46.9865
34    42.503
39    53.2104
148    60.6951
11 7.01422  8
13    53.2196
14    64.5312
15    41.4684
16    56.1576
17    44.1244
18    64.8315
19    42.449
181    41.69
12 11.5893  4
24    57.0338
34    49.7853
61    41.0427
70    45.1498
13 6.52867  2
58    61.8725
90    46.2394
14 10.0035  3
21    38.9827
22    48.0403
23    47.6182
15 11.3506  1
24    41.7367
16 5.74953  3
34    55.1605
61    55.2136
173    43.0871
17 7.45918  1
61    36.8815
18 13.0422  1
70    48.4458
19 11.2737  9
49    59.4325
50    54.819
51    39.7536
52    50.558
53    55.8399
60    55.6952
71    55.8545
74    52.3681
158    54.1992
20 5.49837  3
39    41.3704
69    57.5886
132    54.3118
21 6.63915  6
25    35.0009
26    35.0375
39    43.0816
70    45.4154
102    61.3286
117    43.3883
22 10.3645  2
24    46.2394
150    48.0403
23 12.5295  4
35    40.8687
36    54.1992
90    35.1575
120    36.8815
24 9.59914  10
27    35.1575
28    35.5493
29    36.8284
30    41.0051
31    54.6451
32    39.1859
33    48.704
34    64.848
57    58.6671
60    59.7008
25 10.0301  3
60    42.6147
70    48.2939
182    55.6952
26 11.4373  2
57    61.2059
132    45.1498
27 6.03244  10
40    61.3286
41    61.0109
42    59.9736
43    56.586
44    45.5243
45    39.402
46    49.4099
47    52.0907
48    60.8452
60    41.69
28 8.38328  3
37    37.7293
38    43.9477
182    55.2136
29 6.0596  1
34    59.5369
30 8.47179  3
34    53.3166
71    43.1347
149    59.3602
31 6.34861  4
39    40.5657
79    58.9427
117    61.8725
138    41.2917
32 9.41572  4
60    64.599
61    41.1791
118    59.7008
133    48.4458
33 9.43129  1
118    64.599
34 9.48195  4
58    52.3196
121    39.586
151    35.5493
181    59.7008
35 9.64736  4
54    43.0871
55    61.444
56    61.3881
132    38.1788
36 10.1875  10
80    64.5312
81    41.4684
82    56.1576
83    44.1244
84    64.8315
85    42.449
86    59.3602
87    54.5828
88    38.9827
89    48.0403
37 11.9515  2
179    35.7727
180    37.5581
38 7.71157  2
39    64.501
121    50.0105
39 13.8665  4
70    48.2472
71    38.3894
90    35.0375
138    55.5808
40 13.9654  5
75    55.5716
76    42.2109
77    58.5829
78    52.0449
98    64.848
41 14.2883  1
183    0
42 5.34242  2
59    37.5581
121    41.0427
43 6.1298  9
62    54.7678
63    39.586
64    50.0105
65    54.0518
66    37.2486
67    42.3775
68    59.1267
70    39.0458
71    36.0273
44 8.70098  3
74    64.4763
98    54.1992
117    61.5923
45 7.09723  4
69    48.7974
98    42.503
102    61.4257
118    41.69
46 11.8603  2
58    62.7871
151    41.0051
47 7.41371  1
74    42.2411
48 12.8939  1
58    35.7727
49 10.7894  2
125    59.1267
182    41.0427
50 13.9169  7
91    35.5493
92    36.8284
93    41.0051
94    54.6451
95    39.1859
96    48.704
97    49.7853
51 14.1299  3
71    48.9421
74    55.5808
157    59.5369
52 14.8254  1
183    0
53 7.09632  1
61    44.7525
54 11.8572  4
79    60.6951
90    41.7367
102    55.838
149    54.5828
55 7.40364  2
59    62.4273
61    56.3498
56 12.861  4
60    46.4893
69    53.8211
79    53.2196
102    41.3704
57 10.6816  1
60    59.9013
58 13.565  4
60    56.8818
69    39.9174
105    60.8452
132    39.0458
59 12.9809  1
183    0
60 11.0732  3
71    62.8649
102    43.0816
121    55.2136
61 14.8437  5
70    38.1788
71    61.8963
118    42.5533
149    64.8315
170    45.5243
62 7.15613  2
70    50.0902
182    59.9013
63 12.0525  3
90    57.0338
105    52.0907
150    57.0338
64 8.04147  2
98    55.1605
150    44.1766
65 14.9438  2
117    62.4273
182    44.7525
66 7.48299  1
183    0
67 13.1201  2
70    38.0973
151    35.0375
68 11.5276  3
74    41.2889
119    42.6147
172    59.4325
69 6.32756  5
112    61.444
113    61.3881
114    61.2059
115    60.6108
116    58.6671
70 9.34675  1
132    48.2939
71 9.20606  3
105    39.402
117    52.3196
126    36.4951
72 8.74645  1
183    0
73 7.24555  1
100    53.2104
74 12.3446  1
148    58.9427
75 8.99548  1
183    0
76 8.05887  2
98    59.5369
132    48.2472
77 5.00031  6
106    59.4325
107    54.819
108    39.7536
109    50.558
110    55.8399
111    43.0871
78 5.01251  1
183    0
79 5.05249  1
183    0
80 5.18311  1
117    37.5581
81 5.60945  1
183    0
82 7.00171  3
98    43.9477
99    40.5657
150    41.7367
83 11.5484  1
183    0
84 6.39531  2
138    62.8649
171    39.402
85 9.56801  1
183    0
86 9.92843  4
90    44.1766
98    37.7293
119    55.6952
182    56.3498
87 11.1055  2
102    61.0109
173    60.6108
88 14.9493  1
132    45.4154
89 7.50099  3
90    35.0009
132    38.0973
171    60.8452
90 13.179  3
120    44.7525
138    46.1029
181    64.599
91 11.7202  1
105    49.4099
92 6.95624  4
101    64.501
118    46.4893
120    56.3498
148    64.5312
93 11.3997  1
183    0
94 5.90976  1
183    0
95 7.98257  4
134    48.9421
135    50.5626
136    55.8545
137    43.1347
96 14.7516  1
150    46.9865
97 6.85522  2
103    56.586
104    45.5243
98 11.0701  1
125    53.8211
99 14.8337  3
122    54.0518
123    37.2486
124    42.3775
100 7.12348  1
181    56.8818
101 11.946  2
102    59.9736
118    56.8818
102 7.69387  2
121    54.7678
159    40.5657
103 13.8086  3
174    58.6671
175    52.3196
176    61.5923
104 13.7762  1
158    37.7293
105 13.6703  3
138    61.5996
148    56.1576
158    43.9477
106 13.3245  3
120    59.9013
171    52.0907
181    62.4273
107 12.1953  1
183    0
108 8.5081  1
183    0
109 6.46733  1
183    0
110 9.80331  1
138    36.0273
111 10.6969  2
117    62.7871
151    35.1575
112 13.6151  1
183    0
113 13.1442  1
183    0
114 11.6063  1
183    0
115 6.58452  1
183    0
116 10.186  2
171    49.4099
173    61.3881
117 11.9466  3
159    64.2547
173    39.7536
181    42.5533
118 7.6957  1
183    0
119 13.8147  1
183    0
120 13.796  1
183    0
121 13.7353  1
183    0
122 13.5369  1
183    0
123 12.889  10
160    53.2104
161    64.501
162    41.3704
163    55.838
164    43.0816
165    61.4257
166    61.3286
167    61.0109
168    59.9736
169    56.586
124 10.7732  1
183    0
125 13.8641  1
183    0
126 13.9575  5
127    39.9174
128    51.0936
129    57.5886
130    48.7974
131    50.0902
127 14.2624  9
139    42.2411
140    58.6818
141    52.3681
142    61.7507
143    62.3898
144    64.4763
145    41.2889
146    55.5716
147    42.2109
128 5.25758  1
182    41.1791
129 5.85269  1
138    61.8963
130 7.79611  5
152    54.6451
153    39.1859
154    48.704
155    49.7853
156    53.3166
131 14.1424  1
183    0
132 14.8663  1
148    52.0449
133 7.22999  1
183    0
134 12.2939  2
150    46.2394
182    36.8815
135 8.82977  1
181    46.4893
136 7.51778  1
183    0
137 13.2336  1
183    0
138 11.8984  1
183    0
139 7.53822  1
183    0
140 13.3004  1
182    54.7678
141 12.1166  1
183    0
142 8.25083  1
150    47.6182
143 5.62716  1
148    58.5829
144 7.05969  3
151    36.8284
173    61.2059
181    43.3883
145 11.7379  1
149    42.449
146 7.01422  1
173    50.558
147 11.5893  1
183    0
148 6.52867  1
182    42.6147
149 10.0035  1
157    42.503
150 11.3506  1
183    0
151 5.74953  2
157    64.848
173    61.444
152 7.45918  1
183    0
153 13.0422  1
183    0
154 11.2737  1
183    0
155 5.49837  1
183    0
156 6.63915  1
183    0
157 10.3645  1
173    55.8399
158 12.5295  1
183    0
159 9.59914  1
183    0
160 10.0301  1
183    0
161 11.4373  1
183    0
162 6.03244  1
183    0
163 8.38328  1
183    0
164 6.0596  1
183    0
165 8.47179  1
173    54.819
166 6.34861  1
183    0
167 9.41572  1
183    0
168 9.43129  1
183    0
169 9.48195  1
183    0
170 9.64736  1
183    0
171 10.1875  1
183    0
172 11.9515  1
183    0
173 7.71157  1
183    0
174 13.8665  2
177    61.8725
178    62.7871
175 13.9654  1
183    0
176 14.2883  1
183    0
177 5.34242  1
183    0
178 6.1298  1
183    0
179 8.70098  1
183    0
180 7.09723  1
183    0
181 11.8603  1
183    0
182 7.41371  1
183    0
183 0  0
