43
0 11.7379  6
1    6.44763
2    4.12889
3    5.55716
4    4.22109
5    5.85829
6    5.20449
1 7.01422  2
6    4.14684
41    4.33883
2 11.5893  3
6    6.45312
26    5.5838
27    5.6586
3 6.52867  2
6    6.06951
25    6.4501
4 10.0035  4
6    5.32196
23    5.46451
25    4.08687
26    6.14257
5 11.3506  1
6    5.89427
6 5.74953  10
7    5.61576
8    4.41244
9    6.48315
10    4.2449
11    5.93602
12    5.45828
13    3.89827
14    4.80403
15    4.76182
27    5.20907
7 7.45918  1
27    4.94099
8 13.0422  4
24    4.97853
26    4.30816
27    3.9402
41    5.68818
9 11.2737  2
23    3.51575
27    4.55243
10 5.49837  2
24    5.51605
25    4.05657
11 6.63915  3
24    6.4848
35    6.13881
41    4.169
12 10.3645  3
28    5.94325
29    5.4819
30    3.97536
13 12.5295  2
24    4.8704
25    4.13704
14 9.59914  1
26    5.99736
15 10.0301  7
16    4.62394
17    4.17367
18    5.70338
19    4.69865
20    4.41766
21    3.50009
22    3.50375
16 11.4373  1
25    6.42547
17 6.03244  3
23    3.68284
25    5.41992
35    6.06108
18 8.38328  2
24    4.2503
41    6.24273
19 6.0596  2
23    4.10051
24    5.95369
20 8.47179  3
23    3.55493
25    5.32104
41    4.64893
21 6.34861  2
23    3.91859
24    5.33166
22 9.41572  1
26    6.13286
23 9.43129  2
25    3.77293
27    6.08452
24 9.48195  2
25    4.39477
26    6.10109
25 9.64736  1
42    0
26 10.1875  1
41    3.75581
27 11.9515  1
42    0
28 7.71157  1
42    0
29 13.8665  5
31    5.0558
32    5.58399
33    4.30871
34    6.1444
35    5.86671
30 13.9654  1
35    6.12059
31 14.2883  1
42    0
32 5.34242  1
42    0
33 6.1298  1
42    0
34 8.70098  1
41    6.4599
35 7.09723  5
36    5.23196
37    6.15923
38    6.18725
39    6.27871
40    3.57727
36 11.8603  1
42    0
37 7.41371  1
42    0
38 12.8939  1
42    0
39 10.7894  1
42    0
40 13.9169  1
42    0
41 14.1299  1
42    0
42 0  0
