46
0 5.90976  10
1    0.852293
2    1.19803
3    1.127
4    0.89505
5    0.737629
6    0.823582
7    1.10427
8    0.820853
9    1.09536
10    0.79172
1 7.98257  1
12    0.729902
2 14.7516  1
12    0.847551
3 6.85522  4
12    1.07642
13    0.902997
14    0.780917
21    0.844823
4 11.0701  1
21    1.11162
5 14.8337  2
12    0.798349
21    1.17364
6 7.12348  2
12    1.02187
21    0.825834
7 11.946  3
12    1.08104
13    0.763576
16    1.23199
8 7.69387  2
12    1.18253
13    1.0018
9 13.8086  5
12    0.744972
13    1.08624
14    0.964943
15    0.968917
16    0.862694
10 13.7762  4
11    1.00021
12    1.15177
13    0.908307
16    1.01125
11 13.6703  3
12    0.975948
15    0.978841
16    1.11709
12 13.3245  2
13    0.761946
21    1.23501
13 12.1953  3
14    0.965877
16    1.23793
38    0.960805
14 8.5081  1
21    1.04736
15 6.46733  2
22    1.28953
38    0.779653
16 9.80331  4
17    1.2573
18    0.720545
19    0.767788
20    0.922059
17 10.6969  1
22    1.24779
18 13.6151  1
45    0
19 13.1442  1
45    0
20 11.6063  9
23    0.825779
24    1.11143
25    0.844218
26    1.17166
27    1.0409
28    1.2139
29    1.17885
30    1.06439
31    1.29062
21 6.58452  1
45    0
22 10.186  6
39    0.924787
40    0.834733
41    1.14068
42    0.939729
43    0.883532
44    0.700018
23 11.9466  1
45    0
24 7.6957  1
45    0
25 13.8147  1
45    0
26 13.796  1
45    0
27 13.7353  1
45    0
28 13.5369  6
32    0.829368
33    1.12315
34    0.882488
35    1.29663
36    0.848979
37    1.1872
29 12.889  1
45    0
30 10.7732  1
45    0
31 13.8641  1
45    0
32 13.9575  1
45    0
33 14.2624  1
45    0
34 5.25758  1
45    0
35 5.85269  1
38    0.952364
36 7.79611  1
45    0
37 14.1424  1
38    1.09166
38 14.8663  1
45    0
39 7.22999  1
45    0
40 12.2939  1
45    0
41 8.82977  1
45    0
42 7.51778  1
45    0
43 13.2336  1
45    0
44 11.8984  1
45    0
45 0  0
