176
0 6.32756  2
1    39.402
10    60.6108
1 9.34675  7
2    49.4099
3    52.0907
10    61.444
24    55.2136
25    36.4951
87    36.8815
134    40.8687
2 9.20606  3
10    58.6671
24    41.1791
28    45.1498
3 8.74645  4
4    60.8452
10    61.8725
24    56.3498
111    64.4763
4 7.24555  9
5    59.4325
6    54.819
7    39.7536
8    50.558
9    55.8399
10    62.7871
24    50.0105
28    38.0973
36    36.0273
5 12.3446  6
10    61.2059
28    50.0902
36    42.2411
37    64.4763
41    60.6951
79    37.5581
6 8.99548  2
10    52.3196
41    58.9427
7 8.05887  5
10    61.3881
72    55.838
77    54.819
98    38.1788
159    62.7871
8 5.00031  4
10    43.0871
29    48.2472
72    61.3286
158    61.8725
9 5.01251  2
10    61.5923
24    41.0427
10 5.05249  7
11    35.7727
24    39.586
25    42.3775
28    48.7974
36    58.6818
51    35.0375
160    59.7008
11 5.18311  5
12    37.5581
13    43.3883
14    62.4273
72    61.4257
78    43.0871
12 5.60945  10
15    64.599
16    41.69
17    56.8818
18    46.4893
19    42.5533
25    37.2486
29    48.4458
37    52.3681
111    55.5716
135    55.838
13 7.00171  4
24    54.0518
29    39.0458
51    44.1766
112    58.9427
14 11.5484  3
25    59.1267
36    55.5808
51    47.6182
15 6.39531  4
26    39.9174
27    51.0936
28    57.5886
87    41.1791
16 9.56801  3
24    54.7678
51    46.9865
72    59.9736
17 9.92843  3
28    54.3118
29    45.4154
36    46.1029
18 11.1055  6
33    61.5996
34    61.8963
35    62.8649
99    50.5626
101    62.8649
134    59.5369
19 14.9493  4
20    59.7008
21    55.6952
22    42.6147
23    59.9013
20 7.50099  3
29    48.2939
37    61.7507
79    52.3196
21 13.179  5
24    36.8815
29    48.9421
36    41.2917
51    57.0338
159    46.4893
22 11.7202  2
32    43.1347
72    61.0109
23 6.95624  4
24    44.7525
25    53.8211
41    52.0449
134    54.1992
24 11.3997  2
51    48.0403
78    55.8399
25 5.90976  1
98    48.7974
26 7.98257  2
78    50.558
98    54.3118
27 14.7516  2
29    38.1788
111    41.2889
28 6.85522  3
38    41.2889
39    55.5716
40    42.2109
29 11.0701  4
30    50.5626
31    55.8545
87    59.9013
135    41.3704
30 14.8337  1
37    62.3898
31 7.12348  3
36    38.3894
111    52.0449
162    39.586
32 11.946  10
42    53.2196
43    64.5312
44    41.4684
45    56.1576
46    44.1244
47    64.8315
48    42.449
49    59.3602
50    54.5828
51    41.7367
33 7.69387  6
80    43.3883
81    62.4273
82    64.599
83    41.69
84    56.8818
135    53.2104
34 13.8086  5
69    64.2547
70    40.5657
71    53.2104
79    35.7727
135    43.9477
35 13.7762  1
41    58.5829
36 13.6703  1
175    0
37 13.3245  2
79    61.5923
99    48.4458
38 12.1953  2
164    54.0518
165    37.2486
39 8.5081  1
161    44.7525
40 6.46733  5
52    35.1575
53    35.5493
54    36.8284
72    43.0816
78    61.3881
41 9.80331  1
51    35.0009
42 10.6969  1
77    60.8452
43 13.6151  1
87    55.2136
44 13.1442  2
78    61.444
160    56.3498
45 11.6063  2
51    46.2394
99    55.8545
46 6.58452  1
87    41.0427
47 10.186  1
51    38.9827
48 11.9466  3
72    41.3704
99    43.1347
111    60.6951
49 7.6957  5
55    41.0051
56    54.6451
57    39.1859
58    48.704
59    49.7853
50 13.8147  2
79    62.7871
101    61.8963
51 13.796  1
175    0
52 13.7353  1
112    53.2196
53 13.5369  10
60    53.3166
61    64.848
62    42.503
63    59.5369
64    55.1605
65    40.8687
66    54.1992
67    37.7293
68    43.9477
112    44.1244
54 12.889  1
175    0
55 10.7732  1
175    0
56 13.8641  6
73    45.5243
74    39.402
75    49.4099
76    52.0907
77    59.4325
87    39.586
57 13.9575  1
175    0
58 14.2624  1
111    42.2109
59 5.25758  1
112    64.8315
60 5.85269  1
175    0
61 7.79611  3
79    58.6671
87    44.7525
113    42.449
62 14.1424  1
79    61.8725
63 14.8663  3
79    60.6108
86    55.6952
112    41.4684
64 7.22999  4
79    61.2059
100    61.5996
134    55.1605
159    64.599
65 12.2939  1
72    56.586
66 8.82977  1
175    0
67 7.51778  1
175    0
68 13.2336  2
77    39.7536
162    55.2136
69 11.8984  5
72    64.501
87    54.7678
98    45.1498
99    48.2939
162    36.8815
70 7.53822  1
87    56.3498
71 13.3004  1
175    0
72 12.1166  1
87    42.6147
73 8.25083  1
175    0
74 5.62716  1
112    56.1576
75 7.05969  1
175    0
76 11.7379  3
86    59.7008
98    38.0973
113    54.5828
77 7.01422  1
175    0
78 11.5893  1
175    0
79 6.52867  2
86    42.5533
162    41.0427
80 10.0035  2
85    46.4893
159    62.4273
81 11.3506  10
88    50.0105
89    54.0518
90    37.2486
91    42.3775
92    59.1267
93    53.8211
94    36.4951
95    39.9174
96    51.0936
97    57.5886
82 5.74953  1
175    0
83 7.45918  1
175    0
84 13.0422  1
98    39.0458
85 11.2737  2
98    50.0902
160    55.6952
86 5.49837  6
143    52.0907
144    60.8452
145    59.4325
146    54.819
147    39.7536
148    50.558
87 6.63915  1
99    48.9421
88 10.3645  6
114    38.9827
115    48.0403
116    47.6182
117    46.2394
118    41.7367
119    57.0338
89 12.5295  1
98    48.2472
90 9.59914  5
129    39.1859
130    48.704
131    49.7853
132    53.3166
133    64.848
91 10.0301  2
112    64.5312
160    42.6147
92 11.4373  1
175    0
93 6.03244  1
159    41.69
94 8.38328  1
98    45.4154
95 6.0596  1
101    36.0273
96 8.47179  9
102    38.3894
103    46.1029
104    41.2917
105    55.5808
106    42.2411
107    58.6818
108    52.3681
109    61.7507
110    62.3898
97 6.34861  1
175    0
98 9.41572  1
111    58.5829
99 9.43129  1
135    40.5657
100 9.48195  1
135    64.2547
101 9.64736  1
175    0
102 10.1875  1
113    59.3602
103 11.9515  1
175    0
104 7.71157  1
175    0
105 13.8665  1
175    0
106 13.9654  1
175    0
107 14.2883  1
163    50.0105
108 5.34242  1
175    0
109 6.1298  1
135    64.501
110 8.70098  1
175    0
111 7.09723  1
159    42.5533
112 11.8603  1
135    37.7293
113 7.41371  1
134    42.503
114 12.8939  7
136    61.3286
137    61.0109
138    59.9736
139    56.586
140    45.5243
141    39.402
142    49.4099
115 10.7894  1
175    0
116 13.9169  1
175    0
117 14.1299  10
120    46.9865
121    44.1766
122    35.0009
123    35.0375
124    35.1575
125    35.5493
126    36.8284
127    41.0051
128    54.6451
135    61.4257
118 14.8254  1
175    0
119 7.09632  1
162    54.7678
120 11.8572  1
175    0
121 7.40364  1
175    0
122 12.861  1
175    0
123 10.6816  1
175    0
124 13.565  1
159    37.5581
125 12.9809  1
175    0
126 11.0732  1
175    0
127 14.8437  1
175    0
128 7.15613  1
175    0
129 12.0525  1
175    0
130 8.04147  10
149    55.8399
150    43.0871
151    61.444
152    61.3881
153    61.2059
154    60.6108
155    58.6671
156    52.3196
157    61.5923
162    41.1791
131 14.9438  9
166    42.3775
167    59.1267
168    53.8211
169    36.4951
170    39.9174
171    51.0936
172    57.5886
173    48.7974
174    50.0902
132 7.48299  1
175    0
133 13.1201  1
175    0
134 11.5276  1
135    43.0816
135 6.32756  1
175    0
136 9.34675  1
175    0
137 9.20606  1
175    0
138 8.74645  1
175    0
139 7.24555  1
175    0
140 12.3446  1
175    0
141 8.99548  1
175    0
142 8.05887  1
175    0
143 5.00031  1
175    0
144 5.01251  1
175    0
145 5.05249  1
175    0
146 5.18311  1
175    0
147 5.60945  1
175    0
148 7.00171  1
175    0
149 11.5484  1
160    59.9013
150 6.39531  1
159    43.3883
151 9.56801  1
175    0
152 9.92843  1
175    0
153 11.1055  1
175    0
154 14.9493  1
175    0
155 7.50099  1
175    0
156 13.179  1
159    56.8818
157 11.7202  1
159    35.7727
158 6.95624  1
175    0
159 11.3997  1
175    0
160 5.90976  1
175    0
161 7.98257  1
175    0
162 14.7516  1
175    0
163 6.85522  1
175    0
164 11.0701  1
175    0
165 14.8337  1
175    0
166 7.12348  1
175    0
167 11.946  1
175    0
168 7.69387  1
175    0
169 13.8086  1
175    0
170 13.7762  1
175    0
171 13.6703  1
175    0
172 13.3245  1
175    0
173 12.1953  1
175    0
174 8.5081  1
175    0
175 0  0
