204
0 7.12348  10
1    4.82939
2    4.84458
3    4.89421
4    5.05626
5    5.58545
6    4.31347
7    6.15996
8    6.18963
9    6.28649
18    5.55716
1 11.946  9
23    5.32196
24    6.45312
25    4.14684
26    5.61576
27    4.41244
28    6.48315
29    4.2449
30    5.93602
173    5.56952
2 7.69387  4
35    4.17367
88    5.68818
173    4.64893
179    5.91267
3 13.8086  2
18    6.17507
88    6.4599
4 13.7762  3
19    5.85829
31    3.89827
98    3.99174
5 13.6703  10
76    6.1444
77    6.13881
78    6.12059
79    6.06108
80    5.86671
81    5.23196
82    6.15923
83    6.18725
84    6.27871
85    3.57727
6 13.3245  1
203    0
7 12.1953  2
19    4.22109
100    4.54154
8 8.5081  1
74    5.94325
9 6.46733  9
10    3.60273
11    3.83894
12    4.61029
13    4.12917
14    5.55808
15    4.22411
16    5.86818
17    5.23681
18    6.23898
10 9.80331  2
96    5.47678
98    3.64951
11 10.6969  2
100    4.89421
109    6.44763
12 13.6151  3
20    5.20449
21    6.06951
22    5.89427
13 13.1442  4
32    4.80403
33    4.76182
34    4.62394
110    4.22109
14 11.6063  2
126    5.70338
127    4.69865
15 6.58452  2
18    6.44763
74    5.4819
16 10.186  1
18    4.12889
17 11.9466  2
132    4.8704
133    4.97853
18 7.6957  1
128    3.51575
19 13.8147  2
51    4.2503
52    5.95369
20 13.796  1
109    4.22411
21 13.7353  6
101    4.31347
102    6.15996
103    6.18963
104    6.28649
105    3.60273
106    3.83894
22 13.5369  2
73    6.08452
109    6.23898
23 12.889  10
36    5.70338
37    4.69865
38    4.41766
39    3.50009
40    3.50375
41    3.51575
42    3.55493
43    3.68284
44    4.10051
45    5.46451
24 10.7732  1
66    6.13286
25 13.8641  1
203    0
26 13.9575  2
96    3.72486
159    6.1444
27 14.2624  1
203    0
28 5.25758  3
31    5.45828
109    5.86818
128    3.55493
29 5.85269  3
96    4.11791
98    5.75886
128    3.50009
30 7.79611  6
67    5.99736
68    5.6586
69    4.55243
70    3.9402
71    4.94099
72    5.20907
31 14.1424  9
57    4.39477
58    6.42547
59    4.05657
60    5.32104
61    6.4501
62    4.13704
63    5.5838
64    4.30816
65    6.14257
32 14.8663  6
46    3.91859
47    4.8704
48    4.97853
49    5.33166
50    6.4848
88    4.64893
33 7.22999  1
173    5.63498
34 12.2939  2
74    5.58399
96    3.9586
35 8.82977  1
107    4.61029
36 7.51778  2
98    4.87974
173    4.25533
37 13.2336  1
108    5.55808
38 11.8984  2
98    5.00902
128    3.68284
39 7.53822  1
203    0
40 13.3004  1
203    0
41 12.1166  1
203    0
42 8.25083  1
203    0
43 5.62716  1
96    3.68815
44 7.05969  8
144    4.05657
145    5.32104
146    6.4501
147    4.13704
148    5.5838
149    4.30816
150    6.14257
151    6.13286
45 11.7379  1
109    6.17507
46 7.01422  10
134    5.33166
135    6.4848
136    4.2503
137    5.95369
138    5.51605
139    4.08687
140    5.41992
141    3.77293
142    4.39477
143    6.42547
47 11.5893  1
203    0
48 6.52867  1
96    5.00105
49 10.0035  1
109    5.23681
50 11.3506  1
203    0
51 5.74953  1
203    0
52 7.45918  6
53    5.51605
54    4.08687
55    5.41992
56    3.77293
98    5.10936
159    4.30871
53 13.0422  1
66    6.10109
54 11.2737  3
74    5.0558
75    4.30871
100    5.05626
55 5.49837  1
203    0
56 6.63915  1
203    0
57 10.3645  1
96    5.40518
58 12.5295  2
88    6.24273
98    5.43118
59 9.59914  1
203    0
60 10.0301  1
179    3.72486
61 11.4373  2
98    3.80973
168    3.75581
62 6.03244  1
97    5.38211
63 8.38328  1
203    0
64 6.0596  7
89    4.25533
90    5.97008
91    5.56952
92    4.26147
93    5.99013
94    5.63498
95    4.47525
65 8.47179  2
128    3.50375
173    5.99013
66 6.34861  2
96    4.10427
100    4.82472
67 9.41572  1
203    0
68 9.43129  1
203    0
69 9.48195  1
179    5.47678
70 9.64736  1
203    0
71 10.1875  1
179    5.00105
72 11.9515  4
115    5.61576
116    4.41244
117    6.48315
118    4.2449
73 7.71157  2
74    3.97536
107    4.12917
74 13.8665  3
96    4.23775
99    3.81788
110    4.12889
75 13.9654  1
203    0
76 14.2883  1
88    4.169
77 5.34242  1
203    0
78 6.1298  1
202    6.28649
79 8.70098  1
87    4.33883
80 7.09723  2
96    5.52136
173    5.97008
81 11.8603  1
203    0
82 7.41371  1
203    0
83 12.8939  2
86    3.75581
100    5.58545
84 10.7894  1
203    0
85 13.9169  1
173    4.26147
86 14.1299  1
100    3.90458
87 14.8254  1
203    0
88 7.09632  1
203    0
89 11.8572  6
182    3.99174
183    5.10936
184    5.75886
185    4.87974
186    5.00902
187    5.43118
90 7.40364  1
203    0
91 12.861  1
110    6.06951
92 10.6816  1
203    0
93 13.565  2
100    4.84458
110    5.20449
94 12.9809  1
99    4.51498
95 11.0732  2
97    5.91267
100    4.82939
96 14.8437  1
110    5.55716
97 7.15613  1
203    0
98 12.0525  1
203    0
99 8.04147  8
119    5.93602
120    5.45828
121    3.89827
122    4.80403
123    4.76182
124    4.62394
125    4.17367
128    4.41766
100 14.9438  1
110    5.85829
101 7.48299  1
203    0
102 13.1201  1
203    0
103 11.5276  1
203    0
104 6.32756  1
203    0
105 9.34675  4
111    5.89427
112    5.32196
113    6.45312
114    4.14684
106 9.20606  1
203    0
107 8.74645  1
203    0
108 7.24555  1
159    5.94325
109 12.3446  1
203    0
110 8.99548  1
203    0
111 8.05887  1
159    5.0558
112 5.00031  1
203    0
113 5.01251  1
203    0
114 5.05249  1
203    0
115 5.18311  3
170    6.4599
171    4.169
172    5.68818
116 5.60945  1
159    5.58399
117 7.00171  1
203    0
118 11.5484  1
203    0
119 6.39531  1
203    0
120 9.56801  1
203    0
121 9.92843  1
159    3.97536
122 11.1055  1
203    0
123 14.9493  1
203    0
124 7.50099  5
174    4.47525
175    3.68815
176    4.11791
177    5.52136
178    4.10427
125 13.179  1
203    0
126 11.7202  3
129    4.10051
130    5.46451
131    3.91859
127 6.95624  1
203    0
128 11.3997  1
203    0
129 5.90976  1
203    0
130 7.98257  1
203    0
131 14.7516  1
203    0
132 6.85522  7
152    6.10109
153    5.99736
154    5.6586
155    4.55243
156    3.9402
157    4.94099
158    5.20907
133 11.0701  1
203    0
134 14.8337  8
160    6.12059
161    6.06108
162    5.86671
163    5.23196
164    6.15923
165    6.18725
166    6.27871
167    3.57727
135 7.12348  1
203    0
136 11.946  1
203    0
137 7.69387  1
168    4.33883
138 13.8086  1
203    0
139 13.7762  10
188    3.80973
189    4.51498
190    3.81788
191    4.54154
192    3.90458
193    4.82472
194    4.82939
195    4.84458
196    4.89421
197    5.05626
140 13.6703  1
203    0
141 13.3245  1
203    0
142 12.1953  1
203    0
143 8.5081  1
179    4.23775
144 6.46733  1
203    0
145 9.80331  1
203    0
146 10.6969  1
159    6.13881
147 13.6151  1
169    6.24273
148 13.1442  1
179    3.9586
149 11.6063  1
203    0
150 6.58452  1
159    6.08452
151 10.186  1
203    0
152 11.9466  2
180    5.38211
181    3.64951
153 7.6957  1
203    0
154 13.8147  1
203    0
155 13.796  1
203    0
156 13.7353  1
159    5.4819
157 13.5369  1
203    0
158 12.889  1
203    0
159 10.7732  1
203    0
160 13.8641  1
179    5.40518
161 13.9575  1
203    0
162 14.2624  1
203    0
163 5.25758  1
203    0
164 5.85269  1
203    0
165 7.79611  1
203    0
166 14.1424  1
203    0
167 14.8663  1
203    0
168 7.22999  1
203    0
169 12.2939  1
203    0
170 8.82977  1
203    0
171 7.51778  1
203    0
172 13.2336  1
203    0
173 11.8984  4
198    5.58545
199    4.31347
200    6.15996
201    6.18963
174 7.53822  1
203    0
175 13.3004  1
203    0
176 12.1166  1
203    0
177 8.25083  1
203    0
178 5.62716  1
203    0
179 7.05969  1
203    0
180 11.7379  1
203    0
181 7.01422  1
203    0
182 11.5893  1
203    0
183 6.52867  1
203    0
184 10.0035  1
203    0
185 11.3506  1
203    0
186 5.74953  1
203    0
187 7.45918  1
203    0
188 13.0422  1
203    0
189 11.2737  1
203    0
190 5.49837  1
203    0
191 6.63915  1
203    0
192 10.3645  1
203    0
193 12.5295  1
203    0
194 9.59914  1
203    0
195 10.0301  1
203    0
196 11.4373  1
203    0
197 6.03244  1
203    0
198 8.38328  1
203    0
199 6.0596  1
203    0
200 8.47179  1
203    0
201 6.34861  1
203    0
202 9.41572  1
203    0
203 0  0
