43
0 10.7732  3
1    7.80917
3    9.65877
4    10.1125
1 13.8641  3
2    9.64943
3    9.68917
4    11.1709
2 13.9575  1
4    9.78841
3 14.2624  1
4    8.62694
4 5.25758  7
5    12.3199
6    12.3793
7    12.573
8    7.20545
9    7.67788
10    9.22059
11    8.25834
5 5.85269  1
42    0
6 7.79611  1
42    0
7 14.1424  9
12    11.1162
13    8.44823
14    11.7364
15    10.4736
16    12.3501
17    12.478
18    12.8953
19    8.25779
20    11.1143
8 14.8663  1
42    0
9 7.22999  1
42    0
10 12.2939  1
36    9.60805
11 8.82977  1
42    0
12 7.51778  1
42    0
13 13.2336  5
37    9.52364
38    9.24787
39    8.34733
40    11.4068
41    9.39729
14 11.8984  1
21    8.44218
15 7.53822  1
42    0
16 13.3004  1
42    0
17 12.1166  1
42    0
18 8.25083  1
42    0
19 5.62716  1
42    0
20 7.05969  1
42    0
21 11.7379  10
22    11.7166
23    10.409
24    12.139
25    11.7885
26    10.6439
27    12.9062
28    8.29368
29    11.2315
30    8.82488
31    12.9663
22 7.01422  1
42    0
23 11.5893  1
42    0
24 6.52867  1
42    0
25 10.0035  1
42    0
26 11.3506  1
42    0
27 5.74953  1
42    0
28 7.45918  1
42    0
29 13.0422  4
32    8.48979
33    11.872
34    10.9166
35    7.79653
30 11.2737  1
42    0
31 5.49837  1
42    0
32 6.63915  1
42    0
33 10.3645  1
42    0
34 12.5295  1
42    0
35 9.59914  1
42    0
36 10.0301  1
42    0
37 11.4373  1
42    0
38 6.03244  1
42    0
39 8.38328  1
42    0
40 6.0596  1
42    0
41 8.47179  1
42    0
42 0  0
