63
0 6.34861  8
1    5.41992
2    3.77293
3    4.39477
4    6.42547
5    4.05657
6    5.32104
7    6.4501
8    4.13704
1 9.41572  1
29    4.33883
2 9.43129  2
28    6.12059
29    6.27871
3 9.48195  4
9    5.5838
10    4.30816
11    6.14257
34    5.63498
4 9.64736  10
52    5.05626
53    5.58545
54    4.31347
55    6.15996
56    6.18963
57    6.28649
58    3.60273
59    3.83894
60    4.61029
61    4.12917
5 10.1875  2
29    6.4599
46    4.54154
6 11.9515  4
12    6.13286
13    6.10109
14    5.99736
28    5.86671
7 7.71157  1
62    0
8 13.8665  6
16    4.55243
17    3.9402
18    4.94099
19    5.20907
20    6.08452
29    6.18725
9 13.9654  2
31    4.25533
46    5.75886
10 14.2883  2
21    5.94325
46    3.99174
11 5.34242  2
29    6.24273
30    5.68818
12 6.1298  3
28    6.13881
34    4.47525
46    5.10936
13 8.70098  2
43    5.91267
44    5.38211
14 7.09723  2
15    5.6586
30    4.169
15 11.8603  7
22    5.4819
23    3.97536
24    5.0558
25    5.58399
26    4.30871
27    6.1444
28    6.06108
16 7.41371  1
34    4.26147
17 12.8939  1
62    0
18 10.7894  1
46    5.00902
19 13.9169  1
28    6.15923
20 14.1299  1
29    3.75581
21 14.8254  1
46    5.43118
22 7.09632  1
28    5.23196
23 11.8572  3
32    5.97008
33    5.56952
46    4.87974
24 7.40364  2
29    3.57727
31    4.64893
25 12.861  1
62    0
26 10.6816  1
62    0
27 13.565  2
34    3.68815
46    4.51498
28 12.9809  8
35    5.52136
36    4.10427
37    5.47678
38    3.9586
39    5.00105
40    5.40518
41    3.72486
42    4.23775
29 11.0732  1
34    4.11791
30 14.8437  1
62    0
31 7.15613  1
34    5.99013
32 12.0525  1
62    0
33 8.04147  1
62    0
34 14.9438  1
62    0
35 7.48299  1
46    3.80973
36 13.1201  1
62    0
37 11.5276  1
62    0
38 6.32756  1
62    0
39 9.34675  1
45    3.64951
40 9.20606  5
47    3.90458
48    4.82472
49    4.82939
50    4.84458
51    4.89421
41 8.74645  1
62    0
42 7.24555  1
62    0
43 12.3446  1
62    0
44 8.99548  1
62    0
45 8.05887  1
46    3.81788
46 5.00031  1
62    0
47 5.01251  1
62    0
48 5.05249  1
62    0
49 5.18311  1
62    0
50 5.60945  1
62    0
51 7.00171  1
62    0
52 11.5484  1
62    0
53 6.39531  1
62    0
54 9.56801  1
62    0
55 9.92843  1
62    0
56 11.1055  1
62    0
57 14.9493  1
62    0
58 7.50099  1
62    0
59 13.179  1
62    0
60 11.7202  1
62    0
61 6.95624  1
62    0
62 0  0
