183
0 5.34242  2
1    4.2503
160    5.10936
1 6.1298  10
2    5.95369
3    5.51605
4    4.08687
5    5.41992
6    3.77293
7    4.39477
8    6.42547
9    4.05657
35    5.99013
36    4.47525
2 8.70098  3
16    6.13286
17    6.10109
86    3.75581
3 7.09723  1
35    4.64893
4 11.8603  8
10    5.32104
11    6.4501
12    4.13704
29    5.58399
34    5.23196
53    3.81788
87    5.56952
106    4.31347
5 7.41371  4
36    5.63498
71    5.70338
82    5.6586
181    4.61029
6 12.8939  10
18    5.99736
19    5.6586
20    4.55243
21    3.9402
22    4.94099
23    5.20907
24    6.08452
25    5.94325
26    5.4819
33    6.06108
7 10.7894  6
13    5.5838
14    4.30816
15    6.14257
55    4.12917
83    3.9402
131    5.70338
8 13.9169  5
35    5.68818
57    4.12889
86    5.23196
87    5.97008
90    4.10427
9 14.1299  2
53    4.82472
84    3.97536
10 14.8254  6
33    5.86671
35    5.56952
85    6.06108
105    4.82472
131    4.69865
144    4.55243
11 7.09632  5
71    3.89827
81    4.30816
90    3.9586
105    3.90458
151    6.4599
12 11.8572  6
34    6.18725
71    4.76182
72    3.51575
83    4.55243
91    4.23775
132    3.51575
13 7.40364  10
37    3.68815
38    4.11791
39    5.52136
40    4.10427
41    5.47678
42    3.9586
43    5.00105
44    5.40518
45    3.72486
46    4.23775
14 12.861  2
35    4.26147
151    6.27871
15 10.6816  3
34    3.57727
84    5.58399
86    6.27871
16 13.565  2
55    3.83894
87    5.68818
17 12.9809  2
34    6.24273
72    3.50375
18 11.0732  4
34    6.4599
53    4.82939
71    4.17367
134    5.46451
19 14.8437  4
93    5.38211
94    3.64951
95    3.99174
134    6.4848
20 7.15613  4
34    4.33883
53    3.90458
81    6.14257
86    3.57727
21 12.0525  10
47    5.91267
48    5.38211
49    3.64951
50    3.99174
51    5.10936
52    5.75886
55    4.61029
73    6.4848
81    6.10109
88    5.63498
22 8.04147  1
33    6.12059
23 14.9438  7
34    6.27871
35    4.25533
53    5.00902
54    4.31347
55    6.17507
151    6.24273
160    3.72486
24 7.48299  5
27    3.97536
28    5.0558
53    4.54154
54    5.58545
153    4.26147
25 13.1201  4
35    5.97008
55    5.23681
88    3.68815
105    4.84458
26 11.5276  2
34    3.75581
71    4.80403
27 6.32756  4
53    5.43118
74    5.95369
120    6.06951
153    4.64893
28 9.34675  4
54    6.28649
71    4.62394
74    4.2503
134    4.10051
29 9.20606  4
30    4.30871
31    6.1444
32    6.13881
84    5.20907
30 8.74645  1
34    6.15923
31 7.24555  3
34    4.169
53    4.87974
74    4.08687
32 12.3446  1
182    0
33 8.99548  3
56    6.23898
73    5.33166
132    4.41766
34 8.05887  3
53    3.80973
54    4.84458
144    6.14257
35 5.00031  5
54    5.05626
73    4.8704
81    6.13286
134    5.95369
153    4.25533
36 5.01251  4
57    5.55716
83    4.94099
90    5.47678
106    6.18963
37 5.05249  4
55    3.60273
86    6.24273
91    5.40518
134    3.91859
38 5.18311  3
72    3.68284
106    4.61029
144    4.94099
39 5.60945  3
54    4.89421
55    4.22411
132    3.55493
40 7.00171  6
65    5.61576
66    4.41244
67    6.48315
68    4.2449
69    5.93602
70    5.45828
41 11.5484  5
54    6.15996
74    4.39477
88    4.47525
135    3.77293
145    5.94325
42 6.39531  3
86    5.86671
90    5.00105
160    5.38211
43 9.56801  1
55    5.55808
44 9.92843  1
57    4.22109
45 11.1055  2
74    5.51605
131    3.89827
46 14.9493  5
56    6.44763
71    4.69865
73    5.46451
85    6.13881
160    5.00105
47 7.50099  1
73    4.10051
48 13.179  1
55    5.86818
49 11.7202  2
85    6.12059
153    5.63498
50 6.95624  2
53    4.51498
72    3.55493
51 11.3997  1
182    0
52 5.90976  2
54    6.18963
87    4.25533
53 7.98257  3
87    6.4599
145    3.97536
153    4.47525
54 14.7516  2
72    4.41766
87    4.26147
55 6.85522  10
58    5.85829
59    5.20449
60    6.06951
61    5.89427
62    5.32196
63    6.45312
64    4.14684
73    3.91859
106    5.05626
131    4.62394
56 11.0701  2
73    4.97853
86    6.15923
57 14.8337  4
84    5.4819
89    5.52136
144    5.20907
160    4.23775
58 7.12348  2
145    5.58399
160    3.64951
59 11.946  2
72    3.50009
84    6.08452
60 7.69387  2
84    4.30871
87    5.99013
61 13.8086  1
182    0
62 13.7762  1
74    5.41992
63 13.6703  1
84    5.94325
64 13.3245  2
86    6.18725
92    5.91267
65 12.1953  1
182    0
66 8.5081  10
121    5.89427
122    5.32196
123    6.45312
124    4.14684
125    5.61576
126    4.41244
127    6.48315
128    4.2449
129    5.93602
130    5.45828
67 6.46733  3
86    4.33883
89    4.11791
153    5.97008
68 9.80331  1
84    5.0558
69 10.6969  1
145    6.08452
70 13.6151  3
74    3.77293
87    4.169
106    3.60273
71 13.1442  1
182    0
72 11.6063  7
75    6.42547
76    4.05657
77    5.32104
78    6.4501
79    4.13704
80    5.5838
131    4.76182
73 6.58452  1
82    5.99736
74 10.186  2
106    6.15996
134    4.8704
75 11.9466  1
182    0
76 7.6957  3
91    3.72486
145    4.30871
151    4.169
77 13.8147  2
87    4.64893
153    5.56952
78 13.796  1
182    0
79 13.7353  1
85    6.1444
80 13.5369  1
106    6.28649
81 12.889  2
103    3.81788
104    4.54154
82 10.7732  1
182    0
83 13.8641  1
182    0
84 13.9575  1
182    0
85 14.2624  1
182    0
86 5.25758  1
182    0
87 5.85269  1
106    5.58545
88 7.79611  1
135    4.08687
89 14.1424  2
134    4.2503
145    5.0558
90 14.8663  7
96    5.10936
97    5.75886
98    4.87974
99    5.00902
100    5.43118
101    3.80973
102    4.51498
91 7.22999  1
182    0
92 12.2939  1
182    0
93 8.82977  1
132    3.50009
94 7.51778  1
182    0
95 13.2336  1
105    4.82939
96 11.8984  1
182    0
97 7.53822  1
134    5.33166
98 13.3004  1
182    0
99 12.1166  1
182    0
100 8.25083  1
182    0
101 5.62716  2
105    4.89421
135    5.41992
102 7.05969  1
144    6.10109
103 11.7379  2
106    3.83894
131    4.17367
104 7.01422  2
131    4.80403
145    5.4819
105 11.5893  5
107    4.12917
108    5.55808
109    4.22411
110    5.86818
111    5.23681
106 6.52867  1
182    0
107 10.0035  1
182    0
108 11.3506  10
112    6.17507
113    6.23898
114    6.44763
115    4.12889
116    5.55716
117    4.22109
118    5.85829
119    5.20449
145    6.13881
151    3.75581
109 5.74953  10
161    5.75886
162    4.87974
163    5.00902
164    5.43118
165    3.80973
166    4.51498
167    3.81788
168    4.54154
169    3.90458
170    4.82472
110 7.45918  1
182    0
111 13.0422  1
182    0
112 11.2737  1
182    0
113 5.49837  1
133    3.68284
114 6.63915  1
182    0
115 10.3645  1
182    0
116 12.5295  1
151    3.57727
117 9.59914  1
182    0
118 10.0301  1
160    3.99174
119 11.4373  1
182    0
120 6.03244  10
171    4.82939
172    4.84458
173    4.89421
174    5.05626
175    5.58545
176    4.31347
177    6.15996
178    6.18963
179    6.28649
180    3.60273
121 8.38328  2
144    3.9402
151    4.33883
122 6.0596  1
145    6.1444
123 8.47179  1
152    5.68818
124 6.34861  1
182    0
125 9.41572  1
182    0
126 9.43129  6
154    3.68815
155    4.11791
156    5.52136
157    4.10427
158    5.47678
159    3.9586
127 9.48195  1
182    0
128 9.64736  2
134    4.97853
144    6.13286
129 10.1875  1
182    0
130 11.9515  2
132    3.50375
146    6.06108
131 7.71157  1
144    5.99736
132 13.8665  2
146    6.12059
153    5.99013
133 13.9654  1
182    0
134 14.2883  1
135    5.51605
135 5.34242  9
136    4.39477
137    6.42547
138    4.05657
139    5.32104
140    6.4501
141    4.13704
142    5.5838
143    4.30816
181    4.12917
136 6.1298  1
182    0
137 8.70098  1
182    0
138 7.09723  1
182    0
139 11.8603  1
182    0
140 7.41371  1
160    5.40518
141 12.8939  4
147    5.86671
148    5.23196
149    6.15923
150    6.18725
142 10.7894  1
144    5.6586
143 13.9169  1
182    0
144 14.1299  1
182    0
145 14.8254  1
182    0
146 7.09632  1
182    0
147 11.8572  1
182    0
148 7.40364  1
182    0
149 12.861  1
182    0
150 10.6816  1
182    0
151 13.565  1
182    0
152 12.9809  1
182    0
153 11.0732  1
182    0
154 14.8437  1
182    0
155 7.15613  1
182    0
156 12.0525  1
182    0
157 8.04147  1
182    0
158 14.9438  1
160    5.91267
159 7.48299  1
182    0
160 13.1201  1
182    0
161 11.5276  1
181    3.83894
162 6.32756  1
182    0
163 9.34675  1
182    0
164 9.20606  1
182    0
165 8.74645  1
182    0
166 7.24555  1
182    0
167 12.3446  1
182    0
168 8.99548  1
182    0
169 8.05887  1
182    0
170 5.00031  1
182    0
171 5.01251  1
182    0
172 5.05249  1
182    0
173 5.18311  1
182    0
174 5.60945  1
182    0
175 7.00171  1
182    0
176 11.5484  1
182    0
177 6.39531  1
182    0
178 9.56801  1
182    0
179 9.92843  1
182    0
180 11.1055  1
182    0
181 14.9493  1
182    0
182 0  0
