48
0 10.0035  2
1    6.45312
2    4.14684
1 11.3506  1
2    5.61576
2 5.74953  2
3    4.41244
4    6.48315
3 7.45918  1
47    0
4 13.0422  8
5    4.2449
6    5.93602
7    5.45828
8    3.89827
9    4.80403
10    4.76182
11    4.62394
35    5.32104
5 11.2737  1
36    5.6586
6 5.49837  1
35    6.13286
7 6.63915  1
35    4.05657
8 10.3645  1
35    4.13704
9 12.5295  1
36    3.9402
10 9.59914  8
12    4.17367
13    5.70338
14    4.69865
15    4.41766
16    3.50009
17    3.50375
18    3.51575
19    3.55493
11 10.0301  1
47    0
12 11.4373  2
35    4.30816
36    5.20907
13 6.03244  1
47    0
14 8.38328  1
47    0
15 6.0596  1
47    0
16 8.47179  8
27    6.4848
28    4.2503
29    5.95369
30    5.51605
31    4.08687
32    5.41992
33    3.77293
34    4.39477
17 6.34861  1
35    5.5838
18 9.41572  8
20    3.68284
21    4.10051
22    5.46451
23    3.91859
24    4.8704
25    4.97853
26    5.33166
36    4.55243
19 9.43129  1
47    0
20 9.48195  1
47    0
21 9.64736  1
35    6.4501
22 10.1875  1
36    5.99736
23 11.9515  1
47    0
24 7.71157  1
47    0
25 13.8665  1
47    0
26 13.9654  10
37    6.08452
38    5.94325
39    5.4819
40    3.97536
41    5.0558
42    5.58399
43    4.30871
44    6.1444
45    6.13881
46    6.12059
27 14.2883  1
47    0
28 5.34242  1
35    6.14257
29 6.1298  1
36    4.94099
30 8.70098  1
47    0
31 7.09723  1
47    0
32 11.8603  1
35    6.42547
33 7.41371  1
47    0
34 12.8939  1
36    6.10109
35 10.7894  1
47    0
36 13.9169  1
47    0
37 14.1299  1
47    0
38 14.8254  1
47    0
39 7.09632  1
47    0
40 11.8572  1
47    0
41 7.40364  1
47    0
42 12.861  1
47    0
43 10.6816  1
47    0
44 13.565  1
47    0
45 12.9809  1
47    0
46 11.0732  1
47    0
47 0  0
