69
0 10.186  9
1    5.23681
2    6.17507
3    6.23898
10    5.93602
24    3.77293
25    4.05657
31    6.06108
38    5.99013
43    4.84458
1 11.9466  6
4    6.44763
5    4.12889
9    6.06951
11    3.89827
38    4.47525
39    5.52136
2 7.6957  8
6    5.55716
7    4.22109
8    5.85829
9    5.61576
10    4.41244
23    5.33166
38    5.97008
40    5.91267
3 13.8147  2
11    5.45828
23    4.2503
4 13.796  4
9    5.32196
10    6.48315
37    6.4599
38    4.25533
5 13.7353  4
9    5.89427
26    5.20907
31    5.86671
37    6.24273
6 13.5369  6
9    5.20449
23    4.10051
25    4.13704
31    6.12059
38    5.63498
42    3.80973
7 12.889  4
9    6.45312
23    6.4848
25    4.30816
40    3.64951
8 10.7732  2
9    4.14684
10    4.2449
9 13.8641  6
16    5.70338
17    4.69865
18    4.41766
19    3.50009
25    6.10109
40    5.38211
10 13.9575  2
24    5.41992
26    5.6586
11 14.2624  9
12    4.80403
13    4.76182
14    4.62394
15    4.17367
23    3.68284
25    6.13286
37    4.64893
39    3.9586
43    4.82939
12 5.25758  1
23    4.97853
13 5.85269  2
25    6.4501
42    5.00902
14 7.79611  6
20    3.50375
21    3.51575
22    3.55493
24    5.51605
39    5.00105
42    5.43118
15 14.1424  2
25    5.32104
43    4.54154
16 14.8663  2
24    4.39477
42    4.51498
17 7.22999  4
23    3.91859
24    6.42547
40    3.72486
42    4.87974
18 12.2939  3
23    5.46451
24    5.95369
26    3.9402
19 8.82977  2
25    5.5838
31    4.30871
20 7.51778  3
31    5.0558
37    4.33883
39    5.47678
21 13.2336  2
26    4.94099
39    4.10427
22 11.8984  2
23    4.8704
25    6.14257
23 7.53822  3
24    4.08687
25    5.99736
26    4.55243
24 13.3004  2
31    5.23196
43    3.90458
25 12.1166  4
27    6.08452
38    5.56952
39    4.11791
43    4.89421
26 8.25083  1
31    6.13881
27 5.62716  5
28    5.94325
29    5.4819
30    3.97536
31    5.58399
37    5.68818
28 7.05969  2
38    4.26147
40    5.10936
29 11.7379  7
44    5.05626
45    5.58545
46    4.31347
47    6.15996
48    6.18963
49    6.28649
50    3.60273
30 7.01422  2
31    6.1444
39    5.40518
31 11.5893  6
32    6.15923
33    6.18725
34    6.27871
35    3.57727
36    3.75581
39    3.68815
32 6.52867  1
40    3.99174
33 10.0035  1
68    0
34 11.3506  2
41    5.75886
42    3.81788
35 5.74953  2
37    4.169
43    4.82472
36 7.45918  1
68    0
37 13.0422  1
68    0
38 11.2737  1
40    4.23775
39 5.49837  1
68    0
40 6.63915  1
68    0
41 10.3645  4
52    4.61029
53    4.12917
54    5.55808
55    4.22411
42 12.5295  1
68    0
43 9.59914  1
51    3.83894
44 10.0301  1
68    0
45 11.4373  1
68    0
46 6.03244  1
68    0
47 8.38328  1
68    0
48 6.0596  1
68    0
49 8.47179  1
68    0
50 6.34861  1
68    0
51 9.41572  2
56    5.86818
57    5.23681
52 9.43129  1
68    0
53 9.48195  1
68    0
54 9.64736  1
68    0
55 10.1875  1
68    0
56 11.9515  1
68    0
57 7.71157  10
58    6.17507
59    6.23898
60    6.44763
61    4.12889
62    5.55716
63    4.22109
64    5.85829
65    5.20449
66    6.06951
67    5.89427
58 13.8665  1
68    0
59 13.9654  1
68    0
60 14.2883  1
68    0
61 5.34242  1
68    0
62 6.1298  1
68    0
63 8.70098  1
68    0
64 7.09723  1
68    0
65 11.8603  1
68    0
66 7.41371  1
68    0
67 12.8939  1
68    0
68 0  0
