56
0 11.3506  7
1    0.960805
2    0.952364
3    0.924787
4    0.834733
5    1.14068
6    0.700751
13    0.995706
1 5.74953  2
6    0.939729
47    1.24855
2 7.45918  2
6    0.883532
25    1.22657
3 13.0422  6
8    0.736567
9    0.820103
10    1.0929
11    0.783718
12    0.974081
14    1.08398
4 11.2737  1
6    0.703149
5 5.49837  4
6    0.700018
7    0.710987
13    1.06633
14    1.10321
6 6.63915  1
14    0.817374
7 10.3645  1
14    0.85006
8 12.5295  2
13    1.29696
25    1.19947
9 9.59914  1
55    0
10 10.0301  1
55    0
11 11.4373  3
15    0.754585
16    0.878954
17    1.28509
12 6.03244  1
55    0
13 8.38328  1
14    1.19074
14 6.0596  2
18    0.811313
19    1.06421
15 8.47179  7
40    1.21222
41    1.17334
42    1.04639
43    1.23185
44    1.23745
45    1.25574
46    0.715455
16 6.34861  6
26    0.910486
27    0.78804
28    0.988198
29    1.04181
30    1.2169
31    1.18865
17 9.41572  1
25    1.22022
18 9.43129  6
20    1.29002
21    0.827409
22    1.11676
23    0.861632
24    1.22851
25    1.13172
19 9.48195  1
55    0
20 9.64736  1
47    0.867766
21 10.1875  1
55    0
22 11.9515  1
55    0
23 7.71157  8
32    1.09638
33    0.795071
34    1.01116
35    1.1168
36    0.861742
37    1.22888
38    1.22776
39    1.22412
24 13.8665  1
55    0
25 13.9654  1
55    0
26 14.2883  1
55    0
27 5.34242  1
55    0
28 6.1298  1
55    0
29 8.70098  1
55    0
30 7.09723  1
47    1.29198
31 11.8603  1
55    0
32 7.41371  1
55    0
33 12.8939  1
55    0
34 10.7894  1
55    0
35 13.9169  1
55    0
36 14.1299  1
55    0
37 14.8254  1
55    0
38 7.09632  1
55    0
39 11.8572  1
55    0
40 7.40364  7
48    0.833799
49    1.13764
50    0.929786
51    0.851067
52    1.19402
53    1.1139
54    0.852293
41 12.861  1
55    0
42 10.6816  1
55    0
43 13.565  1
55    0
44 12.9809  1
47    0.751161
45 11.0732  1
55    0
46 14.8437  1
55    0
47 7.15613  1
55    0
48 12.0525  1
55    0
49 8.04147  1
55    0
50 14.9438  1
55    0
51 7.48299  1
55    0
52 13.1201  1
55    0
53 11.5276  1
55    0
54 6.32756  1
55    0
55 0  0
