239
0 10.6816  5
1    50.0902
2    38.0973
4    45.4154
5    39.0458
10    55.8545
1 13.565  6
2    54.3118
3    45.1498
10    50.5626
57    60.8452
82    45.1498
150    41.1791
2 12.9809  9
6    48.2472
7    48.2939
8    48.4458
9    48.9421
10    46.1029
22    54.5828
81    37.2486
176    64.5312
201    37.7293
3 11.0732  6
4    38.1788
10    61.5996
11    55.5808
14    61.7507
82    39.9174
150    54.7678
4 14.8437  2
10    62.8649
22    38.9827
5 7.15613  5
10    36.0273
14    62.3898
22    64.8315
82    54.3118
202    61.3286
6 12.0525  4
10    43.1347
22    56.1576
23    47.6182
64    60.6108
7 8.04147  4
10    61.8963
11    42.2411
22    53.2196
49    64.501
8 14.9438  4
10    38.3894
22    41.4684
81    55.2136
150    41.0427
9 7.48299  3
10    41.2917
22    42.449
64    58.6671
10 13.1201  3
12    58.6818
13    52.3681
82    38.0973
11 11.5276  10
15    41.2889
16    55.5716
17    42.2109
18    58.5829
19    52.0449
20    60.6951
21    58.9427
22    44.1244
23    41.7367
131    49.7853
12 6.32756  3
14    64.4763
64    61.5923
149    64.599
13 9.34675  6
24    57.0338
25    46.9865
26    44.1766
27    35.0009
28    35.0375
82    48.7974
14 9.20606  3
22    59.3602
141    60.8452
176    44.1244
15 8.74645  3
64    61.8725
143    58.6671
174    52.3681
16 7.24555  6
29    35.1575
30    35.5493
31    36.8284
81    39.586
83    45.4154
140    55.838
17 12.3446  4
34    39.1859
35    48.704
64    61.2059
131    39.1859
18 8.99548  2
22    64.5312
152    36.4951
19 8.05887  1
83    39.0458
20 5.00031  3
23    46.2394
64    61.3881
143    61.3881
21 5.01251  4
23    48.0403
81    54.7678
143    60.6108
152    59.1267
22 5.05249  2
119    59.3602
154    38.0973
23 5.18311  6
58    54.819
59    39.7536
60    50.558
61    55.8399
62    43.0871
63    61.444
24 5.60945  1
81    54.0518
25 7.00171  1
49    41.3704
26 11.5484  2
57    49.4099
152    39.9174
27 6.39531  1
57    52.0907
28 9.56801  3
32    41.0051
33    54.6451
201    64.501
29 9.92843  1
238    0
30 11.1055  8
50    61.4257
51    61.3286
52    61.0109
53    59.9736
54    56.586
55    45.5243
56    39.402
82    57.5886
31 14.9493  3
57    59.4325
82    36.4951
211    61.3881
32 7.50099  9
105    41.2889
106    55.5716
107    42.2109
108    58.5829
109    52.0449
110    60.6951
111    58.9427
112    53.2196
131    35.5493
33 13.179  8
42    40.8687
43    54.1992
44    37.7293
45    43.9477
46    64.2547
47    40.5657
48    53.2104
142    50.558
34 11.7202  4
85    48.2939
86    48.4458
87    48.9421
88    50.5626
35 6.95624  9
36    49.7853
37    53.3166
38    64.848
39    42.503
40    59.5369
41    55.1605
82    50.0902
131    54.6451
154    54.3118
36 11.3997  1
238    0
37 5.90976  1
238    0
38 7.98257  3
83    38.1788
131    48.704
149    41.69
39 14.7516  2
81    42.3775
140    61.4257
40 6.85522  2
64    35.7727
84    48.2472
41 11.0701  1
176    52.0449
42 14.8337  1
165    61.8963
43 7.12348  1
131    36.8284
44 11.946  1
238    0
45 7.69387  9
89    55.8545
90    43.1347
91    61.5996
92    61.8963
93    62.8649
94    36.0273
95    38.3894
96    46.1029
97    41.2917
46 13.8086  1
49    55.838
47 13.7762  8
98    55.5808
99    42.2411
100    58.6818
101    52.3681
102    61.7507
103    62.3898
104    64.4763
149    42.5533
48 13.6703  1
49    43.0816
49 13.3245  1
238    0
50 12.1953  10
65    37.5581
66    43.3883
67    62.4273
68    64.599
69    41.69
70    56.8818
71    46.4893
72    42.5533
73    59.7008
149    46.4893
51 8.5081  1
238    0
52 6.46733  3
140    61.3286
150    54.0518
174    61.7507
53 9.80331  1
64    52.3196
54 10.6969  3
82    53.8211
175    55.5716
176    41.4684
55 13.6151  3
74    55.6952
75    42.6147
76    59.9013
56 13.1442  1
141    54.819
57 11.6063  1
64    62.7871
58 6.58452  1
238    0
59 10.186  1
238    0
60 11.9466  2
150    50.0105
231    44.7525
61 7.6957  2
82    51.0936
149    59.7008
62 13.8147  2
81    41.0427
143    61.444
63 13.796  9
132    64.848
133    42.503
134    59.5369
135    55.1605
136    40.8687
137    54.1992
138    37.7293
139    43.9477
202    61.4257
64 13.7353  8
113    64.5312
114    41.4684
115    56.1576
116    44.1244
117    64.8315
118    42.449
141    59.4325
150    55.2136
65 13.5369  1
81    50.0105
66 12.889  1
238    0
67 10.7732  1
238    0
68 13.8641  1
238    0
69 13.9575  1
202    39.402
70 14.2624  2
152    42.3775
154    45.1498
71 5.25758  2
140    41.3704
149    55.6952
72 5.85269  1
154    50.0902
73 7.79611  2
176    60.6951
201    40.8687
74 14.1424  1
141    59.9736
75 14.8663  2
140    43.0816
141    49.4099
76 7.22999  7
77    56.3498
78    44.7525
79    36.8815
80    41.1791
151    37.2486
201    40.5657
202    56.586
77 12.2939  2
81    59.1267
154    48.7974
78 8.82977  1
140    53.2104
79 7.51778  2
150    44.7525
176    64.8315
80 13.2336  1
140    64.501
81 11.8984  1
238    0
82 7.53822  1
150    56.3498
83 13.3004  5
127    46.9865
128    44.1766
129    35.0009
130    35.0375
143    61.8725
84 12.1166  1
238    0
85 8.25083  1
211    60.6108
86 5.62716  1
149    59.9013
87 7.05969  1
153    51.0936
88 11.7379  1
238    0
89 7.01422  1
238    0
90 11.5893  1
176    58.5829
91 6.52867  1
141    45.5243
92 10.0035  1
238    0
93 11.3506  1
131    35.1575
94 5.74953  2
140    40.5657
201    64.2547
95 7.45918  7
120    54.5828
121    38.9827
122    48.0403
123    47.6182
124    46.2394
125    41.7367
126    57.0338
96 13.0422  1
238    0
97 11.2737  1
238    0
98 5.49837  6
185    57.0338
186    46.9865
187    44.1766
188    35.0009
189    35.0375
190    35.1575
99 6.63915  1
201    55.1605
100 10.3645  1
131    41.0051
101 12.5295  2
141    56.586
201    59.5369
102 9.59914  4
191    35.5493
192    36.8284
193    41.0051
201    54.1992
103 10.0301  1
143    43.0871
104 11.4373  1
238    0
105 6.03244  1
238    0
106 8.38328  1
238    0
107 6.0596  1
238    0
108 8.47179  1
238    0
109 6.34861  1
238    0
110 9.41572  10
155    38.1788
156    45.4154
157    39.0458
158    48.2472
159    48.2939
160    48.4458
161    48.9421
162    50.5626
163    55.8545
164    43.1347
111 9.43129  6
232    41.0427
233    54.7678
234    39.586
235    50.0105
236    54.0518
237    37.2486
112 9.48195  1
149    42.6147
113 9.64736  1
238    0
114 10.1875  1
141    39.402
115 11.9515  1
238    0
116 7.71157  1
238    0
117 13.8665  1
150    36.8815
118 13.9654  4
212    58.6671
213    52.3196
214    61.5923
215    61.8725
119 14.2883  9
216    62.7871
217    35.7727
218    37.5581
219    43.3883
220    62.4273
221    64.599
222    41.69
223    56.8818
224    46.4893
120 5.34242  2
141    52.0907
143    61.5923
121 6.1298  2
142    55.8399
175    41.2889
122 8.70098  1
238    0
123 7.09723  2
131    53.3166
150    39.586
124 11.8603  1
231    41.1791
125 7.41371  8
177    42.449
178    59.3602
179    54.5828
180    38.9827
181    48.0403
182    47.6182
183    46.2394
184    41.7367
126 12.8939  1
238    0
127 10.7894  1
149    56.8818
128 13.9169  1
202    61.0109
129 14.1299  1
202    55.838
130 14.8254  1
238    0
131 7.09632  1
238    0
132 11.8572  1
140    64.2547
133 7.40364  1
238    0
134 12.861  7
144    62.7871
145    35.7727
146    37.5581
147    43.3883
148    62.4273
165    61.5996
211    43.0871
135 10.6816  1
143    52.3196
136 13.565  2
143    61.2059
175    62.3898
137 12.9809  1
141    61.0109
138 11.0732  1
238    0
139 14.8437  3
142    39.7536
152    53.8211
176    56.1576
140 7.15613  1
238    0
141 12.0525  1
238    0
142 8.04147  1
238    0
143 14.9438  1
176    58.9427
144 7.48299  1
238    0
145 13.1201  1
238    0
146 11.5276  1
202    45.5243
147 6.32756  1
175    42.2109
148 9.34675  8
203    49.4099
204    52.0907
205    60.8452
206    59.4325
207    54.819
208    39.7536
209    50.558
210    55.8399
149 9.20606  1
176    53.2196
150 8.74645  1
238    0
151 7.24555  1
238    0
152 12.3446  1
154    57.5886
153 8.99548  1
238    0
154 8.05887  1
238    0
155 5.00031  1
238    0
156 5.01251  9
166    62.8649
167    36.0273
168    38.3894
169    46.1029
170    41.2917
171    55.5808
172    42.2411
173    58.6818
175    64.4763
157 5.05249  1
238    0
158 5.18311  1
238    0
159 5.60945  1
238    0
160 7.00171  1
238    0
161 11.5484  1
202    59.9736
162 6.39531  1
238    0
163 9.56801  1
238    0
164 9.92843  1
238    0
165 11.1055  1
238    0
166 14.9493  1
238    0
167 7.50099  1
238    0
168 13.179  1
231    55.2136
169 11.7202  6
195    39.1859
196    48.704
197    49.7853
198    53.3166
199    64.848
200    42.503
170 6.95624  1
238    0
171 11.3997  1
211    61.444
172 5.90976  1
238    0
173 7.98257  1
238    0
174 14.7516  1
201    43.9477
175 6.85522  1
238    0
176 11.0701  1
238    0
177 14.8337  1
238    0
178 7.12348  1
238    0
179 11.946  1
238    0
180 7.69387  1
238    0
181 13.8086  1
202    41.3704
182 13.7762  1
238    0
183 13.6703  1
238    0
184 13.3245  1
238    0
185 12.1953  1
238    0
186 8.5081  1
238    0
187 6.46733  1
238    0
188 9.80331  1
201    53.2104
189 10.6969  1
238    0
190 13.6151  1
238    0
191 13.1442  1
238    0
192 11.6063  1
194    54.6451
193 6.58452  1
238    0
194 10.186  1
238    0
195 11.9466  1
238    0
196 7.6957  1
238    0
197 13.8147  1
202    43.0816
198 13.796  1
238    0
199 13.7353  1
231    36.8815
200 13.5369  1
238    0
201 12.889  1
238    0
202 10.7732  1
238    0
203 13.8641  1
211    61.2059
204 13.9575  1
238    0
205 14.2624  6
225    42.5533
226    59.7008
227    55.6952
228    42.6147
229    59.9013
230    56.3498
206 5.25758  1
238    0
207 5.85269  1
238    0
208 7.79611  1
238    0
209 14.1424  1
238    0
210 14.8663  1
238    0
211 7.22999  1
238    0
212 12.2939  1
238    0
213 8.82977  1
238    0
214 7.51778  1
238    0
215 13.2336  1
238    0
216 11.8984  1
238    0
217 7.53822  1
238    0
218 13.3004  1
238    0
219 12.1166  1
238    0
220 8.25083  1
238    0
221 5.62716  1
238    0
222 7.05969  1
238    0
223 11.7379  1
238    0
224 7.01422  1
238    0
225 11.5893  1
238    0
226 6.52867  1
238    0
227 10.0035  1
238    0
228 11.3506  1
238    0
229 5.74953  1
238    0
230 7.45918  1
238    0
231 13.0422  1
238    0
232 11.2737  1
238    0
233 5.49837  1
238    0
234 6.63915  1
238    0
235 10.3645  1
238    0
236 12.5295  1
238    0
237 9.59914  1
238    0
238 0  0
