240
0 12.861  10
1    5.00902
2    5.43118
3    3.80973
4    4.51498
5    3.81788
6    4.54154
7    3.90458
8    4.82472
9    4.82939
10    4.84458
1 10.6816  3
17    3.60273
134    6.13881
156    5.10936
2 13.565  4
17    4.12917
28    6.48315
29    3.55493
189    4.8704
3 12.9809  4
19    5.55716
70    5.91267
126    5.46451
192    5.20907
4 11.0732  2
17    5.55808
29    3.68284
5 14.8437  2
41    4.39477
131    4.13704
6 7.15613  8
11    4.89421
12    5.05626
13    5.58545
14    4.31347
15    6.15996
16    6.18963
28    4.80403
56    6.06108
7 12.0525  10
20    5.85829
21    5.20449
22    6.06951
23    5.89427
24    5.32196
25    6.45312
26    4.14684
27    5.61576
29    3.50009
41    4.30816
8 8.04147  3
17    5.23681
19    4.12889
28    5.45828
9 14.9438  1
17    4.61029
10 7.48299  5
28    4.76182
29    4.62394
30    5.46451
57    6.18725
223    5.91267
11 13.1201  4
17    3.83894
28    4.41244
29    4.69865
132    5.99736
12 11.5276  4
17    6.28649
29    4.17367
69    4.10427
227    6.23898
13 6.32756  2
29    5.70338
65    4.26147
14 9.34675  6
17    4.22411
18    6.17507
66    4.47525
126    4.8704
155    5.91267
176    4.22109
15 9.20606  5
17    5.86818
19    6.23898
41    5.32104
69    5.00105
227    5.55716
16 8.74645  3
19    6.44763
28    3.89827
225    6.15996
17 7.24555  5
19    4.22109
28    4.2449
30    4.10051
41    4.05657
56    6.12059
18 12.3446  6
158    4.87974
159    5.00902
160    5.43118
161    3.80973
176    6.06951
213    4.25533
19 8.99548  2
41    5.5838
162    4.82472
20 8.05887  1
41    6.13286
21 5.00031  5
57    5.23196
65    5.56952
131    5.32104
133    6.08452
224    5.43118
22 5.01251  7
28    5.93602
29    3.50375
56    6.1444
65    4.25533
133    3.97536
189    3.91859
236    3.89827
23 5.05249  3
64    5.68818
97    4.22411
226    6.17507
24 5.18311  2
29    3.51575
132    3.9402
25 5.60945  2
41    6.4501
65    5.97008
26 7.00171  1
188    4.69865
27 11.5484  3
29    4.41766
163    4.31347
237    4.69865
28 6.39531  2
30    3.91859
149    4.25533
29 9.56801  10
31    4.8704
32    4.97853
33    5.33166
34    6.4848
35    4.2503
36    5.95369
37    5.51605
38    4.08687
39    5.41992
40    3.77293
30 9.92843  5
41    4.13704
126    3.91859
155    4.23775
162    4.84458
191    5.5838
31 11.1055  1
239    0
32 14.9493  1
188    3.50375
33 7.50099  1
190    4.05657
34 13.179  3
56    6.13881
68    5.52136
132    6.13286
35 11.7202  4
41    6.14257
65    5.99013
176    5.20449
222    4.23775
36 6.95624  1
70    3.64951
37 11.3997  1
126    4.10051
38 5.90976  6
42    6.10109
43    5.99736
44    5.6586
45    4.55243
46    3.9402
192    5.94325
39 7.98257  8
47    4.94099
48    5.20907
49    6.08452
50    5.94325
51    5.4819
130    5.51605
132    6.10109
190    6.4501
40 14.7516  3
41    6.42547
69    3.72486
226    4.22411
41 6.85522  5
71    3.99174
72    5.10936
73    5.75886
74    4.87974
75    5.00902
42 11.0701  2
177    6.45312
226    5.86818
43 14.8337  1
239    0
44 7.12348  4
56    5.86671
134    6.1444
226    5.55808
237    4.10051
45 11.946  1
162    4.51498
46 7.69387  1
57    6.15923
47 13.8086  1
189    4.10051
48 13.7762  3
67    4.11791
70    5.38211
191    4.13704
49 13.6703  4
52    3.97536
53    5.0558
54    5.58399
55    4.30871
50 13.3245  2
66    3.68815
157    5.75886
51 12.1953  2
97    4.12889
225    4.82939
52 8.5081  4
69    5.40518
70    4.23775
162    4.89421
163    5.05626
53 6.46733  2
149    5.56952
189    5.33166
54 9.80331  10
89    6.15996
90    6.18963
91    6.28649
92    3.60273
93    3.83894
94    4.61029
95    4.12917
96    5.55808
188    3.55493
236    4.17367
55 10.6969  2
57    6.27871
69    5.47678
56 13.6151  1
130    4.39477
57 13.1442  8
58    3.57727
59    3.75581
60    4.33883
61    6.24273
62    6.4599
63    4.169
149    5.63498
188    3.68284
58 11.6063  3
66    5.63498
149    4.26147
236    5.45828
59 6.58452  3
84    4.84458
85    4.89421
86    5.05626
60 10.186  4
127    6.4848
128    4.2503
129    5.95369
237    3.51575
61 11.9466  2
65    4.64893
126    4.97853
62 7.6957  1
192    5.4819
63 13.8147  1
188    4.41766
64 13.796  1
69    3.9586
65 13.7353  10
201    5.23196
202    6.15923
203    6.18725
204    6.27871
205    3.57727
206    3.75581
207    4.33883
208    6.24273
209    6.4599
210    4.169
66 13.5369  1
239    0
67 12.889  5
130    4.08687
133    5.4819
188    3.51575
189    4.2503
225    5.58545
68 10.7732  10
76    5.43118
77    3.80973
78    4.51498
79    3.81788
80    4.54154
81    3.90458
82    4.82472
83    4.82939
131    6.4501
162    4.54154
69 13.8641  1
97    6.23898
70 13.9575  10
107    5.61576
108    4.41244
109    6.48315
110    4.2449
111    5.93602
112    5.45828
113    3.89827
114    4.80403
115    4.76182
116    4.62394
71 14.2624  1
223    5.75886
72 5.25758  1
134    5.58399
73 5.85269  1
226    4.12917
74 7.79611  1
239    0
75 14.1424  5
150    4.47525
151    3.68815
152    4.11791
153    5.52136
154    4.10427
76 14.8663  4
174    5.23681
175    6.17507
176    4.12889
213    3.68815
77 7.22999  2
133    4.94099
162    3.81788
78 12.2939  2
149    4.64893
189    6.4848
79 8.82977  1
239    0
80 7.51778  1
126    5.33166
81 13.2336  1
97    5.86818
82 11.8984  2
132    4.55243
238    6.4848
83 7.53822  2
97    6.44763
236    5.93602
84 13.3004  5
87    5.58545
88    4.31347
133    5.20907
224    4.82472
225    4.89421
85 12.1166  9
98    5.55716
99    4.22109
100    5.85829
101    5.20449
102    6.06951
103    5.89427
104    5.32196
105    6.45312
106    4.14684
86 8.25083  1
239    0
87 5.62716  8
143    3.75581
144    4.33883
145    6.24273
146    6.4599
147    4.169
148    5.68818
155    5.47678
226    4.61029
88 7.05969  1
239    0
89 11.7379  4
97    5.23681
213    5.97008
226    3.83894
237    3.55493
90 7.01422  2
97    6.17507
155    3.9586
91 11.5893  1
239    0
92 6.52867  1
239    0
93 10.0035  1
156    3.99174
94 11.3506  1
192    6.08452
95 5.74953  2
131    4.30816
176    5.89427
96 7.45918  4
177    5.32196
189    5.95369
192    3.9402
238    4.97853
97 13.0422  1
224    3.90458
98 11.2737  1
239    0
99 5.49837  1
239    0
100 6.63915  1
155    3.64951
101 10.3645  2
192    5.99736
213    4.47525
102 12.5295  1
239    0
103 9.59914  3
130    5.41992
155    5.38211
188    3.50009
104 10.0301  10
117    4.17367
118    5.70338
119    4.69865
120    4.41766
121    3.50009
122    3.50375
123    3.51575
124    3.55493
125    3.68284
131    4.05657
105 11.4373  1
239    0
106 6.03244  1
176    5.55716
107 8.38328  1
239    0
108 6.0596  1
239    0
109 8.47179  10
135    6.12059
136    6.06108
137    5.86671
138    5.23196
139    6.15923
140    6.18725
141    6.27871
142    3.57727
162    4.82939
190    4.39477
110 6.34861  1
239    0
111 9.41572  3
134    4.30871
149    5.99013
191    4.30816
112 9.43129  3
214    4.11791
215    5.52136
238    5.33166
113 9.48195  2
177    5.61576
223    4.87974
114 9.64736  1
239    0
115 10.1875  3
163    5.58545
190    6.42547
200    6.06108
116 11.9515  1
213    5.56952
117 7.71157  1
176    6.23898
118 13.8665  1
149    5.97008
119 13.9654  1
133    5.94325
120 14.2883  3
131    6.14257
192    5.6586
236    4.2449
121 5.34242  1
239    0
122 6.1298  2
131    6.42547
236    4.41244
123 8.70098  1
213    5.99013
124 7.09723  1
133    5.0558
125 11.8603  1
239    0
126 7.41371  1
223    5.10936
127 12.8939  3
132    5.6586
155    3.72486
237    3.68284
128 10.7894  1
239    0
129 13.9169  2
130    3.77293
131    5.5838
130 14.1299  1
239    0
131 14.8254  1
239    0
132 7.09632  1
239    0
133 11.8572  2
155    5.40518
226    5.23681
134 7.40364  2
192    6.10109
227    6.44763
135 12.861  2
211    5.68818
212    4.64893
136 10.6816  1
189    4.97853
137 13.565  1
239    0
138 12.9809  1
190    5.41992
139 11.0732  2
237    5.70338
238    4.8704
140 14.8437  3
155    5.00105
227    4.12889
237    3.50009
141 7.15613  1
239    0
142 12.0525  1
239    0
143 8.04147  1
239    0
144 14.9438  1
239    0
145 7.48299  3
178    6.48315
179    4.2449
227    4.22109
146 13.1201  1
239    0
147 11.5276  1
223    3.99174
148 6.32756  2
162    3.90458
223    3.64951
149 9.34675  1
239    0
150 9.20606  1
177    4.41244
151 8.74645  1
177    4.14684
152 7.24555  2
234    4.14684
235    5.61576
153 12.3446  1
225    4.84458
154 8.99548  1
239    0
155 8.05887  1
176    6.44763
156 5.00031  10
164    6.15996
165    6.18963
166    6.28649
167    3.60273
168    3.83894
169    4.61029
170    4.12917
171    5.55808
172    4.22411
173    5.86818
157 5.01251  1
190    3.77293
158 5.05249  1
239    0
159 5.18311  1
223    5.00902
160 5.60945  2
190    5.32104
238    5.46451
161 7.00171  1
176    5.85829
162 11.5484  1
239    0
163 6.39531  1
192    4.94099
164 9.56801  1
189    5.46451
165 9.92843  1
225    4.31347
166 11.1055  1
200    5.86671
167 14.9493  1
239    0
168 7.50099  1
213    4.26147
169 13.179  1
239    0
170 11.7202  1
213    5.63498
171 6.95624  1
239    0
172 11.3997  1
190    4.08687
173 5.90976  1
191    6.14257
174 7.98257  1
239    0
175 14.7516  1
191    6.13286
176 6.85522  8
180    5.93602
181    5.45828
182    3.89827
183    4.80403
184    4.76182
185    4.62394
186    4.17367
187    5.70338
177 11.0701  1
239    0
178 14.8337  7
193    3.97536
194    5.0558
195    5.58399
196    4.30871
197    6.1444
198    6.13881
199    6.12059
179 7.12348  1
239    0
180 11.946  1
224    4.54154
181 7.69387  3
190    5.51605
224    3.80973
225    6.18963
182 13.8086  7
228    5.85829
229    5.20449
230    6.06951
231    5.89427
232    5.32196
233    6.45312
236    4.76182
183 13.7762  1
192    4.55243
184 13.6703  1
239    0
185 13.3245  1
239    0
186 12.1953  1
239    0
187 8.5081  1
239    0
188 6.46733  1
239    0
189 9.80331  1
239    0
190 10.6969  1
239    0
191 13.6151  1
239    0
192 13.1442  1
239    0
193 11.6063  1
239    0
194 6.58452  2
224    4.51498
237    3.50375
195 10.186  1
223    5.38211
196 11.9466  1
236    6.48315
197 7.6957  1
239    0
198 13.8147  1
239    0
199 13.796  1
237    4.41766
200 13.7353  1
224    3.81788
201 13.5369  1
239    0
202 12.889  1
239    0
203 10.7732  1
239    0
204 13.8641  1
239    0
205 13.9575  1
239    0
206 14.2624  1
239    0
207 5.25758  1
239    0
208 5.85269  1
239    0
209 7.79611  1
239    0
210 14.1424  1
239    0
211 14.8663  1
239    0
212 7.22999  1
239    0
213 12.2939  1
239    0
214 8.82977  6
216    4.10427
217    5.47678
218    3.9586
219    5.00105
220    5.40518
221    3.72486
215 7.51778  1
225    5.05626
216 13.2336  1
225    6.28649
217 11.8984  1
239    0
218 7.53822  1
226    3.60273
219 13.3004  2
236    4.80403
238    3.91859
220 12.1166  1
239    0
221 8.25083  1
239    0
222 5.62716  1
239    0
223 7.05969  1
239    0
224 11.7379  1
239    0
225 7.01422  1
239    0
226 11.5893  1
239    0
227 6.52867  1
239    0
228 10.0035  1
239    0
229 11.3506  1
239    0
230 5.74953  1
236    4.62394
231 7.45918  1
239    0
232 13.0422  1
239    0
233 11.2737  1
239    0
234 5.49837  1
239    0
235 6.63915  1
239    0
236 10.3645  1
238    4.2503
237 12.5295  1
239    0
238 9.59914  1
239    0
239 0  0
