226
0 11.5276  4
1    1.15177
22    0.825779
137    1.09638
169    1.11709
1 6.32756  10
2    0.975948
3    1.0018
4    1.08624
5    0.761946
6    0.902997
7    0.763576
8    0.908307
9    0.780917
10    0.964943
11    0.965877
2 9.34675  1
117    1.29696
3 9.20606  3
23    1.17166
32    0.924787
99    1.28953
4 8.74645  1
58    1.22412
5 7.24555  6
22    0.825834
23    1.11143
32    0.834733
46    0.861632
117    1.06633
143    0.867766
6 12.3446  10
12    0.968917
13    0.978841
14    1.01125
15    1.11709
16    0.862694
17    1.23199
18    1.23793
19    1.2573
20    0.720545
21    0.767788
7 8.99548  6
23    1.17885
32    0.952364
70    1.19803
136    1.2169
144    1.13764
214    1.09638
8 8.05887  2
22    1.28953
71    1.09536
9 5.00031  2
23    1.0409
58    1.01116
10 5.01251  1
71    1.18253
11 5.05249  2
22    1.17364
37    0.995706
12 5.18311  4
22    1.23501
26    1.12315
37    1.0929
70    0.89505
13 5.60945  5
22    0.844823
23    1.2139
37    0.974081
71    0.823582
72    1.02187
14 7.00171  1
22    1.11162
15 11.5484  6
22    0.922059
23    0.844218
26    0.882488
58    1.22888
70    0.852293
116    0.939729
16 6.39531  2
193    0.834733
213    0.988198
17 9.56801  4
24    1.29062
25    0.829368
37    1.06633
142    1.23185
18 9.92843  7
22    1.24779
23    1.06439
32    0.883532
47    1.22657
59    1.23185
100    1.0409
142    1.25574
19 11.1055  4
22    1.04736
58    1.17334
71    0.744972
213    1.18865
20 14.9493  3
26    1.29663
37    0.783718
46    1.28509
21 7.50099  6
71    0.847551
72    1.07642
99    1.11143
137    1.01116
169    0.862694
170    1.23199
22 13.179  1
32    0.939729
23 11.7202  1
225    0
24 6.95624  1
32    0.700018
25 11.3997  9
27    0.848979
28    1.1872
29    1.09166
30    0.779653
31    0.960805
58    1.1168
72    0.729902
117    0.974081
195    0.710987
26 5.90976  6
33    0.700751
34    0.703149
35    0.710987
36    0.736567
46    0.827409
70    0.737629
27 7.98257  1
225    0
28 14.7516  2
32    1.14068
37    0.820103
29 6.85522  4
47    1.22851
171    0.922059
195    0.700018
212    0.861632
30 11.0701  2
72    1.15177
171    0.844823
31 14.8337  2
168    0.902997
171    1.17364
32 7.12348  2
58    1.04639
116    0.703149
33 11.946  1
225    0
34 7.69387  1
225    0
35 13.8086  1
46    1.29002
36 13.7762  9
38    1.29696
39    0.85006
40    1.19074
41    1.10321
42    0.817374
43    1.08398
44    0.754585
45    0.878954
99    0.844218
37 13.6703  1
46    1.06421
38 13.3245  4
46    0.811313
58    1.21222
116    1.14068
168    0.763576
39 12.1953  2
59    1.23745
71    0.820853
40 8.5081  2
47    1.22022
136    0.988198
41 6.46733  1
46    1.11676
42 9.80331  10
48    1.19947
49    1.13172
50    0.910486
51    0.78804
52    0.988198
53    1.04181
54    1.2169
55    1.18865
56    1.09638
57    0.795071
43 10.6969  2
117    0.85006
204    1.10321
44 13.6151  1
136    1.18865
45 13.1442  10
73    0.975948
74    1.0018
75    1.08624
76    0.761946
77    0.902997
78    0.763576
79    0.908307
80    0.780917
81    0.964943
82    0.965877
46 11.6063  1
168    0.908307
47 6.58452  2
71    1.10427
99    1.24779
48 10.186  5
196    0.820103
197    1.0929
198    0.783718
199    0.974081
200    0.995706
49 11.9466  4
58    0.861742
116    0.710987
117    0.783718
153    0.737629
50 7.6957  10
60    0.715455
61    0.751161
62    0.867766
63    1.24855
64    1.29198
65    0.833799
66    1.13764
67    0.929786
68    0.851067
71    0.79172
51 13.8147  1
58    1.22776
52 13.796  4
178    1.17166
179    1.0409
180    1.2139
181    1.17885
53 13.7353  1
212    1.22022
54 13.5369  4
154    1.10427
155    0.820853
156    1.09536
157    0.79172
55 12.889  3
59    1.25574
70    1.127
71    1.08104
56 10.7732  1
195    0.736567
57 13.8641  1
70    1.1139
58 13.9575  4
69    1.19402
99    1.23501
117    0.820103
169    1.01125
59 14.2624  1
72    0.798349
60 5.25758  2
71    1.00021
204    0.817374
61 5.85269  1
225    0
62 7.79611  1
225    0
63 14.1424  2
185    1.12315
186    0.882488
64 14.8663  1
225    0
65 7.22999  7
83    0.968917
84    0.978841
85    1.01125
86    1.11709
87    0.862694
88    1.23199
89    1.23793
66 12.2939  1
225    0
67 8.82977  1
213    1.04181
68 7.51778  2
116    0.700751
117    1.0929
69 13.2336  1
141    1.17334
70 11.8984  1
225    0
71 7.53822  9
90    1.2573
91    0.720545
92    0.767788
93    0.922059
94    0.825834
95    1.11162
96    0.844823
97    1.17364
98    1.04736
72 13.3004  1
170    1.2573
73 12.1166  1
169    0.978841
74 8.25083  1
99    0.825779
75 5.62716  2
140    1.22888
194    0.939729
76 7.05969  1
225    0
77 11.7379  1
116    0.700018
78 7.01422  1
225    0
79 11.5893  1
169    0.968917
80 6.52867  2
116    0.883532
143    0.833799
81 10.0035  1
225    0
82 11.3506  1
171    1.11162
83 5.74953  1
204    1.08398
84 7.45918  3
138    1.1168
139    0.861742
141    1.22776
85 13.0422  10
118    1.10321
119    0.817374
120    1.08398
121    0.754585
122    0.878954
123    1.28509
124    0.811313
125    1.06421
126    1.29002
127    0.827409
86 11.2737  10
106    1.12315
107    0.882488
108    1.29663
109    0.848979
110    1.1872
111    1.09166
112    0.779653
113    0.960805
114    0.952364
115    0.924787
87 5.49837  1
117    1.19074
88 6.63915  1
225    0
89 10.3645  2
116    0.736567
169    0.780917
90 12.5295  1
225    0
91 9.59914  1
100    1.17166
92 10.0301  1
225    0
93 11.4373  10
158    1.00021
159    1.08104
160    0.744972
161    0.847551
162    1.18253
163    1.07642
164    0.729902
165    0.798349
166    1.02187
167    1.15177
94 6.03244  1
225    0
95 8.38328  1
212    1.22657
96 6.0596  1
225    0
97 8.47179  1
143    1.24855
98 6.34861  2
146    0.851067
147    1.19402
99 9.41572  1
225    0
100 9.43129  7
101    1.2139
102    1.17885
103    1.06439
104    1.29062
105    0.829368
170    1.23793
194    0.883532
101 9.48195  1
225    0
102 9.64736  1
117    0.995706
103 10.1875  1
142    0.715455
104 11.9515  2
142    1.23745
168    1.08624
105 7.71157  1
145    0.929786
106 13.8665  1
225    0
107 13.9654  2
143    1.29198
168    0.975948
108 14.2883  1
225    0
109 5.34242  1
225    0
110 6.1298  1
141    1.22412
111 8.70098  1
225    0
112 7.09723  1
116    0.834733
113 11.8603  1
225    0
114 7.41371  5
148    1.1139
149    0.852293
150    1.19803
151    1.127
152    0.89505
115 12.8939  1
137    0.795071
116 10.7894  2
168    1.0018
171    1.04736
117 13.9169  1
136    1.04181
118 14.1299  1
225    0
119 14.8254  8
128    1.11676
129    0.861632
130    1.22851
131    1.22657
132    1.22022
133    1.19947
134    1.13172
135    0.910486
120 7.09632  1
225    0
121 11.8572  1
225    0
122 7.40364  2
142    1.04639
171    0.767788
123 12.861  6
172    1.23501
173    1.24779
174    1.28953
175    0.825779
176    1.11143
177    0.844218
124 10.6816  1
225    0
125 13.565  1
225    0
126 12.9809  2
136    0.78804
141    1.21222
127 11.0732  1
225    0
128 14.8437  1
225    0
129 7.15613  1
195    0.700751
130 12.0525  1
143    0.751161
131 8.04147  1
225    0
132 14.9438  1
213    0.78804
133 7.48299  1
225    0
134 13.1201  1
225    0
135 11.5276  1
225    0
136 6.32756  1
225    0
137 9.34675  1
212    1.19947
138 9.20606  1
153    0.823582
139 8.74645  1
225    0
140 7.24555  1
225    0
141 12.3446  1
225    0
142 8.99548  1
204    1.19074
143 8.05887  1
225    0
144 5.00031  2
168    0.761946
169    0.965877
145 5.01251  1
225    0
146 5.05249  1
225    0
147 5.18311  1
171    0.720545
148 5.60945  1
225    0
149 7.00171  1
225    0
150 11.5484  1
225    0
151 6.39531  1
225    0
152 9.56801  1
193    0.952364
153 9.92843  1
225    0
154 11.1055  1
225    0
155 14.9493  7
205    0.754585
206    0.878954
207    1.28509
208    0.811313
209    1.06421
210    1.29002
211    0.827409
156 7.50099  1
169    0.964943
157 13.179  1
225    0
158 11.7202  1
225    0
159 6.95624  1
225    0
160 11.3997  1
225    0
161 5.90976  1
225    0
162 7.98257  1
225    0
163 14.7516  6
187    1.29663
188    0.848979
189    1.1872
190    1.09166
191    0.779653
192    0.960805
164 6.85522  1
171    0.825834
165 11.0701  4
182    1.06439
183    1.29062
184    0.829368
213    1.2169
166 14.8337  1
225    0
167 7.12348  1
225    0
168 11.946  1
225    0
169 7.69387  1
225    0
170 13.8086  1
225    0
171 13.7762  1
225    0
172 13.6703  1
225    0
173 13.3245  1
225    0
174 12.1953  1
225    0
175 8.5081  1
225    0
176 6.46733  1
225    0
177 9.80331  1
225    0
178 10.6969  3
201    1.06633
202    1.29696
203    0.85006
179 13.6151  1
193    0.924787
180 13.1442  1
225    0
181 11.6063  1
225    0
182 6.58452  1
195    0.703149
183 10.186  1
225    0
184 11.9466  1
225    0
185 7.6957  1
193    1.14068
186 13.8147  1
225    0
187 13.796  1
225    0
188 13.7353  1
225    0
189 13.5369  1
225    0
190 12.889  1
225    0
191 10.7732  1
225    0
192 13.8641  1
225    0
193 13.9575  1
225    0
194 14.2624  1
225    0
195 5.25758  1
225    0
196 5.85269  1
212    1.13172
197 7.79611  1
225    0
198 14.1424  1
225    0
199 14.8663  1
225    0
200 7.22999  1
225    0
201 12.2939  1
225    0
202 8.82977  1
212    1.22851
203 7.51778  1
212    1.11676
204 13.2336  1
225    0
205 11.8984  1
225    0
206 7.53822  10
215    0.795071
216    1.01116
217    1.1168
218    0.861742
219    1.22888
220    1.22776
221    1.22412
222    1.21222
223    1.17334
224    1.04639
207 13.3004  1
212    0.910486
208 12.1166  1
225    0
209 8.25083  1
225    0
210 5.62716  1
225    0
211 7.05969  1
225    0
212 11.7379  1
225    0
213 7.01422  1
225    0
214 11.5893  1
225    0
215 6.52867  1
225    0
216 10.0035  1
225    0
217 11.3506  1
225    0
218 5.74953  1
225    0
219 7.45918  1
225    0
220 13.0422  1
225    0
221 11.2737  1
225    0
222 5.49837  1
225    0
223 6.63915  1
225    0
224 10.3645  1
225    0
225 0  0
