191
0 13.9575  9
1    11.1162
2    8.44823
3    11.7364
4    10.4736
5    12.3501
6    12.478
7    12.8953
17    8.48979
121    7.8804
1 14.2624  1
190    0
2 5.25758  10
8    8.25779
9    11.1143
10    8.44218
11    11.7166
12    10.409
13    12.139
14    11.7885
15    10.6439
16    12.9062
39    12.2851
3 5.85269  2
17    8.29368
74    8.62694
4 7.79611  5
17    11.872
37    7.54585
39    11.9947
47    10.4639
150    7.44972
5 14.1424  2
17    11.2315
171    11.7166
6 14.8663  4
37    8.78954
41    10.4181
68    7.63576
171    12.139
7 7.22999  6
17    10.9166
54    11.9402
79    7.67788
83    11.2315
140    8.33799
171    11.7885
8 12.2939  3
38    12.9002
39    12.2022
47    11.7334
9 8.82977  7
48    12.5574
49    7.15455
50    7.51161
51    8.67766
52    12.4855
53    12.9198
54    8.52293
10 7.51778  10
18    7.79653
19    9.60805
20    9.52364
21    9.24787
22    8.34733
23    11.4068
24    9.39729
25    8.83532
26    7.00018
27    7.00751
11 13.2336  3
17    8.82488
37    10.8398
171    8.29368
12 11.8984  3
47    12.2888
55    8.23582
68    9.08307
13 7.53822  1
81    12.3501
14 13.3004  3
17    12.9663
37    11.9074
47    11.168
15 12.1166  1
38    8.11313
16 8.25083  2
37    11.0321
47    12.3745
17 5.62716  7
151    8.47551
152    11.8253
153    10.7642
154    7.29902
155    7.98349
156    10.2187
157    11.5177
18 7.05969  4
37    12.9696
38    12.8509
68    7.61946
83    10.9166
19 11.7379  2
54    8.51067
74    11.1709
20 7.01422  5
39    8.61632
47    12.2776
81    11.1162
83    11.872
140    7.15455
21 11.5893  2
38    10.6421
39    11.1676
22 6.52867  3
39    7.8804
150    10.9536
165    11.1709
23 10.0035  1
40    9.88198
24 11.3506  10
28    7.0315
29    7.10987
30    7.36567
31    8.20103
32    10.929
33    7.83718
34    9.74081
35    9.95706
37    8.5006
47    12.1222
25 5.74953  5
59    8.47551
60    11.8253
61    10.7642
68    10.8624
81    12.8953
26 7.45918  3
39    8.27409
55    10.9536
81    8.44823
27 13.0422  1
55    7.9172
28 11.2737  2
39    11.3172
47    12.2412
29 5.49837  2
82    10.409
166    8.25834
30 6.63915  7
42    12.169
43    11.8865
44    10.9638
45    7.95071
46    10.1116
55    11.0427
150    7.9172
31 10.3645  6
62    7.29902
63    7.98349
64    10.2187
65    11.5177
66    9.75948
67    10.018
32 12.5295  3
47    8.61742
54    11.139
165    12.3199
33 9.59914  2
36    10.6633
166    9.22059
34 10.0301  3
37    8.17374
39    9.10486
55    7.37629
35 11.4373  2
55    11.27
82    11.7885
36 6.03244  8
69    9.64943
70    9.65877
71    9.68917
72    9.78841
73    10.1125
82    10.6439
83    12.9663
165    9.64943
37 8.38328  1
39    12.2657
38 6.0596  1
190    0
39 8.47179  3
79    9.22059
81    8.44218
150    10.0021
40 6.34861  1
190    0
41 9.41572  1
171    11.1143
42 9.43129  5
75    12.3199
76    12.3793
77    12.573
78    7.20545
189    7.10987
43 9.48195  1
190    0
44 9.64736  1
54    8.33799
45 10.1875  1
190    0
46 11.9515  1
47    12.3185
47 7.71157  1
121    11.3172
48 13.8665  1
54    9.29786
49 13.9654  5
84    7.79653
85    9.60805
86    9.52364
87    9.24787
88    8.34733
50 14.2883  2
55    8.9505
150    11.0427
51 5.34242  2
55    8.20853
165    8.62694
52 6.1298  1
55    11.9803
53 8.70098  3
54    11.3764
140    12.9198
165    9.65877
54 7.09723  4
56    10.0021
57    10.8104
58    7.44972
81    8.25779
55 11.8603  1
82    11.7166
56 7.41371  1
190    0
57 12.8939  1
166    7.67788
58 10.7894  2
83    12.9062
150    7.37629
59 13.9169  1
166    7.20545
60 14.1299  1
190    0
61 14.8254  1
190    0
62 7.09632  1
83    8.29368
63 11.8572  1
68    7.80917
64 7.40364  1
171    12.9062
65 12.861  2
81    11.1143
171    8.25779
66 10.6816  2
80    8.25834
82    12.139
67 13.565  1
68    9.02997
68 12.9809  1
166    12.3793
69 11.0732  2
81    10.4736
83    8.82488
70 14.8437  1
190    0
71 7.15613  1
190    0
72 12.0525  2
165    10.1125
171    8.44218
73 8.04147  1
83    8.48979
74 14.9438  3
165    9.68917
171    10.6439
189    7.36567
75 7.48299  1
190    0
76 13.1201  2
81    11.7364
140    8.67766
77 11.5276  3
172    11.2315
173    8.82488
174    12.9663
78 6.32756  1
166    12.573
79 9.34675  1
190    0
80 9.20606  1
81    12.478
81 8.74645  5
97    8.20103
98    10.929
99    7.83718
100    9.74081
166    8.44823
82 7.24555  1
190    0
83 12.3446  1
140    12.4855
84 8.99548  1
190    0
85 8.05887  6
101    9.95706
102    10.6633
103    12.9696
104    8.5006
105    11.9074
106    11.0321
86 5.00031  8
89    11.4068
90    9.39729
91    8.83532
92    7.00018
93    7.00751
94    7.0315
95    7.10987
96    7.36567
87 5.01251  9
131    12.2888
132    12.2776
133    12.2412
134    12.1222
135    11.7334
136    10.4639
137    12.3185
138    12.3745
139    12.5574
88 5.05249  2
175    8.48979
176    11.872
89 5.18311  1
190    0
90 5.60945  1
190    0
91 7.00171  1
190    0
92 11.5484  1
190    0
93 6.39531  1
190    0
94 9.56801  1
190    0
95 9.92843  10
107    8.17374
108    10.8398
109    7.54585
110    8.78954
111    12.8509
112    8.11313
113    10.6421
114    12.9002
115    8.27409
116    11.1676
96 11.1055  1
190    0
97 14.9493  1
190    0
98 7.50099  1
190    0
99 13.179  9
122    9.88198
123    10.4181
124    12.169
125    11.8865
126    10.9638
127    7.95071
128    10.1116
129    11.168
130    8.61742
100 11.7202  1
190    0
101 6.95624  4
117    8.61632
118    12.2851
119    12.2657
120    12.2022
102 11.3997  9
141    11.3764
142    9.29786
143    8.51067
144    11.9402
145    11.139
146    8.52293
147    11.9803
148    11.27
149    8.9505
103 5.90976  1
190    0
104 7.98257  1
190    0
105 14.7516  1
190    0
106 6.85522  1
190    0
107 11.0701  1
190    0
108 14.8337  1
190    0
109 7.12348  1
121    11.9947
110 11.946  1
150    8.20853
111 7.69387  1
190    0
112 13.8086  1
190    0
113 13.7762  1
121    9.10486
114 13.6703  1
165    9.78841
115 13.3245  1
190    0
116 12.1953  1
190    0
117 8.5081  1
190    0
118 6.46733  1
189    8.20103
119 9.80331  1
190    0
120 10.6969  1
190    0
121 13.6151  1
140    7.51161
122 13.1442  4
177    10.9166
178    7.79653
179    9.60805
180    9.52364
123 11.6063  1
190    0
124 6.58452  1
190    0
125 10.186  1
190    0
126 11.9466  1
190    0
127 7.6957  1
171    10.409
128 13.8147  1
190    0
129 13.796  1
190    0
130 13.7353  1
190    0
131 13.5369  1
190    0
132 12.889  1
190    0
133 10.7732  1
190    0
134 13.8641  1
166    11.1162
135 13.9575  1
190    0
136 14.2624  1
190    0
137 5.25758  1
190    0
138 5.85269  1
190    0
139 7.79611  1
190    0
140 14.1424  1
150    8.23582
141 14.8663  1
190    0
142 7.22999  1
166    11.7364
143 12.2939  1
190    0
144 8.82977  1
190    0
145 7.51778  7
158    9.75948
159    10.018
160    10.8624
161    7.61946
162    9.02997
163    7.63576
164    9.08307
146 13.2336  1
190    0
147 11.8984  1
165    7.80917
148 7.53822  1
190    0
149 13.3004  1
150    10.8104
150 12.1166  1
190    0
151 8.25083  1
190    0
152 5.62716  1
190    0
153 7.05969  1
190    0
154 11.7379  1
190    0
155 7.01422  1
190    0
156 11.5893  1
190    0
157 6.52867  1
190    0
158 10.0035  1
190    0
159 11.3506  8
181    9.24787
182    8.34733
183    11.4068
184    9.39729
185    8.83532
186    7.00018
187    7.00751
188    7.0315
160 5.74953  1
190    0
161 7.45918  1
190    0
162 13.0422  1
190    0
163 11.2737  4
167    10.4736
168    12.3501
169    12.478
170    12.8953
164 5.49837  1
190    0
165 6.63915  1
190    0
166 10.3645  1
190    0
167 12.5295  1
190    0
168 9.59914  1
190    0
169 10.0301  1
190    0
170 11.4373  1
190    0
171 6.03244  1
190    0
172 8.38328  1
190    0
173 6.0596  1
190    0
174 8.47179  1
190    0
175 6.34861  1
190    0
176 9.41572  1
190    0
177 9.43129  1
190    0
178 9.48195  1
190    0
179 9.64736  1
190    0
180 10.1875  1
190    0
181 11.9515  1
190    0
182 7.71157  1
190    0
183 13.8665  1
190    0
184 13.9654  1
190    0
185 14.2883  1
190    0
186 5.34242  1
190    0
187 6.1298  1
190    0
188 8.70098  1
190    0
189 7.09723  1
190    0
190 0  0
