107
0 7.79611  10
1    5.5838
2    4.30816
3    6.14257
4    6.13286
5    6.10109
6    5.99736
7    5.6586
11    5.94325
15    6.27871
26    3.99174
1 14.1424  5
11    5.20907
12    5.58399
47    5.93602
89    4.82472
90    4.84458
2 14.8663  5
12    4.30871
28    4.82472
46    4.14684
59    4.30816
89    3.80973
3 7.22999  6
11    5.4819
12    5.0558
15    4.33883
26    3.64951
46    6.45312
47    5.45828
4 12.2939  4
12    5.86671
25    5.52136
49    4.97853
97    6.17507
5 8.82977  5
8    4.55243
9    3.9402
10    4.94099
12    6.1444
25    5.47678
6 7.51778  7
11    3.97536
26    4.87974
47    3.89827
48    3.51575
64    6.27871
80    5.40518
89    4.54154
7 13.2336  7
11    6.08452
12    5.23196
15    6.4599
26    5.40518
46    4.41244
49    3.68284
89    3.90458
8 11.8984  6
12    6.12059
26    5.10936
28    3.90458
45    4.12889
49    3.91859
61    5.94325
9 7.53822  3
12    6.06108
28    4.54154
64    4.169
10 13.3004  8
13    6.15923
14    6.18725
15    6.24273
26    5.91267
28    3.81788
49    4.8704
59    5.5838
98    4.12889
11 12.1166  2
12    6.13881
44    6.17507
12 8.25083  4
15    3.75581
46    5.32196
47    5.70338
62    5.4819
13 5.62716  7
15    3.57727
25    3.68815
27    5.00902
60    5.6586
62    5.0558
64    3.75581
98    6.44763
14 7.05969  10
16    4.169
17    5.68818
18    4.64893
19    4.25533
20    5.97008
21    5.56952
22    4.26147
23    5.99013
24    5.63498
25    4.10427
15 11.7379  5
26    4.23775
45    6.44763
47    4.62394
64    5.68818
90    5.58545
16 7.01422  3
25    4.47525
47    4.80403
98    6.23898
17 11.5893  1
26    3.72486
18 6.52867  5
25    3.9586
26    5.75886
45    4.22109
59    4.13704
60    4.55243
19 10.0035  3
28    4.51498
45    6.06951
49    5.33166
20 11.3506  4
25    5.00105
28    3.80973
59    4.05657
89    3.81788
21 5.74953  3
47    4.17367
63    5.23196
80    4.23775
22 7.45918  3
28    5.43118
45    5.85829
95    4.61029
23 13.0422  2
44    5.23681
48    3.50375
24 11.2737  3
25    4.11791
63    6.06108
90    6.15996
25 5.49837  2
26    5.38211
59    6.13286
26 6.63915  2
44    6.23898
46    6.48315
27 10.3645  7
29    4.82939
30    4.84458
31    4.89421
32    5.05626
33    5.58545
44    5.86818
97    5.23681
28 12.5295  1
106    0
29 9.59914  2
45    5.20449
62    3.97536
30 10.0301  1
63    6.12059
31 11.4373  3
49    3.55493
64    6.4599
98    4.22109
32 6.03244  10
70    5.99013
71    5.63498
72    4.47525
73    3.68815
74    4.11791
75    5.52136
76    4.10427
77    5.47678
78    3.9586
79    5.00105
33 8.38328  10
34    4.31347
35    6.15996
36    6.18963
37    6.28649
38    3.60273
39    3.83894
40    4.61029
41    4.12917
42    5.55808
43    4.22411
34 6.0596  6
65    4.64893
66    4.25533
67    5.97008
68    5.56952
69    4.26147
98    5.85829
35 8.47179  1
46    4.2449
36 6.34861  1
60    5.20907
37 9.41572  1
106    0
38 9.43129  2
48    4.41766
97    4.22411
39 9.48195  3
48    3.50009
62    4.30871
98    5.32196
40 9.64736  4
46    5.61576
59    6.4501
60    5.99736
62    6.1444
41 10.1875  2
45    5.55716
47    4.76182
42 11.9515  10
50    6.4848
51    4.2503
52    5.95369
53    5.51605
54    4.08687
55    5.41992
56    3.77293
57    4.39477
58    6.42547
59    5.32104
43 7.71157  2
45    5.89427
49    5.46451
44 13.8665  1
106    0
45 13.9654  2
48    4.69865
63    6.13881
46 14.2883  1
90    5.05626
47 5.34242  1
60    4.94099
48 6.1298  4
49    4.10051
60    3.9402
63    5.86671
97    5.86818
49 8.70098  1
106    0
50 7.09723  1
59    6.14257
51 11.8603  1
64    4.33883
52 7.41371  2
64    3.57727
97    5.55808
53 12.8939  1
59    6.10109
54 10.7894  1
106    0
55 13.9169  1
62    5.58399
56 14.1299  2
60    6.08452
64    6.15923
57 14.8254  7
99    6.45312
100    4.14684
101    5.61576
102    4.41244
103    6.48315
104    4.2449
105    5.93602
58 7.09632  1
98    6.06951
59 11.8572  1
64    6.18725
60 7.40364  1
106    0
61 12.861  1
64    6.24273
62 10.6816  1
106    0
63 13.565  1
106    0
64 12.9809  2
80    3.72486
98    5.55716
65 11.0732  1
106    0
66 14.8437  1
106    0
67 7.15613  1
106    0
68 12.0525  1
106    0
69 8.04147  1
106    0
70 14.9438  2
90    4.89421
98    5.89427
71 7.48299  1
106    0
72 13.1201  1
90    4.82939
73 11.5276  1
80    5.91267
74 6.32756  1
106    0
75 9.34675  1
106    0
76 9.20606  1
106    0
77 8.74645  1
106    0
78 7.24555  1
106    0
79 12.3446  1
90    4.31347
80 8.99548  9
81    5.38211
82    3.64951
83    3.99174
84    5.10936
85    5.75886
86    4.87974
87    5.00902
88    5.43118
96    4.12917
81 8.05887  1
98    5.20449
82 5.00031  1
106    0
83 5.01251  1
106    0
84 5.05249  1
106    0
85 5.18311  1
106    0
86 5.60945  1
89    4.51498
87 7.00171  1
106    0
88 11.5484  4
91    6.18963
92    6.28649
93    3.60273
94    3.83894
89 6.39531  1
106    0
90 9.56801  1
106    0
91 9.92843  1
106    0
92 11.1055  1
106    0
93 14.9493  1
106    0
94 7.50099  1
106    0
95 13.179  1
106    0
96 11.7202  1
106    0
97 6.95624  1
106    0
98 11.3997  1
106    0
99 5.90976  1
106    0
100 7.98257  1
106    0
101 14.7516  1
106    0
102 6.85522  1
106    0
103 11.0701  1
106    0
104 14.8337  1
106    0
105 7.12348  1
106    0
106 0  0
