88
0 5.01251  7
1    4.54154
2    3.90458
3    4.82472
6    4.31347
7    4.61029
20    4.41244
24    4.2503
1 5.05249  7
5    4.89421
6    5.05626
7    6.18963
18    6.06951
22    5.46451
25    6.42547
26    5.99736
2 5.18311  5
4    4.82939
7    6.15996
22    3.68284
25    4.30816
26    4.55243
3 5.60945  2
7    6.28649
21    4.62394
4 7.00171  6
5    4.84458
6    5.58545
7    3.60273
20    5.93602
25    6.4501
26    6.10109
5 11.5484  6
7    3.83894
19    5.61576
24    5.33166
25    6.14257
49    5.56952
66    5.10936
6 6.39531  3
21    4.17367
24    3.77293
26    3.9402
7 9.56801  10
8    4.12917
9    5.55808
10    4.22411
11    5.86818
12    5.23681
13    6.17507
14    6.23898
15    6.44763
16    4.12889
17    5.55716
8 9.92843  4
18    6.45312
20    3.89827
22    4.10051
66    3.99174
9 11.1055  2
20    4.2449
24    5.51605
10 14.9493  1
18    4.22109
11 7.50099  1
21    5.70338
12 13.179  4
18    5.85829
21    4.76182
22    3.91859
25    5.5838
13 11.7202  1
24    6.4848
14 6.95624  3
18    5.32196
22    4.69865
66    5.75886
15 11.3997  3
18    5.20449
22    3.51575
24    4.39477
16 5.90976  4
18    5.89427
20    6.48315
21    4.80403
24    5.95369
17 7.98257  5
20    5.45828
22    3.55493
24    5.41992
26    6.13286
49    6.4599
18 14.7516  3
19    4.14684
22    3.50009
66    4.87974
19 6.85522  2
22    3.50375
26    5.6586
20 11.0701  2
25    5.32104
49    4.25533
21 14.8337  3
22    4.41766
24    4.97853
25    4.13704
22 7.12348  2
23    4.8704
25    4.05657
23 11.946  1
24    4.08687
24 7.69387  1
87    0
25 13.8086  1
87    0
26 13.7762  3
27    4.94099
28    5.20907
29    6.08452
27 13.6703  1
87    0
28 13.3245  8
34    5.58399
35    4.30871
36    6.1444
37    6.13881
38    6.12059
39    6.06108
40    5.86671
41    5.23196
29 12.1953  4
30    5.94325
31    5.4819
32    3.97536
33    5.0558
30 8.5081  1
87    0
31 6.46733  1
57    4.10427
32 9.80331  1
87    0
33 10.6969  4
45    3.57727
46    3.75581
47    4.33883
48    6.24273
34 13.6151  1
87    0
35 13.1442  1
87    0
36 11.6063  1
87    0
37 6.58452  1
87    0
38 10.186  1
49    5.68818
39 11.9466  7
50    4.26147
51    5.99013
52    5.63498
53    4.47525
54    3.68815
55    4.11791
56    5.52136
40 7.6957  3
42    6.15923
43    6.18725
44    6.27871
41 13.8147  1
87    0
42 13.796  1
87    0
43 13.7353  1
66    3.64951
44 13.5369  1
49    4.64893
45 12.889  1
49    4.169
46 10.7732  1
87    0
47 13.8641  5
72    4.54154
73    3.90458
74    4.82472
75    4.82939
76    4.84458
48 13.9575  1
49    5.97008
49 14.2624  5
67    5.00902
68    5.43118
69    3.80973
70    4.51498
71    3.81788
50 5.25758  1
87    0
51 5.85269  1
87    0
52 7.79611  1
87    0
53 14.1424  1
87    0
54 14.8663  1
87    0
55 7.22999  1
87    0
56 12.2939  8
58    5.47678
59    3.9586
60    5.00105
61    5.40518
62    3.72486
63    4.23775
64    5.91267
65    5.38211
57 8.82977  1
87    0
58 7.51778  1
87    0
59 13.2336  1
87    0
60 11.8984  4
77    4.89421
78    5.05626
79    5.58545
80    4.31347
61 7.53822  1
87    0
62 13.3004  1
87    0
63 12.1166  1
87    0
64 8.25083  1
87    0
65 5.62716  1
87    0
66 7.05969  1
87    0
67 11.7379  1
87    0
68 7.01422  1
87    0
69 11.5893  1
87    0
70 6.52867  1
87    0
71 10.0035  1
87    0
72 11.3506  1
87    0
73 5.74953  1
87    0
74 7.45918  1
87    0
75 13.0422  1
87    0
76 11.2737  1
87    0
77 5.49837  1
87    0
78 6.63915  1
87    0
79 10.3645  1
87    0
80 12.5295  6
81    6.15996
82    6.18963
83    6.28649
84    3.60273
85    3.83894
86    4.61029
81 9.59914  1
87    0
82 10.0301  1
87    0
83 11.4373  1
87    0
84 6.03244  1
87    0
85 8.38328  1
87    0
86 6.0596  1
87    0
87 0  0
