58
0 14.2883  3
1    10.6421
2    8.27409
56    9.64943
1 5.34242  2
2    12.9002
16    11.168
2 6.1298  9
3    11.1676
4    8.61632
5    12.2851
6    12.2657
7    12.2022
8    11.9947
9    11.3172
10    9.10486
11    7.8804
3 8.70098  7
32    9.29786
33    8.51067
34    11.9402
35    11.139
36    8.52293
37    11.9803
38    11.27
4 7.09723  1
16    8.61742
5 11.8603  5
12    9.88198
13    10.4181
14    12.169
15    11.8865
16    7.95071
6 7.41371  2
16    12.2888
56    9.08307
7 12.8939  1
57    0
8 10.7894  3
48    7.44972
49    8.47551
50    11.8253
9 13.9169  3
16    10.1116
23    12.3745
51    7.98349
10 14.1299  1
16    10.9638
11 14.8254  1
57    0
12 7.09632  1
57    0
13 11.8572  8
24    12.5574
25    7.15455
26    7.51161
27    8.67766
28    12.4855
29    12.9198
30    8.33799
31    11.3764
14 7.40364  6
17    12.2776
18    12.2412
19    12.1222
20    11.7334
21    10.4639
22    12.3185
15 12.861  1
57    0
16 10.6816  1
57    0
17 13.565  1
57    0
18 12.9809  1
51    7.29902
19 11.0732  1
57    0
20 14.8437  1
57    0
21 7.15613  1
56    9.65877
22 12.0525  1
57    0
23 8.04147  1
57    0
24 14.9438  10
39    8.9505
40    7.37629
41    8.23582
42    11.0427
43    8.20853
44    10.9536
45    7.9172
46    10.0021
47    10.8104
52    9.75948
25 7.48299  1
57    0
26 13.1201  1
57    0
27 11.5276  1
57    0
28 6.32756  1
57    0
29 9.34675  1
57    0
30 9.20606  1
51    11.5177
31 8.74645  1
52    10.018
32 7.24555  1
57    0
33 12.3446  1
51    10.7642
34 8.99548  1
57    0
35 8.05887  1
57    0
36 5.00031  1
57    0
37 5.01251  1
51    10.2187
38 5.05249  1
57    0
39 5.18311  1
57    0
40 5.60945  1
57    0
41 7.00171  1
57    0
42 11.5484  1
57    0
43 6.39531  1
57    0
44 9.56801  1
57    0
45 9.92843  1
57    0
46 11.1055  1
57    0
47 14.9493  1
57    0
48 7.50099  1
57    0
49 13.179  1
57    0
50 11.7202  4
53    10.8624
54    7.61946
55    9.02997
56    7.80917
51 6.95624  1
57    0
52 11.3997  1
57    0
53 5.90976  1
57    0
54 7.98257  1
57    0
55 14.7516  1
56    7.63576
56 6.85522  1
57    0
57 0  0
