59
0 13.3245  3
1    7.63576
2    9.08307
10    12.3793
1 12.1953  2
3    9.64943
10    8.25834
2 8.5081  2
3    7.80917
10    12.573
3 6.46733  2
4    9.65877
10    7.20545
4 9.80331  7
5    9.68917
6    9.78841
7    10.1125
8    11.1709
9    8.62694
10    12.3199
38    7.00751
5 10.6969  4
34    9.24787
35    8.34733
36    11.4068
37    9.39729
6 13.6151  8
11    8.44823
12    11.7364
13    10.4736
14    12.3501
15    12.478
16    12.8953
17    8.25779
18    11.1143
7 13.1442  1
10    9.22059
8 11.6063  1
10    11.1162
9 6.58452  1
10    7.67788
10 10.186  1
58    0
11 11.9466  1
58    0
12 7.6957  5
39    9.74081
40    9.95706
41    10.6633
42    12.9696
43    8.5006
13 13.8147  1
58    0
14 13.796  1
58    0
15 13.7353  1
38    8.83532
16 13.5369  6
28    8.82488
29    12.9663
30    8.48979
31    11.872
32    10.9166
38    8.20103
17 12.889  10
19    8.44218
20    11.7166
21    10.409
22    12.139
23    11.7885
24    10.6439
25    12.9062
26    8.29368
27    11.2315
38    7.10987
18 10.7732  1
51    8.11313
19 13.8641  1
33    7.79653
20 13.9575  1
38    7.00018
21 14.2624  1
38    7.0315
22 5.25758  1
38    7.83718
23 5.85269  1
58    0
24 7.79611  1
58    0
25 14.1424  1
38    7.36567
26 14.8663  1
58    0
27 7.22999  1
33    9.60805
28 12.2939  1
58    0
29 8.82977  1
58    0
30 7.51778  1
58    0
31 13.2336  1
33    9.52364
32 11.8984  1
58    0
33 7.53822  1
58    0
34 13.3004  7
44    11.9074
45    11.0321
46    8.17374
47    10.8398
48    7.54585
49    8.78954
50    12.8509
35 12.1166  1
58    0
36 8.25083  1
58    0
37 5.62716  1
38    10.929
38 7.05969  6
52    10.6421
53    12.9002
54    8.27409
55    11.1676
56    8.61632
57    12.2851
39 11.7379  1
58    0
40 7.01422  1
58    0
41 11.5893  1
58    0
42 6.52867  1
58    0
43 10.0035  1
58    0
44 11.3506  1
58    0
45 5.74953  1
58    0
46 7.45918  1
58    0
47 13.0422  1
58    0
48 11.2737  1
58    0
49 5.49837  1
58    0
50 6.63915  1
58    0
51 10.3645  1
58    0
52 12.5295  1
58    0
53 9.59914  1
58    0
54 10.0301  1
58    0
55 11.4373  1
58    0
56 6.03244  1
58    0
57 8.38328  1
58    0
58 0  0
