53
0 9.48195  8
1    9.95706
2    10.6633
3    12.9696
4    8.5006
5    11.9074
6    11.0321
7    8.17374
8    10.8398
1 9.64736  1
9    11.1676
2 10.1875  2
9    12.9002
19    10.4181
3 11.9515  1
9    8.11313
4 7.71157  1
9    8.78954
5 13.8665  2
9    7.54585
34    7.51161
6 13.9654  1
9    8.27409
7 14.2883  2
9    10.6421
19    10.9638
8 5.34242  1
9    12.8509
9 6.1298  9
10    8.61632
11    12.2851
12    12.2657
13    12.2022
14    11.9947
15    11.3172
16    9.10486
17    7.8804
18    9.88198
10 8.70098  1
19    11.8865
11 7.09723  1
52    0
12 11.8603  1
34    12.9198
13 7.41371  5
20    7.95071
21    10.1116
22    11.168
23    8.61742
24    12.2888
14 12.8939  9
25    12.2776
26    12.2412
27    12.1222
28    11.7334
29    10.4639
30    12.3185
31    12.3745
32    12.5574
33    7.15455
15 10.7894  9
43    8.9505
44    7.37629
45    8.23582
46    11.0427
47    8.20853
48    10.9536
49    7.9172
50    10.0021
51    10.8104
16 13.9169  1
19    12.169
17 14.1299  1
52    0
18 14.8254  1
52    0
19 7.09632  1
52    0
20 11.8572  1
52    0
21 7.40364  1
52    0
22 12.861  1
52    0
23 10.6816  1
34    8.67766
24 13.565  1
52    0
25 12.9809  1
34    8.33799
26 11.0732  1
52    0
27 14.8437  1
52    0
28 7.15613  1
52    0
29 12.0525  1
52    0
30 8.04147  1
52    0
31 14.9438  8
35    11.3764
36    9.29786
37    8.51067
38    11.9402
39    11.139
40    8.52293
41    11.9803
42    11.27
32 7.48299  1
52    0
33 13.1201  1
34    12.4855
34 11.5276  1
52    0
35 6.32756  1
52    0
36 9.34675  1
52    0
37 9.20606  1
52    0
38 8.74645  1
52    0
39 7.24555  1
52    0
40 12.3446  1
52    0
41 8.99548  1
52    0
42 8.05887  1
52    0
43 5.00031  1
52    0
44 5.01251  1
52    0
45 5.05249  1
52    0
46 5.18311  1
52    0
47 5.60945  1
52    0
48 7.00171  1
52    0
49 11.5484  1
52    0
50 6.39531  1
52    0
51 9.56801  1
52    0
52 0  0
