221
0 11.8572  4
1    8.52293
2    11.9803
21    10.018
156    7.29902
1 7.40364  2
2    11.27
34    7.20545
2 12.861  10
3    8.9505
4    7.37629
5    8.23582
6    11.0427
7    8.20853
8    10.9536
9    7.9172
10    10.0021
11    10.8104
12    7.44972
3 10.6816  3
33    12.3199
36    12.8953
67    12.3745
4 13.565  5
34    8.25834
66    11.168
79    7.9172
172    12.3501
202    8.11313
5 12.9809  3
37    10.409
67    10.4639
68    8.67766
6 11.0732  5
13    8.47551
34    9.22059
36    12.3501
44    9.24787
66    11.8865
7 14.8437  2
38    10.6439
66    12.169
8 7.15613  1
60    10.6421
9 12.0525  4
37    12.139
58    10.6633
98    12.8953
201    12.9696
10 8.04147  3
36    10.4736
65    11.3172
84    9.02997
11 14.9438  10
14    11.8253
15    10.7642
16    7.29902
17    7.98349
18    10.2187
19    11.5177
20    9.75948
38    8.29368
84    11.1709
150    8.20853
12 7.48299  10
30    9.68917
31    9.78841
32    10.1125
34    12.3793
36    8.25779
58    12.9696
59    7.54585
66    10.4181
69    11.3764
156    11.5177
13 13.1201  6
36    11.7166
38    11.7885
67    12.5574
105    8.48979
141    7.51161
157    7.61946
14 11.5276  7
35    8.44823
38    11.2315
69    12.4855
79    10.0021
80    7.44972
84    9.78841
105    9.60805
15 6.32756  7
53    7.36567
54    8.20103
55    10.929
56    7.83718
57    9.74081
65    9.10486
69    12.9198
16 9.34675  2
34    11.1162
132    12.2022
17 9.20606  3
59    12.8509
67    12.3185
105    11.872
18 8.74645  2
36    11.7364
105    7.79653
19 7.24555  10
22    10.8624
23    7.61946
24    9.02997
25    7.63576
26    9.08307
27    7.80917
28    9.64943
29    9.65877
33    11.1709
34    7.67788
20 12.3446  2
39    12.9663
40    8.48979
21 8.99548  3
38    12.9062
66    8.61742
67    7.15455
22 8.05887  2
58    10.8398
67    12.2412
23 5.00031  4
36    12.478
67    12.1222
132    12.2657
209    12.2022
24 5.01251  3
66    7.95071
80    7.98349
98    8.25779
25 5.05249  2
70    8.51067
71    11.9402
26 5.18311  2
34    12.573
134    10.9638
27 5.60945  3
44    9.60805
60    8.27409
173    12.478
28 7.00171  6
33    8.62694
36    8.44218
65    7.8804
66    10.9638
132    11.1676
152    10.0021
29 11.5484  3
59    8.78954
60    12.9002
84    7.80917
30 6.39531  2
36    11.1143
44    9.52364
31 9.56801  10
45    8.34733
46    11.4068
47    9.39729
48    8.83532
49    7.00018
50    7.00751
51    7.0315
52    7.10987
58    11.9074
98    11.7166
32 9.92843  1
60    8.11313
33 11.1055  2
58    11.0321
66    12.2888
34 14.9493  1
38    8.82488
35 7.50099  2
79    10.9536
80    7.29902
36 13.179  5
41    11.872
42    10.9166
43    7.79653
67    11.7334
69    8.33799
37 11.7202  2
85    8.62694
105    9.24787
38 6.95624  3
58    8.17374
124    11.0321
172    7.67788
39 11.3997  1
58    8.5006
40 5.90976  1
65    9.88198
41 7.98257  1
220    0
42 14.7516  2
84    9.68917
174    12.139
43 6.85522  6
61    12.2851
62    12.2657
63    12.2022
64    11.9947
84    9.65877
142    12.4855
44 11.0701  10
210    11.3172
211    9.10486
212    7.8804
213    9.88198
214    10.4181
215    12.169
216    11.8865
217    10.9638
218    7.95071
219    10.1116
45 14.8337  2
80    8.47551
156    7.98349
46 7.12348  2
58    9.95706
78    8.23582
47 11.946  7
72    11.139
73    8.52293
74    11.9803
75    11.27
76    8.9505
77    7.37629
134    10.4181
48 7.69387  2
66    10.1116
172    8.25834
49 13.8086  1
220    0
50 13.7762  1
141    12.3185
51 13.6703  2
60    11.1676
132    12.9002
52 13.3245  1
84    7.63576
53 12.1953  1
152    10.8104
54 8.5081  3
84    9.08307
172    10.4736
202    10.8398
55 6.46733  3
60    8.61632
132    9.10486
134    10.1116
56 9.80331  2
67    12.2776
201    8.5006
57 10.6969  4
86    12.3199
87    12.3793
88    12.573
132    12.2851
58 13.6151  1
220    0
59 13.1442  9
106    8.34733
107    11.4068
108    9.39729
109    8.83532
110    7.00018
111    7.00751
112    7.0315
113    7.10987
141    7.15455
60 11.6063  1
141    12.3745
61 6.58452  2
80    11.8253
105    9.52364
62 10.186  7
99    12.139
100    11.7885
101    10.6439
102    12.9062
103    8.29368
104    11.2315
134    9.88198
63 11.9466  2
69    9.29786
80    10.7642
64 7.6957  2
67    7.51161
209    11.9947
65 13.8147  3
78    11.0427
79    8.20853
172    8.44823
66 13.796  2
98    8.44218
105    12.9663
67 13.7353  3
80    9.75948
84    9.64943
98    11.1143
68 13.5369  1
220    0
69 12.889  4
81    10.018
82    10.8624
83    7.61946
172    11.1162
70 10.7732  1
140    10.4639
71 13.8641  1
220    0
72 13.9575  1
80    10.2187
73 14.2624  1
80    11.5177
74 5.25758  1
220    0
75 5.85269  1
220    0
76 7.79611  1
220    0
77 14.1424  2
79    10.8104
105    8.82488
78 14.8663  1
220    0
79 7.22999  1
202    12.8509
80 12.2939  2
98    12.478
172    11.7364
81 8.82977  1
153    8.47551
82 7.51778  9
89    7.20545
90    7.67788
91    9.22059
92    8.25834
93    11.1162
94    8.44823
95    11.7364
96    10.4736
97    12.3501
83 13.2336  2
84    10.1125
134    12.169
84 11.8984  1
220    0
85 7.53822  1
142    8.67766
86 13.3004  1
150    8.9505
87 12.1166  1
98    10.409
88 8.25083  2
150    11.9803
174    11.7885
89 5.62716  5
119    9.95706
120    10.6633
121    12.9696
122    8.5006
123    11.9074
90 7.05969  1
220    0
91 11.7379  2
134    11.8865
201    9.95706
92 7.01422  1
220    0
93 11.5893  1
220    0
94 6.52867  6
165    9.78841
166    10.1125
167    11.1709
168    8.62694
169    12.3199
202    7.54585
95 10.0035  1
220    0
96 11.3506  1
220    0
97 5.74953  8
125    8.17374
126    10.8398
127    7.54585
128    8.78954
129    12.8509
130    8.11313
131    10.6421
134    11.168
98 7.45918  5
114    7.36567
115    8.20103
116    10.929
117    7.83718
118    9.74081
99 13.0422  1
220    0
100 11.2737  1
134    7.95071
101 5.49837  1
220    0
102 6.63915  1
105    10.9166
103 10.3645  1
151    10.9536
104 12.5295  2
156    10.2187
174    8.44218
105 9.59914  3
132    11.9947
150    8.23582
201    11.0321
106 10.0301  2
154    11.8253
155    10.7642
107 11.4373  8
143    12.9198
144    8.33799
145    11.3764
146    9.29786
147    8.51067
148    11.9402
149    11.139
150    7.37629
108 6.03244  5
136    12.2888
137    12.2776
138    12.2412
139    12.1222
150    11.0427
109 8.38328  1
152    7.44972
110 6.0596  1
157    9.75948
111 8.47179  1
220    0
112 6.34861  1
220    0
113 9.41572  1
220    0
114 9.43129  2
170    12.3793
171    12.573
115 9.48195  2
133    7.8804
150    11.27
116 9.64736  1
220    0
117 10.1875  1
150    8.52293
118 11.9515  1
172    9.22059
119 7.71157  1
132    11.3172
120 13.8665  1
202    10.6421
121 13.9654  1
220    0
122 14.2883  1
132    8.61632
123 5.34242  1
220    0
124 6.1298  1
132    8.27409
125 8.70098  1
220    0
126 7.09723  1
141    12.5574
127 11.8603  1
157    10.018
128 7.41371  1
220    0
129 12.8939  1
220    0
130 10.7894  1
220    0
131 13.9169  1
135    8.61742
132 14.1299  6
175    10.6439
176    12.9062
177    8.29368
178    11.2315
179    8.82488
180    12.9663
133 14.8254  1
174    12.8953
134 7.09632  1
220    0
135 11.8572  1
140    11.7334
136 7.40364  1
174    10.409
137 12.861  1
201    11.9074
138 10.6816  1
220    0
139 13.565  1
220    0
140 12.9809  1
220    0
141 11.0732  1
220    0
142 14.8437  1
174    8.25779
143 7.15613  1
174    11.1143
144 12.0525  1
201    10.6633
145 8.04147  1
220    0
146 14.9438  1
152    7.9172
147 7.48299  1
220    0
148 13.1201  1
157    10.8624
149 11.5276  1
220    0
150 6.32756  1
220    0
151 9.34675  1
174    11.7166
152 9.20606  7
158    9.02997
159    7.63576
160    9.08307
161    7.80917
162    9.64943
163    9.65877
164    9.68917
153 8.74645  1
220    0
154 7.24555  1
220    0
155 12.3446  1
220    0
156 8.99548  1
220    0
157 8.05887  1
220    0
158 5.00031  1
220    0
159 5.01251  1
172    7.20545
160 5.05249  1
202    8.78954
161 5.18311  1
220    0
162 5.60945  1
220    0
163 7.00171  1
220    0
164 11.5484  1
220    0
165 6.39531  6
189    11.4068
190    9.39729
191    8.83532
192    7.00018
193    7.00751
194    7.0315
166 9.56801  1
220    0
167 9.92843  1
220    0
168 11.1055  8
181    8.48979
182    11.872
183    10.9166
184    7.79653
185    9.60805
186    9.52364
187    9.24787
188    8.34733
169 14.9493  1
220    0
170 7.50099  1
220    0
171 13.179  1
202    8.17374
172 11.7202  1
220    0
173 6.95624  1
220    0
174 11.3997  1
220    0
175 5.90976  1
220    0
176 7.98257  6
203    12.9002
204    8.27409
205    11.1676
206    8.61632
207    12.2851
208    12.2657
177 14.7516  1
220    0
178 6.85522  1
220    0
179 11.0701  1
220    0
180 14.8337  1
220    0
181 7.12348  1
220    0
182 11.946  1
220    0
183 7.69387  1
220    0
184 13.8086  1
220    0
185 13.7762  1
220    0
186 13.6703  1
220    0
187 13.3245  1
220    0
188 12.1953  1
220    0
189 8.5081  1
220    0
190 6.46733  1
220    0
191 9.80331  1
220    0
192 10.6969  1
220    0
193 13.6151  6
195    7.10987
196    7.36567
197    8.20103
198    10.929
199    7.83718
200    9.74081
194 13.1442  1
220    0
195 11.6063  1
220    0
196 6.58452  1
220    0
197 10.186  1
220    0
198 11.9466  1
220    0
199 7.6957  1
220    0
200 13.8147  1
220    0
201 13.796  1
220    0
202 13.7353  1
220    0
203 13.5369  1
220    0
204 12.889  1
220    0
205 10.7732  1
220    0
206 13.8641  1
220    0
207 13.9575  1
220    0
208 14.2624  1
220    0
209 5.25758  1
220    0
210 5.85269  1
220    0
211 7.79611  1
220    0
212 14.1424  1
220    0
213 14.8663  1
220    0
214 7.22999  1
220    0
215 12.2939  1
220    0
216 8.82977  1
220    0
217 7.51778  1
220    0
218 13.2336  1
220    0
219 11.8984  1
220    0
220 0  0
