61
0 9.64736  6
1    4.39477
2    6.42547
3    5.32104
4    4.13704
5    6.14257
10    4.94099
1 10.1875  5
3    4.05657
5    4.30816
10    5.94325
12    5.23196
15    6.4599
2 11.9515  2
4    6.4501
10    5.0558
3 7.71157  2
10    3.97536
12    6.15923
4 13.8665  6
5    5.5838
10    5.4819
11    6.1444
15    4.25533
26    3.64951
51    5.32196
5 13.9654  8
6    6.13286
7    6.10109
8    5.99736
9    5.6586
10    5.20907
11    5.58399
12    6.27871
15    6.24273
6 14.2883  2
12    6.18725
51    5.89427
7 5.34242  3
10    4.55243
11    6.12059
26    5.40518
8 6.1298  5
10    3.9402
11    6.13881
12    6.06108
15    5.97008
26    3.72486
9 8.70098  1
10    6.08452
10 7.09723  4
11    4.30871
15    4.64893
32    4.82472
51    5.20449
11 11.8603  1
12    5.86671
12 7.41371  2
13    3.57727
15    4.33883
13 12.8939  3
14    3.75581
15    4.169
26    5.00105
14 10.7894  3
15    5.68818
26    5.10936
31    3.81788
15 13.9169  10
16    5.56952
17    4.26147
18    5.99013
19    5.63498
20    4.47525
21    3.68815
22    4.11791
23    5.52136
24    4.10427
25    5.47678
16 14.1299  2
31    3.80973
32    4.89421
17 14.8254  2
31    3.90458
32    4.82939
18 7.09632  2
26    5.38211
32    4.84458
19 11.8572  1
60    0
20 7.40364  1
26    5.91267
21 12.861  2
26    3.9586
32    5.58545
22 10.6816  1
26    3.99174
23 13.565  1
26    4.23775
24 12.9809  1
32    5.05626
25 11.0732  10
42    5.86818
43    5.23681
44    6.17507
45    6.23898
46    6.44763
47    4.12889
48    5.55716
49    4.22109
50    5.85829
51    6.06951
26 14.8437  4
27    5.75886
28    4.87974
29    5.00902
30    5.43118
27 7.15613  1
31    4.51498
28 12.0525  1
31    4.54154
29 8.04147  1
41    5.55808
30 14.9438  1
60    0
31 7.48299  7
33    4.31347
34    6.15996
35    6.18963
36    6.28649
37    3.60273
38    3.83894
39    4.61029
32 13.1201  1
60    0
33 11.5276  1
60    0
34 6.32756  1
40    4.12917
35 9.34675  1
60    0
36 9.20606  1
41    4.22411
37 8.74645  7
53    4.14684
54    5.61576
55    4.41244
56    6.48315
57    4.2449
58    5.93602
59    5.45828
38 7.24555  1
60    0
39 12.3446  1
60    0
40 8.99548  1
60    0
41 8.05887  1
60    0
42 5.00031  1
60    0
43 5.01251  1
60    0
44 5.05249  1
60    0
45 5.18311  1
60    0
46 5.60945  1
52    6.45312
47 7.00171  1
60    0
48 11.5484  1
60    0
49 6.39531  1
60    0
50 9.56801  1
60    0
51 9.92843  1
60    0
52 11.1055  1
60    0
53 14.9493  1
60    0
54 7.50099  1
60    0
55 13.179  1
60    0
56 11.7202  1
60    0
57 6.95624  1
60    0
58 11.3997  1
60    0
59 5.90976  1
60    0
60 0  0
