105
0 11.8603  10
1    54.0518
2    37.2486
3    42.3775
4    59.1267
5    53.8211
6    36.4951
7    39.9174
8    51.0936
9    57.5886
10    48.7974
1 7.41371  8
15    58.5829
16    52.0449
17    60.6951
18    58.9427
19    53.2196
20    64.5312
21    41.4684
61    61.8725
2 12.8939  6
11    45.4154
12    48.4458
13    61.8963
14    62.3898
34    41.0051
63    44.7525
3 10.7894  5
11    48.2939
12    50.5626
14    42.2411
63    56.3498
65    59.1267
4 13.9169  4
11    54.3118
12    43.1347
13    38.3894
63    46.4893
5 14.1299  4
11    50.0902
12    55.8545
14    55.5716
102    41.0051
6 14.8254  2
11    45.1498
42    59.9736
7 7.09632  4
11    39.0458
13    46.1029
34    36.8284
97    54.5828
8 11.8572  4
11    38.0973
12    48.9421
13    41.2917
14    58.6818
9 7.40364  6
11    48.2472
13    55.5808
14    52.3681
34    39.1859
62    37.5581
64    39.586
10 12.861  4
11    38.1788
13    61.5996
14    61.7507
34    44.1766
11 10.6816  4
13    36.0273
14    42.2109
41    54.1992
63    56.8818
12 13.565  5
13    62.8649
14    64.4763
24    42.449
34    35.5493
42    61.4257
13 12.9809  2
14    41.2889
41    53.2104
14 11.0732  2
25    59.3602
65    37.2486
15 14.8437  1
42    61.0109
16 7.15613  10
71    54.3118
72    38.0973
73    45.1498
74    38.1788
75    45.4154
76    39.0458
77    48.2472
78    48.2939
79    48.4458
80    48.9421
17 12.0525  1
63    59.7008
18 8.04147  7
22    56.1576
23    44.1244
24    64.8315
34    54.6451
41    40.8687
63    55.6952
84    61.8963
19 14.9438  3
46    49.4099
47    52.0907
102    35.1575
20 7.48299  3
34    35.1575
64    36.8815
102    35.0375
21 13.1201  1
90    61.7507
22 11.5276  1
104    0
23 6.32756  8
26    54.5828
27    38.9827
28    48.0403
29    47.6182
30    46.2394
31    41.7367
32    57.0338
33    46.9865
24 9.34675  4
41    64.501
42    55.838
63    59.9013
64    41.0427
25 9.20606  2
34    35.0375
63    42.5533
26 8.74645  1
104    0
27 7.24555  2
34    35.0009
62    64.599
28 12.3446  1
42    41.3704
29 8.99548  2
41    40.5657
64    50.0105
30 8.05887  4
57    61.2059
58    60.6108
59    58.6671
60    52.3196
31 5.00031  7
35    48.704
36    49.7853
37    53.3166
38    64.848
39    42.503
40    59.5369
91    41.2889
32 5.01251  1
41    43.9477
33 5.05249  1
104    0
34 5.18311  2
65    53.8211
90    52.3681
35 5.60945  3
43    56.586
44    45.5243
45    39.402
36 7.00171  1
41    64.2547
37 11.5484  1
104    0
38 6.39531  3
41    55.1605
42    61.3286
84    36.0273
39 9.56801  2
41    37.7293
101    57.0338
40 9.92843  3
42    43.0816
62    41.69
65    36.4951
41 11.1055  1
104    0
42 14.9493  2
64    41.1791
97    42.449
43 7.50099  6
66    39.9174
67    51.0936
68    57.5886
69    48.7974
70    50.0902
91    58.5829
44 13.179  10
48    60.8452
49    59.4325
50    54.819
51    39.7536
52    50.558
53    55.8399
54    43.0871
55    61.444
56    61.3881
64    55.2136
45 11.7202  1
104    0
46 6.95624  1
63    42.6147
47 11.3997  1
62    35.7727
48 5.90976  2
61    61.5923
65    42.3775
49 7.98257  1
104    0
50 14.7516  1
91    52.0449
51 6.85522  1
104    0
52 11.0701  1
104    0
53 14.8337  2
64    54.7678
102    36.8284
54 7.12348  2
62    62.7871
100    46.2394
55 11.946  1
62    43.3883
56 7.69387  4
85    38.3894
86    46.1029
87    41.2917
88    55.5808
57 13.8086  1
104    0
58 13.7762  1
91    60.6951
59 13.6703  1
104    0
60 13.3245  1
104    0
61 12.1953  2
62    62.4273
65    54.0518
62 8.5081  1
91    42.2109
63 6.46733  1
84    61.5996
64 9.80331  4
81    50.5626
82    55.8545
83    43.1347
97    64.8315
65 10.6969  1
104    0
66 13.6151  1
104    0
67 13.1442  1
104    0
68 11.6063  1
91    62.3898
69 6.58452  1
89    42.2411
70 10.186  1
103    39.1859
71 11.9466  1
104    0
72 7.6957  1
104    0
73 13.8147  5
92    58.9427
93    53.2196
94    64.5312
95    41.4684
96    56.1576
74 13.796  1
104    0
75 13.7353  1
104    0
76 13.5369  1
104    0
77 12.889  1
91    55.5716
78 10.7732  1
104    0
79 13.8641  3
98    48.0403
99    47.6182
102    46.9865
80 13.9575  1
104    0
81 14.2624  1
104    0
82 5.25758  1
104    0
83 5.85269  1
84    62.8649
84 7.79611  2
91    64.4763
102    44.1766
85 14.1424  3
89    58.6818
97    44.1244
102    35.5493
86 14.8663  1
104    0
87 7.22999  1
102    54.6451
88 12.2939  1
104    0
89 8.82977  1
97    38.9827
90 7.51778  1
104    0
91 13.2336  1
102    35.0009
92 11.8984  1
97    59.3602
93 7.53822  1
101    41.7367
94 13.3004  1
104    0
95 12.1166  1
104    0
96 8.25083  1
104    0
97 5.62716  1
104    0
98 7.05969  1
104    0
99 11.7379  1
104    0
100 7.01422  1
104    0
101 11.5893  1
104    0
102 6.52867  1
104    0
103 10.0035  1
104    0
104 0  0
