47
0 8.74645  7
1    8.61742
2    12.2888
9    12.9198
10    11.9402
16    10.8104
18    10.018
29    7.67788
1 7.24555  4
2    12.2776
9    8.67766
29    7.20545
30    8.44823
2 12.3446  5
3    12.2412
9    7.15455
15    8.9505
17    8.47551
29    8.62694
3 8.99548  9
4    12.1222
5    11.7334
6    10.4639
7    12.3185
8    12.3745
9    12.5574
10    8.51067
17    10.2187
30    11.7364
4 8.05887  3
9    12.4855
10    11.3764
17    7.98349
5 5.00031  3
9    8.33799
18    10.8624
29    11.1709
6 5.01251  2
10    9.29786
15    7.37629
7 5.05249  2
15    8.20853
29    11.1162
8 5.18311  4
9    7.51161
15    11.0427
16    7.9172
29    8.25834
9 5.60945  1
46    0
10 7.00171  5
11    11.139
12    8.52293
13    11.9803
14    11.27
15    8.23582
11 11.5484  3
16    10.0021
17    10.7642
18    9.75948
12 6.39531  2
17    7.29902
29    12.3199
13 9.56801  2
15    10.9536
29    9.22059
14 9.92843  1
17    7.44972
15 11.1055  1
17    11.8253
16 14.9493  4
19    7.61946
20    9.02997
21    7.63576
22    9.08307
17 7.50099  1
18    11.5177
18 13.179  1
46    0
19 11.7202  1
46    0
20 6.95624  1
46    0
21 11.3997  1
46    0
22 5.90976  7
23    7.80917
24    9.64943
25    9.65877
26    9.68917
27    9.78841
28    10.1125
29    12.573
23 7.98257  1
46    0
24 14.7516  1
46    0
25 6.85522  1
46    0
26 11.0701  1
29    12.3793
27 14.8337  7
31    10.4736
32    12.3501
33    12.478
34    12.8953
35    8.25779
36    11.1143
37    8.44218
28 7.12348  1
46    0
29 11.946  1
46    0
30 7.69387  1
46    0
31 13.8086  8
38    11.7166
39    10.409
40    12.139
41    11.7885
42    10.6439
43    12.9062
44    8.29368
45    11.2315
32 13.7762  1
46    0
33 13.6703  1
46    0
34 13.3245  1
46    0
35 12.1953  1
46    0
36 8.5081  1
46    0
37 6.46733  1
46    0
38 9.80331  1
46    0
39 10.6969  1
46    0
40 13.6151  1
46    0
41 13.1442  1
46    0
42 11.6063  1
46    0
43 6.58452  1
46    0
44 10.186  1
46    0
45 11.9466  1
46    0
46 0  0
