50
0 6.32756  4
1    4.30871
3    6.13881
11    3.57727
39    5.86818
1 9.34675  5
2    6.1444
27    5.40518
28    3.99174
30    3.81788
39    6.17507
2 9.20606  2
11    4.169
40    6.44763
3 8.74645  8
4    6.12059
5    6.06108
6    5.86671
7    5.23196
8    6.15923
9    6.18725
10    6.27871
11    6.4599
4 7.24555  1
30    5.43118
5 12.3446  1
30    4.82472
6 8.99548  2
11    4.33883
30    4.82939
7 8.05887  3
20    4.47525
28    5.10936
39    4.22411
8 5.00031  1
11    3.75581
9 5.01251  1
11    6.24273
10 5.05249  1
27    4.23775
11 5.18311  10
12    5.68818
13    4.64893
14    4.25533
15    5.97008
16    5.56952
17    4.26147
18    5.99013
19    5.63498
28    5.91267
30    4.54154
12 5.60945  2
28    5.75886
30    3.90458
13 7.00171  1
49    0
14 11.5484  7
21    3.68815
22    4.11791
23    5.52136
24    4.10427
25    5.47678
26    3.9586
30    3.80973
15 6.39531  2
27    3.72486
39    3.60273
16 9.56801  1
28    5.38211
17 9.92843  1
28    4.87974
18 11.1055  2
29    5.00902
30    4.51498
19 14.9493  1
49    0
20 7.50099  1
49    0
21 13.179  1
49    0
22 11.7202  1
49    0
23 6.95624  1
28    3.64951
24 11.3997  1
27    5.00105
25 5.90976  4
31    4.84458
32    4.89421
33    5.05626
34    5.58545
26 7.98257  1
49    0
27 14.7516  5
35    4.31347
36    6.15996
37    6.18963
38    6.28649
39    4.61029
28 6.85522  1
49    0
29 11.0701  1
49    0
30 14.8337  1
39    5.55808
31 7.12348  1
49    0
32 11.946  1
49    0
33 7.69387  1
39    4.12917
34 13.8086  1
49    0
35 13.7762  1
49    0
36 13.6703  1
39    3.83894
37 13.3245  1
39    6.23898
38 12.1953  1
39    5.23681
39 8.5081  8
41    4.12889
42    5.55716
43    4.22109
44    5.85829
45    5.20449
46    6.06951
47    5.89427
48    5.32196
40 6.46733  1
49    0
41 9.80331  1
49    0
42 10.6969  1
49    0
43 13.6151  1
49    0
44 13.1442  1
49    0
45 11.6063  1
49    0
46 6.58452  1
49    0
47 10.186  1
49    0
48 11.9466  1
49    0
49 0  0
