220
0 11.6063  6
1    5.61576
2    4.41244
3    6.48315
4    4.2449
5    5.93602
6    4.76182
1 6.58452  2
6    4.62394
78    3.60273
2 10.186  3
6    4.80403
78    6.28649
166    4.54154
3 11.9466  4
6    5.45828
48    6.15923
76    3.90458
115    5.32104
4 7.6957  4
6    3.89827
76    4.54154
115    3.77293
173    5.55808
5 13.8147  2
6    4.17367
183    5.20449
6 13.796  10
7    5.70338
8    4.69865
9    4.41766
10    3.50009
11    3.50375
12    3.51575
13    3.55493
14    3.68284
15    4.10051
16    5.46451
7 13.7353  1
65    4.23775
8 13.5369  1
115    4.05657
9 12.889  2
128    6.08452
129    5.94325
10 10.7732  2
48    6.13881
157    5.00105
11 13.8641  1
27    3.77293
12 13.9575  1
219    0
13 14.2624  1
219    0
14 5.25758  3
37    3.9402
76    3.81788
115    6.42547
15 5.85269  10
17    3.91859
18    4.8704
19    4.97853
20    5.33166
21    6.4848
22    4.2503
23    5.95369
24    5.51605
25    4.08687
26    5.41992
16 7.79611  8
79    5.23681
80    6.17507
81    6.23898
82    6.44763
83    4.12889
84    5.55716
85    4.22109
86    5.85829
17 14.1424  1
219    0
18 14.8663  1
37    5.6586
19 7.22999  3
49    4.33883
50    6.24273
51    6.4599
20 12.2939  1
157    3.72486
21 8.82977  3
77    4.31347
78    4.61029
156    4.47525
22 7.51778  2
65    3.9586
78    3.83894
23 13.2336  2
37    5.99736
55    4.25533
24 11.8984  1
48    5.23196
25 7.53822  4
37    4.55243
48    3.57727
77    5.58545
157    3.9586
26 13.3004  9
28    4.39477
29    6.42547
30    4.05657
31    5.32104
32    6.4501
33    4.13704
34    5.5838
35    4.30816
36    6.14257
27 12.1166  2
48    6.18725
157    3.64951
28 8.25083  1
37    6.13286
29 5.62716  1
48    3.75581
30 7.05969  3
52    4.169
53    5.68818
54    4.64893
31 11.7379  1
77    4.84458
32 7.01422  1
48    5.86671
33 11.5893  3
37    6.10109
105    3.51575
115    4.39477
34 6.52867  1
219    0
35 10.0035  3
48    6.12059
65    5.00105
76    4.51498
36 11.3506  10
38    4.94099
39    5.20907
40    6.08452
41    5.94325
42    5.4819
43    3.97536
44    5.0558
45    5.58399
46    4.30871
47    6.1444
37 5.74953  1
115    6.4501
38 7.45918  1
219    0
39 13.0422  1
219    0
40 11.2737  9
56    4.26147
57    5.99013
58    5.63498
59    4.47525
60    3.68815
61    4.11791
62    5.52136
63    4.10427
64    5.47678
41 5.49837  3
48    6.27871
55    5.97008
77    6.15996
42 6.63915  1
48    6.06108
43 10.3645  2
77    6.18963
173    4.61029
44 12.5295  1
219    0
45 9.59914  2
65    5.40518
77    4.82939
46 10.0301  1
77    5.05626
47 11.4373  1
219    0
48 6.03244  1
219    0
49 8.38328  1
155    4.26147
50 6.0596  1
55    5.56952
51 8.47179  1
219    0
52 6.34861  1
77    4.89421
53 9.41572  1
77    4.82472
54 9.43129  2
78    4.22411
156    5.52136
55 9.48195  1
219    0
56 9.64736  1
65    3.72486
57 10.1875  1
78    4.12917
58 11.9515  1
219    0
59 7.71157  1
78    5.86818
60 13.8665  8
87    5.20449
88    6.06951
89    5.89427
90    5.32196
91    6.45312
92    4.14684
93    5.61576
94    4.41244
61 13.9654  1
219    0
62 14.2883  9
106    3.68284
107    4.10051
108    5.46451
109    3.91859
110    4.8704
111    4.97853
112    5.33166
113    6.4848
114    4.2503
63 5.34242  10
66    5.91267
67    5.38211
68    3.64951
69    3.99174
70    5.10936
71    5.75886
72    4.87974
73    5.00902
74    5.43118
75    3.80973
64 6.1298  1
219    0
65 8.70098  9
96    5.93602
97    5.45828
98    3.89827
99    4.80403
100    4.76182
101    4.62394
102    4.17367
103    5.70338
104    4.69865
66 7.09723  1
219    0
67 11.8603  1
219    0
68 7.41371  1
115    5.51605
69 12.8939  1
219    0
70 10.7894  1
173    6.18963
71 13.9169  1
78    5.55808
72 14.1299  1
219    0
73 14.8254  1
219    0
74 7.09632  1
219    0
75 11.8572  1
219    0
76 7.40364  5
130    5.4819
131    3.97536
132    5.0558
133    5.58399
134    4.30871
77 12.861  1
219    0
78 10.6816  1
219    0
79 13.565  1
105    4.41766
80 12.9809  2
120    6.13286
173    4.31347
81 11.0732  8
202    4.41766
203    3.50009
204    3.50375
205    3.51575
206    3.55493
207    3.68284
208    4.10051
209    5.46451
82 14.8437  1
115    5.95369
83 7.15613  1
105    3.55493
84 12.0525  1
173    6.15996
85 8.04147  1
219    0
86 14.9438  1
95    6.48315
87 7.48299  1
219    0
88 13.1201  1
219    0
89 11.5276  1
105    3.50009
90 6.32756  4
116    4.13704
117    5.5838
118    4.30816
119    6.14257
91 9.34675  1
219    0
92 9.20606  1
166    3.81788
93 8.74645  1
219    0
94 7.24555  1
95    4.2449
95 12.3446  1
219    0
96 8.99548  8
158    3.99174
159    5.10936
160    5.75886
161    4.87974
162    5.00902
163    5.43118
164    3.80973
165    4.51498
97 8.05887  1
166    3.90458
98 5.00031  1
219    0
99 5.01251  1
157    5.38211
100 5.05249  7
121    6.10109
122    5.99736
123    5.6586
124    4.55243
125    3.9402
126    4.94099
127    5.20907
101 5.18311  2
105    3.50375
157    5.40518
102 5.60945  1
219    0
103 7.00171  1
157    5.91267
104 11.5484  1
219    0
105 6.39531  1
219    0
106 9.56801  1
219    0
107 9.92843  1
156    4.11791
108 11.1055  1
219    0
109 14.9493  1
219    0
110 7.50099  1
115    4.08687
111 13.179  1
219    0
112 11.7202  1
219    0
113 6.95624  1
219    0
114 11.3997  1
115    5.41992
115 5.90976  1
219    0
116 7.98257  1
219    0
117 14.7516  1
157    4.10427
118 6.85522  1
219    0
119 11.0701  1
219    0
120 14.8337  1
173    6.28649
121 7.12348  1
219    0
122 11.946  1
219    0
123 7.69387  10
135    6.1444
136    6.13881
137    6.12059
138    6.06108
139    5.86671
140    5.23196
141    6.15923
142    6.18725
143    6.27871
144    3.57727
124 13.8086  1
219    0
125 13.7762  10
145    3.75581
146    4.33883
147    6.24273
148    6.4599
149    4.169
150    5.68818
151    4.64893
152    4.25533
153    5.97008
154    5.56952
126 13.6703  1
219    0
127 13.3245  1
219    0
128 12.1953  2
156    5.63498
157    5.47678
129 8.5081  1
219    0
130 6.46733  1
219    0
131 9.80331  1
173    3.60273
132 10.6969  1
219    0
133 13.6151  1
219    0
134 13.1442  1
219    0
135 11.6063  1
219    0
136 6.58452  1
219    0
137 10.186  1
219    0
138 11.9466  9
174    5.86818
175    5.23681
176    6.17507
177    6.23898
178    6.44763
179    4.12889
180    5.55716
181    4.22109
182    5.85829
139 7.6957  1
219    0
140 13.8147  1
219    0
141 13.796  1
219    0
142 13.7353  1
157    4.23775
143 13.5369  6
167    4.82472
168    4.82939
169    4.84458
170    4.89421
171    5.05626
172    5.58545
144 12.889  1
219    0
145 10.7732  1
219    0
146 13.8641  1
219    0
147 13.9575  1
219    0
148 14.2624  1
219    0
149 5.25758  1
219    0
150 5.85269  1
219    0
151 7.79611  1
156    5.99013
152 14.1424  1
219    0
153 14.8663  1
219    0
154 7.22999  1
156    3.68815
155 12.2939  1
219    0
156 8.82977  1
219    0
157 7.51778  1
219    0
158 13.2336  1
219    0
159 11.8984  5
189    5.61576
190    4.41244
191    6.48315
192    4.2449
193    5.93602
160 7.53822  1
219    0
161 13.3004  1
219    0
162 12.1166  1
219    0
163 8.25083  1
219    0
164 5.62716  1
219    0
165 7.05969  1
173    4.22411
166 11.7379  9
210    3.91859
211    4.8704
212    4.97853
213    5.33166
214    6.4848
215    4.2503
216    5.95369
217    5.51605
218    4.08687
167 7.01422  1
173    3.83894
168 11.5893  5
184    6.06951
185    5.89427
186    5.32196
187    6.45312
188    4.14684
169 6.52867  1
219    0
170 10.0035  1
173    4.12917
171 11.3506  1
219    0
172 5.74953  1
219    0
173 7.45918  1
219    0
174 13.0422  1
219    0
175 11.2737  1
219    0
176 5.49837  1
219    0
177 6.63915  1
219    0
178 10.3645  1
219    0
179 12.5295  1
219    0
180 9.59914  1
219    0
181 10.0301  1
219    0
182 11.4373  1
219    0
183 6.03244  1
219    0
184 8.38328  1
219    0
185 6.0596  1
219    0
186 8.47179  1
219    0
187 6.34861  1
219    0
188 9.41572  1
219    0
189 9.43129  8
194    5.45828
195    3.89827
196    4.80403
197    4.76182
198    4.62394
199    4.17367
200    5.70338
201    4.69865
190 9.48195  1
219    0
191 9.64736  1
219    0
192 10.1875  1
219    0
193 11.9515  1
219    0
194 7.71157  1
219    0
195 13.8665  1
219    0
196 13.9654  1
219    0
197 14.2883  1
219    0
198 5.34242  1
219    0
199 6.1298  1
219    0
200 8.70098  1
219    0
201 7.09723  1
219    0
202 11.8603  1
219    0
203 7.41371  1
219    0
204 12.8939  1
219    0
205 10.7894  1
219    0
206 13.9169  1
219    0
207 14.1299  1
219    0
208 14.8254  1
219    0
209 7.09632  1
219    0
210 11.8572  1
219    0
211 7.40364  1
219    0
212 12.861  1
219    0
213 10.6816  1
219    0
214 13.565  1
219    0
215 12.9809  1
219    0
216 11.0732  1
219    0
217 14.8437  1
219    0
218 7.15613  1
219    0
219 0  0
