226
0 5.62716  5
1    10.6421
22    7.51161
25    11.9803
29    10.7642
122    9.95706
1 7.05969  8
2    12.9002
22    12.3745
39    7.80917
62    11.9074
63    12.8509
76    12.3745
80    7.9172
154    9.75948
2 11.7379  10
3    8.27409
4    11.1676
5    8.61632
6    12.2851
7    12.2657
8    12.2022
9    11.9947
10    11.3172
11    9.10486
12    7.8804
3 7.01422  3
43    8.25779
44    11.1143
57    7.10987
4 11.5893  5
38    9.02997
39    12.3199
56    8.83532
171    8.44823
186    8.11313
5 6.52867  10
13    9.88198
14    10.4181
15    12.169
16    11.8865
17    10.9638
18    7.95071
19    10.1116
22    7.15455
24    11.9402
25    11.27
6 10.0035  3
45    8.82488
133    12.9002
174    8.34733
7 11.3506  3
20    12.2776
42    10.4736
151    11.0427
8 5.74953  3
20    12.2888
22    12.5574
171    12.478
9 7.45918  5
20    12.2412
39    11.1709
57    7.83718
78    11.9402
152    10.7642
10 13.0422  5
20    11.168
25    7.37629
29    10.9536
45    8.44218
64    12.2657
11 11.2737  4
41    9.22059
76    12.3185
78    8.51067
152    10.0021
12 5.49837  3
23    9.29786
25    11.139
29    10.0021
13 6.63915  2
28    8.20853
57    9.74081
14 10.3645  6
20    11.7334
23    11.3764
39    9.08307
77    8.67766
89    8.62694
173    8.48979
15 12.5295  7
20    8.61742
25    8.9505
29    7.44972
42    8.44823
45    12.9062
121    7.00751
142    10.1116
16 9.59914  8
21    10.4639
23    12.9198
25    8.52293
29    11.8253
39    9.78841
45    11.7885
175    7.00018
187    12.2657
17 10.0301  5
23    8.33799
39    8.62694
75    12.2888
79    11.9803
172    11.7885
18 11.4373  4
20    12.1222
22    12.4855
88    7.80917
174    11.4068
19 6.03244  4
21    12.3185
22    8.67766
62    10.8398
75    8.61742
20 8.38328  6
41    7.20545
45    12.139
63    12.9002
78    9.29786
79    8.52293
88    7.63576
21 6.0596  3
45    10.6439
62    11.0321
78    11.3764
22 8.47179  3
24    8.51067
29    8.47551
89    12.3199
23 6.34861  4
26    8.23582
27    11.0427
39    9.65877
63    10.6421
24 9.41572  9
30    7.29902
31    7.98349
32    10.2187
33    11.5177
34    9.75948
35    10.018
36    10.8624
37    7.61946
38    7.63576
25 9.43129  2
29    10.8104
57    7.36567
26 9.48195  4
29    7.9172
42    11.7364
57    10.929
173    9.60805
27 9.64736  4
41    12.573
45    11.7166
142    12.169
154    7.61946
28 10.1875  6
39    9.68917
57    7.00751
62    8.78954
79    8.9505
82    11.8253
133    11.1676
29 11.9515  7
42    11.1162
56    7.00018
64    11.9947
78    12.9198
88    9.64943
151    8.20853
186    10.8398
30 7.71157  4
42    12.3501
45    10.409
78    12.4855
171    12.8953
31 13.8665  4
39    10.1125
42    12.478
89    11.1709
172    12.9062
32 13.9654  2
39    9.64943
41    8.25834
33 14.2883  3
80    8.20853
122    7.36567
172    10.6439
34 5.34242  4
99    12.8953
151    8.9505
154    7.63576
215    11.3764
35 6.1298  6
58    9.95706
59    10.6633
60    12.9696
61    8.5006
78    8.33799
149    8.51067
36 8.70098  10
46    12.9663
47    8.48979
48    11.872
49    10.9166
50    7.79653
51    9.60805
52    9.52364
53    9.24787
54    8.34733
55    11.4068
37 7.09723  2
40    12.3793
151    11.27
38 11.8603  2
45    11.2315
143    10.4639
39 7.41371  5
41    7.67788
57    7.0315
88    9.08307
89    9.68917
152    7.9172
40 12.8939  2
78    11.139
133    8.11313
41 10.7894  1
42    12.8953
42 13.9169  2
45    8.29368
62    8.17374
43 14.1299  2
82    8.47551
172    11.7166
44 14.8254  3
63    12.2851
89    12.3793
175    7.00751
45 7.09632  1
94    11.1162
46 11.8572  3
79    11.27
89    9.78841
187    11.1676
47 7.40364  1
75    12.1222
48 12.861  2
89    9.65877
175    7.10987
49 10.6816  3
56    9.39729
57    8.20103
89    12.573
50 13.565  2
62    7.54585
63    8.11313
51 12.9809  2
75    12.2412
133    8.27409
52 11.0732  4
63    11.1676
75    11.7334
76    10.4639
143    12.2412
53 14.8437  2
95    11.7364
142    11.168
54 7.15613  2
81    10.0021
99    8.25779
55 12.0525  1
64    12.2022
56 8.04147  2
63    8.61632
143    12.1222
57 14.9438  1
150    11.9803
58 7.48299  2
65    11.3172
66    9.10486
59 13.1201  3
80    10.9536
82    7.29902
121    7.00018
60 11.5276  1
82    7.44972
61 6.32756  2
122    9.74081
142    10.4181
62 9.34675  5
63    8.27409
75    12.2776
76    7.15455
152    10.8104
175    7.36567
63 9.20606  1
142    8.61742
64 8.74645  1
79    7.37629
65 7.24555  9
67    7.8804
68    9.88198
69    10.4181
70    12.169
71    11.8865
72    10.9638
73    7.95071
74    10.1116
152    7.29902
66 12.3446  3
82    10.7642
122    10.929
174    9.24787
67 8.99548  1
143    7.51161
68 8.05887  1
80    8.23582
69 5.00031  1
88    10.8624
70 5.01251  2
76    12.5574
152    10.9536
71 5.05249  2
133    10.6421
173    7.79653
72 5.18311  2
75    11.168
76    7.51161
73 5.60945  1
80    11.0427
74 7.00171  3
87    10.018
88    7.61946
122    8.20103
75 11.5484  5
111    8.48979
112    11.872
113    10.9166
114    7.79653
149    8.52293
76 6.39531  1
154    10.018
77 9.56801  4
83    7.98349
84    10.2187
85    11.5177
86    9.75948
78 9.92843  1
225    0
79 11.1055  2
122    7.83718
152    11.8253
80 14.9493  3
82    10.8104
151    8.23582
171    8.25779
81 7.50099  1
88    9.02997
82 13.179  1
225    0
83 11.7202  1
186    12.8509
84 6.95624  3
89    10.1125
149    9.29786
187    8.61632
85 11.3997  3
96    10.4736
97    12.3501
98    12.478
86 5.90976  1
225    0
87 7.98257  6
90    7.20545
91    7.67788
92    9.22059
93    8.25834
95    8.44823
153    10.2187
88 14.7516  1
225    0
89 6.85522  1
186    8.78954
90 11.0701  2
99    11.1143
154    9.08307
91 14.8337  8
100    8.44218
101    11.7166
102    10.409
103    12.139
104    11.7885
105    10.6439
149    11.139
171    11.7364
92 7.12348  2
154    11.5177
168    9.22059
93 11.946  1
225    0
94 7.69387  2
121    8.83532
122    7.0315
95 13.8086  1
225    0
96 13.7762  1
225    0
97 13.6703  2
171    12.3501
173    11.872
98 13.3245  7
106    12.9062
107    8.29368
108    11.2315
109    8.82488
110    12.9663
174    8.83532
186    12.9002
99 12.1953  1
225    0
100 8.5081  4
155    7.80917
156    9.64943
157    9.65877
171    11.1143
101 6.46733  1
142    9.88198
102 9.80331  1
225    0
103 10.6969  1
144    8.67766
104 13.6151  2
152    8.47551
215    8.51067
105 13.1442  1
225    0
106 11.6063  10
123    10.6633
124    12.9696
125    8.5006
126    11.9074
127    11.0321
128    8.17374
129    10.8398
130    7.54585
131    8.78954
132    12.8509
107 6.58452  2
143    12.2776
173    11.2315
108 10.186  1
154    10.8624
109 11.9466  1
142    7.95071
110 7.6957  1
225    0
111 13.8147  2
122    7.10987
143    12.3185
112 13.796  8
115    9.60805
116    9.52364
117    9.24787
118    8.34733
119    11.4068
120    9.39729
152    7.44972
175    7.0315
113 13.7353  10
176    8.20103
177    10.929
178    7.83718
179    9.74081
180    9.95706
181    10.6633
182    12.9696
183    8.5006
184    11.9074
185    11.0321
114 13.5369  1
225    0
115 12.889  4
145    12.4855
146    12.9198
147    8.33799
148    11.3764
116 10.7732  10
134    8.61632
135    12.2851
136    12.2657
137    12.2022
138    11.9947
139    11.3172
140    9.10486
141    7.8804
143    12.3745
173    8.82488
117 13.8641  1
225    0
118 13.9575  1
225    0
119 14.2624  1
171    10.4736
120 5.25758  1
225    0
121 5.85269  1
142    11.8865
122 7.79611  4
142    10.9638
154    9.02997
186    8.17374
215    9.29786
123 14.1424  2
169    8.25834
170    11.1162
124 14.8663  1
225    0
125 7.22999  1
225    0
126 12.2939  1
149    11.9402
127 8.82977  1
225    0
128 7.51778  1
225    0
129 13.2336  1
143    11.7334
130 11.8984  2
142    12.2888
143    12.5574
131 7.53822  1
225    0
132 13.3004  1
225    0
133 12.1166  9
216    11.139
217    8.52293
218    11.9803
219    11.27
220    8.9505
221    7.37629
222    8.23582
223    11.0427
224    8.20853
134 8.25083  1
225    0
135 5.62716  1
173    10.9166
136 7.05969  1
186    7.54585
137 11.7379  1
225    0
138 7.01422  1
225    0
139 11.5893  1
225    0
140 6.52867  1
225    0
141 10.0035  1
151    7.37629
142 11.3506  1
143    7.15455
143 5.74953  1
171    8.44218
144 7.45918  1
225    0
145 13.0422  10
158    9.68917
159    9.78841
160    10.1125
161    11.1709
162    8.62694
163    12.3199
164    12.3793
165    12.573
166    7.20545
167    7.67788
146 11.2737  2
153    7.98349
172    12.139
147 5.49837  1
225    0
148 6.63915  1
225    0
149 10.3645  1
225    0
150 12.5295  1
173    12.9663
151 9.59914  1
225    0
152 10.0301  1
225    0
153 11.4373  1
225    0
154 6.03244  1
225    0
155 8.38328  7
199    10.1116
200    11.168
201    8.61742
202    12.2888
203    12.2776
204    12.2412
205    12.1222
156 6.0596  1
215    12.9198
157 8.47179  1
225    0
158 6.34861  1
225    0
159 9.41572  1
225    0
160 9.43129  1
174    9.39729
161 9.48195  1
187    12.2851
162 9.64736  5
194    10.4181
195    12.169
196    11.8865
197    10.9638
198    7.95071
163 10.1875  1
225    0
164 11.9515  1
173    8.29368
165 7.71157  1
225    0
166 13.8665  1
225    0
167 13.9654  1
225    0
168 14.2883  1
215    8.33799
169 5.34242  1
172    10.409
170 6.1298  1
225    0
171 8.70098  1
173    9.52364
172 7.09723  1
225    0
173 11.8603  1
225    0
174 7.41371  1
225    0
175 12.8939  1
225    0
176 10.7894  1
186    10.6421
177 13.9169  9
206    11.7334
207    10.4639
208    12.3185
209    12.3745
210    12.5574
211    7.15455
212    7.51161
213    8.67766
214    12.4855
178 14.1299  1
225    0
179 14.8254  6
188    12.2022
189    11.9947
190    11.3172
191    9.10486
192    7.8804
193    9.88198
180 7.09632  1
225    0
181 11.8572  1
187    8.27409
182 7.40364  1
225    0
183 12.861  1
225    0
184 10.6816  1
225    0
185 13.565  1
225    0
186 12.9809  1
215    11.9402
187 11.0732  1
225    0
188 14.8437  1
225    0
189 7.15613  1
225    0
190 12.0525  1
225    0
191 8.04147  1
225    0
192 14.9438  1
225    0
193 7.48299  1
225    0
194 13.1201  1
225    0
195 11.5276  1
225    0
196 6.32756  1
225    0
197 9.34675  1
225    0
198 9.20606  1
225    0
199 8.74645  1
225    0
200 7.24555  1
225    0
201 12.3446  1
225    0
202 8.99548  1
225    0
203 8.05887  1
225    0
204 5.00031  1
225    0
205 5.01251  1
225    0
206 5.05249  1
225    0
207 5.18311  1
225    0
208 5.60945  1
225    0
209 7.00171  1
225    0
210 11.5484  1
225    0
211 6.39531  1
225    0
212 9.56801  1
225    0
213 9.92843  1
225    0
214 11.1055  1
225    0
215 14.9493  1
225    0
216 7.50099  1
225    0
217 13.179  1
225    0
218 11.7202  1
225    0
219 6.95624  1
225    0
220 11.3997  1
225    0
221 5.90976  1
225    0
222 7.98257  1
225    0
223 14.7516  1
225    0
224 6.85522  1
225    0
225 0  0
