119
0 11.7379  10
1    0.715455
2    0.751161
3    0.867766
4    1.24855
5    1.29198
6    0.833799
7    1.13764
8    0.929786
9    0.851067
10    1.19402
1 7.01422  1
46    0.882488
2 11.5893  3
10    1.127
33    1.01125
58    1.29696
3 6.52867  1
80    0.795071
4 10.0035  3
11    0.823582
12    1.10427
33    0.968917
5 11.3506  5
10    0.737629
33    1.23793
50    0.952364
58    0.783718
98    1.09536
6 5.74953  2
10    1.1139
33    0.720545
7 7.45918  2
10    1.19803
32    0.964943
8 13.0422  2
10    0.89505
46    1.17885
9 11.2737  3
10    0.852293
33    1.23199
50    0.834733
10 5.49837  3
32    0.965877
47    1.09166
80    1.22888
11 6.63915  2
33    1.11709
103    0.798349
12 10.3645  10
13    0.820853
14    1.09536
15    0.79172
16    1.00021
17    1.08104
18    0.744972
19    0.847551
20    1.18253
21    1.07642
22    0.729902
13 12.5295  7
23    0.798349
24    1.02187
25    1.15177
26    0.975948
27    1.0018
33    0.862694
47    1.1872
14 9.59914  1
33    0.978841
15 10.0301  1
37    0.844823
16 11.4373  1
57    0.710987
17 6.03244  5
29    0.761946
30    0.902997
31    0.763576
46    0.829368
80    0.861742
18 8.38328  1
32    0.908307
19 6.0596  1
46    1.29062
20 8.47179  1
37    1.11162
21 6.34861  1
118    0
22 9.41572  1
58    1.10321
23 9.43129  2
28    1.08624
46    1.12315
24 9.48195  1
118    0
25 9.64736  4
34    0.767788
35    0.922059
36    0.825834
58    1.0929
26 10.1875  3
32    0.780917
58    0.995706
80    1.18865
27 11.9515  1
98    1.00021
28 7.71157  1
37    1.17364
29 13.8665  2
33    1.2573
98    1.08104
30 13.9654  2
37    1.04736
88    0.715455
31 14.2883  3
48    0.779653
49    0.960805
80    1.09638
32 5.34242  10
64    0.811313
65    1.06421
66    1.29002
67    0.827409
68    1.11676
69    0.861632
70    1.22851
71    1.22657
72    1.22022
73    1.19947
33 6.1298  4
44    1.17166
45    1.0409
46    1.2139
57    0.820103
34 8.70098  2
58    0.974081
103    1.02187
35 7.09723  2
46    1.06439
88    0.751161
36 11.8603  1
118    0
37 7.41371  8
38    1.23501
39    1.24779
40    1.28953
41    0.825779
42    1.11143
43    0.844218
46    0.848979
57    0.736567
38 12.8939  1
118    0
39 10.7894  2
58    1.06633
88    0.867766
40 13.9169  1
88    1.25574
41 14.1299  1
118    0
42 14.8254  1
118    0
43 7.09632  1
46    1.29663
44 11.8572  6
74    1.13172
75    0.910486
76    0.78804
77    0.988198
78    1.04181
79    1.2169
45 7.40364  1
50    0.924787
46 12.861  6
51    1.14068
52    0.939729
53    0.883532
54    0.700018
55    0.700751
56    0.703149
47 10.6816  1
118    0
48 13.565  1
98    0.744972
49 12.9809  6
107    1.08624
108    0.761946
109    0.902997
110    0.763576
111    0.908307
112    0.780917
50 11.0732  1
118    0
51 14.8437  1
58    1.19074
52 7.15613  1
58    0.85006
53 12.0525  1
118    0
54 8.04147  5
59    0.817374
60    1.08398
61    0.754585
62    0.878954
63    1.28509
55 14.9438  1
118    0
56 7.48299  1
118    0
57 13.1201  1
118    0
58 11.5276  1
80    1.01116
59 6.32756  1
88    1.29198
60 9.34675  1
118    0
61 9.20606  1
98    0.820853
62 8.74645  1
118    0
63 7.24555  3
80    1.1168
98    1.10427
99    0.847551
64 12.3446  1
118    0
65 8.99548  1
118    0
66 8.05887  1
81    1.22776
67 5.00031  1
118    0
68 5.01251  1
118    0
69 5.05249  1
118    0
70 5.18311  1
118    0
71 5.60945  1
118    0
72 7.00171  1
118    0
73 11.5484  1
118    0
74 6.39531  1
118    0
75 9.56801  3
82    1.22412
83    1.21222
98    0.79172
76 9.92843  9
89    0.833799
90    1.13764
91    0.929786
92    0.851067
93    1.19402
94    1.1139
95    0.852293
96    1.19803
97    1.127
77 11.1055  4
84    1.17334
85    1.04639
86    1.23185
87    1.23745
78 14.9493  1
88    1.24855
79 7.50099  1
118    0
80 13.179  1
98    0.737629
81 11.7202  1
118    0
82 6.95624  1
118    0
83 11.3997  5
113    0.964943
114    0.965877
115    0.968917
116    0.978841
117    1.01125
84 5.90976  1
118    0
85 7.98257  1
118    0
86 14.7516  1
118    0
87 6.85522  1
118    0
88 11.0701  1
118    0
89 14.8337  1
118    0
90 7.12348  1
118    0
91 11.946  1
118    0
92 7.69387  3
100    1.18253
101    1.07642
102    0.729902
93 13.8086  1
118    0
94 13.7762  1
98    0.89505
95 13.6703  1
118    0
96 13.3245  1
98    0.823582
97 12.1953  3
104    1.15177
105    0.975948
106    1.0018
98 8.5081  1
118    0
99 6.46733  1
118    0
100 9.80331  1
118    0
101 10.6969  1
118    0
102 13.6151  1
118    0
103 13.1442  1
118    0
104 11.6063  1
118    0
105 6.58452  1
118    0
106 10.186  1
118    0
107 11.9466  1
118    0
108 7.6957  1
118    0
109 13.8147  1
118    0
110 13.796  1
118    0
111 13.7353  1
118    0
112 13.5369  1
118    0
113 12.889  1
118    0
114 10.7732  1
118    0
115 13.8641  1
118    0
116 13.9575  1
118    0
117 14.2624  1
118    0
118 0  0
