211
0 13.8086  10
1    0.767788
2    0.922059
3    0.825834
4    1.11162
5    0.844823
6    1.17364
7    1.04736
9    1.06439
18    0.700751
68    0.744972
1 13.7762  5
8    0.825779
9    1.0409
37    1.22657
73    0.968917
150    0.844218
2 13.6703  2
8    1.28953
9    1.17166
3 13.3245  3
9    1.12315
29    0.817374
73    1.23199
4 12.1953  5
9    1.17885
17    1.14068
37    0.861632
42    1.18865
109    1.22851
5 8.5081  5
8    1.24779
9    0.829368
29    1.08398
90    0.960805
147    0.902997
6 6.46733  9
8    1.23501
9    0.844218
17    0.952364
18    0.700018
36    1.11676
42    1.2169
68    0.820853
74    1.11162
146    0.744972
7 9.80331  6
8    1.11143
9    1.29062
17    0.939729
42    0.861742
90    0.924787
148    1.23199
8 10.6969  5
9    1.2139
70    1.0018
71    0.761946
92    0.883532
124    1.22776
9 13.6151  10
10    0.882488
11    1.29663
12    0.848979
13    1.1872
14    1.09166
15    0.779653
16    0.960805
29    1.10321
69    1.02187
147    0.965877
10 13.1442  4
17    0.834733
72    0.964943
74    0.922059
149    0.720545
11 11.6063  8
30    0.754585
31    0.878954
32    1.28509
33    0.811313
34    1.06421
35    1.29002
74    0.720545
194    0.851067
12 6.58452  1
70    1.08624
13 10.186  2
17    0.883532
149    1.23501
14 11.9466  3
37    1.13172
69    1.07642
90    0.779653
15 7.6957  4
17    0.924787
18    0.703149
68    1.00021
147    0.763576
16 13.8147  10
19    0.710987
20    0.736567
21    0.820103
22    1.0929
23    0.783718
24    0.974081
25    0.995706
26    1.06633
27    1.29696
28    0.85006
17 13.796  2
42    1.1168
193    1.24855
18 13.7353  2
91    0.834733
150    0.825779
19 13.5369  2
29    1.19074
68    1.08104
20 12.889  1
124    1.22888
21 10.7732  8
38    0.910486
39    0.78804
40    0.988198
41    1.04181
68    1.09536
73    0.862694
74    1.17364
149    0.844823
22 13.8641  7
64    1.127
65    0.89505
66    0.737629
67    0.823582
84    1.2139
93    0.820103
124    1.21222
23 13.9575  2
146    1.15177
161    0.703149
24 14.2624  1
42    1.01116
25 5.25758  6
72    0.763576
73    1.11709
146    0.729902
149    0.767788
150    1.11143
154    0.960805
26 5.85269  1
210    0
27 7.79611  2
69    1.18253
146    1.02187
28 14.1424  4
37    1.19947
92    1.14068
93    0.974081
194    0.89505
29 14.8663  1
73    0.978841
30 7.22999  1
42    1.09638
31 12.2939  1
72    0.780917
32 8.82977  4
37    1.22851
72    0.908307
73    1.2573
149    0.825834
33 7.51778  9
43    1.22776
44    1.22412
45    1.21222
46    1.17334
47    1.04639
48    1.23185
49    1.23745
50    1.25574
74    0.767788
34 13.2336  2
36    0.827409
90    0.952364
35 11.8984  3
37    1.22022
42    0.795071
109    0.861632
36 7.53822  1
210    0
37 13.3004  6
103    0.878954
104    1.28509
105    0.811313
106    1.06421
107    1.29002
108    0.827409
38 12.1166  2
42    1.22888
92    0.700751
39 8.25083  2
146    1.08104
200    1.00021
40 5.62716  1
68    1.10427
41 7.05969  1
72    0.965877
42 11.7379  2
92    0.939729
194    1.19402
43 7.01422  5
85    0.882488
86    1.29663
87    0.848979
88    1.1872
89    1.09166
44 11.5893  2
68    0.79172
73    1.01125
45 6.52867  3
148    0.968917
154    0.882488
194    0.833799
46 10.0035  7
51    0.715455
52    0.751161
53    0.867766
69    0.975948
84    1.06439
191    1.17334
192    1.23745
47 11.3506  1
210    0
48 5.74953  1
84    1.29062
49 7.45918  1
73    1.23793
50 13.0422  10
54    1.24855
55    1.29198
56    0.833799
57    1.13764
58    0.929786
59    0.851067
60    1.19402
61    1.1139
62    0.852293
63    1.19803
51 11.2737  3
74    0.844823
92    0.703149
181    0.910486
52 5.49837  2
69    0.729902
72    0.902997
53 6.63915  1
69    1.15177
54 10.3645  1
181    1.19947
55 12.5295  3
143    1.09536
144    0.79172
145    1.00021
56 9.59914  2
69    0.798349
124    1.22412
57 10.0301  1
124    0.861742
58 11.4373  1
160    0.700018
59 6.03244  8
115    0.78804
116    0.988198
117    1.04181
118    1.2169
119    1.18865
120    1.09638
148    1.2573
149    0.922059
60 8.38328  10
75    1.04736
76    1.23501
77    1.24779
78    1.28953
79    0.825779
80    1.11143
81    0.844218
82    1.17166
83    1.0409
147    1.0018
61 6.0596  1
146    0.847551
62 8.47179  1
154    1.09166
63 6.34861  3
69    0.847551
84    1.12315
93    0.783718
64 9.41572  9
125    1.04639
126    1.23185
127    1.23745
128    1.25574
129    0.715455
130    0.751161
131    0.867766
132    1.24855
181    0.988198
65 9.43129  1
210    0
66 9.48195  1
142    0.820853
67 9.64736  1
150    1.24779
68 10.1875  3
74    0.825834
146    0.798349
154    1.1872
69 11.9515  1
210    0
70 7.71157  1
210    0
71 13.8665  1
92    0.710987
72 13.9654  1
124    1.17334
73 14.2883  5
110    1.22657
111    1.22022
112    1.19947
113    1.13172
114    0.910486
74 5.34242  3
142    0.823582
147    0.761946
154    0.779653
75 6.1298  2
142    0.737629
181    1.13172
76 8.70098  1
210    0
77 7.09723  1
84    0.829368
78 11.8603  2
146    1.18253
200    0.79172
79 7.41371  8
202    0.847551
203    1.18253
204    1.07642
205    0.729902
206    0.798349
207    1.02187
208    1.15177
209    0.975948
80 12.8939  1
210    0
81 10.7894  1
92    0.736567
82 13.9169  1
210    0
83 14.1299  2
84    1.17885
109    1.11676
84 14.8254  1
210    0
85 7.09632  2
142    1.10427
148    0.978841
86 11.8572  10
94    0.995706
95    1.06633
96    1.29696
97    0.85006
98    1.19074
99    1.10321
100    0.817374
101    1.08398
102    0.754585
194    0.929786
87 7.40364  2
148    1.01125
161    0.974081
88 12.861  1
150    1.06439
89 10.6816  3
93    1.0929
147    0.964943
149    1.17364
90 13.565  2
92    0.700018
154    1.29663
91 12.9809  1
150    1.2139
92 11.0732  2
148    1.11709
161    0.995706
93 14.8437  3
151    1.29062
152    0.829368
153    1.12315
94 7.15613  1
193    1.29198
95 12.0525  1
194    1.1139
96 8.04147  1
210    0
97 14.9438  1
210    0
98 7.48299  1
210    0
99 13.1201  1
210    0
100 11.5276  1
147    0.908307
101 6.32756  1
210    0
102 9.34675  1
194    0.852293
103 9.20606  1
146    0.975948
104 8.74645  4
196    0.823582
197    1.10427
198    0.820853
199    1.09536
105 7.24555  1
210    0
106 12.3446  3
121    0.795071
122    1.01116
123    1.1168
107 8.99548  1
210    0
108 8.05887  7
174    1.29002
175    0.827409
176    1.11676
177    0.861632
178    1.22851
179    1.22657
180    1.22022
109 5.00031  1
210    0
110 5.01251  1
181    1.2169
111 5.05249  1
169    0.754585
112 5.18311  10
133    1.29198
134    0.833799
135    1.13764
136    0.929786
137    0.851067
138    1.19402
139    1.1139
140    0.852293
141    1.19803
142    1.127
113 5.60945  1
210    0
114 7.00171  1
210    0
115 11.5484  1
210    0
116 6.39531  5
164    0.85006
165    1.19074
166    1.10321
167    0.817374
168    1.08398
117 9.56801  1
210    0
118 9.92843  1
210    0
119 11.1055  1
210    0
120 14.9493  3
148    0.862694
149    1.11162
161    0.736567
121 7.50099  1
210    0
122 13.179  1
210    0
123 11.7202  1
161    0.783718
124 6.95624  2
161    0.700751
194    1.127
125 11.3997  1
210    0
126 5.90976  6
155    0.952364
156    0.924787
157    0.834733
158    1.14068
159    0.939729
191    1.04639
127 7.98257  2
142    0.89505
146    1.07642
128 14.7516  1
150    1.17885
129 6.85522  1
210    0
130 11.0701  1
210    0
131 14.8337  1
148    1.23793
132 7.12348  1
160    0.883532
133 11.946  1
210    0
134 7.69387  1
193    0.715455
135 13.8086  1
161    0.820103
136 13.7762  1
150    1.28953
137 13.6703  1
149    1.04736
138 13.3245  1
201    0.744972
139 12.1953  1
181    0.78804
140 8.5081  1
210    0
141 6.46733  1
194    1.19803
142 9.80331  1
150    1.17166
143 10.6969  3
147    1.08624
154    0.848979
192    1.23185
144 13.6151  1
210    0
145 13.1442  1
147    0.780917
146 11.6063  2
162    1.06633
163    1.29696
147 6.58452  1
210    0
148 10.186  1
210    0
149 11.9466  1
150    1.0409
150 7.6957  1
210    0
151 13.8147  1
210    0
152 13.796  1
210    0
153 13.7353  1
161    1.0929
154 13.5369  1
193    0.867766
155 12.889  1
161    0.710987
156 10.7732  1
210    0
157 13.8641  1
210    0
158 13.9575  1
210    0
159 14.2624  1
181    1.04181
160 5.25758  1
210    0
161 5.85269  4
170    0.878954
171    1.28509
172    0.811313
173    1.06421
162 7.79611  1
193    0.751161
163 14.1424  1
210    0
164 14.8663  5
182    1.18865
183    1.09638
184    0.795071
185    1.01116
195    0.737629
165 7.22999  1
210    0
166 12.2939  1
210    0
167 8.82977  1
210    0
168 7.51778  1
210    0
169 13.2336  1
210    0
170 11.8984  1
210    0
171 7.53822  1
210    0
172 13.3004  1
210    0
173 12.1166  1
210    0
174 8.25083  1
193    1.25574
175 5.62716  1
210    0
176 7.05969  1
210    0
177 11.7379  1
194    1.13764
178 7.01422  1
210    0
179 11.5893  1
210    0
180 6.52867  1
210    0
181 10.0035  1
191    1.21222
182 11.3506  1
210    0
183 5.74953  5
186    1.1168
187    0.861742
188    1.22888
189    1.22776
190    1.22412
184 7.45918  1
210    0
185 13.0422  1
201    1.08104
186 11.2737  1
210    0
187 5.49837  1
210    0
188 6.63915  1
210    0
189 10.3645  1
210    0
190 12.5295  1
210    0
191 9.59914  1
210    0
192 10.0301  1
210    0
193 11.4373  1
210    0
194 6.03244  1
210    0
195 8.38328  1
210    0
196 6.0596  1
210    0
197 8.47179  1
210    0
198 6.34861  1
210    0
199 9.41572  1
210    0
200 9.43129  1
210    0
201 9.48195  1
210    0
202 9.64736  1
210    0
203 10.1875  1
210    0
204 11.9515  1
210    0
205 7.71157  1
210    0
206 13.8665  1
210    0
207 13.9654  1
210    0
208 14.2883  1
210    0
209 5.34242  1
210    0
210 0  0
