120
0 5.74953  6
1    0.929786
2    0.851067
10    0.847551
19    0.763576
30    1.17885
68    1.1168
1 7.45918  2
10    1.08104
29    1.24779
2 13.0422  8
3    1.19402
4    1.1139
5    0.852293
6    1.19803
7    1.127
8    0.89505
9    0.737629
10    0.823582
3 11.2737  2
10    1.09536
29    1.17364
4 5.49837  4
10    0.820853
19    0.965877
67    1.19947
68    1.18865
5 6.63915  2
10    0.744972
30    1.06439
6 10.3645  2
10    1.00021
19    0.964943
7 12.5295  1
29    0.922059
8 9.59914  3
10    1.10427
19    0.908307
30    0.825779
9 10.0301  5
10    0.79172
18    1.08624
29    1.23501
51    1.19074
67    0.910486
10 11.4373  10
11    1.18253
12    1.07642
13    0.729902
14    0.798349
15    1.02187
16    1.15177
17    0.975948
29    0.844823
30    1.11143
51    1.29696
11 6.03244  1
40    0.834733
12 8.38328  2
41    0.939729
118    1.2139
13 6.0596  1
19    0.902997
14 8.47179  1
40    1.14068
15 6.34861  3
18    1.0018
51    1.06633
75    1.19803
16 9.41572  3
29    1.04736
30    1.0409
68    1.2169
17 9.43129  3
19    0.761946
30    1.17166
75    1.19402
18 9.48195  3
19    0.780917
29    1.11162
93    0.780917
19 9.64736  10
20    0.968917
21    0.978841
22    1.01125
23    1.11709
24    0.862694
25    1.23199
26    1.23793
27    1.2573
28    0.720545
118    1.06439
20 10.1875  2
93    0.761946
117    1.0409
21 11.9515  1
93    0.902997
22 7.71157  2
30    1.28953
67    1.13172
23 13.8665  2
29    0.825834
30    1.2139
24 13.9654  9
31    0.829368
32    1.12315
33    0.882488
34    1.29663
35    0.848979
36    1.1872
37    1.09166
38    0.779653
39    0.960805
25 14.2883  2
92    1.02187
93    1.08624
26 5.34242  1
30    1.29062
27 6.1298  2
29    0.767788
93    0.763576
28 8.70098  3
30    0.844218
40    0.924787
72    1.23745
29 7.09723  1
119    0
30 11.8603  7
46    0.710987
47    0.736567
48    0.820103
49    1.0929
50    0.783718
67    0.78804
75    1.13764
31 7.41371  1
75    0.851067
32 12.8939  1
119    0
33 10.7894  4
42    0.883532
43    0.700018
44    0.700751
45    0.703149
34 13.9169  2
40    0.952364
51    0.974081
35 14.1299  2
51    0.85006
93    0.964943
36 14.8254  1
93    0.908307
37 7.09632  1
68    0.795071
38 11.8572  1
75    1.1139
39 7.40364  1
119    0
40 12.861  1
119    0
41 10.6816  1
93    1.15177
42 13.565  4
52    1.10321
53    0.817374
54    1.08398
68    0.988198
43 12.9809  6
76    1.127
77    0.89505
78    0.737629
79    0.823582
80    1.10427
81    0.820853
44 11.0732  5
63    0.861632
64    1.22851
65    1.22657
66    1.22022
72    1.23185
45 14.8437  1
68    1.09638
46 7.15613  1
119    0
47 12.0525  3
51    0.995706
68    1.04181
75    1.29198
48 8.04147  9
55    0.754585
56    0.878954
57    1.28509
58    0.811313
59    1.06421
60    1.29002
61    0.827409
62    1.11676
72    0.751161
49 14.9438  2
73    0.867766
74    1.24855
50 7.48299  2
68    1.01116
72    1.25574
51 13.1201  10
82    1.09536
83    0.79172
84    1.00021
85    1.08104
86    0.744972
87    0.847551
88    1.18253
89    1.07642
90    0.729902
91    0.798349
52 11.5276  1
118    0.882488
53 6.32756  1
119    0
54 9.34675  1
119    0
55 9.20606  1
119    0
56 8.74645  1
119    0
57 7.24555  1
71    1.22412
58 12.3446  1
72    1.04639
59 8.99548  2
69    1.22888
70    1.22776
60 8.05887  1
68    0.861742
61 5.00031  1
75    0.852293
62 5.01251  1
93    1.0018
63 5.05249  1
119    0
64 5.18311  1
119    0
65 5.60945  9
95    0.968917
96    0.978841
97    1.01125
98    1.11709
99    0.862694
100    1.23199
101    1.23793
102    1.2573
103    0.720545
66 7.00171  2
72    1.21222
75    0.833799
67 11.5484  1
72    1.17334
68 6.39531  2
72    0.715455
75    0.929786
69 9.56801  1
94    0.965877
70 9.92843  1
119    0
71 11.1055  1
118    1.29062
72 14.9493  1
119    0
73 7.50099  1
119    0
74 13.179  1
119    0
75 11.7202  1
119    0
76 6.95624  4
112    1.24779
113    1.28953
114    0.825779
115    1.11143
77 11.3997  1
119    0
78 5.90976  1
119    0
79 7.98257  1
116    0.844218
80 14.7516  1
93    0.975948
81 6.85522  1
119    0
82 11.0701  1
117    1.17166
83 14.8337  1
119    0
84 7.12348  1
118    0.829368
85 11.946  1
119    0
86 7.69387  1
119    0
87 13.8086  1
119    0
88 13.7762  2
104    0.767788
105    0.922059
89 13.6703  1
119    0
90 13.3245  1
119    0
91 12.1953  1
119    0
92 8.5081  1
119    0
93 6.46733  6
106    0.825834
107    1.11162
108    0.844823
109    1.17364
110    1.04736
111    1.23501
94 9.80331  1
119    0
95 10.6969  1
119    0
96 13.6151  1
118    1.12315
97 13.1442  1
119    0
98 11.6063  1
119    0
99 6.58452  1
119    0
100 10.186  1
119    0
101 11.9466  1
118    1.17885
102 7.6957  1
119    0
103 13.8147  1
119    0
104 13.796  1
119    0
105 13.7353  1
119    0
106 13.5369  1
119    0
107 12.889  1
119    0
108 10.7732  1
119    0
109 13.8641  1
119    0
110 13.9575  1
119    0
111 14.2624  1
119    0
112 5.25758  1
119    0
113 5.85269  1
119    0
114 7.79611  1
119    0
115 14.1424  1
119    0
116 14.8663  1
119    0
117 7.22999  1
119    0
118 12.2939  1
119    0
119 0  0
