51
0 12.3446  4
1    5.23196
2    6.15923
3    6.27871
5    6.4599
1 8.99548  4
2    6.18725
3    3.75581
5    4.169
42    4.22411
2 8.05887  5
3    3.57727
4    4.33883
5    6.24273
41    3.60273
49    4.17367
3 5.00031  2
5    5.68818
46    5.32196
4 5.01251  1
50    0
5 5.05249  4
6    4.64893
7    4.25533
8    5.97008
46    5.89427
6 5.18311  10
9    5.56952
10    4.26147
11    5.99013
12    5.63498
13    4.47525
14    3.68815
15    4.11791
16    5.52136
17    4.10427
34    4.84458
7 5.60945  1
46    5.55716
8 7.00171  3
41    4.12917
46    5.85829
49    4.2449
9 11.5484  1
50    0
10 6.39531  2
42    5.23681
49    4.76182
11 9.56801  10
24    5.91267
25    5.38211
26    3.64951
27    3.99174
28    5.10936
29    5.75886
30    4.87974
31    5.00902
32    5.43118
33    3.80973
12 9.92843  8
18    5.47678
19    3.9586
20    5.00105
21    5.40518
22    3.72486
23    4.23775
34    4.54154
48    5.61576
13 11.1055  1
50    0
14 14.9493  2
48    4.41244
49    3.89827
15 7.50099  1
46    4.22109
16 13.179  2
34    3.81788
42    5.86818
17 11.7202  2
34    4.51498
49    5.45828
18 6.95624  1
50    0
19 11.3997  1
50    0
20 5.90976  1
50    0
21 7.98257  1
50    0
22 14.7516  7
35    4.89421
36    5.05626
37    5.58545
38    4.31347
39    6.15996
40    6.18963
41    6.28649
23 6.85522  1
34    4.82472
24 11.0701  1
41    3.83894
25 14.8337  1
46    5.20449
26 7.12348  1
41    4.61029
27 11.946  2
34    4.82939
49    4.80403
28 7.69387  1
50    0
29 13.8086  1
50    0
30 13.7762  2
34    3.90458
46    4.12889
31 13.6703  1
50    0
32 13.3245  1
50    0
33 12.1953  1
50    0
34 8.5081  1
50    0
35 6.46733  1
50    0
36 9.80331  1
48    4.14684
37 10.6969  1
50    0
38 13.6151  1
46    6.06951
39 13.1442  1
42    5.55808
40 11.6063  4
43    6.17507
44    6.23898
45    6.44763
49    4.62394
41 6.58452  1
50    0
42 10.186  1
50    0
43 11.9466  1
50    0
44 7.6957  1
50    0
45 13.8147  3
47    6.45312
48    6.48315
49    5.93602
46 13.796  1
50    0
47 13.7353  1
50    0
48 13.5369  1
50    0
49 12.889  1
50    0
50 0  0
