125
0 13.1201  2
1    58.5829
80    43.1347
1 11.5276  5
2    52.0449
3    60.6951
4    58.9427
43    39.402
53    43.3883
2 6.32756  7
5    53.2196
6    64.5312
7    41.4684
8    56.1576
9    44.1244
10    64.8315
51    35.7727
3 9.34675  1
124    0
4 9.20606  5
81    62.8649
82    36.0273
83    38.3894
84    46.1029
85    41.2917
5 8.74645  1
51    61.2059
6 7.24555  3
42    61.3286
43    49.4099
98    42.449
7 12.3446  8
11    42.449
12    59.3602
13    54.5828
14    38.9827
15    48.0403
16    47.6182
17    46.2394
18    41.7367
8 8.99548  5
19    57.0338
20    46.9865
21    44.1766
22    35.0009
43    60.8452
9 8.05887  9
23    35.0375
24    35.1575
25    35.5493
26    36.8284
27    41.0051
28    54.6451
29    39.1859
30    48.704
43    52.0907
10 5.00031  1
41    40.5657
11 5.01251  2
41    53.2104
80    55.8545
12 5.05249  2
41    64.501
67    41.0427
13 5.18311  2
51    58.6671
92    55.5716
14 5.60945  3
43    56.586
51    52.3196
107    46.9865
15 7.00171  1
124    0
16 11.5484  1
124    0
17 6.39531  1
124    0
18 9.56801  1
79    38.1788
19 9.92843  2
41    61.4257
52    37.5581
20 11.1055  2
50    61.3881
113    41.0051
21 14.9493  10
31    49.7853
32    53.3166
33    64.848
34    42.503
35    59.5369
36    55.1605
37    40.8687
38    54.1992
39    37.7293
40    43.9477
22 7.50099  1
79    39.0458
23 13.179  1
124    0
24 11.7202  2
41    55.838
43    45.5243
25 6.95624  1
124    0
26 11.3997  2
79    54.3118
80    48.2939
27 5.90976  3
41    64.2547
44    59.4325
51    62.7871
28 7.98257  1
97    44.1244
29 14.7516  2
80    48.2472
97    64.8315
30 6.85522  1
124    0
31 11.0701  2
41    41.3704
43    61.0109
32 14.8337  1
43    59.9736
33 7.12348  4
45    54.819
46    39.7536
47    50.558
48    55.8399
34 11.946  2
50    61.444
93    52.0449
35 7.69387  2
49    43.0871
80    61.5996
36 13.8086  1
41    43.0816
37 13.7762  1
51    60.6108
38 13.6703  1
124    0
39 13.3245  1
124    0
40 12.1953  1
124    0
41 8.5081  1
54    62.4273
42 6.46733  1
51    61.8725
43 9.80331  1
79    45.4154
44 10.6969  3
55    64.599
56    41.69
57    56.8818
45 13.6151  1
124    0
46 13.1442  1
124    0
47 11.6063  1
51    61.5923
48 6.58452  1
79    38.0973
49 10.186  1
80    48.9421
50 11.9466  9
58    46.4893
59    42.5533
60    59.7008
61    55.6952
62    42.6147
63    59.9013
64    56.3498
65    44.7525
66    36.8815
51 7.6957  1
79    45.1498
52 13.8147  5
88    58.6818
89    52.3681
90    61.7507
91    62.3898
93    53.2196
53 13.796  9
68    54.0518
69    37.2486
70    42.3775
71    59.1267
72    53.8211
73    36.4951
74    39.9174
75    51.0936
93    60.6951
54 13.7353  1
67    54.7678
55 13.5369  1
67    55.2136
56 12.889  1
67    39.586
57 10.7732  5
76    57.5886
77    48.7974
78    50.0902
92    64.4763
93    58.5829
58 13.8641  1
124    0
59 13.9575  1
124    0
60 14.2624  1
93    42.2109
61 5.25758  5
108    35.0009
109    35.0375
110    35.1575
111    35.5493
112    36.8284
62 5.85269  1
124    0
63 7.79611  1
124    0
64 14.1424  1
67    50.0105
65 14.8663  1
80    50.5626
66 7.22999  1
67    41.1791
67 12.2939  2
94    64.5312
95    41.4684
68 8.82977  1
124    0
69 7.51778  1
124    0
70 13.2336  1
93    58.9427
71 11.8984  1
107    44.1766
72 7.53822  1
80    48.4458
73 13.3004  1
80    61.8963
74 12.1166  1
124    0
75 8.25083  2
86    55.5808
87    42.2411
76 5.62716  1
124    0
77 7.05969  1
124    0
78 11.7379  1
124    0
79 7.01422  1
92    41.2889
80 11.5893  1
124    0
81 6.52867  1
124    0
82 10.0035  1
124    0
83 11.3506  1
124    0
84 5.74953  1
124    0
85 7.45918  1
124    0
86 13.0422  1
124    0
87 11.2737  1
124    0
88 5.49837  1
124    0
89 6.63915  1
96    56.1576
90 10.3645  1
124    0
91 12.5295  10
114    54.6451
115    39.1859
116    48.704
117    49.7853
118    53.3166
119    64.848
120    42.503
121    59.5369
122    55.1605
123    40.8687
92 9.59914  1
124    0
93 10.0301  1
124    0
94 11.4373  1
124    0
95 6.03244  1
124    0
96 8.38328  1
124    0
97 6.0596  8
99    59.3602
100    54.5828
101    38.9827
102    48.0403
103    47.6182
104    46.2394
105    41.7367
106    57.0338
98 8.47179  1
124    0
99 6.34861  1
124    0
100 9.41572  1
124    0
101 9.43129  1
124    0
102 9.48195  1
124    0
103 9.64736  1
124    0
104 10.1875  1
124    0
105 11.9515  1
124    0
106 7.71157  1
124    0
107 13.8665  1
124    0
108 13.9654  1
124    0
109 14.2883  1
124    0
110 5.34242  1
124    0
111 6.1298  1
124    0
112 8.70098  1
124    0
113 7.09723  1
124    0
114 11.8603  1
124    0
115 7.41371  1
124    0
116 12.8939  1
124    0
117 10.7894  1
124    0
118 13.9169  1
124    0
119 14.1299  1
124    0
120 14.8254  1
124    0
121 7.09632  1
124    0
122 11.8572  1
124    0
123 7.40364  1
124    0
124 0  0
