119
0 11.3997  2
1    4.41766
11    6.4848
1 5.90976  10
2    3.50009
3    3.50375
4    3.51575
5    3.55493
6    3.68284
7    4.10051
8    5.46451
9    3.91859
10    4.8704
58    4.89421
2 7.98257  2
34    3.97536
58    6.18963
3 14.7516  2
11    5.51605
58    5.58545
4 6.85522  1
50    5.63498
5 11.0701  1
70    5.85829
6 14.8337  2
11    4.97853
53    4.10427
7 7.12348  3
11    5.95369
58    6.15996
109    6.14257
8 11.946  2
11    4.08687
70    5.20449
9 7.69387  1
11    5.33166
10 13.8086  2
11    4.2503
50    4.26147
11 13.7762  8
12    5.41992
13    3.77293
14    4.39477
15    6.42547
16    4.05657
17    5.32104
18    6.4501
19    4.13704
12 13.6703  10
35    6.06108
36    5.86671
37    5.23196
38    6.15923
39    6.18725
40    6.27871
41    3.57727
42    3.75581
57    4.54154
110    4.94099
13 13.3245  2
50    5.99013
58    5.05626
14 12.1953  1
118    0
15 8.5081  8
43    4.33883
44    6.24273
45    6.4599
46    4.169
47    5.68818
48    4.64893
57    3.80973
70    6.45312
16 6.46733  10
26    5.6586
27    4.55243
28    3.9402
29    4.94099
30    5.20907
31    6.08452
32    5.94325
33    5.4819
34    5.58399
50    3.68815
17 9.80331  2
64    5.86818
70    5.32196
18 10.6969  1
118    0
19 13.6151  7
20    5.5838
21    4.30816
22    6.14257
23    6.13286
24    6.10109
25    5.99736
57    5.75886
20 13.1442  1
118    0
21 11.6063  1
118    0
22 6.58452  1
58    4.31347
23 10.186  1
118    0
24 11.9466  1
34    6.13881
25 7.6957  2
34    6.12059
54    5.00105
26 13.8147  2
34    4.30871
64    5.55808
27 13.796  2
56    5.91267
109    6.13286
28 13.7353  1
55    4.23775
29 13.5369  1
118    0
30 12.889  1
56    3.64951
31 10.7732  1
34    6.1444
32 13.8641  2
34    5.0558
53    5.47678
33 13.9575  4
53    3.9586
54    3.72486
57    5.43118
58    4.82939
34 14.2624  1
56    5.10936
35 5.25758  1
95    6.4848
36 5.85269  1
118    0
37 7.79611  2
58    4.84458
110    3.9402
38 14.1424  3
51    4.11791
52    5.52136
110    4.55243
39 14.8663  1
54    5.40518
40 7.22999  1
95    5.33166
41 12.2939  4
49    5.97008
57    4.87974
58    3.90458
64    5.23681
42 8.82977  1
64    6.17507
43 7.51778  1
56    5.38211
44 13.2336  7
71    4.14684
72    5.61576
73    4.41244
74    6.48315
75    4.2449
76    5.93602
77    5.45828
45 11.8984  2
49    4.25533
57    5.00902
46 7.53822  1
58    4.82472
47 13.3004  3
50    4.47525
70    6.06951
110    5.20907
48 12.1166  3
50    5.56952
57    3.81788
64    4.22411
49 8.25083  1
118    0
50 5.62716  1
70    5.89427
51 7.05969  1
57    4.51498
52 11.7379  1
56    3.99174
53 7.01422  1
118    0
54 11.5893  1
118    0
55 6.52867  1
118    0
56 10.0035  1
110    5.4819
57 11.3506  1
118    0
58 5.74953  5
59    6.28649
60    3.60273
61    3.83894
62    4.61029
63    4.12917
59 7.45918  5
65    6.23898
66    6.44763
67    4.12889
68    5.55716
69    4.22109
60 13.0422  1
110    5.6586
61 11.2737  1
118    0
62 5.49837  1
118    0
63 6.63915  1
118    0
64 10.3645  1
95    4.2503
65 12.5295  1
118    0
66 9.59914  1
118    0
67 10.0301  1
118    0
68 11.4373  1
94    4.8704
69 6.03244  10
78    3.89827
79    4.80403
80    4.76182
81    4.62394
82    4.17367
83    5.70338
84    4.69865
85    4.41766
86    3.50009
87    3.50375
70 8.38328  6
88    3.51575
89    3.55493
90    3.68284
91    4.10051
92    5.46451
93    3.91859
71 6.0596  1
118    0
72 8.47179  1
118    0
73 6.34861  1
118    0
74 9.41572  1
109    6.10109
75 9.43129  1
118    0
76 9.48195  1
118    0
77 9.64736  1
118    0
78 10.1875  1
118    0
79 11.9515  1
118    0
80 7.71157  1
118    0
81 13.8665  1
118    0
82 13.9654  1
118    0
83 14.2883  1
118    0
84 5.34242  1
118    0
85 6.1298  1
118    0
86 8.70098  8
101    4.39477
102    6.42547
103    4.05657
104    5.32104
105    6.4501
106    4.13704
107    5.5838
108    4.30816
87 7.09723  1
118    0
88 11.8603  1
118    0
89 7.41371  1
109    5.99736
90 12.8939  1
95    4.97853
91 10.7894  1
118    0
92 13.9169  5
96    5.95369
97    5.51605
98    4.08687
99    5.41992
100    3.77293
93 14.1299  1
118    0
94 14.8254  1
118    0
95 7.09632  1
118    0
96 11.8572  1
118    0
97 7.40364  1
118    0
98 12.861  1
118    0
99 10.6816  1
110    6.08452
100 13.565  1
118    0
101 12.9809  1
118    0
102 11.0732  1
118    0
103 14.8437  1
118    0
104 7.15613  1
118    0
105 12.0525  1
118    0
106 8.04147  1
118    0
107 14.9438  1
118    0
108 7.48299  1
118    0
109 13.1201  1
110    5.94325
110 11.5276  7
111    3.97536
112    5.0558
113    5.58399
114    4.30871
115    6.1444
116    6.13881
117    6.12059
111 6.32756  1
118    0
112 9.34675  1
118    0
113 9.20606  1
118    0
114 8.74645  1
118    0
115 7.24555  1
118    0
116 12.3446  1
118    0
117 8.99548  1
118    0
118 0  0
