48
0 5.74953  10
1    11.2315
2    8.82488
3    12.9663
4    8.48979
5    11.872
6    10.9166
7    7.79653
8    9.60805
9    9.52364
10    9.24787
1 7.45918  2
21    10.8398
38    10.4639
2 13.0422  1
20    8.20103
3 11.2737  1
21    11.0321
4 5.49837  2
20    9.95706
21    10.6421
5 6.63915  1
38    12.1222
6 10.3645  2
20    10.929
38    12.2776
7 12.5295  1
20    7.83718
8 9.59914  2
20    11.9074
21    8.17374
9 10.0301  10
11    8.34733
12    11.4068
13    9.39729
14    8.83532
15    7.00018
16    7.00751
17    7.0315
18    7.10987
19    7.36567
21    7.54585
10 11.4373  9
22    12.9002
23    8.27409
24    11.1676
25    8.61632
26    12.2851
27    12.2657
28    12.2022
29    11.9947
30    11.3172
11 6.03244  1
20    10.6633
12 8.38328  1
20    8.5006
13 6.0596  1
21    12.8509
14 8.47179  1
38    12.2888
15 6.34861  1
20    12.9696
16 9.41572  1
20    9.74081
17 9.43129  1
21    8.78954
18 9.48195  1
21    8.11313
19 9.64736  1
38    11.7334
20 10.1875  1
38    7.95071
21 11.9515  1
47    0
22 7.71157  1
38    8.61742
23 13.8665  5
31    9.10486
32    7.8804
33    9.88198
34    10.4181
35    12.169
24 13.9654  1
38    11.168
25 14.2883  1
38    10.1116
26 5.34242  2
36    11.8865
37    10.9638
27 6.1298  1
47    0
28 8.70098  8
39    12.3185
40    12.3745
41    12.5574
42    7.15455
43    7.51161
44    8.67766
45    12.4855
46    12.9198
29 7.09723  1
47    0
30 11.8603  1
47    0
31 7.41371  1
47    0
32 12.8939  1
47    0
33 10.7894  1
47    0
34 13.9169  1
38    12.2412
35 14.1299  1
47    0
36 14.8254  1
47    0
37 7.09632  1
47    0
38 11.8572  1
47    0
39 7.40364  1
47    0
40 12.861  1
47    0
41 10.6816  1
47    0
42 13.565  1
47    0
43 12.9809  1
47    0
44 11.0732  1
47    0
45 14.8437  1
47    0
46 7.15613  1
47    0
47 0  0
