101
0 9.48195  4
1    1.13764
14    1.08104
42    0.700018
82    0.820853
1 9.64736  2
2    0.929786
15    0.798349
2 10.1875  9
3    0.851067
4    1.19402
5    1.1139
6    0.852293
7    1.19803
14    1.00021
42    1.14068
79    1.23745
81    0.852293
3 11.9515  2
9    0.89505
15    1.15177
4 7.71157  3
15    0.729902
22    0.968917
41    1.1872
5 13.8665  3
14    1.07642
26    1.04736
54    1.10321
6 13.9654  8
8    1.127
14    0.847551
15    0.975948
21    0.780917
22    1.01125
26    0.844823
54    0.754585
79    0.715455
7 14.2883  2
14    1.18253
26    0.825834
8 5.34242  3
14    1.09536
15    1.02187
26    0.767788
9 6.1298  7
10    0.737629
11    0.823582
12    1.10427
13    0.820853
14    0.744972
26    0.720545
80    1.13764
10 8.70098  1
100    0
11 7.09723  4
21    0.908307
26    1.11162
42    0.779653
54    1.08398
12 11.8603  8
16    1.0018
17    1.08624
18    0.761946
19    0.902997
20    0.763576
26    1.23501
42    0.924787
80    0.833799
13 7.41371  2
14    0.79172
26    1.24779
14 12.8939  1
22    1.11709
15 10.7894  3
21    0.964943
41    1.09166
42    0.700751
16 13.9169  1
42    0.834733
17 14.1299  4
21    0.965877
22    0.862694
26    1.17364
79    1.17334
18 14.8254  4
22    0.978841
48    0.783718
54    0.811313
79    1.25574
19 7.09632  1
26    0.922059
20 11.8572  4
39    0.882488
40    1.29663
55    1.06421
81    1.127
21 7.40364  1
54    0.878954
22 12.861  3
23    1.23199
24    1.23793
25    1.2573
23 10.6816  1
80    0.929786
24 13.565  1
82    0.737629
25 12.9809  1
100    0
26 11.0732  3
27    1.28953
28    0.825779
29    1.11143
27 14.8437  9
30    0.844218
31    1.17166
32    1.0409
33    1.2139
34    1.17885
35    1.06439
36    1.29062
37    0.829368
38    1.12315
28 7.15613  1
42    0.960805
29 12.0525  1
79    1.04639
30 8.04147  1
42    0.952364
31 14.9438  1
100    0
32 7.48299  7
43    0.703149
44    0.710987
45    0.736567
46    0.820103
47    1.0929
54    1.28509
55    1.29002
33 13.1201  1
82    0.89505
34 11.5276  1
100    0
35 6.32756  1
54    0.817374
36 9.34675  1
100    0
37 9.20606  1
41    0.848979
38 8.74645  1
42    0.939729
39 7.24555  1
100    0
40 12.3446  5
49    0.995706
50    1.06633
51    1.29696
52    0.85006
53    1.19074
41 8.99548  1
42    0.883532
42 8.05887  7
56    0.827409
57    1.11676
58    0.861632
59    1.22851
60    1.22657
61    1.22022
80    0.851067
43 5.00031  1
100    0
44 5.01251  1
79    0.751161
45 5.05249  1
48    0.974081
46 5.18311  1
100    0
47 5.60945  1
100    0
48 7.00171  7
72    1.01116
73    1.1168
74    0.861742
75    1.22888
76    1.22776
77    1.22412
78    1.21222
49 11.5484  1
100    0
50 6.39531  1
79    0.867766
51 9.56801  10
62    1.19947
63    1.13172
64    0.910486
65    0.78804
66    0.988198
67    1.04181
68    1.2169
69    1.18865
70    1.09638
71    0.795071
52 9.92843  9
91    0.729902
92    0.798349
93    1.02187
94    1.15177
95    0.975948
96    1.0018
97    1.08624
98    0.761946
99    0.902997
53 11.1055  1
100    0
54 14.9493  1
100    0
55 7.50099  1
100    0
56 13.179  1
100    0
57 11.7202  1
100    0
58 6.95624  1
100    0
59 11.3997  8
83    1.09536
84    0.79172
85    1.00021
86    1.08104
87    0.744972
88    0.847551
89    1.18253
90    1.07642
60 5.90976  1
82    0.823582
61 7.98257  1
100    0
62 14.7516  1
100    0
63 6.85522  1
100    0
64 11.0701  1
100    0
65 14.8337  1
79    1.23185
66 7.12348  1
100    0
67 11.946  1
100    0
68 7.69387  1
100    0
69 13.8086  1
81    1.19402
70 13.7762  1
100    0
71 13.6703  1
79    1.29198
72 13.3245  1
100    0
73 12.1953  1
100    0
74 8.5081  1
100    0
75 6.46733  1
100    0
76 9.80331  1
100    0
77 10.6969  1
100    0
78 13.6151  1
79    1.24855
79 13.1442  2
81    1.1139
82    1.10427
80 11.6063  1
81    1.19803
81 6.58452  1
100    0
82 10.186  1
100    0
83 11.9466  1
100    0
84 7.6957  1
100    0
85 13.8147  1
100    0
86 13.796  1
100    0
87 13.7353  1
100    0
88 13.5369  1
100    0
89 12.889  1
100    0
90 10.7732  1
100    0
91 13.8641  1
100    0
92 13.9575  1
100    0
93 14.2624  1
100    0
94 5.25758  1
100    0
95 5.85269  1
100    0
96 7.79611  1
100    0
97 14.1424  1
100    0
98 14.8663  1
100    0
99 7.22999  1
100    0
100 0  0
