53
0 7.51778  5
1    4.12889
2    4.22109
15    4.76182
16    3.55493
19    5.33166
1 13.2336  4
2    5.55716
3    5.85829
4    5.89427
34    5.99736
2 11.8984  2
4    6.06951
15    4.41766
3 7.53822  2
4    5.20449
16    3.50375
4 13.3004  10
5    5.32196
6    6.45312
7    4.14684
8    5.61576
9    4.41244
10    6.48315
11    4.2449
12    5.93602
13    5.45828
14    3.89827
5 12.1166  2
15    4.17367
16    3.68284
6 8.25083  2
15    4.80403
19    5.95369
7 5.62716  2
15    5.70338
19    4.97853
8 7.05969  3
17    4.10051
18    5.46451
19    5.51605
9 11.7379  2
19    4.2503
34    5.94325
10 7.01422  4
15    4.62394
19    3.91859
34    4.94099
35    3.97536
11 11.5893  2
15    3.50009
19    6.4848
12 6.52867  1
19    4.8704
13 10.0035  1
15    4.69865
14 11.3506  1
52    0
15 5.74953  2
16    3.51575
34    4.55243
16 7.45918  8
44    5.23196
45    6.15923
46    6.18725
47    6.27871
48    3.57727
49    3.75581
50    4.33883
51    6.24273
17 13.0422  7
20    4.08687
21    5.41992
22    3.77293
23    4.39477
24    6.42547
25    4.05657
34    5.6586
18 11.2737  1
34    5.4819
19 5.49837  1
52    0
20 6.63915  1
52    0
21 10.3645  1
52    0
22 12.5295  8
26    5.32104
27    6.4501
28    4.13704
29    5.5838
30    4.30816
31    6.14257
32    6.13286
33    6.10109
23 9.59914  1
34    6.08452
24 10.0301  1
52    0
25 11.4373  1
34    5.20907
26 6.03244  1
52    0
27 8.38328  8
36    5.0558
37    5.58399
38    4.30871
39    6.1444
40    6.13881
41    6.12059
42    6.06108
43    5.86671
28 6.0596  1
52    0
29 8.47179  1
52    0
30 6.34861  1
52    0
31 9.41572  1
34    3.9402
32 9.43129  1
52    0
33 9.48195  1
52    0
34 9.64736  1
52    0
35 10.1875  1
52    0
36 11.9515  1
52    0
37 7.71157  1
52    0
38 13.8665  1
52    0
39 13.9654  1
52    0
40 14.2883  1
52    0
41 5.34242  1
52    0
42 6.1298  1
52    0
43 8.70098  1
52    0
44 7.09723  1
52    0
45 11.8603  1
52    0
46 7.41371  1
52    0
47 12.8939  1
52    0
48 10.7894  1
52    0
49 13.9169  1
52    0
50 14.1299  1
52    0
51 14.8254  1
52    0
52 0  0
