181
0 5.34242  6
1    10.6633
4    11.9074
5    7.54585
38    12.9198
50    10.1125
80    11.9074
1 6.1298  5
2    12.9696
23    11.168
49    7.63576
50    8.62694
57    11.1143
2 8.70098  3
3    8.5006
5    11.0321
80    8.5006
3 7.09723  2
5    8.17374
49    10.8624
4 11.8603  4
5    10.8398
39    11.9803
50    9.78841
80    9.95706
5 7.41371  3
6    8.78954
50    9.64943
78    7.0315
6 12.8939  2
7    12.8509
8    8.11313
7 10.7894  4
23    11.8865
38    8.33799
80    12.9696
172    12.2851
8 13.9169  8
9    10.6421
10    12.9002
11    8.27409
12    11.1676
23    12.169
57    12.8953
81    10.8398
154    9.39729
9 14.1299  10
13    8.61632
14    12.2851
15    12.2657
16    12.2022
17    11.9947
18    11.3172
19    9.10486
20    7.8804
21    9.88198
22    10.4181
10 14.8254  3
47    11.8253
75    8.83532
82    10.6421
11 7.09632  3
38    11.139
58    10.409
102    12.3745
12 11.8572  2
38    8.52293
102    12.2776
13 7.40364  2
82    8.11313
115    9.75948
14 12.861  1
180    0
15 10.6816  6
23    7.95071
48    7.98349
49    7.80917
78    7.10987
81    11.0321
102    10.4639
16 13.565  5
23    10.1116
51    7.20545
57    11.7166
80    10.6633
115    10.8624
17 12.9809  2
49    9.08307
114    7.44972
18 11.0732  2
39    8.9505
110    9.29786
19 14.8437  1
51    12.3793
20 7.15613  4
23    10.9638
38    9.29786
48    11.5177
111    11.0427
21 12.0525  10
24    8.61742
25    12.2888
26    12.2776
27    12.2412
28    12.1222
29    11.7334
30    10.4639
31    12.3185
32    12.3745
33    12.5574
22 8.04147  1
38    8.51067
23 14.9438  1
81    8.17374
24 7.48299  1
57    8.44218
25 13.1201  4
38    11.9402
50    11.1709
51    8.25834
167    7.54585
26 11.5276  2
47    8.47551
114    7.29902
27 6.32756  3
34    7.15455
35    7.51161
110    8.52293
28 9.34675  3
47    10.7642
48    10.2187
49    7.61946
29 9.20606  3
36    8.67766
37    12.4855
51    7.67788
30 8.74645  3
38    11.3764
48    7.29902
51    9.22059
31 7.24555  3
47    10.8104
49    10.018
51    12.3199
32 12.3446  3
39    11.27
111    8.23582
141    10.6439
33 8.99548  1
114    7.9172
34 8.05887  9
40    7.37629
41    8.23582
42    11.0427
43    8.20853
44    10.9536
45    7.9172
46    10.0021
50    9.65877
154    7.10987
35 5.00031  5
52    11.1162
53    8.44823
54    11.7364
55    10.4736
56    12.3501
36 5.01251  2
50    9.68917
115    10.018
37 5.05249  4
49    9.02997
82    8.27409
110    8.51067
114    10.8104
38 5.18311  10
123    11.1709
124    8.62694
125    12.3199
126    12.3793
127    12.573
128    7.20545
129    7.67788
130    9.22059
131    8.25834
132    11.1162
39 5.60945  1
180    0
40 7.00171  1
47    7.44972
41 11.5484  2
51    12.573
102    12.2412
42 6.39531  1
172    12.2022
43 9.56801  1
180    0
44 9.92843  2
76    7.00018
77    7.00751
45 11.1055  1
180    0
46 14.9493  1
180    0
47 7.50099  10
59    10.6439
60    12.9062
61    8.29368
62    11.2315
63    8.82488
64    12.9663
65    8.48979
66    11.872
67    10.9166
68    7.79653
48 13.179  1
49    9.75948
49 11.7202  1
80    10.929
50 6.95624  1
180    0
51 11.3997  3
79    8.20103
110    11.9803
115    7.98349
52 5.90976  3
57    12.478
58    11.7885
167    8.78954
53 7.98257  1
180    0
54 14.7516  1
180    0
55 6.85522  1
81    8.78954
56 11.0701  1
57    8.25779
57 14.8337  2
58    12.139
167    12.8509
58 7.12348  1
180    0
59 11.946  3
102    11.7334
140    8.44218
172    12.2657
60 7.69387  2
78    7.36567
102    12.3185
61 13.8086  7
69    9.60805
70    9.52364
71    9.24787
72    8.34733
73    11.4068
74    9.39729
114    10.0021
62 13.7762  1
110    8.9505
63 13.6703  1
115    10.2187
64 13.3245  1
180    0
65 12.1953  1
180    0
66 8.5081  1
180    0
67 6.46733  1
116    7.61946
68 9.80331  1
114    11.8253
69 10.6969  4
150    9.60805
151    9.52364
152    9.24787
153    8.34733
70 13.6151  1
116    9.02997
71 13.1442  1
180    0
72 11.6063  2
80    9.74081
81    7.54585
73 6.58452  7
95    11.8865
96    10.9638
97    7.95071
98    10.1116
99    11.168
100    8.61742
101    12.2888
74 10.186  1
110    11.27
75 11.9466  2
80    7.83718
82    12.9002
76 7.6957  2
87    12.2022
88    11.9947
77 13.8147  1
154    7.00018
78 13.796  6
89    11.3172
90    9.10486
91    7.8804
92    9.88198
93    10.4181
94    12.169
79 13.7353  1
154    7.0315
80 13.5369  2
81    12.8509
110    11.3764
81 12.889  4
83    11.1676
84    8.61632
85    12.2851
86    12.2657
82 10.7732  2
110    7.37629
116    7.63576
83 13.8641  1
110    11.9402
84 13.9575  1
140    11.7885
85 14.2624  1
180    0
86 5.25758  1
180    0
87 5.85269  7
133    8.44823
134    11.7364
135    10.4736
136    12.3501
137    12.478
138    12.8953
139    8.25779
88 7.79611  2
102    12.1222
110    11.139
89 14.1424  1
180    0
90 14.8663  1
180    0
91 7.22999  1
180    0
92 12.2939  1
180    0
93 8.82977  1
114    10.7642
94 7.51778  1
154    11.4068
95 13.2336  1
180    0
96 11.8984  1
180    0
97 7.53822  1
180    0
98 13.3004  1
180    0
99 12.1166  4
159    9.74081
160    9.95706
161    10.6633
162    12.9696
100 8.25083  6
103    12.5574
104    7.15455
105    7.51161
106    8.67766
107    12.4855
108    12.9198
101 5.62716  1
115    11.5177
102 7.05969  1
180    0
103 11.7379  1
180    0
104 7.01422  2
142    8.29368
154    8.83532
105 11.5893  6
117    7.80917
118    9.64943
119    9.65877
120    9.68917
121    9.78841
122    10.1125
106 6.52867  2
112    8.20853
113    10.9536
107 10.0035  2
109    8.33799
114    8.47551
108 11.3506  1
180    0
109 5.74953  1
180    0
110 7.45918  3
147    11.872
148    10.9166
149    7.79653
111 13.0422  1
180    0
112 11.2737  1
180    0
113 5.49837  1
116    9.08307
114 6.63915  1
180    0
115 10.3645  1
180    0
116 12.5295  1
180    0
117 9.59914  1
180    0
118 10.0301  1
180    0
119 11.4373  1
180    0
120 6.03244  1
180    0
121 8.38328  1
167    10.8398
122 6.0596  1
180    0
123 8.47179  1
140    10.409
124 6.34861  4
168    12.9002
169    8.27409
170    11.1676
171    8.61632
125 9.41572  1
180    0
126 9.43129  1
140    11.1143
127 9.48195  1
167    8.11313
128 9.64736  1
180    0
129 10.1875  1
180    0
130 11.9515  1
141    12.9062
131 7.71157  1
180    0
132 13.8665  1
140    11.7166
133 13.9654  1
140    12.139
134 14.2883  7
173    11.9947
174    11.3172
175    9.10486
176    7.8804
177    9.88198
178    10.4181
179    12.169
135 5.34242  1
180    0
136 6.1298  4
143    11.2315
144    8.82488
145    12.9663
146    8.48979
137 8.70098  1
180    0
138 7.09723  1
180    0
139 11.8603  1
180    0
140 7.41371  1
180    0
141 12.8939  1
180    0
142 10.7894  4
155    7.36567
156    8.20103
157    10.929
158    7.83718
143 13.9169  1
180    0
144 14.1299  1
180    0
145 14.8254  1
180    0
146 7.09632  1
154    7.00751
147 11.8572  1
180    0
148 7.40364  1
180    0
149 12.861  1
180    0
150 10.6816  1
180    0
151 13.565  1
180    0
152 12.9809  1
180    0
153 11.0732  1
180    0
154 14.8437  1
180    0
155 7.15613  1
180    0
156 12.0525  1
180    0
157 8.04147  1
180    0
158 14.9438  1
180    0
159 7.48299  1
180    0
160 13.1201  1
167    10.6421
161 11.5276  1
180    0
162 6.32756  4
163    8.5006
164    11.9074
165    11.0321
166    8.17374
163 9.34675  1
180    0
164 9.20606  1
180    0
165 8.74645  1
180    0
166 7.24555  1
180    0
167 12.3446  1
180    0
168 8.99548  1
180    0
169 8.05887  1
180    0
170 5.00031  1
180    0
171 5.01251  1
180    0
172 5.05249  1
180    0
173 5.18311  1
180    0
174 5.60945  1
180    0
175 7.00171  1
180    0
176 11.5484  1
180    0
177 6.39531  1
180    0
178 9.56801  1
180    0
179 9.92843  1
180    0
180 0  0
