232
0 11.8603  7
1    0.89505
2    0.823582
25    1.01125
36    1.0409
50    0.820103
70    1.1168
118    1.09638
1 7.41371  5
2    0.737629
37    1.17885
86    0.763576
87    0.968917
198    1.13764
2 12.8939  9
3    1.10427
4    0.820853
5    1.09536
6    0.79172
7    1.00021
8    1.08104
9    0.744972
10    0.847551
11    1.18253
3 10.7894  3
36    1.2139
184    1.09166
225    0.908307
4 13.9169  2
40    0.779653
50    0.995706
5 14.1299  6
14    0.798349
25    0.978841
61    0.910486
87    0.978841
196    0.861742
216    0.729902
6 14.8254  5
40    1.1872
50    1.06633
61    1.22022
96    1.2139
196    1.04181
7 7.09632  1
25    1.23793
8 11.8572  7
12    1.07642
13    0.729902
25    1.2573
36    1.11143
70    1.22776
73    0.929786
113    0.754585
9 7.40364  1
14    1.02187
10 12.861  1
61    0.827409
11 10.6816  3
85    1.02187
111    0.783718
128    0.867766
12 13.565  10
15    1.15177
16    0.975948
17    1.0018
18    1.08624
19    0.761946
20    0.902997
21    0.763576
22    0.908307
23    0.780917
24    0.964943
13 12.9809  6
25    1.23199
85    1.0018
86    0.761946
106    0.939729
111    0.995706
193    1.19074
14 11.0732  10
29    0.825834
30    1.11162
31    0.844823
32    1.17364
33    1.04736
34    1.23501
35    1.24779
49    0.710987
86    0.908307
113    1.10321
15 14.8437  5
25    0.965877
61    1.13172
71    1.25574
89    0.825834
193    0.85006
16 7.15613  4
36    0.825779
61    1.19947
85    0.798349
118    1.2169
17 12.0525  9
76    1.127
77    0.89505
78    0.737629
79    0.823582
80    1.10427
81    0.820853
82    1.09536
83    0.79172
192    0.783718
18 8.04147  6
25    1.11709
36    1.28953
40    1.09166
70    0.861742
73    1.19402
192    0.736567
19 14.9438  10
41    0.960805
42    0.952364
43    0.924787
44    0.834733
45    1.14068
46    0.939729
47    0.883532
48    0.700018
116    1.11676
157    1.23199
20 7.48299  3
38    1.06439
39    1.29062
50    0.974081
21 13.1201  2
72    0.833799
118    0.78804
22 11.5276  5
25    0.968917
36    0.844218
50    1.29696
85    1.08624
88    1.23793
23 6.32756  10
26    0.720545
27    0.767788
28    0.922059
73    1.1139
86    0.902997
96    0.825779
112    1.29696
113    1.08398
114    1.06421
198    1.29198
24 9.34675  4
25    0.862694
40    1.12315
61    1.22851
96    0.844218
25 9.20606  3
40    0.848979
50    1.0929
225    0.968917
26 8.74645  4
40    0.882488
100    1.29663
192    0.820103
225    0.964943
27 7.24555  1
40    1.29663
28 12.3446  10
52    1.19074
53    1.10321
54    0.817374
55    1.08398
56    0.754585
57    0.878954
58    1.28509
59    0.811313
60    1.06421
84    0.744972
29 8.99548  1
231    0
30 8.05887  1
96    1.17166
31 5.00031  2
72    1.24855
118    0.795071
32 5.01251  3
61    1.29002
100    0.882488
118    1.04181
33 5.05249  2
36    1.17166
71    1.23745
34 5.18311  1
61    1.22657
35 5.60945  6
40    0.829368
49    0.703149
50    0.783718
61    1.11676
106    0.700751
118    0.988198
36 7.00171  2
129    1.1139
156    1.11709
37 11.5484  3
85    1.07642
100    0.848979
194    0.817374
38 6.39531  2
50    0.736567
195    1.13172
39 9.56801  8
62    0.78804
63    0.988198
64    1.04181
65    1.2169
66    1.18865
67    1.09638
68    0.795071
69    1.01116
40 9.92843  1
116    1.22851
41 11.1055  4
72    1.13764
129    0.852293
184    0.779653
193    1.06633
42 14.9493  2
49    0.700751
106    0.703149
43 7.50099  2
70    1.22888
86    0.965877
44 13.179  1
88    1.2573
45 11.7202  1
51    0.85006
46 6.95624  1
72    0.867766
47 11.3997  3
61    0.861632
72    0.751161
88    1.23199
48 5.90976  5
73    0.851067
85    1.18253
96    1.0409
106    0.700018
129    0.929786
49 7.98257  1
96    1.11143
50 14.7516  2
111    1.06633
129    1.29198
51 6.85522  1
128    1.25574
52 11.0701  3
88    1.01125
106    0.924787
116    1.13172
53 14.8337  4
71    1.17334
114    1.28509
116    1.19947
198    1.24855
54 7.12348  3
71    1.21222
72    1.29198
130    1.127
55 11.946  5
226    1.11709
227    0.862694
228    1.23199
229    1.23793
230    1.2573
56 7.69387  2
71    1.23185
72    0.715455
57 13.8086  2
88    0.720545
115    0.827409
58 13.7762  1
84    1.08104
59 13.6703  8
90    1.11162
91    0.844823
92    1.17364
93    1.04736
94    1.23501
95    1.24779
157    0.862694
193    0.995706
60 13.3245  1
197    1.17334
61 12.1953  3
85    1.15177
88    0.862694
97    1.06439
62 8.5081  1
113    0.878954
63 6.46733  1
231    0
64 9.80331  3
84    1.00021
116    1.22657
225    0.763576
65 10.6969  1
71    1.22412
66 13.6151  1
117    0.910486
67 13.1442  4
85    0.975948
116    1.22022
193    0.974081
196    1.09638
68 11.6063  1
71    1.04639
69 6.58452  3
96    1.28953
97    1.17885
196    1.22888
70 10.186  3
84    0.847551
86    0.964943
106    0.834733
71 11.9466  9
158    1.2573
159    0.720545
160    0.767788
161    0.922059
162    0.825834
163    1.11162
164    0.844823
165    1.17364
197    1.25574
72 7.6957  3
74    0.852293
75    1.19803
113    0.85006
73 13.8147  7
166    1.04736
167    1.23501
168    1.24779
169    1.28953
170    0.825779
171    1.11143
195    1.22657
74 13.796  1
118    1.18865
75 13.7353  2
86    0.780917
113    1.19074
76 13.5369  9
172    0.844218
173    1.17166
174    1.0409
175    1.2139
176    1.17885
177    1.06439
178    1.29062
179    0.829368
194    0.811313
77 12.889  1
88    1.11709
78 10.7732  8
101    1.1872
102    1.09166
103    0.779653
104    0.960805
105    0.952364
118    1.01116
197    1.23185
216    1.07642
79 13.8641  10
207    0.737629
208    0.823582
209    1.10427
210    0.820853
211    1.09536
212    0.79172
213    1.00021
214    1.08104
215    0.744972
216    0.847551
80 13.9575  5
85    0.729902
89    0.767788
97    1.29062
106    0.883532
194    1.29002
81 14.2624  1
231    0
82 5.25758  1
231    0
83 5.85269  1
89    0.922059
84 7.79611  1
129    0.833799
85 14.1424  1
231    0
86 14.8663  1
231    0
87 7.22999  9
119    0.861742
120    1.22888
121    1.22776
122    1.22412
123    1.21222
124    1.17334
125    1.04639
126    1.23185
127    1.23745
88 12.2939  1
195    1.19947
89 8.82977  1
231    0
90 7.51778  1
231    0
91 13.2336  1
194    1.28509
92 11.8984  3
98    0.829368
99    1.12315
131    0.823582
93 7.53822  2
116    0.861632
131    0.89505
94 13.3004  1
111    0.974081
95 12.1166  1
197    1.22776
96 8.25083  1
231    0
97 5.62716  4
107    0.710987
108    0.736567
109    0.820103
110    1.0929
98 7.05969  1
198    0.833799
99 11.7379  1
231    0
100 7.01422  1
157    1.23793
101 11.5893  2
106    1.14068
195    0.910486
102 6.52867  1
231    0
103 10.0035  2
128    0.715455
129    1.13764
104 11.3506  2
114    0.811313
196    1.1168
105 5.74953  3
113    0.817374
129    1.24855
156    1.01125
106 7.45918  2
184    0.924787
194    1.06421
107 13.0422  1
231    0
108 11.2737  1
231    0
109 5.49837  1
231    0
110 6.63915  1
231    0
111 10.3645  1
231    0
112 12.5295  3
118    1.1168
195    1.22022
197    1.22412
113 9.59914  3
114    1.29002
131    0.737629
195    1.22851
114 10.0301  1
184    1.1872
115 11.4373  10
132    1.10427
133    0.820853
134    1.09536
135    0.79172
136    1.00021
137    1.08104
138    0.744972
139    0.847551
140    1.18253
141    1.07642
116 6.03244  2
192    1.0929
193    1.29696
117 8.38328  2
128    0.751161
129    1.19402
118 6.0596  1
231    0
119 8.47179  1
231    0
120 6.34861  1
231    0
121 9.41572  1
196    1.2169
122 9.43129  2
130    1.19803
156    0.968917
123 9.48195  4
152    0.908307
153    0.780917
154    0.964943
155    0.965877
124 9.64736  1
197    1.21222
125 10.1875  4
180    1.12315
181    0.882488
182    1.29663
183    0.848979
126 11.9515  1
129    0.851067
127 7.71157  10
142    0.729902
143    0.798349
144    1.02187
145    1.15177
146    0.975948
147    1.0018
148    1.08624
149    0.761946
150    0.902997
151    0.763576
128 13.8665  1
231    0
129 13.9654  1
231    0
130 14.2883  1
231    0
131 5.34242  1
231    0
132 6.1298  8
217    0.798349
218    1.02187
219    1.15177
220    0.975948
221    1.0018
222    1.08624
223    0.761946
224    0.902997
133 8.70098  1
195    0.861632
134 7.09723  1
231    0
135 11.8603  1
156    0.978841
136 7.41371  2
194    0.827409
216    1.18253
137 12.8939  1
231    0
138 10.7894  1
231    0
139 13.9169  1
231    0
140 14.1299  1
231    0
141 14.8254  1
231    0
142 7.09632  1
225    0.965877
143 11.8572  1
194    1.08398
144 7.40364  1
225    0.978841
145 12.861  1
231    0
146 10.6816  1
231    0
147 13.565  1
194    1.11676
148 12.9809  3
184    0.952364
194    0.878954
198    0.715455
149 11.0732  1
231    0
150 14.8437  1
231    0
151 7.15613  1
191    0.703149
152 12.0525  1
198    0.751161
153 8.04147  1
197    1.04639
154 14.9438  1
231    0
155 7.48299  1
231    0
156 13.1201  1
231    0
157 11.5276  7
185    0.834733
186    1.14068
187    0.939729
188    0.883532
189    0.700018
190    0.700751
194    0.754585
158 6.32756  1
231    0
159 9.34675  1
231    0
160 9.20606  1
231    0
161 8.74645  1
231    0
162 7.24555  1
231    0
163 12.3446  1
231    0
164 8.99548  1
231    0
165 8.05887  1
231    0
166 5.00031  1
184    0.960805
167 5.01251  1
231    0
168 5.05249  1
231    0
169 5.18311  2
192    0.710987
225    0.780917
170 5.60945  1
193    1.10321
171 7.00171  1
231    0
172 11.5484  1
231    0
173 6.39531  1
197    1.23745
174 9.56801  2
195    0.78804
196    1.01116
175 9.92843  1
231    0
176 11.1055  1
231    0
177 14.9493  1
231    0
178 7.50099  1
231    0
179 13.179  1
231    0
180 11.7202  1
231    0
181 6.95624  2
196    1.18865
225    1.01125
182 11.3997  1
231    0
183 5.90976  1
231    0
184 7.98257  1
231    0
185 14.7516  1
231    0
186 6.85522  1
231    0
187 11.0701  1
231    0
188 14.8337  1
231    0
189 7.12348  8
199    0.929786
200    0.851067
201    1.19402
202    1.1139
203    0.852293
204    1.19803
205    1.127
206    0.89505
190 11.946  1
231    0
191 7.69387  1
231    0
192 13.8086  1
231    0
193 13.7762  1
196    0.795071
194 13.6703  1
195    0.988198
195 13.3245  1
198    0.867766
196 12.1953  1
231    0
197 8.5081  1
231    0
198 6.46733  1
231    0
199 9.80331  1
231    0
200 10.6969  1
231    0
201 13.6151  1
231    0
202 13.1442  1
231    0
203 11.6063  1
231    0
204 6.58452  1
231    0
205 10.186  1
231    0
206 11.9466  1
231    0
207 7.6957  1
231    0
208 13.8147  1
231    0
209 13.796  1
231    0
210 13.7353  1
231    0
211 13.5369  1
231    0
212 12.889  1
231    0
213 10.7732  1
231    0
214 13.8641  1
231    0
215 13.9575  1
231    0
216 14.2624  1
231    0
217 5.25758  1
231    0
218 5.85269  1
231    0
219 7.79611  1
231    0
220 14.1424  1
231    0
221 14.8663  1
231    0
222 7.22999  1
231    0
223 12.2939  1
231    0
224 8.82977  1
231    0
225 7.51778  1
231    0
226 13.2336  1
231    0
227 11.8984  1
231    0
228 7.53822  1
231    0
229 13.3004  1
231    0
230 12.1166  1
231    0
231 0  0
