215
0 14.2624  10
1    47.6182
2    46.2394
3    41.7367
4    57.0338
5    46.9865
6    44.1766
78    62.8649
79    62.3898
198    61.3286
200    61.5923
1 5.25758  2
37    39.7536
78    36.0273
2 5.85269  10
7    35.0009
8    35.0375
9    35.1575
10    35.5493
11    36.8284
12    41.0051
13    54.6451
14    39.1859
59    50.0105
103    53.3166
3 7.79611  5
17    42.503
37    54.819
42    58.6671
79    41.2917
101    36.8284
4 14.1424  2
42    52.3196
78    38.3894
5 14.8663  3
44    61.8725
45    62.7871
101    35.5493
6 7.22999  3
17    64.848
59    54.0518
112    61.0109
7 12.2939  1
59    56.3498
8 8.82977  4
39    61.444
40    61.3881
66    51.0936
78    46.1029
9 7.51778  1
17    53.3166
10 13.2336  6
26    61.4257
27    61.3286
28    61.0109
79    58.6818
108    55.838
112    59.9736
11 11.8984  4
66    54.3118
79    52.3681
113    60.8452
198    55.838
12 7.53822  2
17    55.1605
59    54.7678
13 13.3004  3
15    48.704
16    49.7853
17    40.8687
14 12.1166  3
17    54.1992
66    45.1498
113    50.558
15 8.25083  2
17    59.5369
113    39.7536
16 5.62716  2
17    37.7293
213    50.5626
17 7.05969  9
18    43.9477
19    64.2547
20    40.5657
21    53.2104
22    64.501
23    41.3704
24    55.838
25    43.0816
113    59.4325
18 11.7379  2
38    50.558
128    36.8815
19 7.01422  1
101    35.0009
20 11.5893  1
214    0
21 6.52867  5
74    55.8545
75    43.1347
76    61.5996
79    42.2411
210    53.8211
22 10.0035  6
104    64.848
105    42.503
106    59.5369
107    55.1605
127    56.8818
212    45.4154
23 11.3506  4
58    59.9013
69    39.0458
101    57.0338
210    59.1267
24 5.74953  10
29    59.9736
30    56.586
31    45.5243
32    39.402
33    49.4099
34    52.0907
35    60.8452
36    59.4325
66    57.5886
114    61.3881
25 7.45918  1
214    0
26 13.0422  1
214    0
27 11.2737  2
41    61.2059
198    56.586
28 5.49837  1
66    50.0902
29 6.63915  4
102    54.6451
103    49.7853
112    39.402
166    52.0449
30 10.3645  8
129    54.7678
130    39.586
131    50.0105
132    54.0518
133    37.2486
134    42.3775
135    59.1267
166    53.2196
31 12.5295  3
77    61.8963
101    35.0375
128    59.7008
32 9.59914  2
199    50.558
202    43.3883
33 10.0301  2
38    43.0871
209    55.2136
34 11.4373  4
38    55.8399
43    61.5923
59    44.7525
128    41.1791
35 6.03244  7
60    37.2486
61    42.3775
62    59.1267
63    53.8211
64    36.4951
65    39.9174
172    42.449
36 8.38328  4
67    38.1788
68    45.4154
112    45.5243
138    39.9174
37 6.0596  2
59    39.586
212    38.1788
38 8.47179  6
46    35.7727
47    37.5581
48    43.3883
49    62.4273
59    36.8815
108    37.7293
39 6.34861  4
42    60.6108
59    41.0427
198    59.9736
202    64.599
40 9.41572  9
50    64.599
51    41.69
52    56.8818
53    46.4893
54    42.5533
55    59.7008
56    55.6952
57    42.6147
200    52.3196
41 9.43129  2
59    55.2136
180    46.9865
42 9.48195  1
214    0
43 9.64736  1
202    42.5533
44 10.1875  2
69    48.2472
209    42.3775
45 11.9515  1
214    0
46 7.71157  8
91    56.1576
92    44.1244
93    64.8315
94    42.449
95    59.3602
96    54.5828
97    38.9827
98    48.0403
47 13.8665  8
115    60.6108
116    58.6671
117    52.3196
118    61.5923
119    61.8725
120    62.7871
121    35.7727
127    46.4893
48 13.9654  3
152    55.8545
153    43.1347
154    61.5996
49 14.2883  9
83    42.2109
84    58.5829
85    52.0449
86    60.6951
87    58.9427
88    53.2196
89    64.5312
90    41.4684
114    61.444
50 5.34242  1
108    64.2547
51 6.1298  3
66    48.7974
112    56.586
202    41.69
52 8.70098  1
199    43.0871
53 7.09723  4
99    47.6182
100    46.2394
127    42.5533
128    41.0427
54 11.8603  1
108    43.9477
55 7.41371  1
59    41.1791
56 12.8939  1
79    55.5808
57 10.7894  1
138    57.5886
58 13.9169  4
80    64.4763
81    41.2889
82    55.5716
108    53.2104
59 14.1299  3
128    42.6147
163    52.3681
180    36.8284
60 14.8254  6
70    48.2939
71    48.4458
72    48.9421
73    50.5626
128    55.2136
209    54.7678
61 7.09632  2
101    41.7367
128    59.9013
62 11.8572  1
108    54.1992
63 7.40364  1
214    0
64 12.861  2
66    38.0973
108    40.8687
65 10.6816  1
214    0
66 13.565  1
214    0
67 12.9809  1
201    37.5581
68 11.0732  8
156    62.8649
157    36.0273
158    38.3894
159    46.1029
160    41.2917
161    55.5808
162    42.2411
197    64.501
69 14.8437  1
199    60.8452
70 7.15613  2
113    43.0871
209    41.0427
71 12.0525  1
214    0
72 8.04147  1
103    48.704
73 14.9438  2
79    61.7507
138    51.0936
74 7.48299  1
108    41.3704
75 13.1201  1
122    37.5581
76 11.5276  3
102    39.1859
108    64.501
114    61.2059
77 6.32756  1
214    0
78 9.34675  1
214    0
79 9.20606  1
113    52.0907
80 8.74645  1
214    0
81 7.24555  1
214    0
82 12.3446  2
180    35.5493
210    50.0902
83 8.99548  1
113    54.819
84 8.05887  3
110    61.4257
111    61.3286
202    62.4273
85 5.00031  1
155    61.8963
86 5.01251  2
163    62.3898
166    58.5829
87 5.05249  2
113    55.8399
199    39.7536
88 5.18311  1
112    49.4099
89 5.60945  1
163    64.4763
90 7.00171  1
214    0
91 11.5484  2
101    46.9865
108    40.5657
92 6.39531  1
202    56.8818
93 9.56801  2
101    35.1575
210    51.0936
94 9.92843  1
172    59.3602
95 11.1055  1
214    0
96 14.9493  5
123    43.3883
124    62.4273
125    64.599
126    41.69
199    59.4325
97 7.50099  1
214    0
98 13.179  2
101    44.1766
198    43.0816
99 11.7202  2
166    42.2109
208    36.8815
100 6.95624  1
101    41.0051
101 11.3997  3
206    56.3498
207    44.7525
212    38.0973
102 5.90976  1
109    43.0816
103 7.98257  7
142    38.0973
143    45.1498
144    38.1788
145    45.4154
146    39.0458
147    48.2472
148    48.2939
104 14.7516  1
214    0
105 6.85522  1
128    55.6952
106 11.0701  1
214    0
107 14.8337  4
168    41.4684
169    56.1576
170    44.1244
171    64.8315
108 7.12348  1
214    0
109 11.946  1
214    0
110 7.69387  1
128    44.7525
111 13.8086  3
149    48.4458
150    48.9421
151    50.5626
112 13.7762  1
214    0
113 13.6703  1
180    41.0051
114 13.3245  2
180    35.0375
213    39.0458
115 12.1953  2
200    35.7727
210    39.9174
116 8.5081  1
208    41.1791
117 6.46733  1
163    61.7507
118 9.80331  3
139    48.7974
140    50.0902
141    54.3118
119 10.6969  5
183    48.704
184    49.7853
185    53.3166
186    64.848
210    36.4951
120 13.6151  1
128    56.3498
121 13.1442  1
214    0
122 11.6063  8
173    54.5828
174    38.9827
175    48.0403
176    47.6182
177    46.2394
178    41.7367
179    57.0338
213    48.2472
123 6.58452  1
214    0
124 10.186  1
180    35.1575
125 11.9466  1
198    41.3704
126 7.6957  1
214    0
127 13.8147  1
214    0
128 13.796  2
136    53.8211
137    36.4951
129 13.7353  2
202    46.4893
213    48.9421
130 13.5369  2
163    58.6818
213    43.1347
131 12.889  1
214    0
132 10.7732  1
214    0
133 13.8641  2
200    58.6671
209    54.0518
134 13.9575  1
214    0
135 14.2624  2
199    54.819
200    61.3881
136 5.25758  1
199    55.8399
137 5.85269  1
200    61.444
138 7.79611  3
203    55.6952
204    42.6147
205    59.9013
139 14.1424  1
214    0
140 14.8663  9
188    59.5369
189    55.1605
190    40.8687
191    54.1992
192    37.7293
193    43.9477
194    64.2547
195    40.5657
196    53.2104
141 7.22999  1
214    0
142 12.2939  1
166    60.6951
143 8.82977  1
213    48.2939
144 7.51778  1
214    0
145 13.2336  1
214    0
146 11.8984  1
210    57.5886
147 7.53822  1
214    0
148 13.3004  1
214    0
149 12.1166  2
198    39.402
213    48.4458
150 8.25083  2
181    54.6451
182    39.1859
151 5.62716  2
187    42.503
200    61.8725
152 7.05969  1
214    0
153 11.7379  1
214    0
154 7.01422  1
200    61.2059
155 11.5893  4
164    41.2889
165    55.5716
180    44.1766
210    48.7974
156 6.52867  1
167    64.5312
157 10.0035  1
214    0
158 11.3506  1
214    0
159 5.74953  1
213    55.8545
160 7.45918  1
166    58.9427
161 13.0422  1
214    0
162 11.2737  1
214    0
163 5.49837  1
214    0
164 6.63915  1
214    0
165 10.3645  1
214    0
166 12.5295  1
180    35.0009
167 9.59914  1
214    0
168 10.0301  1
214    0
169 11.4373  1
209    39.586
170 6.03244  1
214    0
171 8.38328  1
214    0
172 6.0596  1
214    0
173 8.47179  1
200    62.7871
174 6.34861  1
214    0
175 9.41572  1
214    0
176 9.43129  1
214    0
177 9.48195  1
214    0
178 9.64736  1
214    0
179 10.1875  1
214    0
180 11.9515  1
214    0
181 7.71157  1
214    0
182 13.8665  1
209    37.2486
183 13.9654  1
214    0
184 14.2883  1
214    0
185 5.34242  1
214    0
186 6.1298  1
214    0
187 8.70098  1
214    0
188 7.09723  1
198    61.4257
189 11.8603  1
214    0
190 7.41371  1
198    45.5243
191 12.8939  2
199    49.4099
200    60.6108
192 10.7894  1
199    52.0907
193 13.9169  2
198    61.0109
209    50.0105
194 14.1299  1
212    45.1498
195 14.8254  1
214    0
196 7.09632  1
214    0
197 11.8572  1
214    0
198 7.40364  1
214    0
199 12.861  1
214    0
200 10.6816  1
214    0
201 13.565  1
202    59.7008
202 12.9809  1
214    0
203 11.0732  1
214    0
204 14.8437  1
214    0
205 7.15613  1
214    0
206 12.0525  1
211    54.3118
207 8.04147  1
214    0
208 14.9438  1
214    0
209 7.48299  1
214    0
210 13.1201  1
214    0
211 11.5276  1
214    0
212 6.32756  1
214    0
213 9.34675  1
214    0
214 0  0
