102
0 13.8641  7
1    11.0321
2    8.17374
3    10.8398
4    7.54585
10    8.27409
11    9.88198
67    11.7885
1 13.9575  4
10    12.2022
11    7.8804
29    7.44972
93    12.3745
2 14.2624  3
10    12.2851
11    11.3172
21    8.33799
3 5.25758  3
11    9.10486
21    7.51161
30    7.29902
4 5.85269  5
5    8.78954
6    12.8509
10    12.2657
11    11.8865
28    8.20853
5 7.79611  2
11    10.9638
21    11.3764
6 14.1424  6
7    8.11313
8    10.6421
9    12.9002
10    8.61632
28    8.23582
86    8.5006
7 14.8663  4
10    11.1676
11    10.1116
86    9.74081
87    12.8509
8 7.22999  4
11    7.95071
28    11.27
29    11.8253
67    12.139
9 12.2939  4
10    11.9947
11    12.169
21    12.4855
28    10.9536
10 8.82977  1
11    10.4181
11 7.51778  9
12    11.168
13    8.61742
14    12.2888
15    12.2776
16    12.2412
17    12.1222
18    11.7334
19    10.4639
20    12.3185
12 13.2336  1
89    12.169
13 11.8984  1
29    10.8104
14 7.53822  2
21    7.15455
93    11.7334
15 13.3004  1
21    8.67766
16 12.1166  1
21    12.3745
17 8.25083  7
22    9.29786
23    8.51067
24    11.9402
25    11.139
26    8.52293
29    10.0021
87    8.78954
18 5.62716  2
21    12.5574
89    7.8804
19 7.05969  2
27    11.9803
28    8.9505
20 11.7379  3
21    12.9198
28    11.0427
92    11.168
21 7.01422  1
30    7.98349
22 11.5893  2
29    10.7642
67    12.9663
23 6.52867  1
93    10.4639
24 10.0035  2
28    7.37629
29    8.47551
25 11.3506  10
49    12.3793
50    12.573
51    7.20545
52    7.67788
53    9.22059
54    8.25834
55    11.1162
56    8.44823
57    11.7364
58    10.4736
26 5.74953  1
89    11.8865
27 7.45918  1
101    0
28 13.0422  2
29    7.9172
87    8.11313
29 11.2737  7
31    10.2187
32    11.5177
33    9.75948
34    10.018
35    10.8624
36    7.61946
37    9.02997
30 5.49837  1
101    0
31 6.63915  1
101    0
32 10.3645  1
101    0
33 12.5295  1
87    7.54585
34 9.59914  6
68    8.48979
69    11.872
70    10.9166
71    7.79653
72    9.60805
73    9.52364
35 10.0301  10
39    9.08307
40    7.80917
41    9.64943
42    9.65877
43    9.68917
44    9.78841
45    10.1125
46    11.1709
47    8.62694
48    12.3199
36 11.4373  1
38    7.63576
37 6.03244  1
88    8.61632
38 8.38328  1
101    0
39 6.0596  1
67    8.82488
40 8.47179  3
90    7.95071
91    10.1116
92    12.2888
41 6.34861  2
89    9.88198
93    12.2412
42 9.41572  8
59    12.3501
60    12.478
61    12.8953
62    8.25779
63    11.1143
64    8.44218
65    11.7166
66    10.409
43 9.43129  1
86    12.9696
44 9.48195  2
67    11.2315
87    10.6421
45 9.64736  1
101    0
46 10.1875  2
86    10.6633
88    12.2022
47 11.9515  1
67    10.6439
48 7.71157  1
101    0
49 13.8665  2
87    11.0321
92    8.61742
50 13.9654  1
101    0
51 14.2883  1
101    0
52 5.34242  1
89    11.3172
53 6.1298  1
89    10.4181
54 8.70098  1
67    12.9062
55 7.09723  1
86    7.83718
56 11.8603  1
67    8.29368
57 7.41371  1
101    0
58 12.8939  1
89    11.9947
59 10.7894  1
101    0
60 13.9169  7
94    12.5574
95    7.15455
96    7.51161
97    8.67766
98    12.4855
99    12.9198
100    8.33799
61 14.1299  1
101    0
62 14.8254  1
89    9.10486
63 7.09632  1
101    0
64 11.8572  1
101    0
65 7.40364  1
88    11.1676
66 12.861  1
86    9.95706
67 10.6816  1
101    0
68 13.565  1
88    12.2851
69 12.9809  1
87    12.9002
70 11.0732  1
88    12.2657
71 14.8437  2
74    9.24787
75    8.34733
72 7.15613  1
101    0
73 12.0525  1
86    11.9074
74 8.04147  10
76    11.4068
77    9.39729
78    8.83532
79    7.00018
80    7.00751
81    7.0315
82    7.10987
83    7.36567
84    8.20103
85    10.929
75 14.9438  1
101    0
76 7.48299  1
101    0
77 13.1201  1
101    0
78 11.5276  1
101    0
79 6.32756  3
87    8.17374
89    10.9638
93    12.1222
80 9.34675  1
101    0
81 9.20606  1
101    0
82 8.74645  1
101    0
83 7.24555  1
87    10.8398
84 12.3446  1
93    12.2776
85 8.99548  1
88    8.27409
86 8.05887  1
93    12.3185
87 5.00031  1
101    0
88 5.01251  1
101    0
89 5.05249  1
101    0
90 5.18311  1
101    0
91 5.60945  1
101    0
92 7.00171  1
101    0
93 11.5484  1
101    0
94 6.39531  1
101    0
95 9.56801  1
101    0
96 9.92843  1
101    0
97 11.1055  1
101    0
98 14.9493  1
101    0
99 7.50099  1
101    0
100 13.179  1
101    0
101 0  0
