89
0 11.3506  8
1    12.2851
2    12.2657
3    12.2022
4    11.9947
5    11.3172
6    9.10486
7    7.8804
8    9.88198
1 5.74953  2
22    12.4855
23    11.27
2 7.45918  3
23    8.23582
24    10.9536
35    7.80917
3 13.0422  3
9    10.4181
23    8.52293
63    10.9166
4 11.2737  2
23    8.9505
34    9.02997
5 5.49837  10
13    7.95071
14    10.1116
15    11.168
16    8.61742
17    12.2888
18    12.2776
19    12.2412
20    12.1222
21    12.3185
22    8.51067
6 6.63915  3
22    11.139
23    11.0427
76    12.8509
7 10.3645  5
21    11.7334
22    8.33799
27    10.8104
34    9.75948
64    9.39729
8 12.5295  5
10    12.169
11    11.8865
12    10.9638
34    11.5177
64    8.83532
9 9.59914  2
22    11.9402
35    9.08307
10 10.0301  3
21    8.67766
34    7.61946
76    12.2851
11 11.4373  4
21    7.15455
22    11.3764
35    8.62694
82    7.8804
12 6.03244  3
22    12.9198
23    11.9803
80    11.3172
13 8.38328  4
36    12.3199
37    12.3793
38    12.573
39    7.20545
14 6.0596  1
21    7.51161
15 8.47179  1
21    12.3745
16 6.34861  3
21    10.4639
34    10.8624
76    8.11313
17 9.41572  1
88    0
18 9.43129  2
35    9.68917
76    10.6421
19 9.48195  4
21    12.5574
24    8.20853
63    9.60805
64    7.00751
20 9.64736  1
23    7.37629
21 10.1875  2
22    9.29786
27    7.44972
22 11.9515  2
35    11.1709
76    12.9002
23 7.71157  7
28    8.47551
29    11.8253
30    10.7642
31    7.29902
32    7.98349
33    10.2187
34    10.018
24 13.8665  2
25    7.9172
26    10.0021
25 13.9654  1
34    7.63576
26 14.2883  1
76    8.27409
27 5.34242  1
79    11.9947
28 6.1298  2
35    9.65877
63    8.48979
29 8.70098  1
88    0
30 7.09723  1
35    9.78841
31 11.8603  2
35    10.1125
64    8.20103
32 7.41371  1
35    9.64943
33 12.8939  1
88    0
34 10.7894  8
40    7.67788
41    9.22059
42    8.25834
43    11.1162
44    8.44823
45    11.7364
46    10.4736
47    12.3501
35 13.9169  2
73    11.0321
76    7.54585
36 14.1299  1
88    0
37 14.8254  1
63    7.79653
38 7.09632  5
48    12.478
49    12.8953
50    8.25779
51    11.1143
52    8.44218
39 11.8572  1
88    0
40 7.40364  1
63    8.34733
41 12.861  2
74    8.17374
75    10.8398
42 10.6816  10
53    11.7166
54    10.409
55    12.139
56    11.7885
57    10.6439
58    12.9062
59    8.29368
60    11.2315
61    8.82488
62    12.9663
43 13.565  1
88    0
44 12.9809  1
88    0
45 11.0732  1
88    0
46 14.8437  2
63    11.872
76    8.78954
47 7.15613  1
88    0
48 12.0525  1
63    9.24787
49 8.04147  1
88    0
50 14.9438  1
64    7.00018
51 7.48299  1
88    0
52 13.1201  1
64    7.0315
53 11.5276  1
76    11.1676
54 6.32756  1
88    0
55 9.34675  1
64    7.10987
56 9.20606  6
65    10.929
66    7.83718
67    9.74081
68    9.95706
69    10.6633
70    12.9696
57 8.74645  1
88    0
58 7.24555  1
64    11.4068
59 12.3446  1
81    9.10486
60 8.99548  1
64    7.36567
61 8.05887  1
88    0
62 5.00031  1
63    9.52364
63 5.01251  1
88    0
64 5.05249  1
88    0
65 5.18311  2
71    8.5006
72    11.9074
66 5.60945  1
88    0
67 7.00171  1
88    0
68 11.5484  1
88    0
69 6.39531  1
88    0
70 9.56801  1
88    0
71 9.92843  1
88    0
72 11.1055  1
88    0
73 14.9493  1
88    0
74 7.50099  1
88    0
75 13.179  1
76    8.61632
76 11.7202  2
77    12.2657
78    12.2022
77 6.95624  1
88    0
78 11.3997  1
88    0
79 5.90976  5
83    9.88198
84    10.4181
85    12.169
86    11.8865
87    10.9638
80 7.98257  1
88    0
81 14.7516  1
88    0
82 6.85522  1
88    0
83 11.0701  1
88    0
84 14.8337  1
88    0
85 7.12348  1
88    0
86 11.946  1
88    0
87 7.69387  1
88    0
88 0  0
