87
0 11.4373  10
1    60.8452
2    59.4325
3    54.819
4    39.7536
5    50.558
6    55.8399
7    43.0871
8    61.444
9    61.3881
10    61.5923
1 6.03244  1
10    61.2059
2 8.38328  2
21    59.7008
66    35.0009
3 6.0596  5
10    60.6108
11    62.7871
21    55.6952
42    50.5626
66    36.8284
4 8.47179  3
10    52.3196
11    61.8725
21    44.7525
5 6.34861  2
45    55.5808
65    57.0338
6 9.41572  1
66    49.7853
7 9.43129  2
46    52.3681
47    61.7507
8 9.48195  1
10    58.6671
9 9.64736  8
12    35.7727
13    37.5581
14    43.3883
15    62.4273
16    64.599
17    41.69
18    56.8818
45    58.6818
10 10.1875  3
19    46.4893
20    42.5533
42    48.2472
11 11.9515  1
86    0
12 7.71157  2
21    42.6147
66    41.0051
13 13.8665  1
58    41.4684
14 13.9654  1
21    36.8815
15 14.2883  2
21    56.3498
45    41.2917
16 5.34242  2
21    59.9013
66    54.6451
17 6.1298  10
22    41.1791
23    55.2136
24    41.0427
25    54.7678
26    39.586
27    50.0105
28    54.0518
29    37.2486
30    42.3775
66    35.1575
18 8.70098  1
42    45.4154
19 7.09723  1
65    47.6182
20 11.8603  1
86    0
21 7.41371  10
32    53.8211
33    36.4951
34    39.9174
35    51.0936
36    57.5886
37    48.7974
38    50.0902
39    54.3118
40    38.0973
42    39.0458
22 12.8939  1
45    46.1029
23 10.7894  1
41    45.1498
24 13.9169  2
41    38.1788
65    44.1766
25 14.1299  1
58    64.5312
26 14.8254  1
45    61.5996
27 7.09632  2
45    38.3894
66    39.1859
28 11.8572  1
86    0
29 7.40364  2
31    59.1267
45    42.2411
30 12.861  1
42    48.9421
31 10.6816  3
42    48.2939
45    62.8649
66    35.0375
32 13.565  7
59    44.1244
60    64.8315
61    42.449
62    59.3602
63    54.5828
64    38.9827
76    64.2547
33 12.9809  1
86    0
34 11.0732  2
45    36.0273
65    41.7367
35 14.8437  1
86    0
36 7.15613  1
42    48.4458
37 12.0525  1
86    0
38 8.04147  1
86    0
39 14.9438  3
48    62.3898
49    64.4763
50    41.2889
40 7.48299  1
86    0
41 13.1201  7
51    55.5716
52    42.2109
53    58.5829
54    52.0449
55    60.6951
56    58.9427
57    53.2196
42 11.5276  2
43    55.8545
44    43.1347
43 6.32756  1
86    0
44 9.34675  3
45    61.8963
65    46.9865
76    64.501
45 9.20606  1
86    0
46 8.74645  1
86    0
47 7.24555  9
67    53.3166
68    64.848
69    42.503
70    59.5369
71    55.1605
72    40.8687
73    54.1992
74    37.7293
75    43.9477
48 12.3446  1
86    0
49 8.99548  1
86    0
50 8.05887  1
76    53.2104
51 5.00031  1
58    56.1576
52 5.01251  1
65    46.2394
53 5.05249  1
86    0
54 5.18311  1
86    0
55 5.60945  1
66    35.5493
56 7.00171  1
86    0
57 11.5484  2
65    48.0403
66    48.704
58 6.39531  1
86    0
59 9.56801  1
86    0
60 9.92843  1
86    0
61 11.1055  1
86    0
62 14.9493  1
86    0
63 7.50099  1
76    40.5657
64 13.179  1
86    0
65 11.7202  1
86    0
66 6.95624  9
77    41.3704
78    55.838
79    43.0816
80    61.4257
81    61.3286
82    61.0109
83    59.9736
84    56.586
85    45.5243
67 11.3997  1
86    0
68 5.90976  1
86    0
69 7.98257  1
86    0
70 14.7516  1
86    0
71 6.85522  1
86    0
72 11.0701  1
86    0
73 14.8337  1
86    0
74 7.12348  1
86    0
75 11.946  1
86    0
76 7.69387  1
86    0
77 13.8086  1
86    0
78 13.7762  1
86    0
79 13.6703  1
86    0
80 13.3245  1
86    0
81 12.1953  1
86    0
82 8.5081  1
86    0
83 6.46733  1
86    0
84 9.80331  1
86    0
85 10.6969  1
86    0
86 0  0
