123
0 10.7894  4
1    5.05626
12    5.55716
36    5.41992
62    5.52136
1 13.9169  5
2    5.58545
3    4.31347
12    5.23681
13    6.45312
36    4.05657
2 14.1299  4
12    6.17507
13    6.06951
35    6.4848
62    3.68815
3 14.8254  10
4    6.15996
5    6.18963
6    6.28649
7    3.60273
8    3.83894
9    4.61029
10    4.12917
11    5.55808
12    5.85829
35    5.51605
4 7.09632  3
13    6.48315
50    6.1444
64    3.9586
5 11.8572  2
12    6.44763
13    4.14684
6 7.40364  4
12    4.22109
13    5.61576
49    5.58399
50    6.06108
7 12.861  2
12    5.86818
13    4.2449
8 10.6816  2
12    6.23898
13    4.41244
9 13.565  5
12    4.12889
13    5.32196
49    5.4819
64    5.00105
90    5.45828
10 12.9809  3
12    4.22411
13    5.20449
64    5.91267
11 11.0732  10
14    5.93602
15    5.45828
16    3.89827
17    4.80403
18    4.76182
19    4.62394
20    4.17367
21    5.70338
22    4.69865
23    4.41766
12 14.8437  2
13    5.89427
84    3.60273
13 7.15613  1
50    6.18725
14 12.0525  4
50    5.23196
53    6.24273
91    4.80403
111    5.41992
15 8.04147  4
35    4.2503
49    6.08452
84    4.12917
87    4.14684
16 14.9438  2
25    3.50375
111    3.77293
17 7.48299  1
122    0
18 13.1201  2
36    6.4501
83    4.31347
19 11.5276  1
36    5.32104
20 6.32756  1
50    5.86671
21 9.34675  1
102    4.10051
22 9.20606  2
24    3.50009
36    3.77293
23 8.74645  1
122    0
24 7.24555  10
26    3.51575
27    3.55493
28    3.68284
29    4.10051
30    5.46451
31    3.91859
32    4.8704
33    4.97853
34    5.33166
49    4.30871
25 12.3446  9
42    6.10109
43    5.99736
44    5.6586
45    4.55243
46    3.9402
47    4.94099
48    5.20907
50    3.57727
63    4.10427
26 8.99548  1
49    5.0558
27 8.05887  1
50    6.15923
28 5.00031  2
35    5.95369
83    5.58545
29 5.01251  8
54    4.169
55    5.68818
56    4.64893
57    4.25533
58    5.97008
59    5.56952
60    4.26147
61    5.99013
30 5.05249  2
36    4.39477
50    6.27871
31 5.18311  3
36    6.42547
50    6.12059
64    4.23775
32 5.60945  6
37    4.13704
38    5.5838
39    4.30816
40    6.14257
41    6.13286
85    6.23898
33 7.00171  2
35    4.08687
89    5.93602
34 11.5484  1
122    0
35 6.39531  2
87    6.45312
89    4.41244
36 9.56801  1
64    3.72486
37 9.92843  4
51    3.75581
52    4.33883
85    5.23681
90    3.89827
38 11.1055  1
122    0
39 14.9493  1
122    0
40 7.50099  1
89    6.48315
41 13.179  1
103    3.91859
42 11.7202  1
122    0
43 6.95624  2
62    5.63498
63    5.47678
44 11.3997  2
86    6.06951
103    5.46451
45 5.90976  1
122    0
46 7.98257  1
49    3.97536
47 14.7516  1
49    5.94325
48 6.85522  1
122    0
49 11.0701  3
50    6.13881
64    5.40518
83    6.28649
50 14.8337  1
86    6.44763
51 7.12348  1
53    6.4599
52 11.946  1
85    4.22411
53 7.69387  1
122    0
54 13.8086  1
62    4.11791
55 13.7762  1
62    4.47525
56 13.6703  1
122    0
57 13.3245  6
65    5.38211
66    3.64951
67    3.99174
68    5.10936
69    5.75886
84    5.55808
58 12.1953  1
88    5.61576
59 8.5081  1
87    5.32196
60 6.46733  2
84    4.61029
86    5.85829
61 9.80331  10
70    4.87974
71    5.00902
72    5.43118
73    3.80973
74    4.51498
75    3.81788
76    4.54154
77    3.90458
78    4.82472
79    4.82939
62 10.6969  1
86    5.55716
63 13.6151  1
122    0
64 13.1442  2
83    6.15996
86    4.12889
65 11.6063  2
103    4.8704
111    4.39477
66 6.58452  1
122    0
67 10.186  4
80    4.84458
81    4.89421
82    5.05626
86    5.89427
68 11.9466  1
84    3.83894
69 7.6957  1
122    0
70 13.8147  1
122    0
71 13.796  5
112    4.05657
113    5.32104
114    6.4501
115    4.13704
116    5.5838
72 13.7353  1
122    0
73 13.5369  1
122    0
74 12.889  1
122    0
75 10.7732  1
86    4.22109
76 13.8641  1
122    0
77 13.9575  2
85    5.86818
89    4.2449
78 14.2624  2
83    6.18963
91    4.76182
79 5.25758  1
122    0
80 5.85269  1
122    0
81 7.79611  8
94    5.70338
95    4.69865
96    4.41766
97    3.50009
98    3.50375
99    3.51575
100    3.55493
101    3.68284
82 14.1424  1
122    0
83 14.8663  2
85    6.17507
86    5.20449
84 7.22999  1
122    0
85 12.2939  5
117    4.30816
118    6.14257
119    6.13286
120    6.10109
121    5.99736
86 8.82977  2
92    4.62394
93    4.17367
87 7.51778  1
122    0
88 13.2336  1
122    0
89 11.8984  1
122    0
90 7.53822  1
122    0
91 13.3004  1
122    0
92 12.1166  1
122    0
93 8.25083  7
104    4.97853
105    5.33166
106    6.4848
107    4.2503
108    5.95369
109    5.51605
110    4.08687
94 5.62716  1
122    0
95 7.05969  1
122    0
96 11.7379  1
122    0
97 7.01422  1
122    0
98 11.5893  1
122    0
99 6.52867  1
122    0
100 10.0035  1
122    0
101 11.3506  1
122    0
102 5.74953  1
122    0
103 7.45918  1
122    0
104 13.0422  1
122    0
105 11.2737  1
122    0
106 5.49837  1
122    0
107 6.63915  1
111    6.42547
108 10.3645  1
122    0
109 12.5295  1
122    0
110 9.59914  1
122    0
111 10.0301  1
122    0
112 11.4373  1
122    0
113 6.03244  1
122    0
114 8.38328  1
122    0
115 6.0596  1
122    0
116 8.47179  1
122    0
117 6.34861  1
122    0
118 9.41572  1
122    0
119 9.43129  1
122    0
120 9.48195  1
122    0
121 9.64736  1
122    0
122 0  0
