94
0 7.53822  10
1    40.5657
2    53.2104
3    64.501
4    41.3704
5    55.838
6    61.4257
7    45.5243
28    56.3498
58    54.5828
59    35.0375
1 13.3004  4
6    61.3286
7    56.586
8    59.4325
60    54.6451
2 12.1166  1
58    42.449
3 8.25083  3
7    59.9736
8    49.4099
28    59.9013
4 5.62716  3
8    54.819
59    47.6182
82    60.8452
5 7.05969  4
6    43.0816
8    60.8452
16    58.6671
85    61.8725
6 11.7379  7
7    61.0109
8    52.0907
28    42.5533
49    48.2939
50    61.5996
58    38.9827
82    59.9736
7 7.01422  1
8    39.402
8 11.5893  8
9    39.7536
10    50.558
11    55.8399
12    43.0871
13    61.444
14    61.3881
15    61.2059
57    52.0449
9 6.52867  9
20    62.7871
21    35.7727
22    37.5581
23    43.3883
24    62.4273
25    64.599
28    55.6952
56    42.2411
83    39.7536
10 10.0035  2
16    60.6108
50    62.8649
11 11.3506  1
28    46.4893
12 5.74953  1
28    42.6147
13 7.45918  1
49    38.1788
14 13.0422  1
77    55.838
15 11.2737  3
17    52.3196
18    61.5923
19    61.8725
16 5.49837  1
93    0
17 6.63915  3
26    41.69
27    56.8818
50    50.5626
18 10.3645  1
93    0
19 12.5295  10
29    36.8815
30    41.1791
31    55.2136
32    41.0427
33    54.7678
34    39.586
35    50.0105
36    54.0518
37    37.2486
38    42.3775
20 9.59914  3
56    64.4763
59    46.2394
83    43.0871
21 10.0301  4
28    59.7008
56    41.2889
57    53.2196
84    52.3196
22 11.4373  3
49    45.4154
56    62.3898
60    35.5493
23 6.03244  1
93    0
24 8.38328  2
50    48.9421
57    64.5312
25 6.0596  1
28    44.7525
26 8.47179  10
39    59.1267
40    53.8211
41    36.4951
42    39.9174
43    51.0936
44    57.5886
45    48.7974
46    50.0902
47    54.3118
48    38.0973
27 6.34861  1
91    55.6952
28 9.41572  2
56    58.5829
60    39.1859
29 9.43129  1
58    44.1244
30 9.48195  3
74    53.2104
75    64.501
76    41.3704
31 9.64736  1
58    41.4684
32 10.1875  2
56    58.6818
59    41.7367
33 11.9515  2
60    41.0051
82    45.5243
34 7.71157  1
56    52.3681
35 13.8665  2
56    61.7507
59    46.9865
36 13.9654  5
51    36.0273
52    38.3894
53    46.1029
54    41.2917
55    55.5808
37 14.2883  4
50    61.8963
59    57.0338
60    36.8284
82    59.4325
38 5.34242  3
57    58.9427
58    59.3602
59    44.1766
39 6.1298  1
83    55.8399
40 8.70098  1
93    0
41 7.09723  4
50    43.1347
56    42.2109
58    56.1576
91    41.69
42 11.8603  9
61    48.704
62    49.7853
63    53.3166
64    64.848
65    42.503
66    59.5369
67    55.1605
68    40.8687
69    54.1992
43 7.41371  3
49    48.2472
83    50.558
91    42.6147
44 12.8939  2
49    48.4458
91    46.4893
45 10.7894  1
91    59.7008
46 13.9169  2
84    58.6671
91    42.5533
47 14.1299  1
49    39.0458
48 14.8254  4
49    45.1498
50    55.8545
59    35.1575
82    52.0907
49 7.09632  2
56    55.5716
58    64.8315
50 11.8572  1
92    44.7525
51 7.40364  1
93    0
52 12.861  1
91    56.3498
53 10.6816  1
93    0
54 13.565  2
57    60.6951
83    61.3881
55 12.9809  2
59    48.0403
84    60.6108
56 11.0732  1
85    62.7871
57 14.8437  1
59    35.0009
58 7.15613  1
93    0
59 12.0525  1
93    0
60 8.04147  1
82    49.4099
61 14.9438  1
83    54.819
62 7.48299  4
70    37.7293
71    43.9477
72    64.2547
73    40.5657
63 13.1201  1
93    0
64 11.5276  1
82    56.586
65 6.32756  1
93    0
66 9.34675  1
93    0
67 9.20606  1
93    0
68 8.74645  1
93    0
69 7.24555  1
93    0
70 12.3446  1
93    0
71 8.99548  1
93    0
72 8.05887  1
93    0
73 5.00031  5
78    43.0816
79    61.4257
80    61.3286
81    61.0109
91    59.9013
74 5.01251  1
93    0
75 5.05249  1
93    0
76 5.18311  1
83    61.444
77 5.60945  1
93    0
78 7.00171  1
83    61.2059
79 11.5484  1
93    0
80 6.39531  1
85    61.5923
81 9.56801  1
82    39.402
82 9.92843  5
86    35.7727
87    37.5581
88    43.3883
89    62.4273
90    64.599
83 11.1055  1
93    0
84 14.9493  1
93    0
85 7.50099  1
93    0
86 13.179  1
93    0
87 11.7202  1
93    0
88 6.95624  1
93    0
89 11.3997  1
91    56.8818
90 5.90976  1
93    0
91 7.98257  1
93    0
92 14.7516  1
93    0
93 0  0
