94
0 14.2883  6
1    56.8818
2    46.4893
3    42.5533
4    59.7008
19    43.1347
67    64.501
1 5.34242  6
5    55.6952
6    42.6147
17    51.0936
18    54.3118
19    48.4458
45    44.1766
2 6.1298  2
16    54.0518
18    57.5886
3 8.70098  10
7    59.9013
8    56.3498
9    44.7525
10    36.8815
11    41.1791
12    55.2136
13    41.0427
14    54.7678
15    39.586
16    42.3775
4 7.09723  1
19    48.2472
5 11.8603  4
17    39.9174
18    38.1788
19    48.2939
43    48.0403
6 7.41371  4
16    50.0105
18    50.0902
19    61.8963
68    56.586
7 12.8939  1
19    39.0458
8 10.7894  1
18    45.4154
9 13.9169  3
16    59.1267
19    50.5626
44    41.7367
10 14.1299  2
16    37.2486
19    61.5996
11 14.8254  2
18    48.7974
19    55.8545
12 7.09632  4
20    62.8649
21    36.0273
22    38.3894
23    46.1029
13 11.8572  3
16    53.8211
18    45.1498
19    48.9421
14 7.40364  3
17    36.4951
43    54.5828
67    61.0109
15 12.861  1
43    44.1244
16 10.6816  1
42    56.1576
17 13.565  1
18    38.0973
18 12.9809  1
93    0
19 11.0732  10
46    35.0009
47    35.0375
48    35.1575
49    35.5493
50    36.8284
51    41.0051
52    54.6451
53    39.1859
54    48.704
67    55.838
20 14.8437  9
24    41.2917
25    55.5808
26    42.2411
27    58.6818
28    52.3681
29    61.7507
30    62.3898
31    64.4763
43    64.8315
21 7.15613  1
81    35.7727
22 12.0525  2
44    46.2394
81    61.5923
23 8.04147  1
93    0
24 14.9438  2
43    59.3602
82    41.69
25 7.48299  9
32    41.2889
33    55.5716
34    42.2109
35    58.5829
36    52.0449
37    60.6951
38    58.9427
39    53.2196
40    64.5312
26 13.1201  1
93    0
27 11.5276  1
41    41.4684
28 6.32756  2
43    47.6182
67    61.3286
29 9.34675  2
67    61.4257
68    39.402
30 9.20606  10
83    46.4893
84    42.5533
85    59.7008
86    55.6952
87    42.6147
88    59.9013
89    56.3498
90    44.7525
91    36.8815
92    41.1791
31 8.74645  3
78    61.2059
79    60.6108
80    58.6671
32 7.24555  5
69    60.8452
70    59.4325
71    54.819
72    39.7536
73    50.558
33 12.3446  1
43    38.9827
34 8.99548  1
82    56.8818
35 8.05887  1
93    0
36 5.00031  2
43    42.449
44    57.0338
37 5.01251  3
74    55.8399
75    43.0871
76    61.444
38 5.05249  1
93    0
39 5.18311  3
64    43.9477
65    64.2547
66    40.5657
40 5.60945  2
45    46.9865
81    52.3196
41 7.00171  1
93    0
42 11.5484  1
63    37.7293
43 6.39531  1
81    62.4273
44 9.56801  1
68    45.5243
45 9.92843  1
93    0
46 11.1055  1
93    0
47 14.9493  1
93    0
48 7.50099  1
93    0
49 13.179  1
67    43.0816
50 11.7202  1
81    62.7871
51 6.95624  1
93    0
52 11.3997  1
67    53.2104
53 5.90976  8
55    49.7853
56    53.3166
57    64.848
58    42.503
59    59.5369
60    55.1605
61    40.8687
62    54.1992
54 7.98257  1
93    0
55 14.7516  2
68    49.4099
81    61.8725
56 6.85522  1
93    0
57 11.0701  1
93    0
58 14.8337  1
67    41.3704
59 7.12348  1
93    0
60 11.946  1
93    0
61 7.69387  1
68    52.0907
62 13.8086  2
77    61.3881
81    64.599
63 13.7762  1
93    0
64 13.6703  1
81    43.3883
65 13.3245  1
67    59.9736
66 12.1953  1
93    0
67 8.5081  1
93    0
68 6.46733  1
93    0
69 9.80331  1
93    0
70 10.6969  1
93    0
71 13.6151  1
93    0
72 13.1442  1
93    0
73 11.6063  1
93    0
74 6.58452  1
93    0
75 10.186  1
93    0
76 11.9466  1
93    0
77 7.6957  1
81    37.5581
78 13.8147  1
93    0
79 13.796  1
93    0
80 13.7353  1
93    0
81 13.5369  1
93    0
82 12.889  1
93    0
83 10.7732  1
93    0
84 13.8641  1
93    0
85 13.9575  1
93    0
86 14.2624  1
93    0
87 5.25758  1
93    0
88 5.85269  1
93    0
89 7.79611  1
93    0
90 14.1424  1
93    0
91 14.8663  1
93    0
92 7.22999  1
93    0
93 0  0
