117
0 5.05249  10
1    10.6439
2    12.9062
3    8.29368
4    11.2315
5    8.82488
6    12.9663
7    8.48979
8    11.872
9    10.9166
10    7.79653
1 5.18311  1
95    12.8953
2 5.60945  10
11    9.60805
12    9.52364
13    9.24787
14    8.34733
15    11.4068
16    9.39729
17    8.83532
18    7.00018
19    7.00751
20    7.0315
3 7.00171  1
96    11.1143
4 11.5484  3
40    12.2851
98    9.60805
110    12.2022
5 6.39531  1
46    9.88198
6 9.56801  1
80    10.0021
7 9.92843  5
47    10.9638
48    7.95071
49    10.1116
95    12.3501
109    8.78954
8 11.1055  1
46    10.4181
9 14.9493  2
31    8.17374
40    12.2657
10 7.50099  3
80    7.44972
100    9.39729
111    11.9947
11 13.179  3
113    11.7334
114    10.4639
115    12.3185
12 11.7202  1
40    11.1676
13 6.95624  10
21    7.10987
22    7.36567
23    8.20103
24    10.929
25    7.83718
26    9.74081
27    9.95706
28    10.6633
29    12.9696
30    8.5006
14 11.3997  1
116    0
15 5.90976  4
91    8.62694
94    9.22059
96    8.44218
98    8.48979
16 7.98257  1
95    10.4736
17 14.7516  2
31    11.9074
101    7.0315
18 6.85522  3
46    12.169
91    9.65877
96    10.6439
19 11.0701  1
116    0
20 14.8337  2
96    11.7885
108    11.9074
21 7.12348  1
31    11.0321
22 11.946  1
111    12.169
23 7.69387  2
80    10.8104
112    12.2776
24 13.8086  1
91    9.68917
25 13.7762  7
41    12.2022
42    11.9947
43    11.3172
44    9.10486
45    7.8804
46    11.8865
96    12.139
26 13.6703  8
32    10.8398
33    7.54585
34    8.78954
35    12.8509
36    8.11313
37    10.6421
38    12.9002
39    8.27409
27 13.3245  1
116    0
28 12.1953  1
116    0
29 8.5081  3
80    7.29902
91    10.1125
110    8.61632
30 6.46733  1
116    0
31 9.80331  1
99    9.24787
32 10.6969  1
116    0
33 13.6151  1
116    0
34 13.1442  2
40    8.61632
110    8.27409
35 11.6063  9
72    8.52293
73    11.9803
74    11.27
75    8.9505
76    7.37629
77    8.23582
78    11.0427
79    8.20853
80    10.7642
36 6.58452  9
63    8.67766
64    12.4855
65    12.9198
66    8.33799
67    11.3764
68    9.29786
69    8.51067
70    11.9402
71    11.139
37 10.186  1
116    0
38 11.9466  1
116    0
39 7.6957  8
50    11.168
51    8.61742
52    12.2888
53    12.2776
54    12.2412
80    10.9536
91    12.3793
98    12.9663
40 13.8147  10
81    7.98349
82    10.2187
83    11.5177
84    9.75948
85    10.018
86    10.8624
87    7.61946
88    9.02997
89    7.63576
90    9.08307
41 13.796  1
110    11.1676
42 13.7353  1
95    12.478
43 13.5369  10
55    12.1222
56    11.7334
57    10.4639
58    12.3185
59    12.3745
60    12.5574
61    7.15455
62    7.51161
91    9.64943
111    9.88198
44 12.889  2
80    11.8253
98    9.52364
45 10.7732  2
91    12.3199
110    12.2657
46 13.8641  1
116    0
47 13.9575  8
102    7.36567
103    8.20103
104    10.929
105    7.83718
106    9.74081
107    9.95706
109    10.8398
110    12.9002
48 14.2624  1
98    7.79653
49 5.25758  1
116    0
50 5.85269  3
92    12.573
93    7.20545
110    10.6421
51 7.79611  1
96    12.9062
52 14.1424  2
80    7.9172
108    11.0321
53 14.8663  1
116    0
54 7.22999  2
95    11.1162
112    12.1222
55 12.2939  1
116    0
56 8.82977  1
98    10.9166
57 7.51778  1
108    8.5006
58 13.2336  3
80    8.47551
100    7.00751
101    7.10987
59 11.8984  2
100    8.83532
109    7.54585
60 7.53822  1
116    0
61 13.3004  1
116    0
62 12.1166  3
94    8.25834
108    10.6633
110    8.11313
63 8.25083  1
96    8.25779
64 5.62716  1
116    0
65 7.05969  1
94    7.67788
66 11.7379  1
96    8.29368
67 7.01422  1
111    10.4181
68 11.5893  1
112    12.2412
69 6.52867  1
111    11.3172
70 10.0035  3
110    12.8509
111    10.9638
112    12.2888
71 11.3506  1
116    0
72 5.74953  1
108    8.17374
73 7.45918  1
91    9.78841
74 13.0422  1
116    0
75 11.2737  2
95    11.7364
112    8.61742
76 5.49837  2
91    7.80917
96    11.7166
77 6.63915  1
99    8.34733
78 10.3645  1
96    10.409
79 12.5295  1
116    0
80 9.59914  1
97    11.2315
81 10.0301  2
98    11.872
110    12.2851
82 11.4373  1
116    0
83 6.03244  1
95    8.44823
84 8.38328  1
116    0
85 6.0596  1
116    0
86 8.47179  1
116    0
87 6.34861  2
108    12.9696
112    10.1116
88 9.41572  1
116    0
89 9.43129  1
91    11.1709
90 9.48195  1
116    0
91 9.64736  1
111    11.8865
92 10.1875  1
116    0
93 11.9515  2
97    8.82488
100    11.4068
94 7.71157  1
116    0
95 13.8665  1
116    0
96 13.9654  2
100    7.00018
111    7.8804
97 14.2883  1
116    0
98 5.34242  1
116    0
99 6.1298  1
116    0
100 8.70098  1
112    7.95071
101 7.09723  1
111    9.10486
102 11.8603  1
116    0
103 7.41371  1
116    0
104 12.8939  1
116    0
105 10.7894  1
116    0
106 13.9169  1
112    11.168
107 14.1299  1
116    0
108 14.8254  1
116    0
109 7.09632  1
116    0
110 11.8572  1
116    0
111 7.40364  1
116    0
112 12.861  1
116    0
113 10.6816  1
116    0
114 13.565  1
116    0
115 12.9809  1
116    0
116 0  0
