179
0 14.9493  8
1    62.4273
2    64.599
3    41.69
4    56.8818
5    46.4893
31    39.0458
34    64.4763
56    48.704
1 7.50099  4
21    53.8211
31    48.2939
32    55.8545
34    52.3681
2 13.179  1
162    42.6147
3 11.7202  7
6    42.5533
7    59.7008
8    55.6952
9    42.6147
10    59.9013
11    56.3498
12    44.7525
4 6.95624  6
33    46.1029
66    43.0816
90    54.0518
91    37.2486
114    58.9427
164    41.0427
5 11.3997  4
31    48.9421
34    61.7507
67    49.4099
116    48.0403
6 5.90976  3
32    50.5626
33    61.8963
69    61.444
7 7.98257  1
57    64.848
8 14.7516  2
32    43.1347
34    58.6818
9 6.85522  1
66    56.586
10 11.0701  10
13    36.8815
14    41.1791
15    55.2136
16    41.0427
17    54.7678
18    39.586
19    50.0105
20    54.0518
55    57.0338
76    62.4273
11 14.8337  9
81    59.7008
82    55.6952
83    42.6147
84    59.9013
85    56.3498
86    44.7525
87    36.8815
88    41.1791
89    55.2136
12 7.12348  1
21    36.4951
13 11.946  3
21    59.1267
66    41.3704
117    47.6182
14 7.69387  2
57    59.5369
66    64.501
15 13.8086  7
21    37.2486
34    42.2411
56    49.7853
68    60.8452
90    39.586
91    42.3775
118    35.1575
16 13.7762  3
33    62.8649
91    53.8211
103    61.8963
17 13.6703  10
22    51.0936
23    57.5886
24    48.7974
25    50.0902
26    54.3118
27    38.0973
28    45.1498
29    38.1788
30    45.4154
92    57.5886
18 13.3245  1
33    41.2917
19 12.1953  4
21    39.9174
56    35.5493
57    42.503
115    41.4684
20 8.5081  3
21    42.3775
103    55.8545
115    64.8315
21 6.46733  2
33    61.5996
55    35.0375
22 9.80331  9
58    55.1605
59    40.8687
60    54.1992
61    37.7293
62    43.9477
63    64.2547
64    40.5657
65    53.2104
118    39.1859
23 10.6969  10
35    55.5716
36    42.2109
37    58.5829
38    52.0449
39    60.6951
40    58.9427
41    53.2196
42    64.5312
43    41.4684
44    56.1576
24 13.6151  3
31    48.2472
34    55.5808
69    61.3881
25 13.1442  1
69    59.4325
26 11.6063  3
33    38.3894
115    54.5828
130    43.0816
27 6.58452  2
31    48.4458
164    54.7678
28 10.186  10
45    44.1244
46    64.8315
47    42.449
48    59.3602
49    54.5828
50    38.9827
51    48.0403
52    47.6182
53    46.2394
54    41.7367
29 11.9466  1
33    36.0273
30 7.6957  5
34    41.2889
90    54.7678
103    62.8649
117    57.0338
119    48.704
31 13.8147  1
34    62.3898
32 13.796  6
131    61.0109
132    59.9736
133    56.586
134    45.5243
135    39.402
162    59.7008
33 13.7353  1
114    55.5716
34 13.5369  2
56    54.6451
69    50.558
35 12.889  4
77    41.69
78    56.8818
79    46.4893
117    46.2394
36 10.7732  1
178    0
37 13.8641  4
55    44.1766
56    35.1575
76    35.7727
90    50.0105
38 13.9575  3
55    46.9865
66    59.9736
119    53.3166
39 14.2624  1
117    35.0009
40 5.25758  9
96    38.1788
97    45.4154
98    39.0458
99    48.2472
100    48.2939
101    48.4458
102    48.9421
103    50.5626
115    56.1576
41 5.85269  1
56    36.8284
42 7.79611  2
67    39.402
80    42.5533
43 14.1424  1
69    61.2059
44 14.8663  2
67    52.0907
117    41.7367
45 7.22999  2
66    61.0109
115    53.2196
46 12.2939  9
70    60.6108
71    58.6671
72    52.3196
73    61.5923
74    61.8725
75    62.7871
93    50.0902
103    36.0273
117    46.9865
47 8.82977  1
69    39.7536
48 7.51778  1
66    61.3286
49 13.2336  1
56    53.3166
50 11.8984  2
69    55.8399
163    56.3498
51 7.53822  2
114    52.0449
161    46.4893
52 13.3004  2
55    35.0009
93    54.3118
53 12.1166  1
56    41.0051
54 8.25083  1
69    43.0871
55 5.62716  3
56    39.1859
92    48.7974
119    49.7853
56 7.05969  1
103    43.1347
57 11.7379  1
178    0
58 7.01422  2
69    54.819
118    54.6451
59 11.5893  1
117    44.1766
60 6.52867  1
178    0
61 10.0035  1
163    44.7525
62 11.3506  2
90    41.0427
92    39.9174
63 5.74953  2
66    61.4257
76    43.3883
64 7.45918  1
76    37.5581
65 13.0422  2
66    55.838
67    45.5243
66 11.2737  1
92    51.0936
67 5.49837  2
115    59.3602
116    38.9827
68 6.63915  1
91    59.1267
69 10.3645  1
115    44.1244
70 12.5295  1
178    0
71 9.59914  7
146    61.3881
147    61.2059
148    60.6108
149    58.6671
150    52.3196
151    61.5923
152    61.8725
72 10.0301  1
76    64.599
73 11.4373  1
130    55.838
74 6.03244  1
178    0
75 8.38328  1
178    0
76 6.0596  2
94    38.0973
95    45.1498
77 8.47179  1
178    0
78 6.34861  1
178    0
79 9.41572  2
91    36.4951
103    61.5996
80 9.43129  1
178    0
81 9.48195  1
178    0
82 9.64736  1
178    0
83 10.1875  1
178    0
84 11.9515  10
104    38.3894
105    46.1029
106    41.2917
107    55.5808
108    42.2411
109    58.6818
110    52.3681
111    61.7507
112    62.3898
113    64.4763
85 7.71157  10
136    49.4099
137    52.0907
138    60.8452
139    59.4325
140    54.819
141    39.7536
142    50.558
143    55.8399
144    43.0871
145    61.444
86 13.8665  1
130    61.4257
87 13.9654  1
178    0
88 14.2883  1
118    35.5493
89 5.34242  1
178    0
90 6.1298  1
115    42.449
91 8.70098  1
178    0
92 7.09723  10
120    64.848
121    42.503
122    59.5369
123    55.1605
124    40.8687
125    54.1992
126    37.7293
127    43.9477
128    64.2547
129    40.5657
93 11.8603  1
178    0
94 7.41371  2
114    58.5829
115    64.5312
95 12.8939  1
178    0
96 10.7894  2
130    53.2104
160    56.8818
97 13.9169  2
118    41.0051
163    41.1791
98 14.1299  1
114    60.6951
99 14.8254  1
178    0
100 7.09632  1
178    0
101 11.8572  1
178    0
102 7.40364  2
114    41.2889
130    61.3286
103 12.861  1
178    0
104 10.6816  1
114    42.2109
105 13.565  1
178    0
106 12.9809  1
178    0
107 11.0732  1
162    42.5533
108 14.8437  1
118    36.8284
109 7.15613  1
178    0
110 12.0525  1
118    35.0375
111 8.04147  1
130    64.501
112 14.9438  1
178    0
113 7.48299  1
178    0
114 13.1201  1
178    0
115 11.5276  1
164    55.2136
116 6.32756  1
178    0
117 9.34675  1
178    0
118 9.20606  1
178    0
119 8.74645  1
178    0
120 7.24555  1
178    0
121 12.3446  1
162    59.9013
122 8.99548  1
178    0
123 8.05887  1
130    41.3704
124 5.00031  1
178    0
125 5.01251  1
178    0
126 5.05249  1
178    0
127 5.18311  1
178    0
128 5.60945  1
178    0
129 7.00171  1
178    0
130 11.5484  7
153    62.7871
154    35.7727
155    37.5581
156    43.3883
157    62.4273
158    64.599
159    41.69
131 6.39531  1
178    0
132 9.56801  1
178    0
133 9.92843  1
178    0
134 11.1055  1
178    0
135 14.9493  1
178    0
136 7.50099  1
178    0
137 13.179  1
178    0
138 11.7202  1
178    0
139 6.95624  1
178    0
140 11.3997  1
178    0
141 5.90976  1
178    0
142 7.98257  1
178    0
143 14.7516  1
162    55.6952
144 6.85522  1
178    0
145 11.0701  1
178    0
146 14.8337  1
178    0
147 7.12348  1
163    36.8815
148 11.946  1
178    0
149 7.69387  1
178    0
150 13.8086  1
178    0
151 13.7762  1
178    0
152 13.6703  1
178    0
153 13.3245  1
178    0
154 12.1953  1
178    0
155 8.5081  1
178    0
156 6.46733  1
178    0
157 9.80331  1
178    0
158 10.6969  1
178    0
159 13.6151  1
178    0
160 13.1442  1
178    0
161 11.6063  1
178    0
162 6.58452  1
178    0
163 10.186  1
178    0
164 11.9466  4
165    39.586
166    50.0105
167    54.0518
168    37.2486
165 7.6957  1
178    0
166 13.8147  9
169    42.3775
170    59.1267
171    53.8211
172    36.4951
173    39.9174
174    51.0936
175    57.5886
176    48.7974
177    50.0902
167 13.796  1
178    0
168 13.7353  1
178    0
169 13.5369  1
178    0
170 12.889  1
178    0
171 10.7732  1
178    0
172 13.8641  1
178    0
173 13.9575  1
178    0
174 14.2624  1
178    0
175 5.25758  1
178    0
176 5.85269  1
178    0
177 7.79611  1
178    0
178 0  0
