108
0 9.20606  8
1    3.83894
2    4.61029
3    4.12917
4    5.55808
5    4.22411
6    6.17507
7    5.55716
28    4.8704
1 8.74645  2
6    5.86818
7    4.22109
2 7.24555  1
28    4.10051
3 12.3446  2
6    5.23681
8    5.85829
4 8.99548  1
6    6.44763
5 8.05887  2
6    6.23898
8    5.20449
6 5.00031  2
7    4.12889
88    3.90458
7 5.01251  9
11    5.32196
12    6.45312
13    4.14684
14    5.61576
15    4.41244
16    6.48315
17    4.2449
18    5.93602
19    5.45828
8 5.05249  4
9    6.06951
10    5.89427
28    3.55493
88    4.54154
9 5.18311  2
50    3.9402
88    3.80973
10 5.60945  1
107    0
11 7.00171  1
73    4.47525
12 11.5484  1
28    3.68284
13 6.39531  1
50    5.4819
14 9.56801  1
107    0
15 9.92843  1
28    5.46451
16 11.1055  1
39    4.05657
17 14.9493  1
28    3.50009
18 7.50099  8
20    3.89827
21    4.80403
22    4.76182
23    4.62394
24    4.17367
25    5.70338
26    4.69865
27    4.41766
19 13.179  10
29    5.33166
30    6.4848
31    4.2503
32    5.95369
33    5.51605
34    4.08687
35    5.41992
36    3.77293
37    4.39477
38    6.42547
20 11.7202  1
73    5.97008
21 6.95624  2
28    3.50375
87    5.75886
22 11.3997  2
28    3.51575
50    5.20907
23 5.90976  1
50    4.55243
24 7.98257  2
28    3.91859
88    3.81788
25 14.7516  7
55    6.1444
56    6.13881
57    6.12059
58    6.06108
59    5.86671
60    5.23196
61    6.15923
26 6.85522  1
107    0
27 11.0701  1
28    4.97853
28 14.8337  1
107    0
29 7.12348  1
107    0
30 11.946  1
107    0
31 7.69387  1
107    0
32 13.8086  9
62    6.18725
63    6.27871
64    3.57727
65    3.75581
66    4.33883
67    6.24273
68    6.4599
69    4.169
70    5.68818
33 13.7762  1
88    4.82939
34 13.6703  1
50    5.94325
35 13.3245  10
40    5.32104
41    6.4501
42    4.13704
43    5.5838
44    4.30816
45    6.14257
46    6.13286
47    6.10109
48    5.99736
49    5.6586
36 12.1953  1
107    0
37 8.5081  1
87    5.00902
38 6.46733  1
107    0
39 9.80331  1
50    6.08452
40 10.6969  1
107    0
41 13.6151  1
88    4.89421
42 13.1442  4
51    3.97536
52    5.0558
53    5.58399
54    4.30871
43 11.6063  1
50    4.94099
44 6.58452  1
107    0
45 10.186  1
107    0
46 11.9466  1
107    0
47 7.6957  1
107    0
48 13.8147  1
73    5.63498
49 13.796  2
73    5.99013
88    4.84458
50 13.7353  1
107    0
51 13.5369  1
107    0
52 12.889  7
90    5.58545
91    4.31347
92    6.15996
93    6.18963
94    6.28649
95    3.60273
96    3.83894
53 10.7732  1
107    0
54 13.8641  1
107    0
55 13.9575  1
107    0
56 14.2624  1
107    0
57 5.25758  1
107    0
58 5.85269  1
107    0
59 7.79611  2
73    4.26147
88    5.43118
60 14.1424  1
107    0
61 14.8663  3
74    3.68815
75    4.11791
88    4.82472
62 7.22999  1
87    4.87974
63 12.2939  1
89    5.05626
64 8.82977  10
76    5.52136
77    4.10427
78    5.47678
79    3.9586
80    5.00105
81    5.40518
82    3.72486
83    4.23775
84    5.91267
85    5.38211
65 7.51778  3
71    4.64893
72    4.25533
87    3.99174
66 13.2336  1
73    5.56952
67 11.8984  1
107    0
68 7.53822  1
107    0
69 13.3004  1
107    0
70 12.1166  1
107    0
71 8.25083  1
107    0
72 5.62716  1
87    5.10936
73 7.05969  1
107    0
74 11.7379  10
97    4.61029
98    4.12917
99    5.55808
100    4.22411
101    5.86818
102    5.23681
103    6.17507
104    6.23898
105    6.44763
106    4.12889
75 7.01422  1
107    0
76 11.5893  1
86    3.64951
77 6.52867  1
107    0
78 10.0035  1
107    0
79 11.3506  1
107    0
80 5.74953  1
107    0
81 7.45918  1
88    4.51498
82 13.0422  1
107    0
83 11.2737  1
107    0
84 5.49837  1
107    0
85 6.63915  1
107    0
86 10.3645  1
107    0
87 12.5295  1
107    0
88 9.59914  1
107    0
89 10.0301  1
107    0
90 11.4373  1
107    0
91 6.03244  1
107    0
92 8.38328  1
107    0
93 6.0596  1
107    0
94 8.47179  1
107    0
95 6.34861  1
107    0
96 9.41572  1
107    0
97 9.43129  1
107    0
98 9.48195  1
107    0
99 9.64736  1
107    0
100 10.1875  1
107    0
101 11.9515  1
107    0
102 7.71157  1
107    0
103 13.8665  1
107    0
104 13.9654  1
107    0
105 14.2883  1
107    0
106 5.34242  1
107    0
107 0  0
