175
0 13.179  10
1    37.5581
2    43.3883
3    62.4273
4    64.599
5    41.69
6    56.8818
7    46.4893
17    54.0518
18    51.0936
41    52.0449
1 11.7202  1
174    0
2 6.95624  2
18    39.9174
129    45.4154
3 11.3997  2
17    59.1267
30    62.8649
4 5.90976  10
8    42.5533
9    59.7008
10    55.6952
11    42.6147
12    59.9013
13    56.3498
14    44.7525
15    36.8815
16    41.1791
45    44.1244
5 7.98257  3
17    50.0105
129    48.9421
149    48.704
6 14.7516  2
17    54.7678
63    55.1605
7 6.85522  1
17    55.2136
8 11.0701  3
18    50.0902
30    38.3894
149    41.0051
9 14.8337  4
17    37.2486
18    53.8211
44    64.5312
129    48.2939
10 7.12348  2
17    42.3775
18    48.7974
11 11.946  3
18    38.0973
30    61.8963
145    46.9865
12 7.69387  3
17    41.0427
18    36.4951
30    61.5996
13 13.8086  4
17    39.586
18    54.3118
30    36.0273
63    59.5369
14 13.7762  8
34    52.3681
35    61.7507
36    62.3898
37    64.4763
38    41.2889
39    55.5716
40    42.2109
129    39.0458
15 13.6703  1
174    0
16 13.3245  1
18    57.5886
17 12.1953  3
19    45.1498
20    38.1788
149    59.5369
18 8.5081  1
33    58.6818
19 6.46733  9
21    45.4154
22    39.0458
23    48.2472
24    48.2939
25    48.4458
26    48.9421
27    50.5626
28    55.8545
29    43.1347
20 9.80331  2
44    41.4684
62    49.7853
21 10.6969  1
174    0
22 13.6151  3
31    46.1029
32    41.2917
149    54.6451
23 13.1442  7
64    54.1992
65    37.7293
66    43.9477
67    64.2547
68    40.5657
69    53.2104
70    64.501
24 11.6063  7
54    46.9865
55    44.1766
56    35.0009
57    35.0375
58    35.1575
59    35.5493
60    36.8284
25 6.58452  3
33    42.2411
45    56.1576
132    52.3681
26 10.186  1
45    42.449
27 11.9466  2
33    55.5808
145    46.2394
28 7.6957  3
62    53.3166
99    62.4273
132    64.4763
29 13.8147  5
137    52.0449
138    60.6951
139    58.9427
140    53.2196
141    64.5312
30 13.796  1
174    0
31 13.7353  4
41    58.5829
42    60.6951
99    56.8818
132    42.2411
32 13.5369  1
174    0
33 12.889  8
46    59.3602
47    54.5828
48    38.9827
49    48.0403
50    47.6182
51    46.2394
52    41.7367
53    57.0338
34 10.7732  2
42    58.9427
145    48.0403
35 13.8641  1
174    0
36 13.9575  1
99    64.599
37 14.2624  9
115    37.2486
116    42.3775
117    59.1267
118    53.8211
119    36.4951
120    39.9174
121    51.0936
122    57.5886
123    48.7974
38 5.25758  3
43    53.2196
62    39.1859
130    55.8545
39 5.85269  1
174    0
40 7.79611  2
45    64.8315
130    38.3894
41 14.1424  1
63    40.8687
42 14.8663  1
174    0
43 7.22999  1
144    44.1244
44 12.2939  1
174    0
45 8.82977  1
149    42.503
46 7.51778  1
174    0
47 13.2336  3
61    41.0051
62    54.6451
150    40.8687
48 11.8984  1
99    37.5581
49 7.53822  1
174    0
50 13.3004  1
129    48.4458
51 12.1166  1
144    42.449
52 8.25083  2
62    48.704
132    61.7507
53 5.62716  2
63    64.848
130    36.0273
54 7.05969  1
145    44.1766
55 11.7379  1
174    0
56 7.01422  1
174    0
57 11.5893  10
100    42.5533
101    59.7008
102    55.6952
103    42.6147
104    59.9013
105    56.3498
106    44.7525
107    36.8815
108    41.1791
109    55.2136
58 6.52867  10
71    41.3704
72    55.838
73    43.0816
74    61.4257
75    61.3286
76    61.0109
77    59.9736
78    56.586
79    45.5243
80    39.402
59 10.0035  1
63    42.503
60 11.3506  1
174    0
61 5.74953  1
174    0
62 7.45918  1
148    35.5493
63 13.0422  1
174    0
64 11.2737  6
158    55.838
159    43.0816
160    61.4257
161    61.3286
162    61.0109
163    59.9736
65 5.49837  7
81    49.4099
82    52.0907
83    60.8452
84    59.4325
85    54.819
86    39.7536
87    50.558
66 6.63915  1
149    49.7853
67 10.3645  3
96    61.5923
97    61.8725
98    62.7871
68 12.5295  3
142    41.4684
143    56.1576
144    64.8315
69 9.59914  1
174    0
70 10.0301  8
88    55.8399
89    43.0871
90    61.444
91    61.3881
92    61.2059
93    60.6108
94    58.6671
95    52.3196
71 11.4373  1
174    0
72 6.03244  1
174    0
73 8.38328  1
151    37.7293
74 6.0596  2
99    46.4893
149    36.8284
75 8.47179  1
145    35.0009
76 6.34861  1
174    0
77 9.41572  1
174    0
78 9.43129  3
112    39.586
113    50.0105
114    54.0518
79 9.48195  1
145    41.7367
80 9.64736  1
174    0
81 10.1875  1
174    0
82 11.9515  1
174    0
83 7.71157  5
124    50.0902
125    54.3118
126    38.0973
127    45.1498
128    38.1788
84 13.8665  1
99    41.69
85 13.9654  1
174    0
86 14.2883  1
147    35.1575
87 5.34242  1
174    0
88 6.1298  1
174    0
89 8.70098  1
174    0
90 7.09723  1
174    0
91 11.8603  2
99    43.3883
132    62.3898
92 7.41371  3
110    41.0427
111    54.7678
131    41.2917
93 12.8939  1
174    0
94 10.7894  1
174    0
95 13.9169  1
174    0
96 14.1299  10
164    56.586
165    45.5243
166    39.402
167    49.4099
168    52.0907
169    60.8452
170    59.4325
171    54.819
172    39.7536
173    50.558
97 14.8254  1
174    0
98 7.09632  2
99    35.7727
130    62.8649
99 11.8572  1
174    0
100 7.40364  1
149    53.3166
101 12.861  1
174    0
102 10.6816  1
174    0
103 13.565  1
174    0
104 12.9809  2
129    48.2472
145    47.6182
105 11.0732  1
131    46.1029
106 14.8437  1
174    0
107 7.15613  4
133    41.2889
134    55.5716
135    42.2109
136    58.5829
108 12.0525  1
174    0
109 8.04147  1
144    59.3602
110 14.9438  1
174    0
111 7.48299  1
145    57.0338
112 13.1201  1
132    58.6818
113 11.5276  1
174    0
114 6.32756  1
132    55.5808
115 9.34675  1
149    64.848
116 9.20606  1
130    50.5626
117 8.74645  1
174    0
118 7.24555  1
174    0
119 12.3446  2
146    35.0375
151    54.1992
120 8.99548  2
130    61.5996
150    55.1605
121 8.05887  1
174    0
122 5.00031  1
174    0
123 5.01251  1
130    43.1347
124 5.05249  1
174    0
125 5.18311  1
174    0
126 5.60945  1
174    0
127 7.00171  1
174    0
128 11.5484  1
174    0
129 6.39531  1
130    61.8963
130 9.56801  1
174    0
131 9.92843  1
174    0
132 11.1055  6
152    43.9477
153    64.2547
154    40.5657
155    53.2104
156    64.501
157    41.3704
133 14.9493  2
144    54.5828
145    38.9827
134 7.50099  1
174    0
135 13.179  1
174    0
136 11.7202  1
174    0
137 6.95624  1
174    0
138 11.3997  1
174    0
139 5.90976  1
174    0
140 7.98257  1
174    0
141 14.7516  1
174    0
142 6.85522  1
149    39.1859
143 11.0701  1
174    0
144 14.8337  1
174    0
145 7.12348  1
174    0
146 11.946  1
174    0
147 7.69387  1
174    0
148 13.8086  1
174    0
149 13.7762  1
174    0
150 13.6703  1
174    0
151 13.3245  1
174    0
152 12.1953  1
174    0
153 8.5081  1
174    0
154 6.46733  1
174    0
155 9.80331  1
174    0
156 10.6969  1
174    0
157 13.6151  1
174    0
158 13.1442  1
174    0
159 11.6063  1
174    0
160 6.58452  1
174    0
161 10.186  1
174    0
162 11.9466  1
174    0
163 7.6957  1
174    0
164 13.8147  1
174    0
165 13.796  1
174    0
166 13.7353  1
174    0
167 13.5369  1
174    0
168 12.889  1
174    0
169 10.7732  1
174    0
170 13.8641  1
174    0
171 13.9575  1
174    0
172 14.2624  1
174    0
173 5.25758  1
174    0
174 0  0
