54
0 5.25758  6
1    55.5808
2    58.6818
14    44.1244
23    35.0375
27    61.3286
28    39.402
1 5.85269  3
2    42.2411
14    64.8315
28    60.8452
2 7.79611  10
3    52.3681
4    61.7507
5    62.3898
6    64.4763
7    41.2889
8    55.5716
9    42.2109
10    58.5829
14    41.4684
25    43.9477
3 14.1424  4
14    56.1576
25    59.5369
27    56.586
29    54.819
4 14.8663  2
14    59.3602
23    54.6451
5 7.22999  6
11    52.0449
12    60.6951
23    36.8284
25    64.2547
27    59.9736
42    59.7008
6 12.2939  3
13    53.2196
14    38.9827
42    42.6147
7 8.82977  3
26    64.501
28    59.4325
45    41.0427
8 7.51778  2
14    54.5828
45    59.1267
9 13.2336  4
13    58.9427
27    55.838
28    52.0907
29    50.558
10 11.8984  10
17    46.2394
18    41.7367
19    57.0338
20    46.9865
21    44.1766
22    35.0009
23    41.0051
25    42.503
27    61.0109
45    54.7678
11 7.53822  4
14    64.5312
23    35.5493
27    43.0816
29    39.7536
12 13.3004  3
14    42.449
41    41.69
45    42.3775
13 12.1166  1
40    43.3883
14 8.25083  4
15    48.0403
16    47.6182
24    39.1859
41    64.599
15 5.62716  2
24    53.3166
25    53.2104
16 7.05969  2
24    64.848
40    37.5581
17 11.7379  3
24    48.704
27    61.4257
29    43.0871
18 7.01422  1
25    55.1605
19 11.5893  5
23    35.1575
24    49.7853
25    40.8687
29    55.8399
42    42.5533
20 6.52867  2
25    54.1992
42    56.3498
21 10.0035  3
25    37.7293
28    49.4099
45    37.2486
22 11.3506  1
53    0
23 5.74953  2
27    41.3704
45    50.0105
24 7.45918  3
25    40.5657
41    46.4893
42    44.7525
25 13.0422  1
53    0
26 11.2737  1
28    45.5243
27 5.49837  9
30    61.444
31    61.3881
32    61.2059
33    60.6108
34    58.6671
35    52.3196
36    61.5923
37    61.8725
38    62.7871
28 6.63915  1
53    0
29 10.3645  1
53    0
30 12.5295  7
46    36.4951
47    39.9174
48    51.0936
49    57.5886
50    48.7974
51    50.0902
52    54.3118
31 9.59914  1
45    39.586
32 10.0301  1
42    36.8815
33 11.4373  2
39    35.7727
42    55.6952
34 6.03244  1
45    53.8211
35 8.38328  1
41    56.8818
36 6.0596  1
41    62.4273
37 8.47179  2
43    41.1791
44    55.2136
38 6.34861  1
53    0
39 9.41572  1
42    59.9013
40 9.43129  1
45    54.0518
41 9.48195  1
53    0
42 9.64736  1
53    0
43 10.1875  1
53    0
44 11.9515  1
53    0
45 7.71157  1
53    0
46 13.8665  1
53    0
47 13.9654  1
53    0
48 14.2883  1
53    0
49 5.34242  1
53    0
50 6.1298  1
53    0
51 8.70098  1
53    0
52 7.09723  1
53    0
53 0  0
