217
0 13.1442  10
1    58.9427
2    53.2196
3    64.5312
4    41.4684
5    56.1576
6    44.1244
7    64.8315
8    42.449
38    54.819
46    61.8725
1 11.6063  5
22    49.7853
38    60.8452
62    48.9421
75    64.8315
127    48.2939
2 6.58452  2
74    56.1576
99    49.4099
3 10.186  4
20    35.1575
38    50.558
73    58.9427
99    39.402
4 11.9466  10
9    59.3602
10    54.5828
11    38.9827
12    48.0403
13    47.6182
14    46.2394
15    41.7367
16    57.0338
17    46.9865
18    44.1766
5 7.6957  2
39    55.8399
176    53.2104
6 13.8147  3
19    35.0009
20    35.0375
46    62.7871
7 13.796  4
21    54.6451
22    42.503
38    39.402
127    48.2472
8 13.7353  2
122    41.0427
127    38.1788
9 13.5369  3
22    59.5369
62    62.8649
74    64.5312
10 12.889  3
38    52.0907
96    64.501
102    60.6108
11 10.7732  1
22    48.704
12 13.8641  1
59    57.5886
13 13.9575  4
20    36.8284
64    41.2917
87    49.7853
126    54.3118
14 14.2624  4
22    64.848
57    55.2136
87    59.5369
176    43.9477
15 5.25758  1
38    39.7536
16 5.85269  7
22    53.3166
37    56.586
46    35.7727
57    41.0427
58    42.3775
62    61.5996
158    48.0403
17 7.79611  2
22    39.1859
38    45.5243
18 14.1424  2
20    41.0051
39    43.0871
19 14.8663  3
20    35.5493
59    48.7974
60    38.1788
20 7.22999  8
23    55.1605
24    40.8687
25    54.1992
26    37.7293
38    59.4325
62    36.0273
124    39.9174
211    50.0105
21 12.2939  5
58    59.1267
61    48.2472
64    46.1029
96    41.3704
151    60.6951
22 8.82977  1
75    48.0403
23 7.51778  10
27    43.9477
28    64.2547
29    40.5657
30    53.2104
31    64.501
32    41.3704
33    55.838
34    43.0816
35    61.4257
36    61.3286
24 13.2336  3
37    59.9736
102    61.3881
211    55.2136
25 11.8984  2
37    61.0109
73    58.5829
26 7.53822  7
58    36.4951
59    54.3118
60    39.0458
62    43.1347
100    60.8452
158    47.6182
211    36.8815
27 13.3004  7
40    61.444
41    61.3881
42    61.2059
43    60.6108
44    58.6671
45    52.3196
57    39.586
28 12.1166  2
57    56.3498
73    60.6951
29 8.25083  6
145    62.3898
146    64.4763
147    41.2889
148    55.5716
149    42.2109
150    58.5829
30 5.62716  1
151    64.5312
31 7.05969  3
57    44.7525
62    61.8963
99    45.5243
32 11.7379  2
38    49.4099
59    50.0902
33 7.01422  3
63    38.3894
87    64.848
102    61.5923
34 11.5893  10
47    37.5581
48    43.3883
49    62.4273
50    64.599
51    41.69
52    56.8818
53    46.4893
54    42.5533
55    59.7008
59    39.9174
35 6.52867  2
60    45.4154
75    54.5828
36 10.0035  2
57    41.1791
62    48.4458
37 11.3506  2
201    58.6671
202    52.3196
38 5.74953  3
46    61.5923
124    53.8211
127    38.0973
39 7.45918  2
58    54.0518
87    53.3166
40 13.0422  10
77    41.7367
78    57.0338
79    46.9865
80    44.1766
81    35.0009
82    35.0375
83    35.1575
84    35.5493
85    36.8284
86    41.0051
41 11.2737  2
57    36.8815
102    52.3196
42 5.49837  1
62    50.5626
43 6.63915  1
211    56.3498
44 10.3645  1
216    0
45 12.5295  3
59    45.1498
87    54.6451
99    56.586
46 9.59914  2
57    59.9013
62    55.8545
47 10.0301  2
59    38.0973
100    54.819
48 11.4373  6
57    54.7678
62    48.2939
99    61.0109
122    50.0105
151    53.2196
176    40.5657
49 6.03244  1
216    0
50 8.38328  4
56    55.6952
58    37.2486
96    55.838
159    46.9865
51 6.0596  2
59    51.0936
75    42.449
52 8.47179  1
211    54.7678
53 6.34861  9
65    42.2411
66    58.6818
67    52.3681
68    61.7507
69    62.3898
70    64.4763
71    41.2889
72    55.5716
75    47.6182
54 9.41572  4
57    50.0105
58    53.8211
73    53.2196
124    51.0936
55 9.43129  1
56    42.6147
56 9.48195  3
213    37.2486
214    42.3775
215    59.1267
57 9.64736  10
103    62.7871
104    35.7727
105    37.5581
106    43.3883
107    62.4273
108    64.599
109    41.69
110    56.8818
111    46.4893
122    54.0518
58 10.1875  2
75    44.1244
99    61.3286
59 11.9515  3
93    64.2547
94    40.5657
95    53.2104
60 7.71157  2
64    55.5808
212    54.0518
61 13.8665  2
73    42.2109
87    48.704
62 13.9654  1
210    55.6952
63 14.2883  1
151    52.0449
64 5.34242  6
116    59.9013
117    56.3498
118    44.7525
119    36.8815
120    41.1791
121    55.2136
65 6.1298  1
151    58.9427
66 8.70098  1
216    0
67 7.09723  6
88    55.1605
89    40.8687
90    54.1992
91    37.7293
92    43.9477
100    50.558
68 11.8603  1
102    61.8725
69 7.41371  3
73    52.0449
102    61.444
122    54.7678
70 12.8939  1
75    59.3602
71 10.7894  3
75    38.9827
87    39.1859
158    41.7367
72 13.9169  2
100    39.7536
102    61.2059
73 14.1299  4
74    41.4684
76    46.2394
87    42.503
102    58.6671
74 14.8254  1
99    52.0907
75 7.09632  1
125    48.7974
76 11.8572  2
122    37.2486
127    45.1498
77 7.40364  1
216    0
78 12.861  1
127    45.4154
79 10.6816  1
216    0
80 13.565  1
216    0
81 12.9809  7
128    48.4458
129    48.9421
130    50.5626
131    55.8545
132    43.1347
133    61.5996
134    61.8963
82 11.0732  1
176    40.8687
83 14.8437  2
97    43.0816
98    61.4257
84 7.15613  1
210    59.7008
85 12.0525  1
216    0
86 8.04147  2
99    59.9736
210    64.599
87 14.9438  4
112    42.5533
113    59.7008
114    55.6952
115    42.6147
88 7.48299  2
101    55.8399
126    50.0902
89 13.1201  1
216    0
90 11.5276  1
100    59.4325
91 6.32756  1
216    0
92 9.34675  1
216    0
93 9.20606  1
102    43.0871
94 8.74645  1
122    42.3775
95 7.24555  3
123    59.1267
124    36.4951
211    39.586
96 12.3446  7
193    39.7536
194    50.558
195    55.8399
196    43.0871
197    61.444
198    61.3881
199    61.2059
97 8.99548  1
216    0
98 8.05887  1
122    39.586
99 5.00031  1
216    0
100 5.01251  1
216    0
101 5.05249  1
216    0
102 5.18311  1
216    0
103 5.60945  1
216    0
104 7.00171  1
216    0
105 11.5484  1
176    54.1992
106 6.39531  1
124    57.5886
107 9.56801  1
176    37.7293
108 9.92843  1
216    0
109 11.1055  1
216    0
110 14.9493  1
158    46.2394
111 7.50099  1
216    0
112 13.179  1
158    54.5828
113 11.7202  1
216    0
114 6.95624  1
158    38.9827
115 11.3997  1
200    60.6108
116 5.90976  1
176    64.2547
117 7.98257  1
216    0
118 14.7516  1
216    0
119 6.85522  1
216    0
120 11.0701  1
211    59.9013
121 14.8337  10
135    62.8649
136    36.0273
137    38.3894
138    46.1029
139    41.2917
140    55.5808
141    42.2411
142    58.6818
143    52.3681
144    61.7507
122 7.12348  1
127    39.0458
123 11.946  1
216    0
124 7.69387  1
216    0
125 13.8086  1
216    0
126 13.7762  1
216    0
127 13.6703  1
216    0
128 13.3245  1
216    0
129 12.1953  1
216    0
130 8.5081  1
216    0
131 6.46733  1
216    0
132 9.80331  1
216    0
133 10.6969  6
170    49.7853
171    53.3166
172    64.848
173    42.503
174    59.5369
175    55.1605
134 13.6151  1
216    0
135 13.1442  1
216    0
136 11.6063  6
152    41.4684
153    56.1576
154    44.1244
155    64.8315
156    42.449
157    59.3602
137 6.58452  1
216    0
138 10.186  1
216    0
139 11.9466  9
160    44.1766
161    35.0009
162    35.0375
163    35.1575
164    35.5493
165    36.8284
166    41.0051
167    54.6451
168    39.1859
140 7.6957  1
216    0
141 13.8147  1
216    0
142 13.796  1
210    46.4893
143 13.7353  1
216    0
144 13.5369  1
158    57.0338
145 12.889  1
216    0
146 10.7732  1
216    0
147 13.8641  1
216    0
148 13.9575  1
216    0
149 14.2624  1
216    0
150 5.25758  1
211    41.0427
151 5.85269  1
216    0
152 7.79611  1
216    0
153 14.1424  1
216    0
154 14.8663  1
216    0
155 7.22999  1
216    0
156 12.2939  1
216    0
157 8.82977  1
216    0
158 7.51778  1
216    0
159 13.2336  1
211    41.1791
160 11.8984  1
216    0
161 7.53822  1
216    0
162 13.3004  1
216    0
163 12.1166  1
210    41.69
164 8.25083  1
216    0
165 5.62716  1
216    0
166 7.05969  1
169    48.704
167 11.7379  1
216    0
168 7.01422  1
210    56.8818
169 11.5893  1
216    0
170 6.52867  1
216    0
171 10.0035  1
216    0
172 11.3506  1
211    44.7525
173 5.74953  1
216    0
174 7.45918  9
184    59.9736
185    56.586
186    45.5243
187    39.402
188    49.4099
189    52.0907
190    60.8452
191    59.4325
192    54.819
175 13.0422  7
177    64.501
178    41.3704
179    55.838
180    43.0816
181    61.4257
182    61.3286
183    61.0109
176 11.2737  1
216    0
177 5.49837  1
216    0
178 6.63915  1
216    0
179 10.3645  1
216    0
180 12.5295  1
216    0
181 9.59914  1
216    0
182 10.0301  1
216    0
183 11.4373  1
216    0
184 6.03244  1
216    0
185 8.38328  1
216    0
186 6.0596  1
216    0
187 8.47179  1
210    42.6147
188 6.34861  1
216    0
189 9.41572  7
203    61.5923
204    61.8725
205    62.7871
206    35.7727
207    37.5581
208    43.3883
209    62.4273
190 9.43129  1
216    0
191 9.48195  1
216    0
192 9.64736  1
216    0
193 10.1875  1
216    0
194 11.9515  1
216    0
195 7.71157  1
216    0
196 13.8665  1
216    0
197 13.9654  1
216    0
198 14.2883  1
216    0
199 5.34242  1
210    42.5533
200 6.1298  1
216    0
201 8.70098  1
216    0
202 7.09723  1
216    0
203 11.8603  1
216    0
204 7.41371  1
216    0
205 12.8939  1
216    0
206 10.7894  1
216    0
207 13.9169  1
216    0
208 14.1299  1
216    0
209 14.8254  1
216    0
210 7.09632  1
216    0
211 11.8572  1
216    0
212 7.40364  1
216    0
213 12.861  1
216    0
214 10.6816  1
216    0
215 13.565  1
216    0
216 0  0
