52
0 5.18311  3
1    62.4273
2    41.69
14    41.0427
1 5.60945  2
2    64.599
27    61.8963
2 7.00171  10
3    56.8818
4    46.4893
5    42.5533
6    59.7008
7    55.6952
8    42.6147
9    59.9013
10    56.3498
14    42.3775
27    61.5996
3 11.5484  1
14    50.0105
4 6.39531  5
11    44.7525
14    54.0518
16    50.0902
28    42.2411
37    54.5828
5 9.56801  3
13    41.1791
14    55.2136
15    39.9174
6 9.92843  1
14    54.7678
7 11.1055  2
16    38.0973
27    36.0273
8 14.9493  2
15    36.4951
37    41.4684
9 7.50099  1
16    51.0936
10 13.179  2
14    39.586
15    59.1267
11 11.7202  2
12    36.8815
16    48.7974
12 6.95624  3
14    37.2486
16    57.5886
27    38.3894
13 11.3997  1
16    54.3118
14 5.90976  3
15    53.8211
28    64.4763
37    64.5312
15 7.98257  1
26    55.8545
16 14.7516  6
17    45.1498
18    38.1788
19    45.4154
20    39.0458
21    48.2472
22    48.2939
17 6.85522  3
23    48.4458
24    48.9421
25    50.5626
18 11.0701  2
27    62.8649
37    64.8315
19 14.8337  1
28    41.2917
20 7.12348  1
37    44.1244
21 11.946  1
28    62.3898
22 7.69387  1
28    52.3681
23 13.8086  1
28    55.5808
24 13.7762  1
27    43.1347
25 13.6703  1
28    58.6818
26 13.3245  1
27    46.1029
27 12.1953  1
28    61.7507
28 8.5081  2
29    41.2889
37    42.449
29 6.46733  5
30    55.5716
31    42.2109
32    58.5829
33    52.0449
34    60.6951
30 9.80331  2
35    58.9427
36    53.2196
31 10.6969  1
51    0
32 13.6151  1
51    0
33 13.1442  1
37    56.1576
34 11.6063  1
51    0
35 6.58452  1
51    0
36 10.186  1
37    59.3602
37 11.9466  6
38    38.9827
39    48.0403
40    47.6182
41    46.2394
42    41.7367
43    57.0338
38 7.6957  1
51    0
39 13.8147  1
51    0
40 13.796  1
51    0
41 13.7353  1
51    0
42 13.5369  1
51    0
43 12.889  7
44    46.9865
45    44.1766
46    35.0009
47    35.0375
48    35.1575
49    35.5493
50    36.8284
44 10.7732  1
51    0
45 13.8641  1
51    0
46 13.9575  1
51    0
47 14.2624  1
51    0
48 5.25758  1
51    0
49 5.85269  1
51    0
50 7.79611  1
51    0
51 0  0
