222
0 12.9809  10
1    55.2136
2    41.0427
3    54.7678
4    39.586
5    50.0105
6    54.0518
19    48.9421
46    57.0338
57    61.0109
58    60.8452
1 11.0732  1
90    48.4458
2 14.8437  5
79    37.2486
80    42.3775
81    59.1267
82    53.8211
83    36.4951
3 7.15613  4
13    51.0936
57    61.4257
169    45.1498
190    40.8687
4 12.0525  10
7    37.2486
8    42.3775
9    59.1267
10    53.8211
11    36.4951
12    39.9174
19    48.2939
46    35.0009
48    64.848
148    35.7727
5 8.04147  10
14    57.5886
15    48.7974
16    50.0902
17    54.3118
18    38.0973
20    55.8545
38    64.5312
47    35.0375
58    49.4099
100    56.1576
6 14.9438  1
57    59.9736
7 7.48299  9
22    61.8963
23    62.8649
24    36.0273
25    38.3894
26    46.1029
27    41.2917
46    48.0403
48    53.3166
212    43.3883
8 13.1201  3
20    50.5626
21    43.1347
38    58.9427
9 11.5276  3
57    55.838
73    56.3498
189    48.704
10 6.32756  6
42    64.8315
43    42.449
44    59.3602
45    54.5828
48    49.7853
58    54.819
11 9.34675  2
72    41.69
89    45.1498
12 9.20606  3
19    38.1788
72    46.4893
100    64.5312
13 8.74645  2
19    48.4458
47    36.8284
14 7.24555  1
19    39.0458
15 12.3446  10
28    55.5808
29    42.2411
30    58.6818
31    52.3681
32    61.7507
33    62.3898
34    64.4763
35    41.2889
36    55.5716
37    42.2109
16 8.99548  4
19    48.2472
46    41.7367
58    52.0907
90    48.9421
17 8.05887  2
19    45.1498
90    43.1347
18 5.00031  4
19    45.4154
47    35.1575
89    39.0458
179    62.8649
19 5.01251  4
21    61.5996
89    38.1788
189    64.848
212    41.69
20 5.05249  1
46    47.6182
21 5.18311  1
190    59.5369
22 5.60945  2
46    38.9827
190    54.1992
23 7.00171  2
38    60.6951
189    41.0051
24 11.5484  2
72    62.4273
146    61.2059
25 6.39531  2
38    52.0449
57    39.402
26 9.56801  1
204    55.8399
27 9.92843  3
69    61.5923
70    61.8725
71    62.7871
28 11.1055  8
51    37.7293
52    43.9477
53    64.2547
54    40.5657
55    53.2104
90    61.8963
100    42.449
146    61.5923
29 14.9493  1
221    0
30 7.50099  2
47    54.6451
198    43.0816
31 13.179  2
38    58.5829
159    39.586
32 11.7202  2
38    53.2196
148    62.7871
33 6.95624  2
56    64.501
72    56.8818
34 11.3997  5
39    41.4684
40    56.1576
41    44.1244
48    39.1859
57    43.0816
35 5.90976  2
46    46.2394
159    54.7678
36 7.98257  2
49    40.8687
50    54.1992
37 14.7516  5
46    46.9865
48    42.503
57    61.3286
73    55.6952
97    62.3898
38 6.85522  1
72    64.599
39 11.0701  4
47    35.5493
73    44.7525
179    38.3894
198    59.9736
40 14.8337  4
47    41.0051
48    59.5369
57    45.5243
97    61.7507
41 7.12348  2
48    48.704
89    54.3118
42 11.946  1
143    60.8452
43 7.69387  3
46    44.1766
58    59.4325
97    41.2889
44 13.8086  10
101    54.5828
102    38.9827
103    48.0403
104    47.6182
105    46.2394
106    41.7367
107    57.0338
108    46.9865
109    44.1766
110    35.0009
45 13.7762  2
89    48.2939
100    53.2196
46 13.6703  1
221    0
47 13.3245  1
48    55.1605
48 12.1953  3
111    35.0375
112    35.1575
113    35.5493
49 8.5081  1
97    58.6818
50 6.46733  2
73    36.8815
159    50.0105
51 9.80331  1
57    56.586
52 10.6969  9
160    37.2486
161    42.3775
162    59.1267
163    53.8211
164    36.4951
165    39.9174
166    51.0936
167    57.5886
168    48.7974
53 13.6151  1
143    49.4099
54 13.1442  1
72    37.5581
55 11.6063  4
56    41.3704
73    59.9013
97    64.4763
186    64.8315
56 6.58452  3
73    41.1791
89    38.0973
146    60.6108
57 10.186  1
146    58.6671
58 11.9466  10
59    39.7536
60    50.558
61    55.8399
62    43.0871
63    61.444
64    61.3881
65    61.2059
66    60.6108
67    58.6671
68    52.3196
59 7.6957  2
72    59.7008
73    42.6147
60 13.8147  1
72    35.7727
61 13.796  1
185    55.5716
62 13.7353  5
74    41.0427
75    54.7678
76    39.586
77    50.0105
78    54.0518
63 13.5369  5
84    39.9174
85    51.0936
86    57.5886
87    48.7974
88    50.0902
64 12.889  1
72    42.5533
65 10.7732  1
221    0
66 13.8641  2
72    43.3883
189    42.503
67 13.9575  1
221    0
68 14.2624  1
89    45.4154
69 5.25758  1
221    0
70 5.85269  1
100    60.6951
71 7.79611  1
73    55.2136
72 14.1424  3
148    56.8818
179    46.1029
212    37.5581
73 14.8663  2
90    50.5626
97    55.5716
74 7.22999  2
97    52.3681
148    41.69
75 12.2939  2
89    48.2472
185    52.0449
76 8.82977  1
221    0
77 7.51778  1
100    64.8315
78 13.2336  1
147    61.8725
79 11.8984  1
198    61.3286
80 7.53822  1
221    0
81 13.3004  2
143    59.4325
148    37.5581
82 12.1166  2
90    55.8545
100    41.4684
83 8.25083  3
98    58.5829
99    52.0449
186    53.2196
84 5.62716  1
97    42.2411
85 7.05969  1
221    0
86 11.7379  2
90    61.5996
186    58.9427
87 7.01422  7
91    62.8649
92    36.0273
93    38.3894
94    46.1029
95    41.2917
96    55.5808
159    41.0427
88 11.5893  2
97    42.2109
100    58.9427
89 6.52867  1
100    44.1244
90 10.0035  3
144    55.8399
149    46.4893
187    38.9827
91 11.3506  3
119    49.7853
120    53.3166
121    64.848
92 5.74953  5
114    36.8284
115    41.0051
116    54.6451
117    39.1859
118    48.704
93 7.45918  2
143    52.0907
188    44.1766
94 13.0422  1
221    0
95 11.2737  1
221    0
96 5.49837  1
221    0
97 6.63915  2
189    39.1859
190    37.7293
98 10.3645  1
221    0
99 12.5295  1
100    59.3602
100 9.59914  1
221    0
101 10.0301  1
169    38.0973
102 11.4373  1
221    0
103 6.03244  9
150    42.5533
151    59.7008
152    55.6952
153    42.6147
154    59.9013
155    56.3498
156    44.7525
157    36.8815
158    41.1791
104 8.38328  2
179    36.0273
190    55.1605
105 6.0596  1
221    0
106 8.47179  1
221    0
107 6.34861  10
133    41.3704
134    55.838
135    43.0816
136    61.4257
137    61.3286
138    61.0109
139    59.9736
140    56.586
141    45.5243
142    39.402
108 9.41572  1
221    0
109 9.43129  1
186    44.1244
110 9.48195  2
146    61.3881
186    56.1576
111 9.64736  1
221    0
112 10.1875  6
122    42.503
123    59.5369
124    55.1605
125    40.8687
126    54.1992
144    54.819
113 11.9515  2
148    62.4273
198    56.586
114 7.71157  2
185    42.2109
204    50.558
115 13.8665  10
170    39.0458
171    48.2472
172    48.2939
173    48.4458
174    48.9421
175    50.5626
176    55.8545
177    43.1347
178    61.5996
188    35.0009
116 13.9654  7
127    37.7293
128    43.9477
129    64.2547
130    40.5657
131    53.2104
132    64.501
169    50.0902
117 14.2883  1
221    0
118 5.34242  1
221    0
119 6.1298  1
221    0
120 8.70098  1
221    0
121 7.09723  8
180    41.2917
181    55.5808
182    42.2411
183    58.6818
184    52.3681
185    64.4763
204    39.7536
212    56.8818
122 11.8603  1
179    61.8963
123 7.41371  1
144    50.558
124 12.8939  2
185    58.5829
198    61.4257
125 10.7894  1
146    52.3196
126 13.9169  1
188    35.1575
127 14.1299  1
169    45.4154
128 14.8254  2
144    39.7536
198    45.5243
129 7.09632  3
148    43.3883
169    54.3118
188    46.9865
130 11.8572  1
212    35.7727
131 7.40364  1
221    0
132 12.861  1
221    0
133 10.6816  1
221    0
134 13.565  1
187    54.5828
135 12.9809  1
185    61.7507
136 11.0732  1
187    59.3602
137 14.8437  1
221    0
138 7.15613  2
145    43.0871
188    35.5493
139 12.0525  1
221    0
140 8.04147  2
148    64.599
159    54.0518
141 14.9438  1
221    0
142 7.48299  1
212    62.4273
143 13.1201  3
146    61.444
185    62.3898
189    49.7853
144 11.5276  1
221    0
145 6.32756  1
221    0
146 9.34675  1
221    0
147 9.20606  1
187    46.2394
148 8.74645  1
221    0
149 7.24555  1
221    0
150 12.3446  1
221    0
151 8.99548  1
221    0
152 8.05887  1
221    0
153 5.00031  1
188    41.7367
154 5.01251  2
186    41.4684
187    47.6182
155 5.05249  1
221    0
156 5.18311  1
221    0
157 5.60945  1
186    64.5312
158 7.00171  1
159    55.2136
159 11.5484  1
221    0
160 6.39531  1
221    0
161 9.56801  1
221    0
162 9.92843  1
189    54.6451
163 11.1055  1
169    38.1788
164 14.9493  1
221    0
165 7.50099  5
199    39.402
200    49.4099
201    52.0907
202    60.8452
203    59.4325
166 13.179  1
221    0
167 11.7202  1
187    48.0403
168 6.95624  3
186    42.449
189    53.3166
204    54.819
169 11.3997  1
221    0
170 5.90976  1
185    41.2889
171 7.98257  7
191    43.9477
192    64.2547
193    40.5657
194    53.2104
195    64.501
196    41.3704
197    55.838
172 14.7516  1
221    0
173 6.85522  2
185    60.6951
212    64.599
174 11.0701  1
221    0
175 14.8337  1
212    61.5923
176 7.12348  1
221    0
177 11.946  1
221    0
178 7.69387  1
221    0
179 13.8086  1
188    36.8284
180 13.7762  1
221    0
181 13.6703  1
221    0
182 13.3245  1
188    35.0375
183 12.1953  1
221    0
184 8.5081  1
221    0
185 6.46733  1
221    0
186 9.80331  1
221    0
187 10.6969  1
188    57.0338
188 13.6151  1
221    0
189 13.1442  1
221    0
190 11.6063  8
213    46.4893
214    42.5533
215    59.7008
216    55.6952
217    42.6147
218    59.9013
219    56.3498
220    44.7525
191 6.58452  1
221    0
192 10.186  1
198    61.0109
193 11.9466  1
221    0
194 7.6957  1
221    0
195 13.8147  1
221    0
196 13.796  1
221    0
197 13.7353  1
212    61.8725
198 13.5369  1
212    62.7871
199 12.889  7
205    43.0871
206    61.444
207    61.3881
208    61.2059
209    60.6108
210    58.6671
211    52.3196
200 10.7732  1
221    0
201 13.8641  1
221    0
202 13.9575  1
221    0
203 14.2624  1
221    0
204 5.25758  1
221    0
205 5.85269  1
221    0
206 7.79611  1
221    0
207 14.1424  1
221    0
208 14.8663  1
221    0
209 7.22999  1
221    0
210 12.2939  1
221    0
211 8.82977  1
221    0
212 7.51778  1
221    0
213 13.2336  1
221    0
214 11.8984  1
221    0
215 7.53822  1
221    0
216 13.3004  1
221    0
217 12.1166  1
221    0
218 8.25083  1
221    0
219 5.62716  1
221    0
220 7.05969  1
221    0
221 0  0
