58
0 9.48195  6
1    11.0321
2    8.17374
3    10.8398
4    8.78954
10    11.1676
13    11.3172
1 9.64736  3
13    9.88198
40    10.2187
45    12.3199
2 10.1875  5
5    12.8509
6    8.11313
10    12.2851
16    12.1222
46    9.22059
3 11.9515  4
4    7.54585
13    10.1116
36    8.20853
47    12.3501
4 7.71157  2
13    11.8865
35    11.27
5 13.8665  5
7    10.6421
8    12.9002
9    8.27409
13    10.4181
45    12.3793
6 13.9654  2
13    9.10486
14    11.168
7 14.2883  5
13    10.9638
16    12.2888
35    7.37629
40    7.98349
45    9.78841
8 5.34242  3
10    8.61632
13    7.8804
47    10.4736
9 6.1298  3
10    12.2657
13    12.169
15    8.61742
10 8.70098  3
11    12.2022
12    11.9947
17    11.7334
11 7.09723  4
37    10.8104
38    7.44972
39    8.47551
42    7.61946
12 11.8603  2
13    7.95071
16    12.2776
13 7.41371  1
45    12.573
14 12.8939  1
45    11.1709
15 10.7894  1
16    12.2412
16 13.9169  9
18    10.4639
19    12.3185
20    12.3745
21    12.5574
22    7.15455
23    7.51161
24    8.67766
25    12.4855
36    10.0021
17 14.1299  3
34    11.9803
40    11.8253
46    7.20545
18 14.8254  1
57    0
19 7.09632  7
28    11.3764
29    9.29786
30    8.51067
31    11.9402
32    11.139
36    11.0427
41    10.8624
20 11.8572  1
42    7.63576
21 7.40364  1
57    0
22 12.861  1
57    0
23 10.6816  1
35    8.9505
24 13.565  4
26    12.9198
27    8.33799
36    10.9536
40    11.5177
25 12.9809  3
35    8.23582
42    9.64943
47    11.7364
26 11.0732  3
36    7.9172
40    7.29902
47    8.44823
27 14.8437  1
57    0
28 7.15613  2
42    9.08307
47    11.1162
29 12.0525  2
46    7.67788
47    8.25834
30 8.04147  1
45    8.62694
31 14.9438  1
33    8.52293
32 7.48299  1
57    0
33 13.1201  1
40    9.75948
34 11.5276  1
42    7.80917
35 6.32756  2
43    9.65877
44    9.68917
36 9.34675  2
40    10.7642
47    12.478
37 9.20606  1
57    0
38 8.74645  1
45    10.1125
39 7.24555  1
41    10.018
40 12.3446  1
42    9.02997
41 8.99548  1
47    12.8953
42 8.05887  1
57    0
43 5.00031  1
57    0
44 5.01251  1
57    0
45 5.05249  1
57    0
46 5.18311  1
57    0
47 5.60945  9
48    8.25779
49    11.1143
50    8.44218
51    11.7166
52    10.409
53    12.139
54    11.7885
55    10.6439
56    12.9062
48 7.00171  1
57    0
49 11.5484  1
57    0
50 6.39531  1
57    0
51 9.56801  1
57    0
52 9.92843  1
57    0
53 11.1055  1
57    0
54 14.9493  1
57    0
55 7.50099  1
57    0
56 13.179  1
57    0
57 0  0
