101
0 11.0732  3
1    10.018
2    10.8624
13    7.20545
1 14.8437  1
13    11.1709
2 7.15613  10
3    7.61946
4    9.02997
5    7.63576
6    9.08307
7    7.80917
8    9.64943
9    9.65877
10    9.68917
11    9.78841
12    10.1125
3 12.0525  4
13    7.67788
24    10.6439
39    12.9002
76    9.64943
4 8.04147  1
13    9.22059
5 14.9438  2
13    12.573
76    7.61946
6 7.48299  3
13    12.3793
24    11.7885
72    8.23582
7 13.1201  5
13    12.3199
24    12.9663
27    10.9166
37    10.929
39    12.8509
8 11.5276  3
13    8.62694
24    8.82488
59    12.5574
9 6.32756  2
24    11.7166
38    11.9074
10 9.34675  6
60    7.15455
61    7.51161
62    8.67766
63    12.4855
64    12.9198
65    8.33799
11 9.20606  3
26    11.872
37    9.74081
75    11.5177
12 8.74645  4
13    8.25834
24    12.139
37    7.10987
73    10.0021
13 7.24555  10
14    11.1162
15    8.44823
16    11.7364
17    10.4736
18    12.3501
19    12.478
20    12.8953
21    8.25779
22    11.1143
23    8.44218
14 12.3446  10
28    9.60805
29    9.52364
30    9.24787
31    8.34733
32    11.4068
33    9.39729
34    8.83532
35    7.00018
36    7.00751
37    8.20103
15 8.99548  1
59    12.2776
16 8.05887  2
37    7.83718
73    7.29902
17 5.00031  1
24    8.29368
18 5.01251  3
25    8.48979
38    11.0321
72    10.9536
19 5.05249  1
100    0
20 5.18311  3
24    12.9062
39    7.54585
59    12.3185
21 5.60945  1
24    11.2315
22 7.00171  4
24    10.409
27    7.79653
38    8.5006
73    8.47551
23 11.5484  1
72    11.9803
24 6.39531  1
100    0
25 9.56801  5
39    8.17374
59    10.4639
72    11.27
73    7.9172
76    7.63576
26 9.92843  1
37    10.6633
27 11.1055  3
37    7.36567
39    8.27409
76    9.08307
28 14.9493  1
100    0
29 7.50099  2
39    10.8398
59    12.3745
30 13.179  3
37    7.0315
39    8.11313
72    7.37629
31 11.7202  2
37    12.9696
73    7.44972
32 6.95624  1
100    0
33 11.3997  9
40    11.1676
41    8.61632
42    12.2851
43    12.2657
44    12.2022
45    11.9947
46    11.3172
47    9.10486
59    11.7334
34 5.90976  1
59    12.2412
35 7.98257  2
37    9.95706
74    10.2187
36 14.7516  1
39    10.6421
37 6.85522  1
100    0
38 11.0701  1
39    8.78954
39 14.8337  1
100    0
40 7.12348  6
48    7.8804
49    9.88198
50    10.4181
51    12.169
52    11.8865
53    10.9638
41 11.946  6
54    7.95071
55    10.1116
56    11.168
57    8.61742
58    12.2888
59    12.1222
42 7.69387  1
100    0
43 13.8086  9
77    11.1709
78    8.62694
79    12.3199
80    12.3793
81    12.573
82    7.20545
83    7.67788
84    9.22059
85    8.25834
44 13.7762  1
76    9.65877
45 13.6703  1
100    0
46 13.3245  7
66    11.3764
67    9.29786
68    8.51067
69    11.9402
70    11.139
71    8.52293
73    7.98349
47 12.1953  1
100    0
48 8.5081  1
100    0
49 6.46733  1
100    0
50 9.80331  1
76    7.80917
51 10.6969  1
100    0
52 13.6151  1
72    8.20853
53 13.1442  1
100    0
54 11.6063  1
100    0
55 6.58452  1
100    0
56 10.186  1
100    0
57 11.9466  2
73    11.8253
76    9.68917
58 7.6957  1
72    8.9505
59 13.8147  3
73    10.7642
75    10.8624
76    10.1125
60 13.796  1
100    0
61 13.7353  9
91    12.478
92    12.8953
93    8.25779
94    11.1143
95    8.44218
96    11.7166
97    10.409
98    12.139
99    11.7885
62 13.5369  1
100    0
63 12.889  2
72    11.0427
76    9.78841
64 10.7732  1
73    10.8104
65 13.8641  1
75    10.018
66 13.9575  1
100    0
67 14.2624  1
100    0
68 5.25758  1
100    0
69 5.85269  1
75    9.75948
70 7.79611  1
100    0
71 14.1424  1
76    9.02997
72 14.8663  1
100    0
73 7.22999  1
100    0
74 12.2939  1
100    0
75 8.82977  1
100    0
76 7.51778  1
100    0
77 13.2336  1
100    0
78 11.8984  1
100    0
79 7.53822  1
100    0
80 13.3004  1
100    0
81 12.1166  5
86    11.1162
87    8.44823
88    11.7364
89    10.4736
90    12.3501
82 8.25083  1
100    0
83 5.62716  1
100    0
84 7.05969  1
100    0
85 11.7379  1
100    0
86 7.01422  1
100    0
87 11.5893  1
100    0
88 6.52867  1
100    0
89 10.0035  1
100    0
90 11.3506  1
100    0
91 5.74953  1
100    0
92 7.45918  1
100    0
93 13.0422  1
100    0
94 11.2737  1
100    0
95 5.49837  1
100    0
96 6.63915  1
100    0
97 10.3645  1
100    0
98 12.5295  1
100    0
99 9.59914  1
100    0
100 0  0
