98
0 11.6063  10
1    4.41766
2    3.50009
3    3.50375
4    3.51575
5    3.55493
6    3.68284
7    4.10051
8    5.46451
10    4.8704
11    4.39477
1 6.58452  4
10    3.77293
15    4.94099
30    4.26147
83    4.30816
2 10.186  5
10    5.41992
12    4.30816
15    3.9402
16    5.4819
34    3.72486
3 11.9466  5
10    5.95369
12    6.4501
15    5.6586
30    5.99013
54    5.32196
4 7.6957  6
9    3.91859
10    4.08687
12    4.13704
15    5.20907
16    6.08452
33    5.40518
5 13.8147  3
10    6.4848
12    5.5838
16    5.94325
6 13.796  1
10    4.2503
7 13.7353  3
10    4.97853
15    4.55243
16    5.58399
8 13.5369  3
10    5.51605
11    4.05657
12    6.13286
9 12.889  3
10    5.33166
11    5.32104
53    6.44763
10 10.7732  3
11    6.42547
12    6.14257
48    6.18963
11 13.8641  5
13    6.10109
14    5.99736
16    5.0558
30    5.97008
83    6.14257
12 13.9575  4
16    3.97536
30    3.68815
33    3.9586
48    4.82472
13 14.2624  10
17    6.1444
18    6.13881
19    6.12059
20    6.06108
21    5.86671
22    5.23196
23    6.15923
24    6.18725
25    6.27871
29    6.4599
14 5.25758  3
29    4.64893
54    5.85829
83    6.10109
15 5.85269  4
16    4.30871
30    5.56952
48    4.31347
53    6.17507
16 7.79611  4
29    6.24273
30    4.11791
54    5.89427
84    5.20907
17 14.1424  1
85    5.58399
18 14.8663  1
97    0
19 7.22999  5
45    3.81788
46    4.54154
47    3.90458
48    4.82939
82    6.4501
20 12.2939  1
54    5.61576
21 8.82977  3
29    4.169
53    5.55716
54    4.22109
22 7.51778  1
29    4.25533
23 13.2336  4
26    3.57727
27    3.75581
28    4.33883
30    5.63498
24 11.8984  2
33    5.00105
48    5.58545
25 7.53822  3
29    5.68818
34    5.91267
52    5.86818
26 13.3004  2
82    4.13704
83    5.99736
27 12.1166  3
30    4.47525
34    4.23775
52    4.12917
28 8.25083  4
31    4.10427
32    5.47678
48    5.05626
52    4.22411
29 5.62716  3
30    5.52136
54    6.45312
82    4.08687
30 7.05969  2
54    5.20449
85    5.0558
31 11.7379  1
53    6.23898
32 7.01422  1
84    3.97536
33 11.5893  10
35    5.38211
36    3.64951
37    3.99174
38    5.10936
39    5.75886
40    4.87974
41    5.00902
42    5.43118
43    3.80973
44    4.51498
34 6.52867  2
52    5.55808
82    3.77293
35 10.0035  4
49    3.60273
50    3.83894
51    4.61029
85    6.13881
36 11.3506  1
83    5.6586
37 5.74953  8
55    4.41244
56    6.48315
57    4.2449
58    5.93602
59    5.45828
60    3.89827
61    4.80403
62    4.76182
38 7.45918  2
48    6.28649
82    5.32104
39 13.0422  3
48    4.84458
52    5.23681
83    3.9402
40 11.2737  1
97    0
41 5.49837  1
97    0
42 6.63915  1
84    4.94099
43 10.3645  1
97    0
44 12.5295  1
53    4.12889
45 9.59914  2
54    6.06951
85    4.30871
46 10.0301  2
48    6.15996
84    5.94325
47 11.4373  1
48    4.89421
48 6.03244  1
97    0
49 8.38328  1
97    0
50 6.0596  1
83    4.55243
51 8.47179  1
97    0
52 6.34861  3
54    4.14684
82    5.51605
85    5.86671
53 9.41572  1
97    0
54 9.43129  1
82    6.42547
55 9.48195  8
73    4.10051
74    5.46451
75    3.91859
76    4.8704
77    4.97853
78    5.33166
79    6.4848
80    4.2503
56 9.64736  1
97    0
57 10.1875  1
81    5.95369
58 11.9515  1
83    6.13286
59 7.71157  1
97    0
60 13.8665  1
97    0
61 13.9654  10
63    4.62394
64    4.17367
65    5.70338
66    4.69865
67    4.41766
68    3.50009
69    3.50375
70    3.51575
71    3.55493
72    3.68284
62 14.2883  1
97    0
63 5.34242  1
97    0
64 6.1298  1
82    5.41992
65 8.70098  1
97    0
66 7.09723  1
97    0
67 11.8603  1
97    0
68 7.41371  1
97    0
69 12.8939  1
97    0
70 10.7894  1
85    6.12059
71 13.9169  1
84    5.4819
72 14.1299  1
97    0
73 14.8254  1
82    4.39477
74 7.09632  1
97    0
75 11.8572  1
97    0
76 7.40364  1
83    5.5838
77 12.861  1
97    0
78 10.6816  2
82    4.05657
84    6.08452
79 13.565  1
85    6.06108
80 12.9809  1
85    6.1444
81 11.0732  6
86    5.23196
87    6.15923
88    6.18725
89    6.27871
90    3.57727
91    3.75581
82 14.8437  1
97    0
83 7.15613  1
97    0
84 12.0525  1
97    0
85 8.04147  5
92    4.33883
93    6.24273
94    6.4599
95    4.169
96    5.68818
86 14.9438  1
97    0
87 7.48299  1
97    0
88 13.1201  1
97    0
89 11.5276  1
97    0
90 6.32756  1
97    0
91 9.34675  1
97    0
92 9.20606  1
97    0
93 8.74645  1
97    0
94 7.24555  1
97    0
95 12.3446  1
97    0
96 8.99548  1
97    0
97 0  0
