50
0 7.40364  6
1    61.3286
2    61.0109
3    59.9736
4    56.586
18    61.2059
19    61.5923
1 12.861  9
5    45.5243
6    39.402
7    49.4099
8    52.0907
9    60.8452
10    59.4325
11    54.819
12    39.7536
13    50.558
2 10.6816  1
49    0
3 13.565  1
18    60.6108
4 12.9809  4
14    55.8399
15    43.0871
16    61.444
17    61.3881
5 11.0732  5
32    44.7525
33    36.8815
34    41.1791
35    55.2136
36    41.0427
6 14.8437  1
49    0
7 7.15613  1
49    0
8 12.0525  1
49    0
9 8.04147  2
18    58.6671
19    62.7871
10 14.9438  1
49    0
11 7.48299  1
49    0
12 13.1201  1
19    52.3196
13 11.5276  5
37    54.7678
38    39.586
39    50.0105
40    54.0518
41    37.2486
14 6.32756  1
49    0
15 9.34675  1
19    37.5581
16 9.20606  1
19    35.7727
17 8.74645  1
19    61.8725
18 7.24555  5
20    43.3883
21    62.4273
22    64.599
23    41.69
24    56.8818
19 12.3446  1
49    0
20 8.99548  1
49    0
21 8.05887  4
27    59.7008
28    55.6952
29    42.6147
30    59.9013
22 5.00031  1
49    0
23 5.01251  1
49    0
24 5.05249  1
25    46.4893
25 5.18311  1
26    42.5533
26 5.60945  1
31    56.3498
27 7.00171  1
49    0
28 11.5484  1
49    0
29 6.39531  1
49    0
30 9.56801  1
49    0
31 9.92843  1
49    0
32 11.1055  1
49    0
33 14.9493  1
49    0
34 7.50099  1
49    0
35 13.179  1
49    0
36 11.7202  7
42    42.3775
43    59.1267
44    53.8211
45    36.4951
46    39.9174
47    51.0936
48    57.5886
37 6.95624  1
49    0
38 11.3997  1
49    0
39 5.90976  1
49    0
40 7.98257  1
49    0
41 14.7516  1
49    0
42 6.85522  1
49    0
43 11.0701  1
49    0
44 14.8337  1
49    0
45 7.12348  1
49    0
46 11.946  1
49    0
47 7.69387  1
49    0
48 13.8086  1
49    0
49 0  0
