49
0 9.48195  3
1    4.10051
2    3.91859
6    4.08687
1 9.64736  2
2    5.46451
6    5.51605
2 10.1875  4
3    4.8704
4    4.97853
5    5.33166
6    5.95369
3 11.9515  1
6    5.41992
4 7.71157  2
6    4.2503
31    6.1444
5 13.8665  1
6    6.4848
6 13.9654  10
7    3.77293
8    4.39477
9    6.42547
10    4.05657
11    5.32104
12    6.4501
13    4.13704
14    5.5838
15    4.30816
31    5.86671
7 14.2883  7
32    5.23196
33    6.15923
34    6.18725
35    6.27871
36    3.57727
37    3.75581
38    4.33883
8 5.34242  1
48    0
9 6.1298  1
31    6.12059
10 8.70098  1
48    0
11 7.09723  1
48    0
12 11.8603  1
48    0
13 7.41371  1
48    0
14 12.8939  1
48    0
15 10.7894  10
16    6.14257
17    6.13286
18    6.10109
19    5.99736
20    5.6586
21    4.55243
22    3.9402
23    4.94099
24    5.20907
25    6.08452
16 13.9169  1
48    0
17 14.1299  8
40    4.64893
41    4.25533
42    5.97008
43    5.56952
44    4.26147
45    5.99013
46    5.63498
47    4.47525
18 14.8254  1
31    6.06108
19 7.09632  1
31    6.13881
20 11.8572  1
48    0
21 7.40364  1
31    4.30871
22 12.861  6
26    5.94325
27    5.4819
28    3.97536
29    5.0558
30    5.58399
39    4.169
23 10.6816  1
48    0
24 13.565  1
48    0
25 12.9809  1
48    0
26 11.0732  1
48    0
27 14.8437  1
48    0
28 7.15613  1
48    0
29 12.0525  1
39    6.4599
30 8.04147  1
48    0
31 14.9438  1
48    0
32 7.48299  1
48    0
33 13.1201  1
48    0
34 11.5276  1
39    6.24273
35 6.32756  1
48    0
36 9.34675  1
48    0
37 9.20606  1
48    0
38 8.74645  1
39    5.68818
39 7.24555  1
48    0
40 12.3446  1
48    0
41 8.99548  1
48    0
42 8.05887  1
48    0
43 5.00031  1
48    0
44 5.01251  1
48    0
45 5.05249  1
48    0
46 5.18311  1
48    0
47 5.60945  1
48    0
48 0  0
