113
0 9.59914  6
1    4.25533
2    5.97008
3    5.99013
5    4.11791
10    5.00902
14    3.60273
1 10.0301  8
3    5.56952
5    4.47525
9    3.9586
10    5.38211
12    5.05626
15    4.12889
37    5.33166
53    5.0558
2 11.4373  7
3    4.26147
9    5.91267
10    5.10936
12    4.84458
14    3.83894
15    5.55716
108    5.70338
3 6.03244  5
4    5.63498
9    3.72486
10    4.87974
12    4.82472
38    4.08687
4 8.38328  8
5    3.68815
10    5.75886
12    3.90458
14    6.18963
15    6.17507
38    4.05657
44    6.13286
83    4.87974
5 6.0596  7
6    5.52136
7    4.10427
8    5.47678
10    3.99174
12    4.82939
14    5.55808
32    3.50009
6 8.47179  7
9    5.00105
10    3.64951
12    4.54154
13    6.15996
14    4.61029
32    5.70338
37    4.97853
7 6.34861  5
9    5.40518
10    4.51498
14    5.23681
68    4.25533
82    3.64951
8 9.41572  4
9    4.23775
10    5.43118
15    6.44763
32    3.51575
9 9.43129  5
10    3.80973
12    5.58545
14    4.12917
38    5.95369
68    6.4599
10 9.48195  2
11    3.81788
14    6.28649
11 9.64736  4
12    4.89421
14    4.22411
15    6.23898
37    4.8704
12 10.1875  4
13    4.31347
14    5.86818
32    4.62394
38    5.41992
13 11.9515  3
68    4.64893
95    5.23681
108    4.76182
14 7.71157  5
16    4.22109
17    5.85829
18    5.20449
19    6.06951
38    3.77293
15 13.8665  1
38    6.42547
16 13.9654  6
33    3.68284
34    4.10051
35    5.46451
36    3.91859
82    5.38211
108    5.93602
17 14.2883  2
32    3.55493
38    4.39477
18 5.34242  5
29    5.45828
30    3.89827
31    4.80403
53    5.4819
107    5.61576
19 6.1298  10
20    5.89427
21    5.32196
22    6.45312
23    4.14684
24    5.61576
25    4.41244
26    6.48315
27    4.2449
28    5.93602
32    4.76182
20 8.70098  2
32    4.69865
84    3.90458
21 7.09723  3
70    4.26147
71    5.99013
107    4.41244
22 11.8603  1
112    0
23 7.41371  5
32    4.17367
37    6.4848
53    3.97536
68    5.68818
95    3.60273
24 12.8939  1
112    0
25 10.7894  1
94    6.28649
26 13.9169  1
95    4.22411
27 14.1299  1
112    0
28 14.8254  2
32    3.50375
44    6.14257
29 7.09632  1
32    4.41766
30 11.8572  1
38    5.51605
31 7.40364  2
68    4.169
81    5.91267
32 12.861  1
112    0
33 10.6816  1
38    4.2503
34 13.565  7
39    5.32104
40    6.4501
41    4.13704
42    5.5838
43    4.30816
83    5.10936
107    6.48315
35 12.9809  2
84    4.54154
108    4.17367
36 11.0732  1
112    0
37 14.8437  1
112    0
38 7.15613  5
96    6.17507
97    6.23898
98    6.44763
99    4.12889
100    5.55716
39 12.0525  1
84    3.81788
40 8.04147  1
82    3.99174
41 14.9438  7
54    5.58399
55    4.30871
56    6.1444
57    6.13881
58    6.12059
59    6.06108
60    5.86671
42 7.48299  8
61    5.23196
62    6.15923
63    6.18725
64    6.27871
65    3.57727
66    3.75581
67    4.33883
68    5.97008
43 13.1201  2
53    5.94325
84    4.51498
44 11.5276  8
45    6.10109
46    5.99736
47    5.6586
48    4.55243
49    3.9402
50    4.94099
51    5.20907
52    6.08452
45 6.32756  3
68    6.24273
81    4.23775
83    5.75886
46 9.34675  1
112    0
47 9.20606  1
112    0
48 8.74645  1
83    5.00902
49 7.24555  1
112    0
50 12.3446  1
112    0
51 8.99548  1
107    4.14684
52 8.05887  1
112    0
53 5.00031  4
72    5.63498
73    4.47525
74    3.68815
75    4.11791
54 5.01251  1
112    0
55 5.05249  1
112    0
56 5.18311  1
112    0
57 5.60945  1
108    3.89827
58 7.00171  3
81    3.72486
107    4.2449
108    4.62394
59 11.5484  1
112    0
60 6.39531  1
112    0
61 9.56801  1
112    0
62 9.92843  1
112    0
63 11.1055  1
95    5.55808
64 14.9493  9
85    4.82472
86    4.82939
87    4.84458
88    4.89421
89    5.05626
90    5.58545
91    4.31347
92    6.15996
93    6.18963
65 7.50099  1
112    0
66 13.179  2
69    5.56952
84    3.80973
67 11.7202  5
77    4.10427
78    5.47678
79    3.9586
80    5.00105
84    5.43118
68 6.95624  1
112    0
69 11.3997  1
112    0
70 5.90976  1
112    0
71 7.98257  1
112    0
72 14.7516  6
101    4.22109
102    5.85829
103    5.20449
104    6.06951
105    5.89427
106    5.32196
73 6.85522  1
76    5.52136
74 11.0701  1
112    0
75 14.8337  1
112    0
76 7.12348  2
81    5.40518
95    3.83894
77 11.946  1
95    4.12917
78 7.69387  2
95    4.61029
108    5.45828
79 13.8086  1
112    0
80 13.7762  1
112    0
81 13.6703  1
112    0
82 13.3245  1
112    0
83 12.1953  1
112    0
84 8.5081  3
109    4.69865
110    4.41766
111    3.50009
85 6.46733  1
112    0
86 9.80331  1
112    0
87 10.6969  1
112    0
88 13.6151  1
112    0
89 13.1442  1
112    0
90 11.6063  1
112    0
91 6.58452  1
112    0
92 10.186  1
112    0
93 11.9466  1
95    5.86818
94 7.6957  1
112    0
95 13.8147  1
112    0
96 13.796  1
112    0
97 13.7353  1
112    0
98 13.5369  1
112    0
99 12.889  1
107    6.45312
100 10.7732  1
112    0
101 13.8641  1
112    0
102 13.9575  1
112    0
103 14.2624  1
112    0
104 5.25758  1
112    0
105 5.85269  1
108    4.80403
106 7.79611  1
112    0
107 14.1424  1
112    0
108 14.8663  1
112    0
109 7.22999  1
112    0
110 12.2939  1
112    0
111 8.82977  1
112    0
112 0  0
