55
0 11.8984  6
1    5.20449
2    6.06951
3    5.89427
4    6.45312
23    6.4848
24    6.4501
1 7.53822  3
3    5.32196
13    4.80403
22    5.33166
2 13.3004  2
24    4.05657
25    6.13286
3 12.1166  3
23    4.08687
34    6.18725
40    4.64893
4 8.25083  6
5    4.14684
6    5.61576
7    4.41244
8    6.48315
23    5.41992
24    4.39477
5 5.62716  3
24    6.42547
25    4.55243
35    6.27871
6 7.05969  2
25    5.99736
32    5.58399
7 11.7379  9
15    4.17367
16    5.70338
17    4.69865
18    4.41766
19    3.50009
20    3.50375
21    3.51575
24    5.32104
25    6.14257
8 7.01422  5
9    4.2449
10    5.93602
11    5.45828
12    3.89827
33    6.06108
9 11.5893  2
13    4.76182
22    3.68284
10 6.52867  1
22    4.10051
11 10.0035  4
14    4.62394
22    3.55493
25    3.9402
33    5.23196
12 11.3506  2
33    5.86671
40    6.4599
13 5.74953  2
23    5.95369
32    5.0558
14 7.45918  2
22    3.91859
33    4.30871
15 13.0422  3
22    4.97853
25    6.10109
33    6.1444
16 11.2737  3
22    5.46451
25    5.5838
33    6.15923
17 5.49837  1
23    4.2503
18 6.63915  1
54    0
19 10.3645  3
22    4.8704
23    3.77293
40    4.169
20 12.5295  1
25    4.13704
21 9.59914  2
23    5.51605
47    5.47678
22 10.0301  2
25    5.6586
46    4.11791
23 11.4373  1
54    0
24 6.03244  1
25    4.30816
25 8.38328  8
26    4.94099
27    5.20907
28    6.08452
29    5.94325
30    5.4819
31    3.97536
33    6.12059
40    4.25533
26 6.0596  1
54    0
27 8.47179  4
36    3.57727
37    3.75581
38    4.33883
39    6.24273
28 6.34861  1
54    0
29 9.41572  1
41    5.56952
30 9.43129  1
47    4.10427
31 9.48195  2
33    6.13881
40    5.68818
32 9.64736  1
46    3.68815
33 10.1875  1
45    4.47525
34 11.9515  1
54    0
35 7.71157  1
54    0
36 13.8665  3
42    4.26147
43    5.99013
44    5.63498
37 13.9654  1
54    0
38 14.2883  1
54    0
39 5.34242  1
40    5.97008
40 6.1298  1
54    0
41 8.70098  1
54    0
42 7.09723  1
54    0
43 11.8603  1
47    5.52136
44 7.41371  1
54    0
45 12.8939  1
54    0
46 10.7894  6
48    3.9586
49    5.00105
50    5.40518
51    3.72486
52    4.23775
53    5.91267
47 13.9169  1
54    0
48 14.1299  1
54    0
49 14.8254  1
54    0
50 7.09632  1
54    0
51 11.8572  1
54    0
52 7.40364  1
54    0
53 12.861  1
54    0
54 0  0
