202
0 13.6703  10
1    50.5626
2    55.8545
3    43.1347
5    38.3894
6    41.2889
8    60.6951
36    61.3286
48    61.2059
64    39.0458
71    42.2411
1 13.3245  8
4    62.8649
5    41.2917
6    52.3681
8    53.2196
29    54.1992
36    61.0109
71    41.2917
107    50.558
2 12.1953  8
3    61.5996
4    36.0273
5    42.2411
6    62.3898
8    64.5312
35    43.0816
156    55.5808
168    42.449
3 8.5081  7
4    61.8963
5    55.5808
6    58.6818
8    42.2109
36    56.586
60    54.7678
178    40.8687
4 6.46733  4
5    46.1029
6    64.4763
8    58.9427
126    41.1791
5 9.80331  5
6    61.7507
8    52.0449
28    54.6451
127    50.0105
177    42.503
6 10.6969  5
7    55.5716
8    41.4684
71    58.6818
106    59.4325
168    59.3602
7 13.6151  2
8    58.5829
81    56.1576
8 13.1442  10
9    56.1576
10    44.1244
11    64.8315
12    42.449
13    59.3602
14    54.5828
15    38.9827
16    48.0403
17    47.6182
18    46.2394
9 11.6063  3
35    55.838
62    50.0105
126    55.2136
10 6.58452  10
108    61.2059
109    60.6108
110    58.6671
111    52.3196
112    61.5923
113    61.8725
114    62.7871
115    35.7727
116    37.5581
117    43.3883
11 10.186  2
28    48.704
178    54.1992
12 11.9466  4
28    41.0051
29    40.8687
60    41.1791
127    54.0518
13 7.6957  3
29    42.503
103    53.2104
136    54.3118
14 13.8147  10
19    41.7367
20    57.0338
21    46.9865
22    44.1766
23    35.0009
24    35.0375
25    35.1575
26    35.5493
27    36.8284
28    49.7853
15 13.796  1
201    0
16 13.7353  2
29    59.5369
35    41.3704
17 13.5369  1
201    0
18 12.889  4
28    53.3166
36    45.5243
59    42.5533
63    57.5886
19 10.7732  1
29    55.1605
20 13.8641  3
48    52.3196
62    42.3775
64    45.4154
21 13.9575  1
62    54.0518
22 14.2624  4
36    61.4257
63    51.0936
71    38.3894
107    39.7536
23 5.25758  8
41    59.4325
42    54.819
43    39.7536
44    50.558
45    55.8399
46    43.0871
47    61.444
107    55.8399
24 5.85269  2
71    46.1029
105    61.0109
25 7.79611  10
30    37.7293
31    43.9477
32    64.2547
33    40.5657
34    53.2104
35    64.501
59    56.3498
102    43.9477
105    59.9736
126    36.8815
26 14.1424  1
64    48.2939
27 14.8663  2
28    39.1859
102    64.848
28 7.22999  4
29    64.848
62    37.2486
102    54.1992
105    49.4099
29 12.2939  2
48    60.6108
60    55.2136
30 8.82977  2
59    36.8815
125    55.6952
31 7.51778  5
48    61.5923
64    48.9421
134    48.7974
166    64.5312
168    54.5828
32 13.2336  2
36    59.9736
166    58.5829
33 11.8984  4
37    39.402
38    49.4099
39    52.0907
40    60.8452
34 7.53822  3
48    61.3881
168    46.2394
177    59.5369
35 13.3004  2
59    55.6952
63    50.0902
36 12.1166  1
63    48.7974
37 8.25083  2
64    38.0973
81    44.1244
38 5.62716  1
64    48.4458
39 7.05969  2
62    59.1267
177    39.1859
40 11.7379  1
177    53.3166
41 7.01422  1
135    50.0902
42 11.5893  8
72    52.3681
73    61.7507
74    62.3898
75    64.4763
76    41.2889
77    55.5716
78    42.2109
103    64.2547
43 6.52867  10
49    61.8725
50    62.7871
51    35.7727
52    37.5581
53    43.3883
54    62.4273
55    64.599
56    41.69
57    56.8818
58    46.4893
44 10.0035  2
48    58.6671
106    54.819
45 11.3506  2
62    53.8211
177    64.848
46 5.74953  2
59    59.9013
104    61.4257
47 7.45918  1
177    54.6451
48 13.0422  5
59    44.7525
63    54.3118
81    41.4684
167    56.1576
177    49.7853
49 11.2737  2
59    59.7008
71    55.5808
50 5.49837  1
133    57.5886
51 6.63915  3
71    36.0273
79    52.0449
102    40.8687
52 10.3645  5
59    42.6147
64    38.1788
82    59.3602
126    59.9013
168    41.7367
53 12.5295  6
118    62.4273
119    64.599
120    41.69
121    56.8818
122    46.4893
123    42.5533
54 9.59914  2
61    39.586
105    45.5243
55 10.0301  7
65    50.5626
66    55.8545
67    43.1347
68    61.5996
69    61.8963
70    62.8649
79    60.6951
56 11.4373  2
103    43.0816
196    60.8452
57 6.03244  3
64    48.2472
102    55.1605
105    61.3286
58 8.38328  2
60    41.0427
126    56.3498
59 6.0596  1
62    36.4951
60 8.47179  2
157    42.2411
167    64.8315
61 6.34861  1
201    0
62 9.41572  3
63    39.9174
64    45.1498
103    40.5657
63 9.43129  2
102    59.5369
166    60.6951
64 9.48195  1
201    0
65 9.64736  1
201    0
66 10.1875  1
105    39.402
67 11.9515  1
155    41.2917
68 7.71157  10
83    38.9827
84    48.0403
85    47.6182
86    46.2394
87    41.7367
88    57.0338
89    46.9865
90    44.1766
91    35.0009
92    35.0375
69 13.8665  1
107    43.0871
70 13.9654  1
201    0
71 14.2883  9
93    35.1575
94    35.5493
95    36.8284
96    41.0051
97    54.6451
98    39.1859
99    48.704
100    49.7853
101    53.3166
72 5.34242  3
79    58.9427
81    64.8315
126    42.6147
73 6.1298  1
80    53.2196
74 8.70098  1
81    64.5312
75 7.09723  1
103    55.838
76 11.8603  4
79    58.5829
81    42.449
82    54.5828
126    44.7525
77 7.41371  1
102    37.7293
78 12.8939  1
201    0
79 10.7894  1
201    0
80 13.9169  2
107    61.3881
166    53.2196
81 14.1299  1
201    0
82 14.8254  1
166    58.9427
83 7.09632  1
201    0
84 11.8572  1
201    0
85 7.40364  1
105    56.586
86 12.861  1
201    0
87 10.6816  1
168    38.9827
88 13.565  2
126    41.0427
177    55.1605
89 12.9809  5
150    61.8963
151    62.8649
152    36.0273
153    38.3894
154    46.1029
90 11.0732  1
102    42.503
91 14.8437  1
201    0
92 7.15613  1
201    0
93 12.0525  2
103    64.501
177    48.704
94 8.04147  1
126    54.7678
95 14.9438  1
107    61.444
96 7.48299  1
127    42.3775
97 13.1201  1
201    0
98 11.5276  2
103    41.3704
105    60.8452
99 6.32756  1
201    0
100 9.34675  1
124    59.7008
101 9.20606  5
128    59.1267
129    53.8211
130    36.4951
131    39.9174
132    51.0936
102 8.74645  1
105    52.0907
103 7.24555  1
127    37.2486
104 12.3446  1
201    0
105 8.99548  1
166    52.0449
106 8.05887  1
201    0
107 5.00031  1
201    0
108 5.01251  1
167    44.1244
109 5.05249  10
179    37.7293
180    43.9477
181    64.2547
182    40.5657
183    53.2104
184    64.501
185    41.3704
186    55.838
187    43.0816
188    61.4257
110 5.18311  1
201    0
111 5.60945  1
201    0
112 7.00171  1
201    0
113 11.5484  1
201    0
114 6.39531  1
201    0
115 9.56801  1
201    0
116 9.92843  1
201    0
117 11.1055  1
201    0
118 14.9493  1
201    0
119 7.50099  1
201    0
120 13.179  1
201    0
121 11.7202  1
201    0
122 6.95624  1
126    39.586
123 11.3997  1
201    0
124 5.90976  1
201    0
125 7.98257  1
201    0
126 14.7516  1
201    0
127 6.85522  1
201    0
128 11.0701  1
201    0
129 14.8337  3
147    55.8545
148    43.1347
149    61.5996
130 7.12348  1
201    0
131 11.946  1
201    0
132 7.69387  10
137    38.0973
138    45.1498
139    38.1788
140    45.4154
141    39.0458
142    48.2472
143    48.2939
144    48.4458
145    48.9421
146    50.5626
133 13.8086  1
166    41.4684
134 13.7762  8
158    58.6818
159    52.3681
160    61.7507
161    62.3898
162    64.4763
163    41.2889
164    55.5716
165    42.2109
135 13.6703  1
201    0
136 13.3245  1
201    0
137 12.1953  1
201    0
138 8.5081  1
201    0
139 6.46733  1
201    0
140 9.80331  1
201    0
141 10.6969  1
201    0
142 13.6151  1
201    0
143 13.1442  1
201    0
144 11.6063  7
189    61.3286
190    61.0109
191    59.9736
192    56.586
193    45.5243
194    39.402
195    49.4099
145 6.58452  1
201    0
146 10.186  1
201    0
147 11.9466  1
201    0
148 7.6957  2
199    39.7536
200    50.558
149 13.8147  8
169    46.9865
170    44.1766
171    35.0009
172    35.0375
173    35.1575
174    35.5493
175    36.8284
176    41.0051
150 13.796  1
201    0
151 13.7353  1
201    0
152 13.5369  1
168    48.0403
153 12.889  1
168    57.0338
154 10.7732  1
201    0
155 13.8641  1
201    0
156 13.9575  1
201    0
157 14.2624  1
201    0
158 5.25758  1
201    0
159 5.85269  1
201    0
160 7.79611  1
201    0
161 14.1424  1
201    0
162 14.8663  1
201    0
163 7.22999  1
201    0
164 12.2939  1
201    0
165 8.82977  1
201    0
166 7.51778  1
168    47.6182
167 13.2336  1
201    0
168 11.8984  1
201    0
169 7.53822  1
201    0
170 13.3004  1
201    0
171 12.1166  1
201    0
172 8.25083  1
201    0
173 5.62716  1
201    0
174 7.05969  1
201    0
175 11.7379  1
201    0
176 7.01422  1
201    0
177 11.5893  1
201    0
178 6.52867  1
196    52.0907
179 10.0035  1
201    0
180 11.3506  2
197    59.4325
198    54.819
181 5.74953  1
201    0
182 7.45918  1
201    0
183 13.0422  1
201    0
184 11.2737  1
201    0
185 5.49837  1
201    0
186 6.63915  1
201    0
187 10.3645  1
201    0
188 12.5295  1
201    0
189 9.59914  1
201    0
190 10.0301  1
201    0
191 11.4373  1
201    0
192 6.03244  1
201    0
193 8.38328  1
201    0
194 6.0596  1
201    0
195 8.47179  1
201    0
196 6.34861  1
201    0
197 9.41572  1
201    0
198 9.43129  1
201    0
199 9.48195  1
201    0
200 9.64736  1
201    0
201 0  0
