226
0 10.7894  5
1    42.6147
3    44.7525
4    41.1791
89    37.2486
96    38.1788
1 13.9169  5
2    59.9013
3    56.3498
4    41.0427
15    50.0902
42    48.0403
2 14.1299  5
3    36.8815
15    54.3118
78    54.819
79    55.8399
101    48.9421
3 14.8254  3
4    55.2136
27    55.5808
193    61.3286
4 7.09632  10
5    54.7678
6    39.586
7    50.0105
8    54.0518
9    37.2486
10    42.3775
11    59.1267
12    53.8211
13    36.4951
14    39.9174
5 11.8572  1
15    38.1788
6 7.40364  5
67    43.9477
68    64.2547
69    40.5657
70    53.2104
156    36.4951
7 12.861  5
15    45.4154
79    43.0871
88    50.0105
145    62.7871
155    41.1791
8 10.6816  4
15    57.5886
27    41.2917
80    52.3196
155    39.586
9 13.565  4
15    51.0936
78    52.0907
133    54.6451
161    38.1788
10 12.9809  10
16    39.0458
17    48.2472
18    48.2939
19    48.4458
20    48.9421
21    50.5626
22    55.8545
23    43.1347
24    61.5996
25    61.8963
11 11.0732  2
15    45.1498
143    45.5243
12 14.8437  3
15    38.0973
41    44.1244
165    48.4458
13 7.15613  3
15    48.7974
71    64.501
155    54.0518
14 12.0525  5
28    58.6818
29    52.3681
30    61.7507
133    41.0051
176    44.1244
15 8.04147  10
43    47.6182
44    46.2394
45    41.7367
46    57.0338
47    46.9865
48    44.1766
49    35.0009
50    35.0375
51    35.1575
78    45.5243
16 14.9438  8
72    43.0816
73    61.4257
74    61.3286
75    61.0109
76    59.9736
77    56.586
89    42.3775
176    56.1576
17 7.48299  3
27    42.2411
88    54.0518
173    42.2411
18 13.1201  4
26    36.0273
41    42.449
147    41.69
156    48.7974
19 11.5276  3
26    62.8649
71    41.3704
145    60.6108
20 6.32756  2
26    38.3894
41    56.1576
21 9.34675  1
78    39.402
22 9.20606  1
41    38.9827
23 8.74645  1
27    46.1029
24 7.24555  4
82    46.4893
108    58.6818
144    60.8452
165    61.5996
25 12.3446  1
225    0
26 8.99548  10
31    62.3898
32    64.4763
33    41.2889
34    55.5716
35    42.2109
36    58.5829
37    52.0449
38    60.6951
39    58.9427
40    53.2196
27 8.05887  1
108    42.2411
28 5.00031  8
52    35.5493
53    36.8284
54    41.0051
55    54.6451
56    39.1859
57    48.704
58    49.7853
96    45.1498
29 5.01251  2
80    58.6671
191    59.5369
30 5.05249  2
107    41.2917
143    61.0109
31 5.18311  1
177    59.3602
32 5.60945  2
79    61.3881
108    52.3681
33 7.00171  3
41    64.8315
124    38.9827
175    42.2109
34 11.5484  1
41    41.4684
35 6.39531  1
82    62.4273
36 9.56801  2
143    61.4257
156    51.0936
37 9.92843  1
225    0
38 11.1055  3
41    54.5828
81    35.7727
101    50.5626
39 14.9493  2
41    59.3602
82    42.5533
40 7.50099  3
41    64.5312
134    55.1605
191    40.8687
41 13.179  7
109    61.7507
110    62.3898
111    64.4763
112    41.2889
113    55.5716
114    42.2109
115    58.5829
42 11.7202  1
225    0
43 6.95624  1
96    45.4154
44 11.3997  10
59    53.3166
60    64.848
61    42.503
62    59.5369
63    55.1605
64    40.8687
65    54.1992
66    37.7293
105    36.0273
155    37.2486
45 5.90976  2
78    49.4099
144    55.8399
46 7.98257  2
122    56.1576
123    44.1244
47 14.7516  1
225    0
48 6.85522  1
78    59.4325
49 11.0701  2
88    39.586
134    64.848
50 14.8337  1
147    42.5533
51 7.12348  1
81    61.5923
52 11.946  2
82    41.69
87    44.7525
53 7.69387  5
87    56.3498
108    55.5808
133    35.1575
134    42.503
192    64.2547
54 13.8086  2
78    60.8452
88    41.0427
55 13.7762  1
225    0
56 13.6703  3
162    39.0458
163    48.2472
164    48.2939
57 13.3245  3
71    55.838
143    55.838
144    50.558
58 12.1953  1
145    35.7727
59 8.5081  8
182    35.0375
183    35.1575
184    35.5493
185    36.8284
186    41.0051
187    54.6451
188    39.1859
189    48.704
60 6.46733  2
89    53.8211
143    61.3286
61 9.80331  1
81    37.5581
62 10.6969  2
87    55.2136
96    38.0973
63 13.6151  1
225    0
64 13.1442  3
79    50.558
82    56.8818
87    36.8815
65 11.6063  5
79    39.7536
81    62.7871
96    54.3118
124    64.8315
147    56.8818
66 6.58452  1
87    41.1791
67 10.186  1
144    39.7536
68 11.9466  1
95    50.0902
69 7.6957  1
156    57.5886
70 13.8147  2
89    59.1267
156    59.1267
71 13.796  2
79    61.444
82    64.599
72 13.7353  5
102    55.8545
103    43.1347
104    61.5996
105    61.8963
178    41.7367
73 13.5369  2
143    56.586
155    41.0427
74 12.889  2
80    60.6108
155    55.2136
75 10.7732  4
81    61.8725
145    61.2059
156    39.9174
191    42.503
76 13.8641  5
90    36.4951
91    39.9174
92    51.0936
93    57.5886
94    48.7974
77 13.9575  2
81    43.3883
156    42.3775
78 14.2624  4
79    61.2059
124    54.5828
143    39.402
161    45.4154
79 5.25758  1
225    0
80 5.85269  1
179    46.9865
81 7.79611  5
83    59.7008
84    55.6952
85    42.6147
86    59.9013
193    61.4257
82 14.1424  8
148    59.7008
149    55.6952
150    42.6147
151    59.9013
152    56.3498
153    44.7525
154    36.8815
192    54.1992
83 14.8663  2
88    54.7678
191    64.848
84 7.22999  7
116    52.0449
117    60.6951
118    58.9427
119    53.2196
120    64.5312
121    41.4684
155    50.0105
85 12.2939  6
167    62.8649
168    36.0273
169    38.3894
170    46.1029
171    41.2917
172    55.5808
86 8.82977  3
105    62.8649
144    52.0907
177    54.5828
87 7.51778  2
166    61.8963
177    38.9827
88 13.2336  2
165    55.8545
193    41.3704
89 11.8984  2
143    43.0816
145    61.8725
90 7.53822  1
165    50.5626
91 13.3004  1
225    0
92 12.1166  1
144    43.0871
93 8.25083  1
225    0
94 5.62716  1
225    0
95 7.05969  6
97    39.0458
98    48.2472
99    48.2939
100    48.4458
106    38.3894
191    55.1605
96 11.7379  1
177    48.0403
97 7.01422  10
203    54.819
204    39.7536
205    50.558
206    55.8399
207    43.0871
208    61.444
209    61.3881
210    61.2059
211    60.6108
212    58.6671
98 11.5893  2
134    49.7853
192    37.7293
99 6.52867  1
165    43.1347
100 10.0035  1
225    0
101 11.3506  1
225    0
102 5.74953  4
106    46.1029
124    48.0403
157    50.0902
193    53.2104
103 7.45918  2
145    61.3881
176    41.4684
104 13.0422  1
165    48.9421
105 11.2737  7
125    47.6182
126    46.2394
127    41.7367
128    57.0338
129    46.9865
130    44.1766
131    35.0009
106 5.49837  1
144    54.819
107 6.63915  1
133    35.5493
108 10.3645  1
192    43.9477
109 12.5295  1
145    61.444
110 9.59914  1
225    0
111 10.0301  5
124    42.449
145    52.3196
146    37.5581
147    43.3883
155    54.7678
112 11.4373  1
225    0
113 6.03244  1
174    61.7507
114 8.38328  1
225    0
115 6.0596  2
147    46.4893
175    60.6951
116 8.47179  3
132    35.0375
133    36.8284
134    53.3166
117 6.34861  2
124    59.3602
133    48.704
118 9.41572  1
134    59.5369
119 9.43129  1
145    61.5923
120 9.48195  8
135    40.8687
136    54.1992
137    37.7293
138    43.9477
139    64.2547
140    40.5657
141    53.2104
142    64.501
121 9.64736  1
174    64.4763
122 10.1875  1
144    59.4325
123 11.9515  1
175    58.5829
124 7.71157  2
143    41.3704
175    53.2196
125 13.8665  1
225    0
126 13.9654  1
225    0
127 14.2883  1
147    62.4273
128 5.34242  1
225    0
129 6.1298  1
175    55.5716
130 8.70098  2
144    49.4099
193    43.0816
131 7.09723  3
133    39.1859
175    58.9427
193    64.501
132 11.8603  1
225    0
133 7.41371  1
225    0
134 12.8939  1
156    53.8211
135 10.7894  2
143    59.9736
174    52.3681
136 13.9169  1
225    0
137 14.1299  1
225    0
138 14.8254  1
175    52.0449
139 7.09632  1
178    46.2394
140 11.8572  1
225    0
141 7.40364  1
193    55.838
142 12.861  1
145    58.6671
143 10.6816  1
225    0
144 13.565  1
147    64.599
145 12.9809  1
175    64.5312
146 11.0732  1
225    0
147 14.8437  1
225    0
148 7.15613  1
225    0
149 12.0525  1
225    0
150 8.04147  1
225    0
151 14.9438  1
225    0
152 7.48299  1
177    42.449
153 13.1201  3
158    54.3118
159    38.0973
160    45.1498
154 11.5276  1
225    0
155 6.32756  1
225    0
156 9.34675  1
225    0
157 9.20606  1
178    57.0338
158 8.74645  1
225    0
159 7.24555  1
225    0
160 12.3446  3
180    44.1766
181    35.0009
190    53.3166
161 8.99548  1
225    0
162 8.05887  1
225    0
163 5.00031  1
225    0
164 5.01251  1
225    0
165 5.05249  1
174    58.6818
166 5.18311  9
194    61.0109
195    59.9736
196    56.586
197    45.5243
198    39.402
199    49.4099
200    52.0907
201    60.8452
202    59.4325
167 5.60945  1
174    62.3898
168 7.00171  1
225    0
169 11.5484  1
225    0
170 6.39531  1
178    47.6182
171 9.56801  1
225    0
172 9.92843  1
174    41.2889
173 11.1055  1
176    64.8315
174 14.9493  1
225    0
175 7.50099  1
225    0
176 13.179  1
225    0
177 11.7202  1
225    0
178 6.95624  1
225    0
179 11.3997  2
190    49.7853
192    40.5657
180 5.90976  1
225    0
181 7.98257  1
225    0
182 14.7516  6
213    52.3196
214    61.5923
215    61.8725
216    62.7871
217    35.7727
218    37.5581
183 6.85522  1
225    0
184 11.0701  1
225    0
185 14.8337  1
225    0
186 7.12348  1
225    0
187 11.946  1
225    0
188 7.69387  1
225    0
189 13.8086  1
225    0
190 13.7762  1
225    0
191 13.6703  1
225    0
192 13.3245  1
225    0
193 12.1953  1
225    0
194 8.5081  1
225    0
195 6.46733  1
225    0
196 9.80331  1
225    0
197 10.6969  1
225    0
198 13.6151  1
225    0
199 13.1442  1
225    0
200 11.6063  1
225    0
201 6.58452  1
225    0
202 10.186  1
225    0
203 11.9466  1
225    0
204 7.6957  1
225    0
205 13.8147  1
225    0
206 13.796  1
225    0
207 13.7353  1
225    0
208 13.5369  1
225    0
209 12.889  1
225    0
210 10.7732  1
225    0
211 13.8641  1
225    0
212 13.9575  1
225    0
213 14.2624  1
225    0
214 5.25758  1
225    0
215 5.85269  1
225    0
216 7.79611  1
225    0
217 14.1424  6
219    43.3883
220    62.4273
221    64.599
222    41.69
223    56.8818
224    46.4893
218 14.8663  1
225    0
219 7.22999  1
225    0
220 12.2939  1
225    0
221 8.82977  1
225    0
222 7.51778  1
225    0
223 13.2336  1
225    0
224 11.8984  1
225    0
225 0  0
