50
0 13.796  4
1    0.968917
10    1.11162
11    0.844218
12    1.06439
1 13.7353  8
2    0.978841
3    1.01125
4    1.11709
5    0.862694
6    1.23199
7    1.23793
11    1.24779
12    1.29663
2 13.5369  1
11    1.04736
3 12.889  3
8    1.2573
11    0.825779
12    1.17885
4 10.7732  3
8    0.922059
11    1.17364
12    1.2139
5 13.8641  2
8    0.720545
12    1.12315
6 13.9575  3
11    1.17166
12    0.882488
24    0.700751
7 14.2624  2
8    0.767788
11    1.23501
8 5.25758  3
9    0.825834
11    1.28953
12    0.829368
9 5.85269  1
11    0.844823
10 7.79611  2
11    1.11143
12    1.29062
11 14.1424  1
12    1.0409
12 14.8663  9
13    0.848979
14    1.1872
15    1.09166
16    0.779653
17    0.960805
18    0.952364
19    0.924787
20    0.834733
21    1.14068
13 7.22999  2
22    0.939729
23    0.883532
14 12.2939  1
49    0
15 8.82977  4
43    1.29002
44    0.827409
45    1.11676
46    0.861632
16 7.51778  1
24    0.710987
17 13.2336  1
24    0.703149
18 11.8984  1
24    0.700018
19 7.53822  1
49    0
20 13.3004  8
25    0.736567
26    0.820103
27    1.0929
28    0.783718
29    0.974081
30    0.995706
31    1.06633
32    1.29696
21 12.1166  10
33    0.85006
34    1.19074
35    1.10321
36    0.817374
37    1.08398
38    0.754585
39    0.878954
40    1.28509
41    0.811313
42    1.06421
22 8.25083  1
49    0
23 5.62716  1
49    0
24 7.05969  1
49    0
25 11.7379  1
49    0
26 7.01422  1
49    0
27 11.5893  1
49    0
28 6.52867  1
49    0
29 10.0035  1
49    0
30 11.3506  1
49    0
31 5.74953  1
49    0
32 7.45918  1
49    0
33 13.0422  1
49    0
34 11.2737  1
49    0
35 5.49837  1
49    0
36 6.63915  1
49    0
37 10.3645  1
49    0
38 12.5295  1
49    0
39 9.59914  1
49    0
40 10.0301  1
49    0
41 11.4373  2
47    1.22851
48    1.22657
42 6.03244  1
49    0
43 8.38328  1
49    0
44 6.0596  1
49    0
45 8.47179  1
49    0
46 6.34861  1
49    0
47 9.41572  1
49    0
48 9.43129  1
49    0
49 0  0
