221
0 13.9654  5
1    12.3185
5    7.51161
28    7.61946
65    10.6421
76    12.5574
1 14.2883  6
2    12.3745
3    12.5574
4    7.15455
5    12.4855
22    10.7642
33    9.22059
2 5.34242  8
6    8.33799
7    11.3764
8    9.29786
9    8.51067
10    11.9402
11    11.139
28    9.02997
78    8.9505
3 6.1298  7
5    12.9198
22    7.29902
29    9.08307
33    7.20545
34    8.25779
35    8.44218
175    8.62694
4 8.70098  2
5    8.67766
35    11.2315
5 7.09723  5
22    7.98349
28    7.63576
105    8.25834
137    8.27409
187    8.17374
6 11.8603  4
30    11.1709
31    8.62694
32    12.3199
200    11.0427
7 7.41371  4
22    7.44972
78    11.9402
168    7.61946
213    8.62694
8 12.8939  5
22    8.47551
29    10.1125
105    12.8953
178    8.44823
179    12.9062
9 10.7894  5
22    10.0021
29    7.80917
34    12.3501
72    7.8804
80    7.9172
10 13.9169  10
12    8.52293
13    11.9803
14    11.27
15    8.9505
16    7.37629
17    8.23582
18    11.0427
19    8.20853
20    10.9536
21    7.9172
11 14.1299  5
35    12.139
42    9.60805
150    8.67766
168    11.5177
195    10.4181
12 14.8254  7
22    10.8104
33    7.67788
72    9.10486
75    12.3745
78    8.52293
198    9.29786
201    10.0021
13 7.09632  3
22    11.8253
29    9.68917
73    10.1116
14 11.8572  2
34    11.1143
197    10.4639
15 7.40364  1
220    0
16 12.861  1
188    10.6421
17 10.6816  1
29    9.65877
18 13.565  1
35    11.7885
19 12.9809  3
78    11.27
106    10.409
167    11.8253
20 11.0732  4
26    10.018
27    10.8624
34    12.8953
80    10.8104
21 14.8437  6
23    10.2187
24    11.5177
25    9.75948
65    12.9002
72    10.4181
77    12.4855
22 7.15613  3
35    12.9062
73    7.95071
179    10.6439
23 12.0525  4
29    9.78841
33    8.44823
34    11.7364
131    8.17374
24 8.04147  2
33    12.3793
178    12.478
25 14.9438  6
29    9.64943
35    10.409
65    11.1676
73    11.168
78    11.9803
137    12.9002
26 7.48299  6
36    8.82488
37    12.9663
38    8.48979
39    11.872
40    10.9166
41    7.79653
27 13.1201  3
34    12.478
35    10.6439
75    11.7334
28 11.5276  4
33    8.25834
35    8.29368
75    12.3185
106    8.44218
29 6.32756  2
33    11.1162
175    12.573
30 9.34675  6
33    12.573
34    10.4736
65    8.11313
78    11.139
180    9.60805
202    10.018
31 9.20606  2
35    11.7166
75    12.1222
32 8.74645  3
75    10.4639
178    10.4736
184    9.95706
33 7.24555  6
51    7.10987
52    7.36567
53    8.20103
54    10.929
55    7.83718
56    9.74081
34 12.3446  10
108    12.9663
109    8.48979
110    11.872
111    10.9166
112    7.79653
113    9.60805
114    9.52364
115    9.24787
116    8.34733
137    12.2851
35 8.99548  2
65    7.54585
77    11.3764
36 8.05887  4
42    9.52364
77    12.9198
103    12.3793
137    12.2657
37 5.00031  9
57    9.95706
58    10.6633
59    12.9696
60    8.5006
61    11.9074
62    11.0321
63    8.17374
75    12.2412
137    11.1676
38 5.01251  2
79    7.37629
168    10.2187
39 5.05249  10
66    8.61632
67    12.2851
68    12.2657
69    12.2022
70    11.9947
71    11.3172
73    12.2888
107    8.29368
149    12.3185
178    8.25779
40 5.18311  10
43    9.24787
44    8.34733
45    11.4068
46    9.39729
47    8.83532
48    7.00018
49    7.00751
50    7.0315
106    12.9062
195    9.10486
41 5.60945  2
80    8.20853
167    10.9536
42 7.00171  1
220    0
43 11.5484  2
105    10.4736
178    11.1143
44 6.39531  4
65    8.78954
78    9.29786
167    10.7642
168    9.08307
45 9.56801  1
220    0
46 9.92843  3
131    11.0321
150    12.5574
198    8.33799
47 11.1055  3
64    10.8398
76    8.67766
80    11.0427
48 14.9493  1
220    0
49 7.50099  5
117    11.4068
118    9.39729
119    8.83532
120    7.00018
121    7.00751
50 13.179  4
72    12.169
78    8.51067
105    12.478
213    11.1709
51 11.7202  3
181    8.34733
182    11.4068
183    8.83532
52 6.95624  2
73    8.61742
197    7.15455
53 11.3997  2
74    12.2776
80    10.0021
54 5.90976  2
105    8.44823
202    9.75948
55 7.98257  1
179    8.29368
56 14.7516  3
65    8.27409
131    11.9074
149    12.2776
57 6.85522  1
220    0
58 11.0701  3
188    12.9002
196    8.61742
213    10.1125
59 14.8337  3
77    8.33799
168    9.02997
197    12.3185
60 7.12348  1
150    7.51161
61 11.946  10
87    10.2187
88    11.5177
89    9.75948
90    10.018
91    10.8624
92    7.61946
93    9.02997
94    7.63576
95    9.08307
96    7.80917
62 7.69387  2
148    8.61742
149    12.2888
63 13.8086  2
65    12.8509
105    8.25779
64 13.7762  3
80    10.9536
149    12.2412
197    8.67766
65 13.6703  3
81    7.44972
82    8.47551
180    10.9166
66 13.3245  1
202    10.7642
67 12.1953  3
76    7.51161
105    11.1162
106    10.6439
68 8.5081  3
79    8.23582
106    12.139
188    8.78954
69 6.46733  2
76    7.15455
179    11.7885
70 9.80331  3
106    11.7166
197    12.9198
201    10.9536
71 10.6969  4
72    9.88198
73    11.8865
105    11.7364
177    8.25834
72 13.6151  2
73    10.9638
201    8.47551
73 13.1442  2
106    11.7885
188    7.54585
74 11.6063  5
83    11.8253
84    10.7642
85    7.29902
86    7.98349
103    8.62694
75 6.58452  1
183    7.00751
76 10.186  2
105    12.3501
175    12.3199
77 11.9466  1
220    0
78 7.6957  3
107    11.2315
180    9.24787
196    10.1116
79 13.8147  5
137    11.3172
168    9.75948
179    8.82488
195    11.9947
197    12.4855
80 13.796  7
97    9.64943
98    9.65877
99    9.68917
100    9.78841
101    10.1125
102    11.1709
168    7.63576
81 13.7353  1
149    12.1222
82 13.5369  2
105    11.1143
131    8.5006
83 12.889  1
220    0
84 10.7732  2
185    8.5006
186    11.9074
85 13.8641  3
107    8.82488
195    10.9638
196    12.2888
86 13.9575  1
188    8.11313
87 14.2624  1
220    0
88 5.25758  1
179    12.9663
89 5.85269  1
104    7.67788
90 7.79611  4
149    11.7334
175    7.20545
177    11.1162
178    12.8953
91 14.1424  2
183    8.20103
198    11.3764
92 14.8663  1
104    12.573
93 7.22999  3
103    12.3199
137    11.9947
167    7.44972
94 12.2939  2
175    7.67788
201    10.8104
95 8.82977  1
199    11.27
96 7.51778  2
104    9.22059
167    10.0021
97 13.2336  1
201    8.20853
98 11.8984  2
137    8.61632
187    10.8398
99 7.53822  7
132    10.8398
133    7.54585
134    8.78954
135    12.8509
136    8.11313
175    12.3793
184    10.6633
100 13.3004  3
104    7.20545
197    12.3745
202    11.5177
101 12.1166  6
189    8.27409
190    11.1676
191    8.61632
192    12.2851
193    12.2657
194    12.2022
102 8.25083  1
167    8.47551
103 5.62716  5
122    7.0315
123    7.10987
124    7.36567
125    8.20103
126    10.929
104 7.05969  1
199    11.9803
105 11.7379  1
183    7.10987
106 7.01422  1
220    0
107 11.5893  2
131    12.9696
150    12.3745
108 6.52867  1
168    10.018
109 10.0035  1
176    9.22059
110 11.3506  1
220    0
111 5.74953  2
150    7.15455
183    7.0315
112 7.45918  1
220    0
113 13.0422  9
151    12.4855
152    12.9198
153    8.33799
154    11.3764
155    9.29786
156    8.51067
157    11.9402
158    11.139
183    7.36567
114 11.2737  1
183    10.929
115 5.49837  1
220    0
116 6.63915  1
220    0
117 10.3645  2
180    11.872
201    7.44972
118 12.5295  1
220    0
119 9.59914  4
127    7.83718
128    9.74081
129    9.95706
130    10.6633
120 10.0301  1
220    0
121 11.4373  1
197    12.5574
122 6.03244  1
202    11.8253
123 8.38328  10
138    9.10486
139    7.8804
140    9.88198
141    10.4181
142    12.169
143    11.8865
144    10.9638
145    7.95071
146    10.1116
147    11.168
124 6.0596  1
183    7.00018
125 8.47179  1
220    0
126 6.34861  2
187    11.0321
202    7.98349
127 9.41572  1
220    0
128 9.43129  2
137    10.6421
167    10.8104
129 9.48195  1
137    12.2022
130 9.64736  1
220    0
131 10.1875  2
149    10.4639
199    11.9402
132 11.9515  1
197    7.51161
133 7.71157  2
167    7.29902
196    12.2412
134 13.8665  1
220    0
135 13.9654  1
180    8.48979
136 14.2883  1
220    0
137 5.34242  1
199    8.51067
138 6.1298  1
220    0
139 8.70098  2
197    11.7334
199    7.37629
140 7.09723  6
214    12.3199
215    12.3793
216    12.573
217    7.20545
218    7.67788
219    9.22059
141 11.8603  1
183    9.39729
142 7.41371  9
159    8.52293
160    11.9803
161    11.27
162    8.9505
163    7.37629
164    8.23582
165    11.0427
166    8.20853
195    11.8865
143 12.8939  1
179    12.139
144 10.7894  4
167    7.9172
179    11.2315
196    11.168
199    8.23582
145 13.9169  1
196    12.1222
146 14.1299  1
220    0
147 14.8254  2
180    9.52364
196    12.2776
148 7.09632  1
220    0
149 11.8572  1
202    7.29902
150 7.40364  6
169    7.80917
170    9.64943
171    9.65877
172    9.68917
173    9.78841
174    10.1125
151 12.861  1
201    7.9172
152 10.6816  1
220    0
153 13.565  1
220    0
154 12.9809  2
168    10.8624
178    11.7166
155 11.0732  1
220    0
156 14.8437  7
203    10.8624
204    7.61946
205    9.02997
206    7.63576
207    9.08307
208    7.80917
209    9.64943
157 7.15613  1
188    12.8509
158 12.0525  1
220    0
159 8.04147  1
184    12.9696
160 14.9438  2
178    11.7364
195    7.8804
161 7.48299  1
180    7.79653
162 13.1201  1
220    0
163 11.5276  1
220    0
164 6.32756  1
168    7.98349
165 9.34675  1
178    12.3501
166 9.20606  1
199    8.9505
167 8.74645  2
184    7.83718
202    10.2187
168 7.24555  1
184    9.74081
169 12.3446  1
220    0
170 8.99548  1
220    0
171 8.05887  1
220    0
172 5.00031  1
196    7.95071
173 5.01251  2
175    11.1709
178    8.44218
174 5.05249  1
179    10.409
175 5.18311  1
220    0
176 5.60945  1
195    9.88198
177 7.00171  1
220    0
178 11.5484  1
220    0
179 6.39531  1
220    0
180 9.56801  1
220    0
181 9.92843  1
220    0
182 11.1055  1
220    0
183 14.9493  1
220    0
184 7.50099  1
220    0
185 13.179  1
220    0
186 11.7202  1
195    12.169
187 6.95624  1
220    0
188 11.3997  1
199    11.139
189 5.90976  1
220    0
190 7.98257  1
220    0
191 14.7516  1
220    0
192 6.85522  1
199    8.52293
193 11.0701  1
195    11.3172
194 14.8337  1
220    0
195 7.12348  1
220    0
196 11.946  1
220    0
197 7.69387  1
220    0
198 13.8086  1
220    0
199 13.7762  3
210    9.65877
211    9.68917
212    9.78841
200 13.6703  1
220    0
201 13.3245  1
220    0
202 12.1953  1
220    0
203 8.5081  1
220    0
204 6.46733  1
220    0
205 9.80331  1
220    0
206 10.6969  1
220    0
207 13.6151  1
220    0
208 13.1442  1
220    0
209 11.6063  1
220    0
210 6.58452  1
220    0
211 10.186  1
220    0
212 11.9466  1
220    0
213 7.6957  1
220    0
214 13.8147  1
220    0
215 13.796  1
220    0
216 13.7353  1
220    0
217 13.5369  1
220    0
218 12.889  1
220    0
219 10.7732  1
220    0
220 0  0
