190
0 13.9575  10
1    0.825834
2    1.11162
3    0.844823
4    1.17364
5    1.04736
6    1.23501
7    1.24779
11    0.960805
19    0.700751
20    0.783718
1 14.2624  5
7    1.28953
11    0.848979
20    0.820103
47    0.852293
49    1.15177
2 5.25758  4
7    1.0409
11    1.1872
33    1.06421
49    1.07642
3 5.85269  3
7    1.11143
11    1.12315
20    0.710987
4 7.79611  4
7    1.17166
20    0.736567
49    0.729902
120    1.22776
5 14.1424  4
7    0.844218
11    1.29062
143    1.10427
165    1.23199
6 14.8663  8
7    0.825779
11    0.779653
34    1.11676
35    0.910486
44    1.23185
48    0.79172
49    0.798349
164    1.01125
7 7.22999  8
8    1.2139
9    1.17885
10    1.06439
11    0.882488
20    1.0929
34    0.861632
47    1.19402
166    0.825834
8 12.2939  2
11    1.29663
44    1.22776
9 8.82977  4
11    0.829368
34    1.22022
35    0.988198
44    1.22412
10 7.51778  2
11    1.09166
47    1.1139
11 13.2336  8
12    0.952364
13    0.924787
14    0.834733
15    1.14068
16    0.939729
17    0.883532
18    0.700018
49    1.0018
12 11.8984  3
34    1.22851
35    0.78804
48    0.737629
13 7.53822  1
20    0.703149
14 13.3004  8
21    0.974081
22    0.995706
23    1.06633
24    1.29696
25    0.85006
35    1.13172
81    0.882488
166    1.23793
15 12.1166  4
35    1.04181
44    1.25574
45    1.24855
48    1.09536
16 8.25083  1
189    0
17 5.62716  1
34    1.22657
18 7.05969  4
44    0.715455
50    0.761946
87    0.700018
120    1.22412
19 11.7379  3
44    1.17334
45    0.833799
63    0.922059
20 7.01422  4
44    1.23745
49    1.08624
62    1.2573
87    0.700751
21 11.5893  1
189    0
22 6.52867  3
48    0.820853
87    0.883532
166    0.922059
23 10.0035  8
26    1.19074
27    1.10321
28    0.817374
29    1.08398
30    0.754585
31    0.878954
32    1.28509
48    0.744972
24 11.3506  1
45    1.29198
25 5.74953  6
33    0.811313
34    0.827409
44    1.04639
45    1.13764
46    0.851067
47    0.89505
26 7.45918  1
189    0
27 13.0422  3
45    0.867766
51    0.763576
81    0.779653
28 11.2737  9
36    1.2169
37    1.18865
38    1.09638
39    0.795071
40    1.01116
41    1.1168
42    0.861742
43    1.22888
48    1.08104
29 5.49837  1
87    0.783718
30 6.63915  2
34    1.19947
81    1.29663
31 10.3645  1
87    0.820103
32 12.5295  1
33    1.29002
33 9.59914  2
45    0.751161
51    0.902997
34 10.0301  1
189    0
35 11.4373  4
44    1.21222
48    0.823582
144    1.00021
166    0.844823
36 6.03244  10
70    1.28953
71    0.825779
72    1.11143
73    0.844218
74    1.17166
75    1.0409
76    1.2139
77    1.17885
78    1.06439
79    1.29062
37 8.38328  1
47    1.127
38 6.0596  1
48    1.00021
39 8.47179  2
47    1.19803
49    0.975948
40 6.34861  3
46    0.929786
48    1.10427
119    1.1168
41 9.41572  1
189    0
42 9.43129  3
49    1.02187
51    0.908307
87    0.736567
43 9.48195  7
64    1.11162
65    0.844823
66    1.17364
67    1.04736
68    1.23501
69    1.24779
81    1.09166
44 9.64736  10
52    0.780917
53    0.964943
54    0.965877
55    0.968917
56    0.978841
57    1.01125
58    1.11709
59    0.862694
60    1.23199
61    1.23793
45 10.1875  1
49    0.847551
46 11.9515  1
143    0.820853
47 7.71157  1
49    1.18253
48 13.8665  2
177    1.2139
178    1.17885
49 13.9654  1
189    0
50 14.2883  1
81    1.12315
51 5.34242  6
82    0.952364
83    0.924787
84    0.834733
85    1.14068
86    0.939729
87    1.0929
52 6.1298  1
63    0.825834
53 8.70098  1
189    0
54 7.09723  1
189    0
55 11.8603  9
155    0.761946
156    0.902997
157    0.763576
158    0.908307
159    0.780917
160    0.964943
161    0.965877
162    0.968917
163    0.978841
56 7.41371  1
63    0.767788
57 12.8939  3
62    0.720545
81    1.1872
119    1.22888
58 10.7894  2
87    0.703149
166    0.720545
59 13.9169  1
179    0.829368
60 14.1299  1
189    0
61 14.8254  1
189    0
62 7.09632  1
189    0
63 11.8572  1
189    0
64 7.40364  1
81    0.848979
65 12.861  1
142    0.737629
66 10.6816  1
80    0.829368
67 13.565  1
189    0
68 12.9809  1
189    0
69 11.0732  1
189    0
70 14.8437  1
189    0
71 7.15613  1
119    0.861742
72 12.0525  1
166    1.2573
73 8.04147  1
189    0
74 14.9438  1
189    0
75 7.48299  9
88    0.974081
89    0.995706
90    1.06633
91    1.29696
92    0.85006
93    1.19074
94    1.10321
95    0.817374
96    1.08398
76 13.1201  1
189    0
77 11.5276  1
143    0.79172
78 6.32756  1
189    0
79 9.34675  2
81    0.960805
179    1.06439
80 9.20606  1
143    0.823582
81 8.74645  8
134    0.929786
135    0.851067
136    1.19402
137    1.1139
138    0.852293
139    1.19803
140    1.127
141    0.89505
82 7.24555  1
189    0
83 12.3446  1
87    0.710987
84 8.99548  1
189    0
85 8.05887  9
110    1.13172
111    0.910486
112    0.78804
113    0.988198
114    1.04181
115    1.2169
116    1.18865
117    1.09638
118    0.795071
86 5.00031  1
189    0
87 5.01251  1
189    0
88 5.05249  1
189    0
89 5.18311  1
189    0
90 5.60945  1
145    1.08104
91 7.00171  5
129    0.867766
130    1.24855
131    1.29198
132    0.833799
133    1.13764
92 11.5484  5
125    1.23745
126    1.25574
127    0.715455
128    0.751161
143    1.09536
93 6.39531  1
189    0
94 9.56801  6
97    0.754585
98    0.878954
99    1.28509
100    0.811313
101    1.06421
102    1.29002
95 9.92843  7
103    0.827409
104    1.11676
105    0.861632
106    1.22851
107    1.22657
108    1.22022
109    1.19947
96 11.1055  1
189    0
97 14.9493  1
189    0
98 7.50099  4
121    1.21222
122    1.17334
123    1.04639
124    1.23185
99 13.179  1
189    0
100 11.7202  1
189    0
101 6.95624  1
189    0
102 11.3997  1
189    0
103 5.90976  1
189    0
104 7.98257  1
189    0
105 14.7516  1
189    0
106 6.85522  1
189    0
107 11.0701  1
189    0
108 14.8337  1
189    0
109 7.12348  1
189    0
110 11.946  1
119    1.01116
111 7.69387  1
189    0
112 13.8086  1
165    0.862694
113 13.7762  1
189    0
114 13.6703  1
189    0
115 13.3245  1
189    0
116 12.1953  1
145    0.847551
117 8.5081  1
189    0
118 6.46733  1
189    0
119 9.80331  1
189    0
120 10.6969  1
189    0
121 13.6151  1
189    0
122 13.1442  1
145    0.744972
123 11.6063  9
146    1.18253
147    1.07642
148    0.729902
149    0.798349
150    1.02187
151    1.15177
152    0.975948
153    1.0018
154    1.08624
124 6.58452  1
189    0
125 10.186  1
189    0
126 11.9466  10
167    1.17364
168    1.04736
169    1.23501
170    1.24779
171    1.28953
172    0.825779
173    1.11143
174    0.844218
175    1.17166
176    1.0409
127 7.6957  1
189    0
128 13.8147  1
189    0
129 13.796  1
189    0
130 13.7353  1
189    0
131 13.5369  1
189    0
132 12.889  1
164    1.11709
133 10.7732  1
189    0
134 13.8641  1
189    0
135 13.9575  1
189    0
136 14.2624  1
189    0
137 5.25758  1
189    0
138 5.85269  1
189    0
139 7.79611  1
189    0
140 14.1424  1
189    0
141 14.8663  1
166    1.11162
142 7.22999  1
189    0
143 12.2939  1
189    0
144 8.82977  1
189    0
145 7.51778  1
189    0
146 13.2336  1
189    0
147 11.8984  1
189    0
148 7.53822  1
189    0
149 13.3004  1
189    0
150 12.1166  1
189    0
151 8.25083  1
166    0.767788
152 5.62716  1
189    0
153 7.05969  1
189    0
154 11.7379  1
189    0
155 7.01422  1
189    0
156 11.5893  1
189    0
157 6.52867  1
179    1.29062
158 10.0035  1
189    0
159 11.3506  1
189    0
160 5.74953  1
189    0
161 7.45918  1
189    0
162 13.0422  1
189    0
163 11.2737  1
189    0
164 5.49837  1
189    0
165 6.63915  1
189    0
166 10.3645  1
189    0
167 12.5295  1
189    0
168 9.59914  1
189    0
169 10.0301  1
189    0
170 11.4373  1
189    0
171 6.03244  9
180    1.12315
181    0.882488
182    1.29663
183    0.848979
184    1.1872
185    1.09166
186    0.779653
187    0.960805
188    0.952364
172 8.38328  1
189    0
173 6.0596  1
189    0
174 8.47179  1
189    0
175 6.34861  1
189    0
176 9.41572  1
189    0
177 9.43129  1
189    0
178 9.48195  1
189    0
179 9.64736  1
189    0
180 10.1875  1
189    0
181 11.9515  1
189    0
182 7.71157  1
189    0
183 13.8665  1
189    0
184 13.9654  1
189    0
185 14.2883  1
189    0
186 5.34242  1
189    0
187 6.1298  1
189    0
188 8.70098  1
189    0
189 0  0
