115
0 14.7516  3
1    46.9865
2    44.1766
84    56.1576
1 6.85522  2
15    55.1605
38    42.6147
2 11.0701  10
3    35.0009
4    35.0375
5    35.1575
6    35.5493
7    36.8284
8    41.0051
9    54.6451
10    39.1859
11    48.704
15    40.5657
3 14.8337  1
15    64.2547
4 7.12348  2
15    37.7293
30    58.6671
5 11.946  4
12    49.7853
13    53.3166
14    64.848
15    59.5369
6 7.69387  4
15    40.8687
20    61.4257
28    61.3881
29    60.6108
7 13.8086  5
16    64.501
17    41.3704
18    55.838
28    61.444
38    59.9013
8 13.7762  2
15    54.1992
28    60.8452
9 13.6703  1
19    43.0816
10 13.3245  2
15    53.2104
48    36.4951
11 12.1953  2
15    42.503
28    59.4325
12 8.5081  1
28    39.7536
13 6.46733  1
30    43.3883
14 9.80331  2
15    43.9477
28    50.558
15 10.6969  9
21    61.3286
22    61.0109
23    59.9736
24    56.586
25    45.5243
26    39.402
27    49.4099
83    42.2109
84    64.5312
16 13.6151  7
31    64.599
32    41.69
33    56.8818
34    46.4893
35    42.5533
36    59.7008
37    55.6952
17 13.1442  4
67    61.5996
68    61.8963
69    62.8649
70    36.0273
18 11.6063  1
30    62.4273
19 6.58452  2
28    43.0871
30    52.3196
20 10.186  2
30    61.8725
47    54.0518
21 11.9466  3
28    55.8399
29    61.2059
30    61.5923
22 7.6957  1
38    56.3498
23 13.8147  2
30    35.7727
48    42.3775
24 13.796  1
30    37.5581
25 13.7353  2
28    52.0907
48    53.8211
26 13.5369  1
28    54.819
27 12.889  2
30    62.7871
48    59.1267
28 10.7732  1
114    0
29 13.8641  8
49    39.9174
50    51.0936
51    57.5886
52    48.7974
53    50.0902
54    54.3118
55    38.0973
56    45.1498
30 13.9575  1
114    0
31 14.2624  1
48    37.2486
32 5.25758  1
114    0
33 5.85269  1
83    52.0449
34 7.79611  8
39    44.7525
40    36.8815
41    41.1791
42    55.2136
43    41.0427
44    54.7678
45    39.586
46    50.0105
35 14.1424  1
114    0
36 14.8663  9
105    49.7853
106    53.3166
107    64.848
108    42.503
109    59.5369
110    55.1605
111    40.8687
112    54.1992
113    37.7293
37 7.22999  9
71    38.3894
72    46.1029
73    41.2917
74    55.5808
75    42.2411
76    58.6818
77    52.3681
78    61.7507
79    62.3898
38 12.2939  1
114    0
39 8.82977  1
114    0
40 7.51778  1
114    0
41 13.2336  1
114    0
42 11.8984  1
114    0
43 7.53822  1
114    0
44 13.3004  1
114    0
45 12.1166  1
114    0
46 8.25083  10
57    38.1788
58    45.4154
59    39.0458
60    48.2472
61    48.2939
62    48.4458
63    48.9421
64    50.5626
65    55.8545
66    43.1347
47 5.62716  1
114    0
48 7.05969  1
114    0
49 11.7379  1
114    0
50 7.01422  1
114    0
51 11.5893  1
114    0
52 6.52867  1
114    0
53 10.0035  1
114    0
54 11.3506  1
83    58.9427
55 5.74953  1
114    0
56 7.45918  3
80    64.4763
81    41.2889
82    55.5716
57 13.0422  1
114    0
58 11.2737  1
114    0
59 5.49837  4
85    44.1244
86    64.8315
87    42.449
88    59.3602
60 6.63915  1
84    53.2196
61 10.3645  1
114    0
62 12.5295  1
114    0
63 9.59914  1
114    0
64 10.0301  1
114    0
65 11.4373  1
99    35.1575
66 6.03244  1
114    0
67 8.38328  1
114    0
68 6.0596  1
83    58.5829
69 8.47179  1
114    0
70 6.34861  1
114    0
71 9.41572  1
114    0
72 9.43129  10
89    54.5828
90    38.9827
91    48.0403
92    47.6182
93    46.2394
94    41.7367
95    57.0338
96    46.9865
97    44.1766
98    35.0009
73 9.48195  1
114    0
74 9.64736  1
114    0
75 10.1875  1
114    0
76 11.9515  1
83    60.6951
77 7.71157  1
114    0
78 13.8665  1
114    0
79 13.9654  1
99    35.0375
80 14.2883  1
114    0
81 5.34242  1
114    0
82 6.1298  1
114    0
83 8.70098  1
84    41.4684
84 7.09723  1
114    0
85 11.8603  1
99    35.5493
86 7.41371  1
114    0
87 12.8939  1
114    0
88 10.7894  1
114    0
89 13.9169  1
114    0
90 14.1299  1
114    0
91 14.8254  1
114    0
92 7.09632  1
114    0
93 11.8572  5
100    36.8284
101    41.0051
102    54.6451
103    39.1859
104    48.704
94 7.40364  1
114    0
95 12.861  1
114    0
96 10.6816  1
114    0
97 13.565  1
114    0
98 12.9809  1
114    0
99 11.0732  1
114    0
100 14.8437  1
114    0
101 7.15613  1
114    0
102 12.0525  1
114    0
103 8.04147  1
114    0
104 14.9438  1
114    0
105 7.48299  1
114    0
106 13.1201  1
114    0
107 11.5276  1
114    0
108 6.32756  1
114    0
109 9.34675  1
114    0
110 9.20606  1
114    0
111 8.74645  1
114    0
112 7.24555  1
114    0
113 12.3446  1
114    0
114 0  0
