112
0 8.82977  5
1    5.20907
2    6.08452
3    5.4819
4    4.30871
5    6.1444
1 7.51778  5
2    5.94325
4    3.97536
5    6.06108
37    3.90458
38    4.89421
2 13.2336  3
4    5.58399
5    6.12059
39    6.28649
3 11.8984  5
4    5.0558
5    5.86671
33    5.38211
36    3.80973
37    4.54154
4 7.53822  3
5    6.13881
33    5.75886
39    6.15996
5 13.3004  7
6    5.23196
7    6.15923
8    6.18725
9    6.27871
10    3.57727
11    3.75581
12    4.33883
6 12.1166  1
111    0
7 8.25083  10
13    6.24273
14    6.4599
15    4.169
16    5.68818
17    4.64893
18    4.25533
19    5.97008
20    5.56952
21    4.26147
22    5.99013
8 5.62716  1
37    4.84458
9 7.05969  1
111    0
10 11.7379  1
111    0
11 7.01422  1
33    3.72486
12 11.5893  1
111    0
13 6.52867  1
111    0
14 10.0035  2
33    4.87974
38    5.05626
15 11.3506  1
33    3.99174
16 5.74953  8
43    4.12917
44    5.55808
45    4.22411
46    5.86818
47    5.23681
48    6.17507
49    6.23898
50    6.44763
17 7.45918  1
37    4.82472
18 13.0422  1
87    4.2503
19 11.2737  7
23    5.63498
24    4.47525
25    3.68815
26    4.11791
27    5.52136
28    4.10427
33    5.91267
20 5.49837  1
111    0
21 6.63915  1
111    0
22 10.3645  1
33    4.23775
23 12.5295  2
33    5.10936
37    3.81788
24 9.59914  4
29    5.47678
30    3.9586
31    5.00105
32    5.40518
25 10.0301  6
51    4.12889
52    5.55716
53    4.22109
54    5.85829
55    5.20449
56    6.06951
26 11.4373  3
40    3.60273
41    3.83894
42    4.61029
27 6.03244  2
34    5.00902
35    5.43118
28 8.38328  1
36    4.51498
29 6.0596  1
33    3.64951
30 8.47179  7
94    6.42547
95    4.05657
96    5.32104
97    6.4501
98    4.13704
99    5.5838
100    4.30816
31 6.34861  1
39    4.31347
32 9.41572  1
37    4.82939
33 9.43129  1
39    6.18963
34 9.48195  1
38    5.58545
35 9.64736  1
111    0
36 10.1875  1
111    0
37 11.9515  1
111    0
38 7.71157  1
111    0
39 13.8665  10
58    5.32196
59    6.45312
60    4.14684
61    5.61576
62    4.41244
63    6.48315
64    4.2449
65    5.93602
66    5.45828
67    3.89827
40 13.9654  1
57    5.89427
41 14.2883  1
111    0
42 5.34242  1
111    0
43 6.1298  1
111    0
44 8.70098  1
111    0
45 7.09723  1
111    0
46 11.8603  1
111    0
47 7.41371  1
111    0
48 12.8939  1
111    0
49 10.7894  1
111    0
50 13.9169  1
111    0
51 14.1299  3
88    5.95369
89    5.51605
90    4.08687
52 14.8254  1
111    0
53 7.09632  1
111    0
54 11.8572  10
101    6.14257
102    6.13286
103    6.10109
104    5.99736
105    5.6586
106    4.55243
107    3.9402
108    4.94099
109    5.20907
110    6.08452
55 7.40364  1
111    0
56 12.861  6
81    5.46451
82    3.91859
83    4.8704
84    4.97853
85    5.33166
86    6.4848
57 10.6816  1
111    0
58 13.565  1
111    0
59 12.9809  1
111    0
60 11.0732  1
111    0
61 14.8437  1
111    0
62 7.15613  9
72    5.70338
73    4.69865
74    4.41766
75    3.50009
76    3.50375
77    3.51575
78    3.55493
79    3.68284
80    4.10051
63 12.0525  1
111    0
64 8.04147  4
68    4.80403
69    4.76182
70    4.62394
71    4.17367
65 14.9438  1
111    0
66 7.48299  1
111    0
67 13.1201  1
111    0
68 11.5276  1
111    0
69 6.32756  1
111    0
70 9.34675  1
111    0
71 9.20606  1
111    0
72 8.74645  3
91    5.41992
92    3.77293
93    4.39477
73 7.24555  1
111    0
74 12.3446  1
111    0
75 8.99548  1
111    0
76 8.05887  1
111    0
77 5.00031  1
111    0
78 5.01251  1
111    0
79 5.05249  1
111    0
80 5.18311  1
111    0
81 5.60945  1
111    0
82 7.00171  1
111    0
83 11.5484  1
111    0
84 6.39531  1
111    0
85 9.56801  1
111    0
86 9.92843  1
111    0
87 11.1055  1
111    0
88 14.9493  1
111    0
89 7.50099  1
111    0
90 13.179  1
111    0
91 11.7202  1
111    0
92 6.95624  1
111    0
93 11.3997  1
111    0
94 5.90976  1
111    0
95 7.98257  1
111    0
96 14.7516  1
111    0
97 6.85522  1
111    0
98 11.0701  1
111    0
99 14.8337  1
111    0
100 7.12348  1
111    0
101 11.946  1
111    0
102 7.69387  1
111    0
103 13.8086  1
111    0
104 13.7762  1
111    0
105 13.6703  1
111    0
106 13.3245  1
111    0
107 12.1953  1
111    0
108 8.5081  1
111    0
109 6.46733  1
111    0
110 9.80331  1
111    0
111 0  0
