86
0 11.8603  9
1    6.24273
2    6.4599
3    4.169
4    5.68818
5    4.64893
6    4.25533
7    5.97008
16    5.91267
37    4.12889
1 7.41371  3
36    5.23681
57    3.9402
62    3.57727
2 12.8939  4
17    3.64951
18    3.99174
19    5.10936
20    5.75886
3 10.7894  3
21    5.43118
45    3.50375
66    5.97008
4 13.9169  2
56    4.30816
57    5.6586
5 14.1299  6
8    5.56952
9    4.26147
10    5.99013
11    5.63498
12    4.47525
13    3.68815
6 14.8254  4
16    5.40518
21    4.54154
37    4.14684
45    5.70338
7 7.09632  3
16    3.72486
55    5.32104
58    3.97536
8 11.8572  4
14    4.11791
15    5.52136
16    5.47678
21    3.81788
9 7.40364  4
21    3.80973
35    5.55808
62    3.75581
66    5.63498
10 12.861  3
16    4.23775
35    4.22411
45    4.17367
11 10.6816  1
57    4.94099
12 13.565  5
16    3.9586
21    5.00902
37    5.32196
45    4.76182
55    5.51605
13 12.9809  5
16    4.10427
36    6.23898
37    4.22109
45    3.50009
56    5.5838
14 11.0732  3
16    5.38211
37    6.45312
56    4.13704
15 14.8437  5
16    5.00105
21    4.87974
35    4.12917
37    5.85829
56    6.4501
16 7.15613  1
85    0
17 12.0525  6
22    3.90458
23    4.82472
24    4.82939
35    4.61029
37    5.20449
58    5.94325
18 8.04147  2
57    4.55243
66    5.99013
19 14.9438  3
21    4.51498
55    4.05657
66    4.25533
20 7.48299  3
63    6.24273
64    6.4599
65    4.169
21 13.1201  1
56    6.13286
22 11.5276  7
38    5.61576
39    4.41244
40    6.48315
41    4.2449
42    5.93602
43    5.45828
55    6.42547
23 6.32756  10
25    4.84458
26    4.89421
27    5.05626
28    5.58545
29    4.31347
30    6.15996
31    6.18963
32    6.28649
33    3.60273
34    3.83894
24 9.34675  2
36    6.17507
45    4.41766
25 9.20606  2
55    3.77293
56    6.14257
26 8.74645  10
47    3.68284
48    4.10051
49    5.46451
50    3.91859
51    4.8704
52    4.97853
53    5.33166
54    6.4848
57    5.20907
62    4.33883
27 7.24555  2
35    5.86818
45    4.69865
28 12.3446  1
85    0
29 8.99548  4
36    6.44763
37    5.55716
58    6.08452
62    6.27871
30 8.05887  2
37    6.06951
45    4.80403
31 5.00031  2
55    5.41992
66    4.26147
32 5.01251  1
85    0
33 5.05249  1
46    3.55493
34 5.18311  2
37    5.89427
58    5.0558
35 5.60945  4
45    4.62394
55    5.95369
66    5.56952
75    3.72486
36 7.00171  1
62    6.18725
37 11.5484  2
55    4.39477
58    6.1444
38 6.39531  1
85    0
39 9.56801  3
55    4.2503
58    5.4819
62    5.23196
40 9.92843  1
85    0
41 11.1055  1
45    3.51575
42 14.9493  1
85    0
43 7.50099  1
44    3.89827
44 13.179  8
67    3.68815
68    4.11791
69    5.52136
70    4.10427
71    5.47678
72    3.9586
73    5.00105
74    5.40518
45 11.7202  1
56    6.10109
46 6.95624  2
58    5.58399
62    6.15923
47 11.3997  1
55    4.08687
48 5.90976  1
85    0
49 7.98257  1
61    6.06108
50 14.7516  1
85    0
51 6.85522  1
57    5.99736
52 11.0701  1
85    0
53 14.8337  1
66    4.64893
54 7.12348  1
58    4.30871
55 11.946  2
59    6.13881
60    6.12059
56 7.69387  1
66    5.68818
57 13.8086  1
62    5.86671
58 13.7762  1
85    0
59 13.6703  1
85    0
60 13.3245  1
66    4.47525
61 12.1953  1
85    0
62 8.5081  1
85    0
63 6.46733  1
85    0
64 9.80331  1
85    0
65 10.6969  1
85    0
66 13.6151  1
85    0
67 13.1442  1
85    0
68 11.6063  1
85    0
69 6.58452  2
77    5.91267
78    5.38211
70 10.186  1
85    0
71 11.9466  6
79    3.64951
80    3.99174
81    5.10936
82    5.75886
83    4.87974
84    5.00902
72 7.6957  1
85    0
73 13.8147  1
85    0
74 13.796  1
85    0
75 13.7353  1
76    4.23775
76 13.5369  1
85    0
77 12.889  1
85    0
78 10.7732  1
85    0
79 13.8641  1
85    0
80 13.9575  1
85    0
81 14.2624  1
85    0
82 5.25758  1
85    0
83 5.85269  1
85    0
84 7.79611  1
85    0
85 0  0
