92
0 5.62716  7
1    64.501
2    41.3704
3    55.838
4    43.0816
5    61.4257
20    61.444
22    61.8725
1 7.05969  10
7    61.0109
8    59.9736
9    56.586
10    45.5243
11    39.402
12    49.4099
13    52.0907
14    60.8452
15    59.4325
16    54.819
2 11.7379  1
91    0
3 7.01422  5
18    55.8399
19    43.0871
21    52.3196
22    56.8818
89    64.599
4 11.5893  3
6    61.3286
44    48.4458
73    39.1859
5 6.52867  2
22    43.3883
53    41.2917
6 10.0035  2
21    58.6671
22    64.599
7 11.3506  3
23    46.4893
24    42.5533
25    59.7008
8 5.74953  2
22    41.69
43    48.7974
9 7.45918  2
20    61.3881
88    61.3881
10 13.0422  3
21    60.6108
53    61.7507
73    40.8687
11 11.2737  3
22    62.7871
44    45.1498
73    64.848
12 5.49837  6
17    50.558
20    61.2059
22    62.4273
74    40.5657
88    58.6671
89    35.7727
13 6.63915  4
17    39.7536
44    48.2472
74    43.9477
89    62.4273
14 10.3645  5
43    39.9174
53    55.5808
69    42.449
70    46.9865
72    41.0051
15 12.5295  1
22    35.7727
16 9.59914  2
43    57.5886
72    54.6451
17 10.0301  2
44    50.0902
87    54.819
18 11.4373  1
44    54.3118
19 6.03244  2
22    37.5581
43    51.0936
20 8.38328  1
22    61.5923
21 6.0596  10
26    55.6952
27    42.6147
28    59.9013
29    56.3498
30    44.7525
31    36.8815
32    41.1791
33    55.2136
34    41.0427
35    54.7678
22 8.47179  3
44    39.0458
53    46.1029
90    41.69
23 6.34861  1
88    61.444
24 9.41572  4
51    36.0273
52    38.3894
70    44.1766
88    62.7871
25 9.43129  1
91    0
26 9.48195  1
73    49.7853
27 9.64736  1
73    53.3166
28 10.1875  2
74    64.2547
89    43.3883
29 11.9515  1
91    0
30 7.71157  1
91    0
31 13.8665  1
91    0
32 13.9654  1
44    48.2939
33 14.2883  1
91    0
34 5.34242  10
36    39.586
37    50.0105
38    54.0518
39    37.2486
40    42.3775
41    59.1267
42    53.8211
44    45.4154
53    42.2411
70    48.0403
35 6.1298  2
70    46.2394
72    35.5493
36 8.70098  1
91    0
37 7.09723  1
70    57.0338
38 11.8603  3
44    38.1788
53    52.3681
73    42.503
39 7.41371  4
43    36.4951
44    38.0973
45    48.9421
88    61.5923
40 12.8939  6
75    43.0816
76    61.4257
77    61.3286
78    61.0109
79    59.9736
80    56.586
41 10.7894  10
54    62.3898
55    64.4763
56    41.2889
57    55.5716
58    42.2109
59    58.5829
60    52.0449
61    60.6951
62    58.9427
71    35.0375
42 13.9169  3
45    50.5626
70    38.9827
88    61.8725
43 14.1299  1
70    41.7367
44 14.8254  6
46    55.8545
47    43.1347
48    61.5996
49    61.8963
50    62.8649
69    54.5828
45 7.09632  1
53    58.6818
46 11.8572  1
91    0
47 7.40364  3
63    53.2196
64    64.5312
70    35.0009
48 12.861  1
91    0
49 10.6816  3
72    35.1575
74    53.2104
89    37.5581
50 13.565  1
91    0
51 12.9809  1
91    0
52 11.0732  1
91    0
53 14.8437  1
91    0
54 7.15613  1
73    48.704
55 12.0525  3
72    36.8284
73    55.1605
87    39.7536
56 8.04147  1
91    0
57 14.9438  1
91    0
58 7.48299  2
73    54.1992
74    64.501
59 13.1201  1
91    0
60 11.5276  1
87    50.558
61 6.32756  1
74    55.838
62 9.34675  1
91    0
63 9.20606  2
70    47.6182
73    59.5369
64 8.74645  4
65    41.4684
66    56.1576
67    44.1244
68    64.8315
65 7.24555  1
69    59.3602
66 12.3446  1
91    0
67 8.99548  1
91    0
68 8.05887  1
74    41.3704
69 5.00031  1
91    0
70 5.01251  1
91    0
71 5.05249  7
81    45.5243
82    39.402
83    49.4099
84    52.0907
85    60.8452
86    59.4325
88    61.2059
72 5.18311  1
91    0
73 5.60945  2
74    37.7293
87    43.0871
74 7.00171  1
88    60.6108
75 11.5484  1
91    0
76 6.39531  1
87    55.8399
77 9.56801  1
91    0
78 9.92843  1
91    0
79 11.1055  1
91    0
80 14.9493  1
91    0
81 7.50099  1
88    52.3196
82 13.179  1
91    0
83 11.7202  1
91    0
84 6.95624  1
91    0
85 11.3997  1
91    0
86 5.90976  1
91    0
87 7.98257  1
91    0
88 14.7516  1
91    0
89 6.85522  1
91    0
90 11.0701  1
91    0
91 0  0
