90
0 9.92843  10
1    6.18963
2    6.28649
3    3.60273
4    3.83894
5    4.61029
6    4.12917
7    5.55808
8    4.22411
32    5.46451
53    3.9402
1 11.1055  1
89    0
2 14.9493  1
32    3.68284
3 7.50099  3
9    5.86818
11    5.20449
62    6.06108
4 13.179  10
12    5.89427
13    5.32196
14    6.45312
15    4.14684
16    5.61576
17    4.41244
18    6.48315
19    4.2449
20    5.93602
21    5.45828
5 11.7202  10
64    6.24273
65    6.4599
66    4.169
67    5.68818
68    4.64893
69    4.25533
70    5.97008
71    5.56952
72    4.26147
73    5.99013
6 6.95624  2
9    5.23681
11    6.06951
7 11.3997  4
10    6.44763
11    4.22109
32    3.51575
62    3.57727
8 5.90976  3
9    6.17507
10    6.23898
11    4.12889
9 7.98257  3
11    5.55716
32    3.55493
59    6.1444
10 14.7516  1
11    5.85829
11 6.85522  1
89    0
12 11.0701  9
41    4.05657
42    5.32104
43    6.4501
44    4.13704
45    5.5838
46    4.30816
47    6.14257
48    6.13286
49    6.10109
13 14.8337  2
32    5.33166
62    6.27871
14 7.12348  1
89    0
15 11.946  1
89    0
16 7.69387  7
34    5.95369
35    5.51605
36    4.08687
37    5.41992
38    3.77293
39    4.39477
40    6.42547
17 13.8086  4
26    4.17367
27    5.70338
28    4.69865
29    4.41766
18 13.7762  2
32    6.4848
53    4.94099
19 13.6703  1
32    4.97853
20 13.3245  4
22    3.89827
23    4.80403
24    4.76182
25    4.62394
21 12.1953  2
32    4.10051
59    4.30871
22 8.5081  1
32    4.8704
23 6.46733  1
33    4.2503
24 9.80331  1
89    0
25 10.6969  2
62    5.23196
63    4.33883
26 13.6151  1
62    6.15923
27 13.1442  2
30    3.50009
31    3.50375
28 11.6063  1
89    0
29 6.58452  1
32    3.91859
30 10.186  1
89    0
31 11.9466  1
89    0
32 7.6957  1
89    0
33 13.8147  3
60    6.13881
61    6.12059
62    5.86671
34 13.796  1
89    0
35 13.7353  1
89    0
36 13.5369  1
89    0
37 12.889  1
62    3.75581
38 10.7732  3
50    5.99736
51    5.6586
52    4.55243
39 13.8641  1
89    0
40 13.9575  1
89    0
41 14.2624  1
59    5.58399
42 5.25758  1
89    0
43 5.85269  1
89    0
44 7.79611  1
89    0
45 14.1424  1
89    0
46 14.8663  1
62    6.18725
47 7.22999  9
74    5.63498
75    4.47525
76    3.68815
77    4.11791
78    5.52136
79    4.10427
80    5.47678
81    3.9586
82    5.00105
48 12.2939  1
53    5.20907
49 8.82977  5
54    6.08452
55    5.94325
56    5.4819
57    3.97536
58    5.0558
50 7.51778  1
89    0
51 13.2336  1
89    0
52 11.8984  1
89    0
53 7.53822  5
83    5.40518
84    3.72486
85    4.23775
86    5.91267
87    5.38211
54 13.3004  1
89    0
55 12.1166  1
89    0
56 8.25083  1
89    0
57 5.62716  1
89    0
58 7.05969  1
89    0
59 11.7379  1
89    0
60 7.01422  1
89    0
61 11.5893  1
89    0
62 6.52867  1
89    0
63 10.0035  1
89    0
64 11.3506  1
89    0
65 5.74953  1
89    0
66 7.45918  1
89    0
67 13.0422  1
89    0
68 11.2737  1
89    0
69 5.49837  1
89    0
70 6.63915  1
89    0
71 10.3645  1
89    0
72 12.5295  1
89    0
73 9.59914  1
89    0
74 10.0301  1
89    0
75 11.4373  1
89    0
76 6.03244  1
89    0
77 8.38328  1
89    0
78 6.0596  1
89    0
79 8.47179  1
89    0
80 6.34861  1
89    0
81 9.41572  1
89    0
82 9.43129  1
88    3.64951
83 9.48195  1
89    0
84 9.64736  1
89    0
85 10.1875  1
89    0
86 11.9515  1
89    0
87 7.71157  1
89    0
88 13.8665  1
89    0
89 0  0
