99
0 14.7516  8
1    1.17885
2    1.06439
3    1.29062
4    0.829368
5    1.12315
6    1.09166
7    0.924787
41    1.29198
1 6.85522  4
6    0.779653
7    0.960805
8    0.883532
19    0.754585
2 11.0701  5
6    1.29663
7    0.952364
8    0.939729
19    1.08398
41    0.851067
3 14.8337  3
6    1.1872
8    0.700018
40    1.25574
4 7.12348  2
6    0.882488
7    1.14068
5 11.946  3
6    0.848979
8    0.700751
40    1.04639
6 7.69387  3
7    0.834733
8    0.703149
90    1.0409
7 13.8086  10
9    0.710987
10    0.736567
11    0.820103
12    1.0929
13    0.783718
14    0.974081
15    0.995706
16    1.06633
17    1.29696
18    0.85006
8 13.7762  6
25    0.827409
26    1.11676
27    0.861632
28    1.22851
29    1.22657
30    1.19947
9 13.6703  5
36    1.01116
37    1.1168
38    0.861742
39    1.22888
58    1.18253
10 13.3245  4
22    0.811313
23    1.06421
24    1.29002
40    1.23745
11 12.1953  3
19    1.10321
40    1.17334
41    1.13764
12 8.5081  1
98    0
13 6.46733  1
98    0
14 9.80331  1
19    0.817374
15 10.6969  1
98    0
16 13.6151  4
20    0.878954
21    1.28509
30    0.910486
40    1.23185
17 13.1442  1
30    0.988198
18 11.6063  1
19    1.19074
19 6.58452  1
40    0.715455
20 10.186  1
30    0.78804
21 11.9466  1
90    1.11143
22 7.6957  1
98    0
23 13.8147  1
98    0
24 13.796  2
30    1.13172
40    1.22776
25 13.7353  1
98    0
26 13.5369  1
40    1.21222
27 12.889  1
30    1.22022
28 10.7732  6
31    1.04181
32    1.2169
33    1.18865
34    1.09638
35    0.795071
41    1.24855
29 13.8641  1
41    0.751161
30 13.9575  1
98    0
31 14.2624  2
41    0.833799
90    0.825779
32 5.25758  1
98    0
33 5.85269  1
41    0.867766
34 7.79611  1
41    0.929786
35 14.1424  1
98    0
36 14.8663  1
98    0
37 7.22999  1
40    1.22412
38 12.2939  1
98    0
39 8.82977  9
42    1.19402
43    1.1139
44    0.852293
45    1.19803
46    1.127
47    0.89505
48    0.737629
49    0.823582
50    1.10427
40 7.51778  1
98    0
41 13.2336  1
98    0
42 11.8984  1
98    0
43 7.53822  1
98    0
44 13.3004  7
51    0.820853
52    1.09536
53    0.79172
54    1.00021
55    1.08104
56    0.744972
57    0.847551
45 12.1166  6
67    0.902997
68    0.763576
69    0.908307
70    0.780917
71    0.964943
72    0.965877
46 8.25083  1
98    0
47 5.62716  1
98    0
48 7.05969  1
90    1.2139
49 11.7379  1
98    0
50 7.01422  1
98    0
51 11.5893  1
98    0
52 6.52867  1
98    0
53 10.0035  8
59    0.729902
60    0.798349
61    1.02187
62    1.15177
63    0.975948
64    1.0018
65    1.08624
66    0.761946
54 11.3506  7
79    1.23793
80    1.2573
81    0.720545
82    0.767788
83    0.922059
84    0.825834
85    1.11162
55 5.74953  1
98    0
56 7.45918  1
58    1.07642
57 13.0422  1
98    0
58 11.2737  1
98    0
59 5.49837  1
98    0
60 6.63915  1
98    0
61 10.3645  1
90    1.17166
62 12.5295  1
98    0
63 9.59914  1
98    0
64 10.0301  1
98    0
65 11.4373  1
98    0
66 6.03244  1
98    0
67 8.38328  4
86    0.844823
87    1.17364
88    1.04736
89    1.23501
68 6.0596  1
98    0
69 8.47179  6
73    0.968917
74    0.978841
75    1.01125
76    1.11709
77    0.862694
78    1.23199
70 6.34861  1
98    0
71 9.41572  1
98    0
72 9.43129  1
98    0
73 9.48195  1
98    0
74 9.64736  1
98    0
75 10.1875  1
98    0
76 11.9515  1
98    0
77 7.71157  1
98    0
78 13.8665  1
98    0
79 13.9654  1
90    1.24779
80 14.2883  1
98    0
81 5.34242  1
90    0.844218
82 6.1298  1
98    0
83 8.70098  1
98    0
84 7.09723  1
98    0
85 11.8603  1
98    0
86 7.41371  1
98    0
87 12.8939  7
91    1.17885
92    1.06439
93    1.29062
94    0.829368
95    1.12315
96    0.882488
97    1.29663
88 10.7894  1
90    1.28953
89 13.9169  1
98    0
90 14.1299  1
98    0
91 14.8254  1
98    0
92 7.09632  1
98    0
93 11.8572  1
98    0
94 7.40364  1
98    0
95 12.861  1
98    0
96 10.6816  1
98    0
97 13.565  1
98    0
98 0  0
