200
0 6.52867  10
1    0.700018
2    0.700751
3    0.703149
4    0.710987
5    0.736567
6    0.820103
7    1.0929
8    0.783718
9    0.974081
10    0.995706
1 10.0035  4
20    1.29002
42    1.29198
49    1.07642
138    0.823582
2 11.3506  3
49    0.847551
50    0.763576
137    1.1139
3 5.74953  3
18    0.754585
19    0.878954
50    1.15177
4 7.45918  1
48    0.89505
5 13.0422  2
42    0.833799
161    0.829368
6 11.2737  3
43    0.929786
44    0.851067
45    1.19402
7 5.49837  9
23    1.22851
24    1.22657
25    1.22022
26    1.19947
27    1.13172
28    0.910486
29    0.78804
30    0.988198
33    1.18865
8 6.63915  10
11    1.06633
12    1.29696
13    0.85006
14    1.19074
15    1.10321
16    0.817374
17    1.08398
20    1.06421
33    1.09638
194    0.751161
9 10.3645  1
161    1.06439
10 12.5295  2
21    0.827409
148    0.968917
11 9.59914  3
22    1.11676
42    1.24855
119    1.18865
12 10.0301  1
48    0.744972
13 11.4373  2
22    0.861632
170    0.974081
14 6.03244  1
199    0
15 8.38328  2
42    1.13764
46    1.19803
16 6.0596  3
20    0.811313
49    0.798349
150    0.862694
17 8.47179  3
33    1.01116
34    1.21222
48    1.09536
18 6.34861  4
20    1.28509
33    1.1168
48    0.737629
50    0.761946
19 9.41572  2
34    1.22412
139    0.820853
20 9.43129  1
33    0.795071
21 9.48195  2
34    1.22888
171    1.08398
22 9.64736  1
199    0
23 10.1875  1
162    0.848979
24 11.9515  1
49    1.02187
25 7.71157  3
33    0.861742
34    1.17334
198    1.13764
26 13.8665  7
39    0.715455
40    0.751161
41    0.867766
76    1.17166
99    0.783718
169    0.710987
171    0.754585
27 13.9654  2
31    1.04181
32    1.2169
28 14.2883  1
48    1.08104
29 5.34242  2
46    1.1139
48    1.00021
30 6.1298  7
35    1.04639
36    1.23185
37    1.23745
38    1.25574
48    0.823582
50    0.902997
171    1.28509
31 8.70098  4
129    1.23185
148    0.964943
161    1.12315
162    1.09166
32 7.09723  2
34    1.22776
99    1.29696
33 11.8603  6
51    0.908307
52    0.780917
53    0.964943
54    0.965877
55    0.968917
170    1.29696
34 7.41371  2
76    1.0409
129    0.751161
35 12.8939  2
48    0.820853
49    0.729902
36 10.7894  6
131    1.29198
132    0.833799
133    1.13764
134    0.929786
135    0.851067
136    1.19402
37 13.9169  10
56    0.978841
57    1.01125
58    1.11709
59    0.862694
60    1.23199
61    1.23793
62    1.2573
76    1.06439
139    1.10427
198    0.929786
38 14.1299  5
47    1.127
76    1.29062
150    1.11709
151    0.720545
170    1.0929
39 14.8254  1
50    1.08624
40 7.09632  10
63    0.720545
64    0.767788
65    0.922059
66    0.825834
67    1.11162
68    0.844823
69    1.17364
70    1.04736
71    1.23501
137    0.852293
41 11.8572  3
48    0.79172
129    1.23745
151    1.04736
42 7.40364  3
49    1.18253
129    1.17334
148    0.902997
43 12.861  1
46    0.852293
44 10.6816  1
162    0.960805
45 13.565  4
50    0.975948
130    0.867766
137    1.127
162    1.29663
46 12.9809  3
48    1.10427
148    0.965877
198    1.19402
47 11.0732  2
50    1.0018
171    0.85006
48 14.8437  1
199    0
49 7.15613  1
199    0
50 12.0525  1
199    0
51 8.04147  1
99    0.995706
52 14.9438  1
199    0
53 7.48299  1
199    0
54 13.1201  6
163    0.952364
164    0.924787
165    0.834733
166    1.14068
167    0.939729
168    0.883532
55 11.5276  1
199    0
56 6.32756  4
93    0.700751
94    0.703149
95    0.710987
96    0.736567
57 9.34675  3
75    1.11143
99    1.10321
139    0.744972
58 9.20606  1
199    0
59 8.74645  5
72    1.24779
73    1.28953
74    0.825779
76    0.844218
99    0.817374
60 7.24555  1
199    0
61 12.3446  9
77    0.829368
78    1.12315
79    0.882488
80    1.29663
81    0.848979
82    1.1872
83    1.09166
148    0.780917
193    1.23745
62 8.99548  2
97    0.820103
98    1.0929
63 8.05887  1
170    0.995706
64 5.00031  1
162    0.882488
65 5.01251  2
119    1.2169
194    0.867766
66 5.05249  1
92    0.700018
67 5.18311  1
199    0
68 5.60945  2
148    0.761946
198    0.851067
69 7.00171  1
199    0
70 11.5484  2
170    0.736567
193    1.21222
71 6.39531  4
76    1.17885
130    1.24855
151    1.11162
193    1.22412
72 9.56801  1
76    1.2139
73 9.92843  1
182    0.78804
74 11.1055  2
99    1.19074
193    1.22776
75 14.9493  1
199    0
76 7.50099  1
99    1.06633
77 13.179  1
199    0
78 11.7202  1
199    0
79 6.95624  1
151    0.767788
80 11.3997  10
84    0.779653
85    0.960805
86    0.952364
87    0.924787
88    0.834733
89    1.14068
90    0.939729
91    0.883532
99    0.85006
129    0.715455
81 5.90976  1
199    0
82 7.98257  2
149    0.978841
170    0.820103
83 14.7516  1
199    0
84 6.85522  2
169    0.703149
193    1.23185
85 11.0701  10
183    0.988198
184    1.04181
185    1.2169
186    1.18865
187    1.09638
188    0.795071
189    1.01116
190    1.1168
191    0.861742
192    1.22888
86 14.8337  1
199    0
87 7.12348  2
99    0.974081
139    1.00021
88 11.946  1
161    1.29062
89 7.69387  1
199    0
90 13.8086  10
109    0.861632
110    1.22851
111    1.22657
112    1.22022
113    1.19947
114    1.13172
115    0.910486
116    0.78804
117    0.988198
118    1.04181
91 13.7762  1
199    0
92 13.6703  10
100    1.08398
101    0.754585
102    0.878954
103    1.28509
104    0.811313
105    1.06421
106    1.29002
107    0.827409
108    1.11676
193    1.17334
93 13.3245  1
129    1.25574
94 12.1953  1
199    0
95 8.5081  1
199    0
96 6.46733  1
199    0
97 9.80331  1
199    0
98 10.6969  1
199    0
99 13.6151  1
152    1.24779
100 13.1442  1
199    0
101 11.6063  1
199    0
102 6.58452  10
120    1.09638
121    0.795071
122    1.01116
123    1.1168
124    0.861742
125    1.22888
126    1.22776
127    1.22412
128    1.21222
170    1.06633
103 10.186  2
139    1.09536
169    0.700751
104 11.9466  2
151    0.844823
162    0.779653
105 7.6957  8
153    1.28953
154    0.825779
155    1.11143
156    0.844218
157    1.17166
158    1.0409
159    1.2139
160    1.17885
106 13.8147  2
139    1.08104
150    1.2573
107 13.796  1
151    0.922059
108 13.7353  1
199    0
109 13.5369  2
139    0.79172
152    1.23501
110 12.889  1
199    0
111 10.7732  1
199    0
112 13.8641  1
199    0
113 13.9575  1
199    0
114 14.2624  1
199    0
115 5.25758  1
150    1.23199
116 5.85269  1
151    0.825834
117 7.79611  1
199    0
118 14.1424  1
137    1.19803
119 14.8663  1
129    1.04639
120 7.22999  3
195    1.24855
196    1.29198
197    0.833799
121 12.2939  1
199    0
122 8.82977  1
150    1.23793
123 7.51778  1
162    1.1872
124 13.2336  1
199    0
125 11.8984  1
199    0
126 7.53822  1
199    0
127 13.3004  8
140    1.07642
141    0.729902
142    0.798349
143    1.02187
144    1.15177
145    0.975948
146    1.0018
147    1.08624
128 12.1166  1
199    0
129 8.25083  2
138    0.737629
148    0.763576
130 5.62716  1
151    1.17364
131 7.05969  1
199    0
132 11.7379  1
199    0
133 7.01422  1
149    1.01125
134 11.5893  1
199    0
135 6.52867  1
199    0
136 10.0035  2
138    0.89505
171    0.878954
137 11.3506  2
139    0.847551
170    0.783718
138 5.74953  2
139    1.18253
171    1.10321
139 7.45918  1
199    0
140 13.0422  1
171    0.811313
141 11.2737  1
199    0
142 5.49837  1
199    0
143 6.63915  1
199    0
144 10.3645  1
199    0
145 12.5295  1
199    0
146 9.59914  1
199    0
147 10.0301  1
148    0.908307
148 11.4373  2
171    1.19074
193    0.715455
149 6.03244  10
172    1.29002
173    0.827409
174    1.11676
175    0.861632
176    1.22851
177    1.22657
178    1.22022
179    1.19947
180    1.13172
181    0.910486
150 8.38328  1
199    0
151 6.0596  1
199    0
152 8.47179  1
199    0
153 6.34861  1
199    0
154 9.41572  1
199    0
155 9.43129  1
199    0
156 9.48195  1
199    0
157 9.64736  1
199    0
158 10.1875  1
199    0
159 11.9515  1
199    0
160 7.71157  1
199    0
161 13.8665  1
199    0
162 13.9654  1
199    0
163 14.2883  1
199    0
164 5.34242  1
171    0.817374
165 6.1298  1
199    0
166 8.70098  1
199    0
167 7.09723  1
199    0
168 11.8603  2
169    0.700018
171    1.06421
169 7.41371  1
199    0
170 12.8939  1
199    0
171 10.7894  1
199    0
172 13.9169  1
199    0
173 14.1299  1
199    0
174 14.8254  1
199    0
175 7.09632  1
199    0
176 11.8572  1
199    0
177 7.40364  1
199    0
178 12.861  1
199    0
179 10.6816  1
199    0
180 13.565  1
199    0
181 12.9809  1
199    0
182 11.0732  1
199    0
183 14.8437  1
199    0
184 7.15613  1
199    0
185 12.0525  1
199    0
186 8.04147  1
199    0
187 14.9438  1
199    0
188 7.48299  1
199    0
189 13.1201  1
193    1.25574
190 11.5276  1
199    0
191 6.32756  1
199    0
192 9.34675  1
193    1.04639
193 9.20606  1
199    0
194 8.74645  1
199    0
195 7.24555  1
199    0
196 12.3446  1
199    0
197 8.99548  1
199    0
198 8.05887  1
199    0
199 0  0
