42
0 6.52867  10
1    11.1143
2    8.44218
3    11.7166
4    10.409
5    12.139
6    11.7885
7    10.6439
8    12.9062
9    8.29368
10    11.2315
1 10.0035  2
11    11.872
34    12.2851
2 11.3506  1
34    10.6421
3 5.74953  9
12    7.79653
13    9.60805
14    9.52364
15    9.24787
16    8.34733
17    11.4068
18    9.39729
19    8.83532
20    7.00018
4 7.45918  2
11    10.9166
21    7.0315
5 13.0422  3
11    8.48979
21    10.929
34    12.2657
6 11.2737  1
41    0
7 5.49837  1
11    12.9663
8 6.63915  1
11    8.82488
9 10.3645  1
21    7.00751
10 12.5295  1
21    8.20103
11 9.59914  2
21    7.10987
37    9.88198
12 10.0301  6
22    9.74081
23    9.95706
24    10.6633
25    12.9696
26    8.5006
27    11.9074
13 11.4373  1
41    0
14 6.03244  1
41    0
15 8.38328  1
41    0
16 6.0596  2
35    11.9947
36    11.3172
17 8.47179  3
21    7.36567
34    8.61632
37    9.10486
18 6.34861  2
21    7.83718
34    12.9002
19 9.41572  1
41    0
20 9.43129  1
41    0
21 9.48195  1
33    12.8509
22 9.64736  7
28    11.0321
29    8.17374
30    10.8398
31    7.54585
32    8.78954
34    11.1676
37    7.8804
23 10.1875  1
34    12.2022
24 11.9515  1
41    0
25 7.71157  1
41    0
26 13.8665  1
41    0
27 13.9654  1
41    0
28 14.2883  3
38    10.4181
39    12.169
40    11.8865
29 5.34242  1
41    0
30 6.1298  1
34    8.27409
31 8.70098  1
34    8.11313
32 7.09723  1
41    0
33 11.8603  1
41    0
34 7.41371  1
41    0
35 12.8939  1
41    0
36 10.7894  1
41    0
37 13.9169  1
41    0
38 14.1299  1
41    0
39 14.8254  1
41    0
40 7.09632  1
41    0
41 0  0
