124
0 10.7732  8
1    12.169
2    11.8865
3    10.9638
4    7.95071
5    10.1116
16    12.5574
17    8.51067
18    10.9536
1 13.8641  5
16    8.33799
20    9.02997
21    9.08307
69    8.27409
91    7.15455
2 13.9575  3
16    12.9198
18    7.44972
33    11.7364
3 14.2624  4
16    9.29786
17    11.27
20    10.8624
95    11.0427
4 5.25758  4
16    12.4855
17    8.23582
18    11.8253
20    11.5177
5 5.85269  10
6    11.168
7    8.61742
8    12.2888
9    12.2776
10    12.2412
11    12.1222
12    11.7334
13    10.4639
14    12.3185
15    12.3745
6 7.79611  2
17    11.9803
43    8.82488
7 14.1424  3
18    8.20853
33    10.4736
70    12.2657
8 14.8663  1
108    12.3199
9 7.22999  7
16    7.51161
17    11.0427
18    7.9172
20    7.61946
21    7.80917
33    12.3501
43    8.48979
10 12.2939  5
16    8.67766
17    8.52293
18    8.47551
20    7.63576
21    9.65877
11 8.82977  2
17    11.9402
91    12.5574
12 7.51778  4
16    7.15455
18    10.7642
20    10.018
43    10.9166
13 13.2336  2
17    11.139
43    11.872
14 11.8984  4
16    11.3764
17    8.9505
20    9.75948
43    12.9663
15 7.53822  2
19    7.29902
21    9.68917
16 13.3004  4
17    7.37629
18    10.0021
20    10.2187
43    11.2315
17 12.1166  3
18    10.8104
20    7.98349
21    9.78841
18 8.25083  9
23    11.1709
24    8.62694
25    12.3199
26    12.3793
27    12.573
28    7.20545
29    7.67788
30    9.22059
31    8.25834
19 5.62716  3
21    9.64943
32    8.44823
33    12.478
20 7.05969  1
55    8.20103
21 11.7379  2
22    10.1125
33    12.8953
22 7.01422  1
123    0
23 11.5893  1
32    11.1162
24 6.52867  10
34    8.25779
35    11.1143
36    8.44218
37    11.7166
38    10.409
39    12.139
40    11.7885
41    10.6439
42    12.9062
43    8.29368
25 10.0035  2
91    12.4855
107    9.02997
26 11.3506  3
43    7.79653
96    8.20853
108    8.62694
27 5.74953  1
123    0
28 7.45918  7
44    9.60805
45    9.52364
46    9.24787
47    8.34733
48    11.4068
49    9.39729
95    11.27
29 13.0422  1
123    0
30 11.2737  10
97    7.44972
98    8.47551
99    11.8253
100    10.7642
101    7.29902
102    7.98349
103    10.2187
104    11.5177
105    9.75948
106    10.018
31 5.49837  3
78    10.9638
79    7.95071
80    10.1116
32 6.63915  1
96    10.0021
33 10.3645  1
70    11.9947
34 12.5295  1
95    7.37629
35 9.59914  1
123    0
36 10.0301  1
55    7.36567
37 11.4373  2
70    8.61632
107    7.61946
38 6.03244  10
81    11.168
82    8.61742
83    12.2888
84    12.2776
85    12.2412
86    12.1222
87    11.7334
88    10.4639
89    12.3185
90    12.3745
39 8.38328  5
56    10.6633
57    12.9696
58    8.5006
59    11.9074
60    11.0321
40 6.0596  1
96    10.8104
41 8.47179  2
55    10.929
94    8.52293
42 6.34861  1
55    9.74081
43 9.41572  1
123    0
44 9.43129  1
123    0
45 9.48195  5
50    8.83532
51    7.00018
52    7.00751
53    7.0315
54    7.10987
46 9.64736  1
123    0
47 10.1875  1
94    11.9402
48 11.9515  2
91    7.51161
94    11.139
49 7.71157  2
55    7.83718
96    7.9172
50 13.8665  2
92    12.9198
108    9.68917
51 13.9654  1
123    0
52 14.2883  1
95    8.23582
53 5.34242  1
123    0
54 6.1298  2
55    9.95706
70    12.2851
55 8.70098  1
95    11.9803
56 7.09723  1
94    8.51067
57 11.8603  1
107    7.80917
58 7.41371  1
123    0
59 12.8939  8
61    8.17374
62    10.8398
63    7.54585
64    8.78954
65    12.8509
66    8.11313
67    10.6421
68    12.9002
60 10.7894  1
107    10.8624
61 13.9169  1
70    11.1676
62 14.1299  1
70    12.2022
63 14.8254  1
96    10.9536
64 7.09632  1
123    0
65 11.8572  1
95    8.9505
66 7.40364  1
123    0
67 12.861  1
123    0
68 10.6816  8
71    11.3172
72    9.10486
73    7.8804
74    9.88198
75    10.4181
76    12.169
77    11.8865
108    9.78841
69 13.565  1
93    11.3764
70 12.9809  1
123    0
71 11.0732  1
123    0
72 14.8437  1
123    0
73 7.15613  1
107    9.08307
74 12.0525  1
123    0
75 8.04147  2
91    8.67766
107    7.63576
76 14.9438  1
94    9.29786
77 7.48299  1
123    0
78 13.1201  2
93    8.33799
108    9.65877
79 11.5276  1
123    0
80 6.32756  1
123    0
81 9.34675  1
123    0
82 9.20606  1
123    0
83 8.74645  1
123    0
84 7.24555  1
123    0
85 12.3446  1
123    0
86 8.99548  1
123    0
87 8.05887  1
123    0
88 5.00031  1
123    0
89 5.01251  1
123    0
90 5.05249  1
123    0
91 5.18311  1
123    0
92 5.60945  1
123    0
93 7.00171  1
123    0
94 11.5484  1
123    0
95 6.39531  1
123    0
96 9.56801  6
117    10.4736
118    12.3501
119    12.478
120    12.8953
121    8.25779
122    11.1143
97 9.92843  1
108    10.1125
98 11.1055  1
108    11.1709
99 14.9493  1
107    9.64943
100 7.50099  1
123    0
101 13.179  8
109    12.573
110    7.20545
111    7.67788
112    9.22059
113    8.25834
114    11.1162
115    8.44823
116    11.7364
102 11.7202  1
123    0
103 6.95624  1
123    0
104 11.3997  1
123    0
105 5.90976  1
123    0
106 7.98257  1
108    12.3793
107 14.7516  1
123    0
108 6.85522  1
123    0
109 11.0701  1
123    0
110 14.8337  1
123    0
111 7.12348  1
123    0
112 11.946  1
123    0
113 7.69387  1
123    0
114 13.8086  1
123    0
115 13.7762  1
123    0
116 13.6703  1
123    0
117 13.3245  1
123    0
118 12.1953  1
123    0
119 8.5081  1
123    0
120 6.46733  1
123    0
121 9.80331  1
123    0
122 10.6969  1
123    0
123 0  0
