185
0 13.7353  7
1    4.89421
2    5.05626
3    5.58545
5    6.28649
21    6.48315
22    4.62394
134    5.63498
1 13.5369  5
4    6.18963
5    3.83894
21    5.93602
88    6.15996
135    4.47525
2 12.889  4
4    6.15996
5    4.12917
41    6.42547
91    4.22109
3 10.7732  3
4    4.31347
5    3.60273
76    3.99174
4 13.8641  4
5    4.61029
41    4.39477
115    5.32104
133    5.56952
5 13.9575  2
6    5.55808
7    4.22411
6 14.2624  4
21    4.41244
22    4.69865
89    3.83894
131    5.58399
7 5.25758  10
8    5.86818
9    5.23681
10    6.17507
11    6.23898
12    6.44763
13    4.12889
14    5.55716
15    4.22109
21    6.45312
75    5.47678
8 5.85269  9
23    3.50009
24    3.50375
25    3.51575
26    3.55493
27    3.68284
28    4.10051
29    5.46451
30    3.91859
114    5.95369
9 7.79611  3
21    3.89827
90    6.23898
135    5.00105
10 14.1424  5
38    4.08687
39    5.41992
40    3.77293
133    4.25533
155    5.23681
11 14.8663  7
16    5.85829
17    5.20449
18    6.06951
19    5.89427
20    5.32196
22    4.17367
76    5.38211
12 7.22999  3
21    4.14684
22    4.76182
77    4.87974
13 12.2939  1
21    5.61576
14 8.82977  2
41    4.05657
113    3.91859
15 7.51778  3
22    4.41766
132    6.27871
134    5.99013
16 13.2336  6
21    4.80403
114    4.05657
132    6.18725
133    6.24273
135    4.11791
168    5.93602
17 11.8984  1
21    4.2449
18 7.53822  9
57    5.23196
58    6.15923
59    6.18725
60    6.27871
61    3.57727
62    3.75581
63    4.33883
75    4.47525
113    4.10051
19 13.3004  1
22    5.70338
20 12.1166  2
21    5.45828
43    4.30816
21 8.25083  4
41    6.4501
43    4.55243
90    5.23681
135    5.40518
22 5.62716  2
43    5.99736
154    5.55808
23 7.05969  4
42    4.13704
43    5.5838
75    5.52136
168    4.17367
24 11.7379  9
31    4.8704
32    4.97853
33    5.33166
34    6.4848
35    4.2503
36    5.95369
37    5.51605
77    5.43118
113    6.4848
25 7.01422  2
114    3.77293
142    4.87974
26 11.5893  2
64    6.24273
89    5.55808
27 6.52867  6
51    4.30871
52    6.1444
88    6.28649
114    4.08687
154    4.61029
155    6.44763
28 10.0035  1
132    6.12059
29 11.3506  3
43    4.94099
132    5.23196
133    5.68818
30 5.74953  2
41    5.32104
43    6.13286
31 7.45918  1
91    5.32196
32 13.0422  3
113    5.46451
142    5.75886
168    4.62394
33 11.2737  1
136    3.72486
34 5.49837  10
65    6.4599
66    4.169
67    5.68818
68    4.64893
69    4.25533
70    5.97008
71    5.56952
72    4.26147
73    5.99013
74    5.63498
35 6.63915  1
184    0
36 10.3645  1
88    6.18963
37 12.5295  1
43    3.9402
38 9.59914  2
43    5.6586
113    4.97853
39 10.0301  3
43    6.10109
75    4.11791
77    5.75886
40 11.4373  3
43    6.14257
76    5.91267
133    4.64893
41 6.03244  7
44    5.20907
45    6.08452
46    5.94325
47    5.4819
48    3.97536
49    5.0558
50    5.58399
42 8.38328  2
89    4.12917
114    5.51605
43 6.0596  1
184    0
44 8.47179  5
137    4.23775
138    5.91267
139    5.38211
140    3.64951
141    3.99174
45 6.34861  3
75    5.40518
90    6.17507
168    3.89827
46 9.41572  2
116    5.5838
117    4.30816
47 9.43129  1
155    6.23898
48 9.48195  6
53    6.13881
54    6.12059
55    6.06108
56    5.86671
114    5.41992
155    6.17507
49 9.64736  6
107    4.41766
108    3.50009
109    3.50375
110    3.51575
111    3.55493
112    3.68284
50 10.1875  10
174    3.51575
175    3.55493
176    3.68284
177    4.10051
178    5.46451
179    3.91859
180    4.8704
181    4.97853
182    5.33166
183    6.4848
51 11.9515  1
91    5.85829
52 7.71157  1
184    0
53 13.8665  8
92    6.45312
93    4.14684
94    5.61576
95    4.41244
96    6.48315
97    4.2449
142    3.80973
155    4.22411
54 13.9654  1
184    0
55 14.2883  10
78    3.80973
79    4.51498
80    3.81788
81    4.54154
82    3.90458
83    4.82472
84    4.82939
85    4.84458
86    4.89421
87    5.05626
56 5.34242  3
75    3.72486
88    4.31347
133    5.97008
57 6.1298  1
88    3.60273
58 8.70098  1
75    5.00105
59 7.09723  1
75    3.68815
60 11.8603  1
168    5.45828
61 7.41371  1
184    0
62 12.8939  3
75    3.9586
90    5.86818
91    4.12889
63 10.7894  4
75    4.10427
76    4.23775
77    5.00902
135    3.9586
64 13.9169  2
91    5.20449
134    4.26147
65 14.1299  1
184    0
66 14.8254  4
127    6.08452
128    5.94325
129    5.4819
130    3.97536
67 7.09632  1
133    3.75581
68 11.8572  1
184    0
69 7.40364  1
142    5.00902
70 12.861  1
76    3.64951
71 10.6816  10
98    5.93602
99    5.45828
100    3.89827
101    4.80403
102    4.76182
103    4.62394
104    4.17367
105    5.70338
106    4.69865
114    6.42547
72 13.565  1
184    0
73 12.9809  8
146    3.90458
147    4.82472
148    4.82939
149    4.84458
150    4.89421
151    5.05626
152    5.58545
153    4.31347
74 11.0732  2
77    5.10936
135    4.10427
75 14.8437  1
154    4.12917
76 7.15613  1
184    0
77 12.0525  1
89    4.61029
78 8.04147  1
184    0
79 14.9438  1
91    6.44763
80 7.48299  1
184    0
81 13.1201  2
89    4.22411
132    6.06108
82 11.5276  1
88    5.58545
83 6.32756  1
135    5.52136
84 9.34675  1
184    0
85 9.20606  1
184    0
86 8.74645  1
113    4.2503
87 7.24555  3
91    5.89427
132    6.1444
154    6.18963
88 12.3446  2
91    6.06951
132    6.15923
89 8.99548  3
91    5.55716
115    4.13704
132    5.86671
90 8.05887  5
169    5.70338
170    4.69865
171    4.41766
172    3.50009
173    3.50375
91 5.00031  1
114    4.39477
92 5.01251  10
118    6.14257
119    6.13286
120    6.10109
121    5.99736
122    5.6586
123    4.55243
124    3.9402
125    4.94099
126    5.20907
132    3.57727
93 5.05249  1
133    4.169
94 5.18311  1
132    6.13881
95 5.60945  1
184    0
96 7.00171  1
168    4.76182
97 11.5484  1
154    6.15996
98 6.39531  1
184    0
99 9.56801  1
113    5.33166
100 9.92843  1
142    5.43118
101 11.1055  1
184    0
102 14.9493  1
184    0
103 7.50099  1
113    4.8704
104 13.179  1
184    0
105 11.7202  1
184    0
106 6.95624  1
184    0
107 11.3997  1
115    6.4501
108 5.90976  1
184    0
109 7.98257  1
133    6.4599
110 14.7516  1
184    0
111 6.85522  1
184    0
112 11.0701  1
184    0
113 14.8337  1
184    0
114 7.12348  1
142    5.10936
115 11.946  1
135    5.47678
116 7.69387  2
154    3.83894
168    4.80403
117 13.8086  1
184    0
118 13.7762  1
184    0
119 13.6703  1
135    3.68815
120 13.3245  1
184    0
121 12.1953  1
184    0
122 8.5081  1
184    0
123 6.46733  8
156    4.12889
157    5.55716
158    4.22109
159    5.85829
160    5.20449
161    6.06951
162    5.89427
163    5.32196
124 9.80331  1
184    0
125 10.6969  1
131    4.30871
126 13.6151  1
155    5.86818
127 13.1442  1
131    5.0558
128 11.6063  1
184    0
129 6.58452  1
184    0
130 10.186  1
133    4.33883
131 11.9466  1
184    0
132 7.6957  1
184    0
133 13.8147  1
184    0
134 13.796  1
184    0
135 13.7353  1
184    0
136 13.5369  1
168    6.48315
137 12.889  1
184    0
138 10.7732  2
164    6.45312
165    4.14684
139 13.8641  1
184    0
140 13.9575  4
143    4.51498
144    3.81788
145    4.54154
154    6.28649
141 14.2624  1
184    0
142 5.25758  1
184    0
143 5.85269  1
184    0
144 7.79611  1
184    0
145 14.1424  1
184    0
146 14.8663  1
184    0
147 7.22999  1
184    0
148 12.2939  1
184    0
149 8.82977  1
184    0
150 7.51778  2
166    5.61576
167    4.41244
151 13.2336  1
154    3.60273
152 11.8984  1
184    0
153 7.53822  1
184    0
154 13.3004  1
184    0
155 12.1166  1
184    0
156 8.25083  1
184    0
157 5.62716  1
184    0
158 7.05969  1
184    0
159 11.7379  1
184    0
160 7.01422  1
184    0
161 11.5893  1
184    0
162 6.52867  1
184    0
163 10.0035  1
184    0
164 11.3506  1
184    0
165 5.74953  1
184    0
166 7.45918  1
168    4.2449
167 13.0422  1
184    0
168 11.2737  1
184    0
169 5.49837  1
184    0
170 6.63915  1
184    0
171 10.3645  1
184    0
172 12.5295  1
184    0
173 9.59914  1
184    0
174 10.0301  1
184    0
175 11.4373  1
184    0
176 6.03244  1
184    0
177 8.38328  1
184    0
178 6.0596  1
184    0
179 8.47179  1
184    0
180 6.34861  1
184    0
181 9.41572  1
184    0
182 9.43129  1
184    0
183 9.48195  1
184    0
184 0  0
