104
0 7.98257  10
1    11.2315
2    8.82488
3    12.9663
4    8.48979
5    11.872
6    10.9166
7    7.79653
8    9.60805
9    9.52364
10    8.34733
1 14.7516  9
11    7.0315
12    7.10987
13    7.36567
14    8.20103
15    10.929
16    7.83718
17    9.74081
18    9.95706
19    10.6633
2 6.85522  1
10    7.00751
3 11.0701  4
10    8.83532
32    8.61632
56    10.9536
84    9.24787
4 14.8337  4
10    9.24787
32    12.2851
33    9.88198
65    7.61946
5 7.12348  1
32    12.2657
6 11.946  2
10    7.00018
76    12.478
7 7.69387  2
51    8.52293
76    12.3501
8 13.8086  1
10    11.4068
9 13.7762  1
10    9.39729
10 13.6703  1
32    9.10486
11 13.3245  2
50    8.51067
89    7.83718
12 12.1953  1
50    11.3764
13 8.5081  9
20    12.9696
21    8.5006
22    11.9074
23    11.0321
24    8.17374
25    10.8398
26    7.54585
32    7.8804
83    11.2315
14 6.46733  1
50    9.29786
15 9.80331  5
27    8.78954
28    12.8509
29    8.11313
30    10.6421
83    8.82488
16 10.6969  2
34    11.8865
74    11.1162
17 13.6151  1
103    0
18 13.1442  1
50    8.33799
19 11.6063  5
52    11.9803
53    11.27
54    8.9505
55    7.37629
65    9.65877
20 6.58452  6
43    11.7334
44    10.4639
45    12.3185
46    12.3745
47    12.5574
76    12.8953
21 10.186  1
31    12.9002
22 11.9466  1
32    12.2022
23 7.6957  8
35    7.95071
36    10.1116
37    11.168
38    8.61742
39    12.2888
40    12.2776
41    12.2412
42    12.1222
24 13.8147  1
103    0
25 13.796  2
32    11.3172
56    10.8104
26 13.7353  1
56    10.0021
27 13.5369  3
31    11.1676
32    11.9947
83    11.872
28 12.889  2
50    12.9198
56    8.47551
29 10.7732  3
34    10.9638
56    11.8253
65    9.08307
30 13.8641  3
31    8.27409
33    12.169
56    11.0427
31 13.9575  1
89    7.00751
32 14.2624  2
33    10.4181
89    10.929
33 5.25758  3
50    11.9402
51    11.139
76    8.44218
34 5.85269  3
48    7.15455
49    7.51161
76    11.1143
35 7.79611  1
103    0
36 14.1424  1
65    9.02997
37 14.8663  2
50    12.4855
83    10.9166
38 7.22999  1
103    0
39 12.2939  1
65    7.80917
40 8.82977  1
83    7.79653
41 7.51778  1
103    0
42 13.2336  1
56    8.23582
43 11.8984  8
66    10.1125
67    11.1709
68    8.62694
69    12.3199
70    12.3793
71    12.573
72    7.20545
73    7.67788
44 7.53822  1
83    8.29368
45 13.3004  1
56    8.20853
46 12.1166  3
56    7.9172
65    9.78841
76    10.4736
47 8.25083  1
57    10.7642
48 5.62716  1
50    8.67766
49 7.05969  1
103    0
50 11.7379  3
56    7.44972
65    9.68917
84    8.34733
51 7.01422  2
65    9.64943
90    9.74081
52 11.5893  1
103    0
53 6.52867  8
58    7.29902
59    7.98349
60    10.2187
61    11.5177
62    9.75948
63    10.018
64    10.8624
83    8.48979
54 10.0035  1
103    0
55 11.3506  1
103    0
56 5.74953  1
65    7.63576
57 7.45918  4
79    12.139
80    11.7885
81    10.6439
82    12.9062
58 13.0422  1
75    11.7364
59 11.2737  10
91    9.95706
92    10.6633
93    12.9696
94    8.5006
95    11.9074
96    11.0321
97    8.17374
98    10.8398
99    7.54585
100    8.78954
60 5.49837  4
85    11.4068
86    9.39729
87    8.83532
88    7.00018
61 6.63915  1
103    0
62 10.3645  2
77    11.7166
78    10.409
63 12.5295  1
83    9.52364
64 9.59914  1
103    0
65 10.0301  1
74    8.25834
66 11.4373  1
76    8.25779
67 6.03244  1
103    0
68 8.38328  2
74    8.44823
83    12.9663
69 6.0596  1
103    0
70 8.47179  1
103    0
71 6.34861  2
74    9.22059
89    7.10987
72 9.41572  1
103    0
73 9.43129  1
103    0
74 9.48195  1
103    0
75 9.64736  1
103    0
76 10.1875  1
89    7.0315
77 11.9515  1
103    0
78 7.71157  1
89    8.20103
79 13.8665  1
103    0
80 13.9654  1
103    0
81 14.2883  1
83    9.60805
82 5.34242  1
89    7.36567
83 6.1298  1
103    0
84 8.70098  1
103    0
85 7.09723  1
103    0
86 11.8603  1
103    0
87 7.41371  1
103    0
88 12.8939  1
103    0
89 10.7894  1
103    0
90 13.9169  1
103    0
91 14.1299  2
101    12.8509
102    8.11313
92 14.8254  1
103    0
93 7.09632  1
103    0
94 11.8572  1
103    0
95 7.40364  1
103    0
96 12.861  1
103    0
97 10.6816  1
103    0
98 13.565  1
103    0
99 12.9809  1
103    0
100 11.0732  1
103    0
101 14.8437  1
103    0
102 7.15613  1
103    0
103 0  0
