98
0 14.8254  5
1    1.00021
6    1.02187
7    1.0018
17    1.11709
47    0.988198
1 7.09632  8
2    1.08104
3    0.744972
4    0.847551
5    1.18253
7    0.975948
17    1.2573
22    0.829368
53    0.715455
2 11.8572  6
6    1.07642
8    0.761946
17    1.23199
20    0.825779
21    0.844218
47    1.04181
3 7.40364  7
6    0.729902
7    1.15177
8    1.08624
17    0.922059
20    1.28953
43    1.29696
53    1.29198
4 12.861  6
6    0.798349
17    0.767788
21    1.17885
43    0.783718
45    0.811313
46    0.827409
5 10.6816  4
15    0.968917
16    0.978841
17    1.01125
46    1.22022
6 13.565  10
9    0.902997
10    0.763576
11    0.908307
12    0.780917
13    0.964943
14    0.965877
17    0.720545
20    1.24779
43    0.995706
44    0.817374
7 12.9809  1
46    1.06421
8 11.0732  3
20    1.23501
21    1.2139
45    1.08398
9 14.8437  3
17    1.23793
20    0.844823
47    0.78804
10 7.15613  2
53    0.867766
83    0.761946
11 12.0525  4
17    0.862694
21    1.11143
44    1.10321
45    0.754585
12 8.04147  1
85    1.01125
13 14.9438  3
20    1.17364
21    1.17166
85    0.978841
14 7.48299  1
97    0
15 13.1201  4
20    1.04736
43    1.19074
45    1.28509
46    1.29002
16 11.5276  1
48    1.1168
17 6.32756  5
18    0.825834
19    1.11162
21    1.0409
22    1.29062
48    1.2169
18 9.34675  2
22    1.06439
86    1.23199
19 9.20606  8
23    1.12315
24    0.882488
25    1.29663
26    0.848979
27    1.1872
28    1.09166
29    0.779653
30    0.960805
20 8.74645  4
40    0.710987
41    0.736567
42    0.820103
43    0.85006
21 7.24555  1
84    0.763576
22 12.3446  4
49    1.21222
50    1.17334
51    1.04639
52    1.23185
23 8.99548  1
97    0
24 8.05887  4
46    1.22851
47    0.910486
84    0.968917
85    0.862694
25 5.00031  1
86    1.23793
26 5.01251  1
45    0.878954
27 5.05249  2
46    1.11676
48    1.22412
28 5.18311  1
84    0.902997
29 5.60945  9
31    0.952364
32    0.924787
33    0.834733
34    1.14068
35    0.939729
36    0.883532
37    0.700018
38    0.700751
39    0.703149
30 7.00171  1
97    0
31 11.5484  1
53    0.751161
32 6.39531  1
47    1.13172
33 9.56801  2
46    1.22657
84    0.780917
34 9.92843  1
43    0.974081
35 11.1055  7
76    0.729902
77    0.798349
78    1.02187
79    1.15177
80    0.975948
81    1.0018
82    1.08624
36 14.9493  2
48    0.795071
53    1.25574
37 7.50099  1
97    0
38 13.179  3
43    1.06633
46    0.861632
48    1.22776
39 11.7202  1
97    0
40 6.95624  1
48    1.18865
41 11.3997  1
48    1.22888
42 5.90976  1
43    1.0929
43 7.98257  1
48    1.09638
44 14.7516  1
48    0.861742
45 6.85522  1
48    1.01116
46 11.0701  2
47    1.19947
53    1.23745
47 14.8337  1
87    1.2573
48 7.12348  1
53    1.24855
49 11.946  1
84    0.965877
50 7.69387  6
64    0.737629
65    0.823582
66    1.10427
67    0.820853
68    1.09536
87    0.720545
51 13.8086  1
97    0
52 13.7762  1
97    0
53 13.6703  10
54    0.833799
55    1.13764
56    0.929786
57    0.851067
58    1.19402
59    1.1139
60    0.852293
61    1.19803
62    1.127
63    0.89505
54 13.3245  1
97    0
55 12.1953  1
97    0
56 8.5081  1
84    0.964943
57 6.46733  1
97    0
58 9.80331  1
97    0
59 10.6969  1
97    0
60 13.6151  1
97    0
61 13.1442  1
97    0
62 11.6063  1
97    0
63 6.58452  9
88    0.767788
89    0.922059
90    0.825834
91    1.11162
92    0.844823
93    1.17364
94    1.04736
95    1.23501
96    1.24779
64 10.186  1
97    0
65 11.9466  1
97    0
66 7.6957  1
97    0
67 13.8147  1
97    0
68 13.796  7
69    0.79172
70    1.00021
71    1.08104
72    0.744972
73    0.847551
74    1.18253
75    1.07642
69 13.7353  1
97    0
70 13.5369  1
97    0
71 12.889  1
97    0
72 10.7732  1
97    0
73 13.8641  1
97    0
74 13.9575  1
97    0
75 14.2624  1
97    0
76 5.25758  1
97    0
77 5.85269  1
97    0
78 7.79611  1
97    0
79 14.1424  1
84    0.908307
80 14.8663  1
97    0
81 7.22999  1
97    0
82 12.2939  1
97    0
83 8.82977  1
85    1.11709
84 7.51778  1
97    0
85 13.2336  1
97    0
86 11.8984  1
97    0
87 7.53822  1
97    0
88 13.3004  1
97    0
89 12.1166  1
97    0
90 8.25083  1
97    0
91 5.62716  1
97    0
92 7.05969  1
97    0
93 11.7379  1
97    0
94 7.01422  1
97    0
95 11.5893  1
97    0
96 6.52867  1
97    0
97 0  0
