174
0 9.41572  4
1    0.960805
2    0.952364
70    0.763576
142    1.09536
1 9.43129  4
3    0.924787
5    0.883532
23    0.878954
111    0.878954
2 9.48195  3
4    1.14068
5    0.939729
62    0.820853
3 9.64736  1
4    0.834733
4 10.1875  2
23    0.811313
62    1.09536
5 11.9515  7
6    0.700018
7    0.700751
8    0.703149
9    0.710987
10    0.736567
11    0.820103
74    1.11709
6 7.71157  7
49    1.04639
50    1.23185
51    1.23745
52    1.25574
53    0.715455
54    0.751161
56    0.929786
7 13.8665  8
24    1.29002
25    0.827409
26    1.11676
27    0.861632
28    1.22851
29    1.22657
30    1.22022
108    0.883532
8 13.9654  8
12    1.0929
13    0.783718
14    0.974081
15    0.995706
16    1.06633
17    1.29696
18    0.85006
113    1.19947
9 14.2883  6
58    0.89505
59    0.737629
60    0.823582
61    1.10427
110    0.736567
141    0.89505
10 5.34242  2
55    0.833799
57    1.19803
11 6.1298  1
23    1.28509
12 8.70098  4
66    0.729902
67    0.798349
68    1.02187
69    1.15177
13 7.09723  1
23    0.754585
14 11.8603  2
70    0.761946
74    1.01125
15 7.41371  6
19    1.19074
20    1.10321
21    0.817374
22    1.08398
62    0.79172
142    0.820853
16 12.8939  1
173    0
17 10.7894  1
112    0.811313
18 13.9169  1
23    1.06421
19 14.1299  10
145    1.02187
146    1.15177
147    0.975948
148    1.0018
149    1.08624
150    0.761946
151    0.902997
152    0.763576
153    0.908307
154    0.780917
20 14.8254  1
173    0
21 7.09632  1
108    0.834733
22 11.8572  1
173    0
23 7.40364  7
75    1.23199
76    1.23793
77    1.2573
78    0.720545
79    0.767788
80    0.922059
81    0.825834
24 12.861  2
70    1.08624
112    1.29002
25 10.6816  2
62    1.00021
111    1.10321
26 13.565  7
31    1.19947
32    1.13172
33    0.910486
34    0.78804
35    0.988198
36    1.04181
37    1.2169
27 12.9809  1
173    0
28 11.0732  6
43    0.861742
44    1.22888
45    1.22776
46    1.22412
47    1.21222
48    1.17334
29 14.8437  1
173    0
30 7.15613  1
56    0.851067
31 12.0525  6
38    1.18865
39    1.09638
40    0.795071
41    1.01116
42    1.1168
108    0.939729
32 8.04147  2
57    1.127
110    0.783718
33 14.9438  3
56    1.13764
110    0.995706
112    1.06421
34 7.48299  1
142    1.00021
35 13.1201  3
57    0.852293
70    0.908307
123    1.17334
36 11.5276  4
57    1.1139
70    1.0018
111    1.19074
142    0.744972
37 6.32756  1
173    0
38 9.34675  1
173    0
39 9.20606  1
173    0
40 8.74645  2
55    1.29198
110    0.820103
41 7.24555  1
113    0.910486
42 12.3446  1
173    0
43 8.99548  1
173    0
44 8.05887  1
112    0.827409
45 5.00031  2
65    0.847551
123    1.22888
46 5.01251  5
71    0.964943
72    0.965877
73    0.968917
111    1.28509
113    1.22022
47 5.05249  2
55    0.867766
142    0.79172
48 5.18311  2
55    1.24855
65    1.07642
49 5.60945  2
56    1.19402
113    1.22851
50 7.00171  1
113    0.861632
51 11.5484  9
82    1.11162
83    0.844823
84    1.17364
85    1.04736
86    1.23501
87    1.24779
88    1.28953
89    0.825779
108    0.924787
52 6.39531  1
123    1.22412
53 9.56801  1
173    0
54 9.92843  1
70    0.975948
55 11.1055  1
173    0
56 14.9493  1
110    1.06633
57 7.50099  2
74    0.862694
123    1.21222
58 13.179  1
113    1.22657
59 11.7202  1
173    0
60 6.95624  8
90    1.11143
91    0.844218
92    1.17166
93    1.0409
94    1.2139
95    1.17885
96    1.06439
97    1.29062
61 11.3997  3
63    1.08104
64    0.744972
65    1.18253
62 5.90976  8
124    1.04639
125    1.23185
126    1.23745
127    1.25574
128    0.715455
129    0.751161
130    0.867766
131    1.24855
63 7.98257  1
109    0.703149
64 14.7516  2
122    0.861742
142    1.08104
65 6.85522  3
70    0.902997
111    0.754585
141    0.823582
66 11.0701  1
123    1.22776
67 14.8337  1
173    0
68 7.12348  1
70    0.780917
69 11.946  1
110    1.29696
70 7.69387  5
132    1.29198
133    0.833799
134    1.13764
135    0.929786
136    0.851067
71 13.8086  1
111    1.08398
72 13.7762  1
173    0
73 13.6703  1
74    0.978841
74 13.3245  1
173    0
75 12.1953  8
114    0.78804
115    0.988198
116    1.04181
117    1.2169
118    1.18865
119    1.09638
120    0.795071
121    1.01116
76 8.5081  1
173    0
77 6.46733  1
110    0.85006
78 9.80331  1
173    0
79 10.6969  1
173    0
80 13.6151  1
173    0
81 13.1442  1
173    0
82 11.6063  1
143    0.729902
83 6.58452  1
111    0.817374
84 10.186  1
108    1.14068
85 11.9466  1
142    1.07642
86 7.6957  9
164    1.2573
165    0.720545
166    0.767788
167    0.922059
168    0.825834
169    1.11162
170    0.844823
171    1.17364
172    1.04736
87 13.8147  1
173    0
88 13.796  1
173    0
89 13.7353  1
108    0.700751
90 13.5369  1
173    0
91 12.889  1
173    0
92 10.7732  1
113    1.13172
93 13.8641  1
173    0
94 13.9575  1
173    0
95 14.2624  1
173    0
96 5.25758  10
98    0.829368
99    1.12315
100    0.882488
101    1.29663
102    0.848979
103    1.1872
104    1.09166
105    0.779653
106    0.960805
107    0.952364
97 5.85269  1
173    0
98 7.79611  1
108    0.700018
99 14.1424  1
141    1.10427
100 14.8663  1
173    0
101 7.22999  1
110    0.974081
102 12.2939  1
173    0
103 8.82977  1
110    1.0929
104 7.51778  1
122    1.1168
105 13.2336  1
112    1.11676
106 11.8984  1
173    0
107 7.53822  1
110    0.710987
108 13.3004  1
141    0.737629
109 12.1166  1
173    0
110 8.25083  1
144    0.798349
111 5.62716  1
173    0
112 7.05969  1
142    0.847551
113 11.7379  3
139    0.852293
140    1.19803
142    1.18253
114 7.01422  1
173    0
115 11.5893  1
173    0
116 6.52867  1
173    0
117 10.0035  1
141    1.127
118 11.3506  1
173    0
119 5.74953  1
173    0
120 7.45918  1
173    0
121 13.0422  1
173    0
122 11.2737  1
173    0
123 5.49837  1
173    0
124 6.63915  1
173    0
125 10.3645  1
173    0
126 12.5295  1
173    0
127 9.59914  1
173    0
128 10.0301  1
173    0
129 11.4373  1
173    0
130 6.03244  1
173    0
131 8.38328  1
173    0
132 6.0596  2
137    1.19402
138    1.1139
133 8.47179  1
173    0
134 6.34861  1
173    0
135 9.41572  1
173    0
136 9.43129  1
173    0
137 9.48195  1
173    0
138 9.64736  1
173    0
139 10.1875  1
173    0
140 11.9515  1
173    0
141 7.71157  1
173    0
142 13.8665  1
173    0
143 13.9654  1
173    0
144 14.2883  1
173    0
145 5.34242  1
173    0
146 6.1298  1
173    0
147 8.70098  1
173    0
148 7.09723  1
173    0
149 11.8603  1
173    0
150 7.41371  9
155    0.964943
156    0.965877
157    0.968917
158    0.978841
159    1.01125
160    1.11709
161    0.862694
162    1.23199
163    1.23793
151 12.8939  1
173    0
152 10.7894  1
173    0
153 13.9169  1
173    0
154 14.1299  1
173    0
155 14.8254  1
173    0
156 7.09632  1
173    0
157 11.8572  1
173    0
158 7.40364  1
173    0
159 12.861  1
173    0
160 10.6816  1
173    0
161 13.565  1
173    0
162 12.9809  1
173    0
163 11.0732  1
173    0
164 14.8437  1
173    0
165 7.15613  1
173    0
166 12.0525  1
173    0
167 8.04147  1
173    0
168 14.9438  1
173    0
169 7.48299  1
173    0
170 13.1201  1
173    0
171 11.5276  1
173    0
172 6.32756  1
173    0
173 0  0
