204
0 10.186  8
1    52.3681
2    61.7507
3    62.3898
4    64.4763
5    41.2889
6    55.5716
17    59.3602
59    61.2059
1 11.9466  6
93    61.7507
94    62.3898
95    64.4763
96    41.2889
97    55.5716
98    42.2109
2 7.6957  1
17    42.449
3 13.8147  9
18    54.5828
19    38.9827
20    48.0403
21    47.6182
22    46.2394
23    41.7367
24    57.0338
25    46.9865
99    58.9427
4 13.796  2
135    61.3881
171    61.7507
5 13.7353  1
17    64.8315
6 13.5369  10
7    42.2109
8    58.5829
9    52.0449
10    60.6951
11    58.9427
12    53.2196
13    64.5312
14    41.4684
15    56.1576
16    44.1244
7 12.889  1
59    61.444
8 10.7732  5
26    44.1766
27    35.0009
28    35.0375
29    35.1575
71    39.586
9 13.8641  7
61    59.7008
62    55.6952
63    42.6147
64    59.9013
65    56.3498
66    44.7525
67    36.8815
10 13.9575  2
116    41.0051
137    64.599
11 14.2624  2
60    42.5533
71    37.2486
12 5.25758  2
36    49.7853
99    60.6951
13 5.85269  6
51    55.838
52    43.0816
53    61.4257
54    61.3286
55    61.0109
56    59.9736
14 7.79611  3
59    52.3196
60    62.7871
170    58.6818
15 14.1424  4
37    53.3166
38    64.848
39    42.503
99    53.2196
16 14.8663  7
40    59.5369
41    55.1605
42    40.8687
43    54.1992
44    37.7293
58    59.4325
60    62.4273
17 7.22999  1
60    56.8818
18 12.2939  1
58    43.0871
19 8.82977  3
60    35.7727
92    46.1029
123    64.2547
20 7.51778  10
83    39.0458
84    48.2472
85    48.2939
86    48.4458
87    48.9421
88    50.5626
89    55.8545
90    43.1347
91    61.5996
92    52.3681
21 13.2336  2
57    60.8452
125    61.3286
22 11.8984  8
149    48.7974
150    50.0902
151    54.3118
152    38.0973
153    45.1498
154    38.1788
155    45.4154
156    39.0458
23 7.53822  2
59    61.8725
60    64.599
24 13.3004  2
57    56.586
71    54.0518
25 12.1166  1
60    43.3883
26 8.25083  10
30    35.5493
31    36.8284
32    41.0051
33    54.6451
34    39.1859
35    48.704
71    59.1267
99    64.5312
123    54.1992
137    42.6147
27 5.62716  3
58    39.7536
71    50.0105
137    59.9013
28 7.05969  2
57    45.5243
202    64.501
29 11.7379  1
202    41.3704
30 7.01422  1
58    50.558
31 11.5893  1
57    52.0907
32 6.52867  2
125    39.402
138    36.8815
33 10.0035  2
137    59.7008
193    54.6451
34 11.3506  2
100    56.1576
101    44.1244
35 5.74953  1
170    41.2917
36 7.45918  4
60    46.4893
92    61.8963
171    62.3898
172    58.9427
37 13.0422  6
77    50.0902
78    54.3118
79    38.0973
80    45.1498
81    38.1788
82    45.4154
38 11.2737  1
203    0
39 5.49837  1
203    0
40 6.63915  1
57    49.4099
41 10.3645  1
136    52.3196
42 12.5295  8
45    43.9477
46    64.2547
47    40.5657
48    53.2104
49    64.501
50    41.3704
123    43.9477
137    46.4893
43 9.59914  4
58    54.819
71    54.7678
138    54.7678
202    37.7293
44 10.0301  1
203    0
45 11.4373  3
60    41.69
99    58.5829
123    40.8687
46 6.03244  1
203    0
47 8.38328  3
92    36.0273
99    52.0449
116    35.5493
48 6.0596  3
59    60.6108
99    41.4684
184    57.0338
49 8.47179  1
203    0
50 6.34861  4
68    41.1791
69    55.2136
70    41.0427
123    55.1605
51 9.41572  1
59    61.5923
52 9.43129  3
57    39.402
59    58.6671
92    58.6818
53 9.48195  1
59    61.3881
54 9.64736  1
58    55.8399
55 10.1875  1
203    0
56 11.9515  2
60    37.5581
137    55.6952
57 7.71157  5
72    36.4951
73    39.9174
74    51.0936
75    57.5886
76    48.7974
58 13.8665  1
203    0
59 13.9654  2
115    35.0375
125    61.0109
60 14.2883  1
203    0
61 5.34242  3
92    41.2917
135    61.444
193    48.704
62 6.1298  1
203    0
63 8.70098  1
125    56.586
64 7.09723  2
71    42.3775
135    61.2059
65 11.8603  1
92    55.5808
66 7.41371  1
136    43.3883
67 12.8939  2
124    64.501
125    45.5243
68 10.7894  4
71    53.8211
116    36.8284
135    58.6671
171    55.5716
69 13.9169  1
203    0
70 14.1299  2
92    42.2411
137    56.8818
71 14.8254  1
203    0
72 7.09632  1
137    42.5533
73 11.8572  2
92    62.8649
170    52.3681
74 7.40364  1
203    0
75 12.861  1
92    38.3894
76 10.6816  1
136    62.7871
77 13.565  1
202    43.9477
78 12.9809  1
203    0
79 11.0732  1
203    0
80 14.8437  2
122    59.5369
171    64.4763
81 7.15613  1
203    0
82 12.0525  1
203    0
83 8.04147  1
125    59.9736
84 14.9438  1
203    0
85 7.48299  1
193    39.1859
86 13.1201  1
203    0
87 11.5276  2
136    62.4273
171    41.2889
88 6.32756  1
203    0
89 9.34675  2
124    61.4257
138    56.3498
90 9.20606  1
137    41.69
91 8.74645  1
203    0
92 7.24555  2
116    54.6451
124    41.3704
93 12.3446  1
203    0
94 8.99548  7
108    47.6182
109    46.2394
110    41.7367
111    57.0338
112    46.9865
113    44.1766
114    35.0009
95 8.05887  8
185    46.9865
186    44.1766
187    35.0009
188    35.0375
189    35.1575
190    35.5493
191    36.8284
192    41.0051
96 5.00031  7
117    39.1859
118    48.704
119    49.7853
120    53.3166
121    64.848
138    41.0427
183    47.6182
97 5.01251  1
138    41.1791
98 5.05249  1
203    0
99 5.18311  1
135    60.6108
100 5.60945  1
183    46.2394
101 7.00171  7
102    64.8315
103    42.449
104    59.3602
105    54.5828
106    38.9827
107    48.0403
116    35.1575
102 11.5484  5
144    53.8211
145    36.4951
146    39.9174
147    51.0936
148    57.5886
103 6.39531  1
172    42.2109
104 9.56801  1
136    37.5581
105 9.92843  4
136    61.8725
170    42.2411
172    52.0449
202    40.5657
106 11.1055  1
203    0
107 14.9493  1
203    0
108 7.50099  1
123    37.7293
109 13.179  1
124    55.838
110 11.7202  1
203    0
111 6.95624  1
203    0
112 11.3997  1
203    0
113 5.90976  1
122    42.503
114 7.98257  6
139    50.0105
140    54.0518
141    37.2486
142    42.3775
143    59.1267
172    58.5829
115 14.7516  1
203    0
116 6.85522  1
203    0
117 11.0701  1
138    55.2136
118 14.8337  10
126    49.4099
127    52.0907
128    60.8452
129    59.4325
130    54.819
131    39.7536
132    50.558
133    55.8399
134    43.0871
138    39.586
119 7.12348  1
203    0
120 11.946  1
123    53.2104
121 7.69387  5
123    40.5657
124    43.0816
136    35.7727
170    55.5808
202    64.2547
122 13.8086  1
203    0
123 13.7762  8
162    55.8545
163    43.1347
164    61.5996
165    61.8963
166    62.8649
167    36.0273
168    38.3894
169    46.1029
124 13.6703  1
203    0
125 13.3245  1
203    0
126 12.1953  1
203    0
127 8.5081  1
203    0
128 6.46733  1
203    0
129 9.80331  1
203    0
130 10.6969  1
203    0
131 13.6151  1
203    0
132 13.1442  1
138    44.7525
133 11.6063  1
172    53.2196
134 6.58452  1
203    0
135 10.186  1
136    61.5923
136 11.9466  1
203    0
137 7.6957  1
203    0
138 13.8147  1
203    0
139 13.796  1
203    0
140 13.7353  1
203    0
141 13.5369  1
203    0
142 12.889  1
203    0
143 10.7732  1
203    0
144 13.8641  1
203    0
145 13.9575  1
203    0
146 14.2624  1
203    0
147 5.25758  1
203    0
148 5.85269  1
203    0
149 7.79611  1
203    0
150 14.1424  1
203    0
151 14.8663  5
157    48.2472
158    48.2939
159    48.4458
160    48.9421
161    50.5626
152 7.22999  1
203    0
153 12.2939  1
203    0
154 8.82977  1
203    0
155 7.51778  1
203    0
156 13.2336  1
203    0
157 11.8984  1
203    0
158 7.53822  1
203    0
159 13.3004  1
203    0
160 12.1166  1
172    60.6951
161 8.25083  1
203    0
162 5.62716  4
194    49.7853
195    53.3166
196    64.848
197    42.503
163 7.05969  1
183    41.7367
164 11.7379  1
203    0
165 7.01422  1
203    0
166 11.5893  1
203    0
167 6.52867  1
203    0
168 10.0035  1
203    0
169 11.3506  1
203    0
170 5.74953  1
202    53.2104
171 7.45918  10
173    64.5312
174    41.4684
175    56.1576
176    44.1244
177    64.8315
178    42.449
179    59.3602
180    54.5828
181    38.9827
182    48.0403
172 13.0422  1
203    0
173 11.2737  1
203    0
174 5.49837  1
203    0
175 6.63915  1
203    0
176 10.3645  1
203    0
177 12.5295  1
203    0
178 9.59914  1
203    0
179 10.0301  1
203    0
180 11.4373  1
203    0
181 6.03244  1
203    0
182 8.38328  1
203    0
183 6.0596  1
203    0
184 8.47179  1
203    0
185 6.34861  1
203    0
186 9.41572  1
203    0
187 9.43129  1
203    0
188 9.48195  1
203    0
189 9.64736  1
203    0
190 10.1875  1
203    0
191 11.9515  1
203    0
192 7.71157  1
203    0
193 13.8665  1
203    0
194 13.9654  4
198    59.5369
199    55.1605
200    40.8687
201    54.1992
195 14.2883  1
203    0
196 5.34242  1
203    0
197 6.1298  1
203    0
198 8.70098  1
203    0
199 7.09723  1
203    0
200 11.8603  1
203    0
201 7.41371  1
203    0
202 12.8939  1
203    0
203 0  0
