87
0 11.5276  10
1    5.38211
2    3.64951
3    3.99174
4    5.10936
5    5.75886
6    4.87974
7    5.00902
8    5.43118
9    3.80973
10    4.51498
1 6.32756  1
86    0
2 9.34675  5
41    4.80403
42    4.76182
43    4.62394
44    4.17367
56    5.51605
3 9.20606  3
18    5.05626
19    5.58545
20    4.12917
4 8.74645  1
56    4.08687
5 7.24555  7
21    5.55808
22    4.22411
23    5.86818
24    5.23681
25    6.17507
26    6.23898
56    5.95369
6 12.3446  1
20    6.15996
7 8.99548  9
11    3.81788
12    4.54154
13    3.90458
14    4.82472
15    4.82939
16    4.84458
17    4.89421
56    4.8704
57    6.42547
8 8.05887  2
20    4.61029
57    4.05657
9 5.00031  1
20    3.60273
10 5.01251  1
86    0
11 5.05249  2
20    6.28649
27    6.44763
12 5.18311  5
75    3.97536
76    5.0558
77    5.58399
78    4.30871
79    6.1444
13 5.60945  1
20    6.18963
14 7.00171  1
20    3.83894
15 11.5484  1
86    0
16 6.39531  1
86    0
17 9.56801  1
20    4.31347
18 9.92843  9
29    5.55716
30    4.22109
31    5.85829
32    5.20449
33    6.06951
34    5.89427
35    5.32196
36    6.45312
37    4.14684
19 11.1055  1
56    5.33166
20 14.9493  2
40    5.45828
56    6.4848
21 7.50099  1
28    4.12889
22 13.179  2
54    5.46451
55    3.91859
23 11.7202  9
45    5.70338
46    4.69865
47    4.41766
48    3.50009
49    3.50375
50    3.51575
51    3.55493
52    3.68284
53    4.10051
24 6.95624  1
86    0
25 11.3997  1
40    5.93602
26 5.90976  1
86    0
27 7.98257  9
58    5.32104
59    6.4501
60    4.13704
61    5.5838
62    4.30816
63    6.14257
64    6.13286
65    6.10109
66    5.99736
28 14.7516  1
40    3.89827
29 6.85522  1
86    0
30 11.0701  1
86    0
31 14.8337  1
86    0
32 7.12348  1
40    6.48315
33 11.946  1
86    0
34 7.69387  1
86    0
35 13.8086  1
86    0
36 13.7762  1
86    0
37 13.6703  2
38    5.61576
39    4.41244
38 13.3245  1
40    4.2449
39 12.1953  1
57    5.41992
40 8.5081  1
86    0
41 6.46733  1
80    6.18725
42 9.80331  1
57    4.39477
43 10.6969  1
80    6.27871
44 13.6151  1
86    0
45 13.1442  8
67    5.6586
68    4.55243
69    3.9402
70    4.94099
71    5.20907
72    6.08452
73    5.94325
74    5.4819
46 11.6063  1
56    4.97853
47 6.58452  1
86    0
48 10.186  1
57    3.77293
49 11.9466  1
80    6.13881
50 7.6957  1
86    0
51 13.8147  5
81    3.75581
82    4.33883
83    6.24273
84    6.4599
85    4.169
52 13.796  1
86    0
53 13.7353  1
56    4.2503
54 13.5369  1
86    0
55 12.889  1
86    0
56 10.7732  1
86    0
57 13.8641  1
86    0
58 13.9575  1
86    0
59 14.2624  1
86    0
60 5.25758  1
86    0
61 5.85269  1
86    0
62 7.79611  1
86    0
63 14.1424  1
86    0
64 14.8663  1
86    0
65 7.22999  1
86    0
66 12.2939  1
80    5.23196
67 8.82977  1
86    0
68 7.51778  1
80    6.15923
69 13.2336  1
80    3.57727
70 11.8984  1
80    6.06108
71 7.53822  1
86    0
72 13.3004  1
86    0
73 12.1166  1
80    5.86671
74 8.25083  1
86    0
75 5.62716  1
86    0
76 7.05969  1
86    0
77 11.7379  1
86    0
78 7.01422  1
80    6.12059
79 11.5893  1
86    0
80 6.52867  1
86    0
81 10.0035  1
86    0
82 11.3506  1
86    0
83 5.74953  1
86    0
84 7.45918  1
86    0
85 13.0422  1
86    0
86 0  0
