45
0 11.9515  5
1    36.8284
2    41.0051
3    54.6451
4    39.1859
6    42.503
1 7.71157  3
6    64.848
22    45.5243
37    56.8818
2 13.8665  1
6    49.7853
3 13.9654  4
5    48.704
6    53.3166
22    49.4099
30    62.7871
4 14.2883  4
8    40.8687
9    54.1992
10    37.7293
11    43.9477
5 5.34242  1
6    59.5369
6 6.1298  1
7    55.1605
7 8.70098  2
30    61.8725
37    55.6952
8 7.09723  1
44    0
9 11.8603  1
29    52.3196
10 7.41371  10
12    64.2547
13    40.5657
14    53.2104
15    64.501
16    41.3704
17    55.838
18    43.0816
19    61.4257
20    61.3286
21    61.0109
11 12.8939  4
23    52.0907
24    60.8452
29    61.3881
37    59.7008
12 10.7894  1
44    0
13 13.9169  1
29    60.6108
14 14.1299  1
29    58.6671
15 14.8254  1
29    61.5923
16 7.09632  1
22    59.9736
17 11.8572  1
37    42.6147
18 7.40364  1
29    43.0871
19 12.861  2
22    39.402
29    55.8399
20 10.6816  1
22    56.586
21 13.565  6
25    59.4325
26    54.819
27    39.7536
28    50.558
29    61.444
37    59.9013
22 12.9809  6
31    35.7727
32    37.5581
33    43.3883
34    62.4273
35    64.599
36    41.69
23 11.0732  1
44    0
24 14.8437  1
44    0
25 7.15613  2
29    61.2059
37    56.3498
26 12.0525  1
44    0
27 8.04147  1
37    42.5533
28 14.9438  1
44    0
29 7.48299  1
44    0
30 13.1201  6
38    44.7525
39    36.8815
40    41.1791
41    55.2136
42    41.0427
43    54.7678
31 11.5276  1
44    0
32 6.32756  1
37    46.4893
33 9.34675  1
44    0
34 9.20606  1
44    0
35 8.74645  1
44    0
36 7.24555  1
44    0
37 12.3446  1
44    0
38 8.99548  1
44    0
39 8.05887  1
44    0
40 5.00031  1
44    0
41 5.01251  1
44    0
42 5.05249  1
44    0
43 5.18311  1
44    0
44 0  0
