50
0 13.9169  2
1    64.501
19    43.0871
1 14.1299  4
2    41.3704
3    55.838
4    43.0816
40    57.5886
2 14.8254  2
38    55.2136
40    38.0973
3 7.09632  1
39    54.0518
4 11.8572  4
5    61.4257
6    61.3286
7    61.0109
8    59.9736
5 7.40364  1
19    61.444
6 12.861  3
19    61.3881
21    52.3196
38    41.0427
7 10.6816  6
9    56.586
10    45.5243
11    39.402
12    49.4099
13    52.0907
14    60.8452
8 13.565  1
49    0
9 12.9809  6
15    59.4325
16    54.819
17    39.7536
18    50.558
20    58.6671
39    39.586
10 11.0732  1
40    48.7974
11 14.8437  1
40    51.0936
12 7.15613  1
49    0
13 12.0525  1
20    60.6108
14 8.04147  1
40    36.4951
15 14.9438  3
19    55.8399
21    62.7871
39    59.1267
16 7.48299  1
21    61.8725
17 13.1201  1
20    61.2059
18 11.5276  1
40    50.0902
19 6.32756  2
21    61.5923
38    54.7678
20 9.34675  8
22    35.7727
23    37.5581
24    43.3883
25    62.4273
26    64.599
27    41.69
28    56.8818
29    46.4893
21 9.20606  8
30    59.7008
31    55.6952
32    42.6147
33    59.9013
34    56.3498
35    44.7525
36    36.8815
37    41.1791
22 8.74645  1
49    0
23 7.24555  1
39    53.8211
24 12.3446  1
49    0
25 8.99548  1
49    0
26 8.05887  1
49    0
27 5.00031  2
29    42.5533
39    50.0105
28 5.01251  1
40    54.3118
29 5.05249  1
39    37.2486
30 5.18311  1
49    0
31 5.60945  1
49    0
32 7.00171  1
49    0
33 11.5484  1
39    42.3775
34 6.39531  1
40    39.9174
35 9.56801  1
49    0
36 9.92843  1
49    0
37 11.1055  1
49    0
38 14.9493  1
49    0
39 7.50099  8
41    45.1498
42    38.1788
43    45.4154
44    39.0458
45    48.2472
46    48.2939
47    48.4458
48    48.9421
40 13.179  1
49    0
41 11.7202  1
49    0
42 6.95624  1
49    0
43 11.3997  1
49    0
44 5.90976  1
49    0
45 7.98257  1
49    0
46 14.7516  1
49    0
47 6.85522  1
49    0
48 11.0701  1
49    0
49 0  0
