206
0 13.1201  5
1    1.19402
3    0.852293
38    0.922059
39    1.23501
40    0.825779
1 11.5276  2
2    1.1139
41    0.829368
2 6.32756  2
47    0.783718
80    1.29198
3 9.34675  9
4    1.19803
5    1.127
6    0.89505
7    0.737629
8    0.823582
9    1.10427
10    0.820853
38    0.825834
39    1.04736
4 9.20606  2
46    1.0929
47    0.995706
5 8.74645  10
16    1.18253
17    1.07642
18    0.729902
19    0.798349
20    1.02187
21    1.15177
38    0.767788
40    1.11143
97    1.01125
122    0.883532
6 7.24555  4
11    1.09536
12    0.79172
13    1.00021
92    1.08624
7 12.3446  1
125    1.06633
8 8.99548  2
40    1.2139
138    1.21222
9 8.05887  1
46    1.14068
10 5.00031  8
14    0.744972
15    0.847551
38    1.17364
40    1.17885
46    0.883532
47    0.974081
48    1.29696
60    1.04181
11 5.01251  1
13    1.08104
12 5.05249  10
22    0.975948
23    1.0018
24    1.08624
25    0.761946
26    0.902997
27    0.763576
28    0.908307
29    0.780917
30    0.964943
41    1.29663
13 5.18311  2
50    0.827409
90    1.10427
14 5.60945  10
51    0.861632
52    1.22851
53    1.22657
54    1.22022
55    1.19947
56    1.13172
57    0.910486
58    0.78804
59    0.988198
90    0.744972
15 7.00171  1
38    1.11162
16 11.5484  7
42    0.960805
43    0.952364
44    0.924787
45    0.834733
49    1.28509
92    0.798349
187    1.2139
17 6.39531  4
97    0.965877
120    1.09166
136    1.22022
139    0.715455
18 9.56801  5
38    0.720545
41    0.882488
46    0.703149
136    1.19947
140    0.867766
19 9.92843  3
40    1.24779
46    0.736567
91    0.847551
20 11.1055  1
48    1.19074
21 14.9493  10
81    0.833799
82    1.13764
83    0.929786
84    0.851067
85    1.19402
86    1.1139
87    0.852293
88    1.19803
89    1.127
120    1.12315
22 7.50099  2
40    1.17166
97    0.978841
23 13.179  2
38    0.844823
49    1.08398
24 11.7202  4
41    0.848979
48    1.06633
50    1.29002
139    1.25574
25 6.95624  1
41    1.29062
26 11.3997  3
40    1.28953
46    0.710987
159    0.798349
27 5.90976  4
50    1.06421
135    0.827409
137    0.861742
159    0.729902
28 7.98257  2
31    0.968917
120    1.1872
29 14.7516  2
31    0.965877
38    1.2573
30 6.85522  8
32    0.978841
33    1.01125
34    1.11709
35    0.862694
36    1.23199
37    1.23793
41    1.09166
48    0.85006
31 11.0701  1
41    1.12315
32 14.8337  5
40    1.06439
41    0.779653
49    0.878954
136    1.04181
137    1.09638
33 7.12348  1
48    1.10321
34 11.946  6
188    1.17885
189    1.06439
190    1.29062
191    0.829368
192    1.12315
193    0.882488
35 7.69387  3
48    0.817374
90    1.09536
135    0.861632
36 13.8086  1
205    0
37 13.7762  4
49    0.811313
50    1.11676
125    0.703149
140    0.833799
38 13.6703  2
40    1.0409
46    0.820103
39 13.3245  2
40    0.844218
91    1.18253
40 12.1953  2
41    1.1872
46    0.700751
41 8.5081  3
49    0.754585
151    1.09536
180    0.825834
42 6.46733  3
90    0.79172
120    0.960805
122    0.939729
43 9.80331  3
46    0.700018
90    0.737629
97    1.11709
44 10.6969  1
46    0.939729
45 13.6151  10
170    0.964943
171    0.965877
172    0.968917
173    0.978841
174    1.01125
175    1.11709
176    0.862694
177    1.23199
178    1.23793
179    1.2573
46 13.1442  2
90    1.00021
137    1.01116
47 11.6063  1
137    1.1168
48 6.58452  1
205    0
49 10.186  1
205    0
50 11.9466  1
205    0
51 7.6957  1
97    0.964943
52 13.8147  1
125    1.29696
53 13.796  2
90    1.08104
135    1.22851
54 13.7353  2
92    1.0018
138    1.17334
55 13.5369  9
71    1.21222
72    1.17334
73    1.04639
74    1.23185
75    1.23745
76    1.25574
77    0.715455
78    0.751161
79    0.867766
56 12.889  1
205    0
57 10.7732  4
96    0.908307
120    0.848979
137    1.18865
180    1.17364
58 13.8641  4
92    0.975948
136    0.78804
138    1.23745
204    1.0929
59 13.9575  2
80    1.24855
138    1.23185
60 14.2624  10
61    1.2169
62    1.18865
63    1.09638
64    0.795071
65    1.01116
66    1.1168
67    0.861742
68    1.22888
69    1.22776
70    1.22412
61 5.25758  2
118    1.06439
119    1.29062
62 5.85269  2
92    1.15177
180    0.922059
63 7.79611  1
125    0.710987
64 14.1424  1
205    0
65 14.8663  1
137    1.22888
66 7.22999  1
97    0.780917
67 12.2939  2
92    1.02187
97    0.968917
68 8.82977  1
125    1.0929
69 7.51778  1
205    0
70 13.2336  2
123    0.700018
124    0.700751
71 11.8984  2
91    1.07642
151    1.10427
72 7.53822  1
125    0.974081
73 13.3004  2
91    0.729902
169    0.780917
74 12.1166  1
125    0.820103
75 8.25083  1
120    0.829368
76 5.62716  1
205    0
77 7.05969  1
138    1.04639
78 11.7379  1
205    0
79 7.01422  2
90    0.89505
180    1.23501
80 11.5893  1
205    0
81 6.52867  2
90    0.820853
125    0.995706
82 10.0035  2
90    0.823582
120    1.29663
83 11.3506  1
125    0.736567
84 5.74953  2
125    0.783718
204    0.820103
85 7.45918  2
97    0.862694
180    0.767788
86 13.0422  1
205    0
87 11.2737  1
152    0.79172
88 5.49837  10
98    1.23793
99    1.2573
100    0.720545
101    0.767788
102    0.922059
103    0.825834
104    1.11162
105    0.844823
106    1.17364
107    1.04736
89 6.63915  3
93    0.761946
94    0.902997
95    0.763576
90 10.3645  1
140    0.751161
91 12.5295  2
167    0.763576
168    0.908307
92 9.59914  1
120    0.882488
93 10.0301  1
205    0
94 11.4373  1
97    1.23199
95 6.03244  10
194    1.29663
195    0.848979
196    1.1872
197    1.09166
198    0.779653
199    0.960805
200    0.952364
201    0.924787
202    0.834733
203    1.14068
96 8.38328  2
140    1.24855
151    0.823582
97 6.0596  2
121    0.834733
135    1.06421
98 8.47179  1
151    0.820853
99 6.34861  1
205    0
100 9.41572  1
120    0.779653
101 9.43129  1
136    1.13172
102 9.48195  1
205    0
103 9.64736  1
135    1.11676
104 10.1875  1
205    0
105 11.9515  10
141    1.13764
142    0.929786
143    0.851067
144    1.19402
145    1.1139
146    0.852293
147    1.19803
148    1.127
149    0.89505
150    0.737629
106 7.71157  10
108    1.23501
109    1.24779
110    1.28953
111    0.825779
112    1.11143
113    0.844218
114    1.17166
115    1.0409
116    1.2139
117    1.17885
107 13.8665  1
205    0
108 13.9654  1
121    1.14068
109 14.2883  1
204    0.710987
110 5.34242  1
204    0.700018
111 6.1298  1
204    0.700751
112 8.70098  1
120    0.952364
113 7.09723  1
136    0.910486
114 11.8603  1
205    0
115 7.41371  9
126    0.85006
127    1.19074
128    1.10321
129    0.817374
130    1.08398
131    0.754585
132    0.878954
133    1.28509
134    0.811313
116 12.8939  1
135    1.29002
117 10.7894  6
153    1.00021
154    1.08104
155    0.744972
156    0.847551
157    1.18253
158    1.07642
118 13.9169  1
205    0
119 14.1299  1
121    0.924787
120 14.8254  1
136    0.988198
121 7.09632  1
205    0
122 11.8572  1
180    1.11162
123 7.40364  1
137    1.22412
124 12.861  1
180    0.844823
125 10.6816  1
205    0
126 13.565  2
140    1.29198
204    0.736567
127 12.9809  1
205    0
128 11.0732  1
205    0
129 14.8437  1
204    0.703149
130 7.15613  2
136    1.22657
187    1.0409
131 12.0525  1
205    0
132 8.04147  2
137    1.2169
180    0.720545
133 14.9438  1
205    0
134 7.48299  1
137    1.22776
135 13.1201  1
205    0
136 11.5276  1
137    0.795071
137 6.32756  1
205    0
138 9.34675  1
205    0
139 9.20606  1
205    0
140 8.74645  1
205    0
141 7.24555  7
160    1.02187
161    1.15177
162    0.975948
163    1.0018
164    1.08624
165    0.761946
166    0.902997
142 12.3446  1
205    0
143 8.99548  1
205    0
144 8.05887  1
205    0
145 5.00031  1
205    0
146 5.01251  1
180    1.04736
147 5.05249  1
205    0
148 5.18311  1
205    0
149 5.60945  1
205    0
150 7.00171  1
205    0
151 11.5484  1
205    0
152 6.39531  1
205    0
153 9.56801  1
205    0
154 9.92843  1
205    0
155 11.1055  1
205    0
156 14.9493  1
205    0
157 7.50099  1
205    0
158 13.179  1
205    0
159 11.7202  1
205    0
160 6.95624  1
205    0
161 11.3997  1
205    0
162 5.90976  1
205    0
163 7.98257  1
205    0
164 14.7516  1
205    0
165 6.85522  1
205    0
166 11.0701  1
205    0
167 14.8337  1
205    0
168 7.12348  6
181    1.24779
182    1.28953
183    0.825779
184    1.11143
185    0.844218
186    1.17166
169 11.946  1
204    0.783718
170 7.69387  1
205    0
171 13.8086  1
205    0
172 13.7762  1
205    0
173 13.6703  1
204    0.939729
174 13.3245  1
205    0
175 12.1953  1
205    0
176 8.5081  1
205    0
177 6.46733  1
205    0
178 9.80331  1
205    0
179 10.6969  1
205    0
180 13.6151  1
205    0
181 13.1442  1
205    0
182 11.6063  1
205    0
183 6.58452  1
204    0.883532
184 10.186  1
205    0
185 11.9466  1
205    0
186 7.6957  1
205    0
187 13.8147  1
205    0
188 13.796  1
205    0
189 13.7353  1
205    0
190 13.5369  1
205    0
191 12.889  1
205    0
192 10.7732  1
205    0
193 13.8641  1
205    0
194 13.9575  1
205    0
195 14.2624  1
205    0
196 5.25758  1
205    0
197 5.85269  1
205    0
198 7.79611  1
205    0
199 14.1424  1
205    0
200 14.8663  1
205    0
201 7.22999  1
205    0
202 12.2939  1
205    0
203 8.82977  1
205    0
204 7.51778  1
205    0
205 0  0
