97
0 7.05969  5
1    12.2022
11    12.2412
14    9.29786
19    10.8104
21    11.5177
1 11.7379  4
2    11.9947
11    8.61742
13    7.15455
20    11.8253
2 7.01422  10
3    11.3172
4    9.10486
5    7.8804
6    9.88198
7    10.4181
8    12.169
9    11.8865
10    10.9638
11    12.1222
14    7.51161
3 11.5893  4
11    12.2776
13    12.3185
14    8.33799
18    8.9505
4 6.52867  4
11    7.95071
14    12.9198
45    11.7885
90    10.1116
5 10.0035  4
11    10.1116
28    10.1125
45    12.9062
46    12.9663
6 11.3506  6
11    12.2888
14    12.4855
18    11.27
19    10.0021
21    10.2187
28    11.1709
7 5.74953  3
11    11.7334
13    12.5574
18    8.20853
8 7.45918  3
11    11.168
13    12.3745
18    11.0427
9 13.0422  3
12    10.4639
14    8.67766
19    8.47551
10 11.2737  3
14    11.3764
19    7.9172
28    12.3199
11 5.49837  2
18    8.23582
45    10.6439
12 6.63915  2
14    8.51067
20    10.7642
13 10.3645  4
14    11.9402
19    10.9536
28    12.3793
90    9.88198
14 12.5295  5
15    11.139
16    8.52293
17    11.9803
18    7.37629
19    7.44972
15 9.59914  1
20    7.29902
16 10.0301  7
22    10.018
23    10.8624
24    7.61946
25    9.02997
26    7.63576
27    9.08307
28    9.64943
17 11.4373  1
21    9.75948
18 6.03244  1
20    7.98349
19 8.38328  2
28    9.68917
46    11.2315
20 6.0596  1
96    0
21 8.47179  10
29    12.573
30    7.20545
31    7.67788
32    9.22059
33    8.25834
34    11.1162
35    8.44823
36    11.7364
37    10.4736
38    12.3501
22 6.34861  1
28    9.65877
23 9.41572  1
28    8.62694
24 9.43129  1
28    7.80917
25 9.48195  2
28    9.78841
45    12.139
26 9.64736  1
49    10.9166
27 10.1875  1
46    8.82488
28 11.9515  1
96    0
29 7.71157  6
39    12.478
40    12.8953
41    8.25779
42    11.1143
43    8.44218
44    11.7166
30 13.8665  1
96    0
31 13.9654  8
82    11.1676
83    8.61632
84    12.2851
85    12.2657
86    12.2022
87    11.9947
88    11.3172
89    9.10486
32 14.2883  1
96    0
33 5.34242  1
90    12.169
34 6.1298  1
96    0
35 8.70098  9
58    7.00018
59    7.00751
60    7.0315
61    7.10987
62    7.36567
63    8.20103
64    10.929
65    7.83718
90    7.8804
36 7.09723  1
96    0
37 11.8603  1
45    10.409
38 7.41371  1
46    8.29368
39 12.8939  3
71    11.9074
72    11.0321
90    11.168
40 10.7894  1
96    0
41 13.9169  1
96    0
42 14.1299  2
47    8.48979
48    11.872
43 14.8254  1
96    0
44 7.09632  1
96    0
45 11.8572  8
50    7.79653
51    9.60805
52    9.52364
53    9.24787
54    8.34733
55    11.4068
56    9.39729
57    8.83532
46 7.40364  5
66    9.74081
67    9.95706
68    10.6633
69    12.9696
70    8.5006
47 12.861  1
96    0
48 10.6816  1
96    0
49 13.565  9
73    8.17374
74    10.8398
75    7.54585
76    8.78954
77    12.8509
78    8.11313
79    10.6421
80    12.9002
81    8.27409
50 12.9809  1
96    0
51 11.0732  1
96    0
52 14.8437  1
96    0
53 7.15613  1
96    0
54 12.0525  1
96    0
55 8.04147  1
96    0
56 14.9438  1
96    0
57 7.48299  1
96    0
58 13.1201  1
96    0
59 11.5276  1
96    0
60 6.32756  1
90    11.8865
61 9.34675  1
96    0
62 9.20606  1
96    0
63 8.74645  1
96    0
64 7.24555  1
96    0
65 12.3446  1
96    0
66 8.99548  1
96    0
67 8.05887  1
96    0
68 5.00031  1
96    0
69 5.01251  1
96    0
70 5.05249  1
96    0
71 5.18311  1
96    0
72 5.60945  1
90    10.9638
73 7.00171  1
96    0
74 11.5484  1
96    0
75 6.39531  1
96    0
76 9.56801  1
90    7.95071
77 9.92843  1
96    0
78 11.1055  1
96    0
79 14.9493  1
90    10.4181
80 7.50099  1
96    0
81 13.179  1
96    0
82 11.7202  1
96    0
83 6.95624  1
96    0
84 11.3997  1
96    0
85 5.90976  5
91    8.61742
92    12.2888
93    12.2776
94    12.2412
95    12.1222
86 7.98257  1
96    0
87 14.7516  1
96    0
88 6.85522  1
96    0
89 11.0701  1
96    0
90 14.8337  1
96    0
91 7.12348  1
96    0
92 11.946  1
96    0
93 7.69387  1
96    0
94 13.8086  1
96    0
95 13.7762  1
96    0
96 0  0
