195
0 13.3004  6
1    44.1244
2    64.8315
50    61.8725
58    51.0936
113    50.558
143    48.2939
1 12.1166  4
2    42.449
9    35.0009
50    58.6671
185    40.5657
2 8.25083  7
3    59.3602
4    54.5828
5    38.9827
6    48.0403
7    47.6182
8    46.2394
9    57.0338
3 5.62716  2
9    44.1766
75    64.4763
4 7.05969  3
9    41.7367
59    54.3118
142    54.3118
5 11.7379  1
9    46.9865
6 7.01422  1
59    38.0973
7 11.5893  10
28    64.2547
29    40.5657
30    53.2104
31    64.501
32    41.3704
33    55.838
34    43.0816
51    62.4273
70    41.2917
143    45.4154
8 6.52867  10
10    35.0375
11    35.1575
12    35.5493
13    36.8284
14    41.0051
50    52.3196
51    41.69
53    42.6147
55    56.3498
89    46.2394
9 10.0035  10
21    42.503
22    59.5369
23    55.1605
24    40.8687
25    54.1992
26    37.7293
27    43.9477
42    52.0907
58    48.7974
112    39.402
10 11.3506  7
16    39.1859
17    48.704
18    49.7853
19    53.3166
20    64.848
55    39.586
143    48.9421
11 5.74953  1
194    0
12 7.45918  3
55    41.0427
126    43.3883
132    36.8815
13 13.0422  2
15    54.6451
59    48.2939
14 11.2737  1
52    59.7008
15 5.49837  1
51    64.599
16 6.63915  2
51    46.4893
185    64.2547
17 10.3645  1
194    0
18 12.5295  2
58    39.9174
89    44.1766
19 9.59914  1
70    42.2411
20 10.0301  1
50    62.7871
21 11.4373  1
41    39.402
22 6.03244  3
42    49.4099
59    45.4154
88    64.8315
23 8.38328  2
51    56.8818
88    38.9827
24 6.0596  9
35    61.4257
36    61.3286
37    61.0109
38    59.9736
39    56.586
40    45.5243
50    61.2059
57    42.3775
99    49.7853
25 8.47179  4
54    59.9013
58    57.5886
112    59.9736
142    50.0902
26 6.34861  2
52    42.5533
70    55.5808
27 9.41572  2
50    60.6108
58    36.4951
28 9.43129  5
50    37.5581
55    54.7678
58    53.8211
89    46.9865
143    48.2472
29 9.48195  3
50    35.7727
89    47.6182
112    43.0816
30 9.64736  3
68    36.0273
69    38.3894
126    37.5581
31 10.1875  7
153    58.6818
154    52.3681
155    61.7507
156    62.3898
157    64.4763
158    41.2889
159    55.5716
32 11.9515  1
51    43.3883
33 7.71157  1
58    59.1267
34 13.8665  2
42    60.8452
88    59.3602
35 13.9654  2
50    61.3881
59    50.0902
36 14.2883  10
60    48.4458
61    48.9421
62    50.5626
63    55.8545
64    43.1347
65    61.5996
66    61.8963
67    62.8649
142    57.5886
143    39.0458
37 5.34242  1
56    54.0518
38 6.1298  3
113    60.8452
126    62.4273
143    55.8545
39 8.70098  2
113    54.819
126    41.69
40 7.09723  1
55    44.7525
41 11.8603  2
48    43.0871
49    61.444
42 7.41371  7
43    59.4325
44    54.819
45    39.7536
46    50.558
47    55.8399
55    55.2136
59    45.1498
43 12.8939  3
110    41.3704
111    55.838
185    53.2104
44 10.7894  2
50    61.5923
55    36.8815
45 13.9169  2
53    55.6952
112    56.586
46 14.1299  9
114    55.8399
115    43.0871
116    61.444
117    61.3881
118    61.2059
119    60.6108
120    58.6671
121    52.3196
122    61.5923
47 14.8254  2
55    41.1791
142    48.7974
48 7.09632  1
70    46.1029
49 11.8572  2
56    50.0105
182    36.8284
50 7.40364  1
59    48.2472
51 12.861  2
88    42.449
112    61.3286
52 10.6816  2
59    38.1788
113    39.7536
53 13.565  5
127    42.5533
128    59.7008
129    55.6952
130    42.6147
131    59.9013
54 12.9809  4
71    58.6818
72    52.3681
73    61.7507
74    62.3898
55 11.0732  1
57    37.2486
56 14.8437  1
194    0
57 7.15613  2
59    39.0458
141    59.1267
58 12.0525  1
142    51.0936
59 8.04147  1
181    35.5493
60 14.9438  1
194    0
61 7.48299  1
194    0
62 13.1201  1
132    56.3498
63 11.5276  1
88    54.5828
64 6.32756  1
99    42.503
65 9.34675  1
89    41.7367
66 9.20606  1
194    0
67 8.74645  2
144    61.5996
145    61.8963
68 7.24555  1
182    53.3166
69 12.3446  1
142    38.1788
70 8.99548  8
76    41.2889
77    55.5716
78    42.2109
79    58.5829
80    52.0449
81    60.6951
82    58.9427
112    45.5243
71 8.05887  6
83    53.2196
84    64.5312
85    41.4684
86    56.1576
87    44.1244
89    57.0338
72 5.00031  4
133    55.2136
134    41.0427
135    54.7678
136    39.586
73 5.01251  1
182    49.7853
74 5.05249  1
194    0
75 5.18311  9
90    35.0009
91    35.0375
92    35.1575
93    35.5493
94    36.8284
95    41.0051
96    54.6451
97    39.1859
98    48.704
76 5.60945  1
194    0
77 7.00171  1
194    0
78 11.5484  3
126    64.599
141    36.4951
185    64.501
79 6.39531  1
126    56.8818
80 9.56801  1
99    53.3166
81 9.92843  1
194    0
82 11.1055  1
99    64.848
83 14.9493  1
194    0
84 7.50099  5
160    42.2109
161    58.5829
162    52.0449
163    60.6951
164    58.9427
85 13.179  1
194    0
86 11.7202  1
194    0
87 6.95624  1
89    48.0403
88 11.3997  1
194    0
89 5.90976  2
146    62.8649
147    36.0273
90 7.98257  1
194    0
91 14.7516  1
194    0
92 6.85522  3
123    61.8725
124    62.7871
125    35.7727
93 11.0701  1
113    59.4325
94 14.8337  1
183    40.8687
95 7.12348  10
100    59.5369
101    55.1605
102    40.8687
103    54.1992
104    37.7293
105    43.9477
106    64.2547
107    40.5657
108    53.2104
109    64.501
96 11.946  1
143    43.1347
97 7.69387  1
182    41.0051
98 13.8086  3
126    46.4893
143    50.5626
183    54.1992
99 13.7762  1
113    49.4099
100 13.6703  2
141    53.8211
182    59.5369
101 13.3245  1
194    0
102 12.1953  1
194    0
103 8.5081  1
194    0
104 6.46733  2
132    41.1791
142    45.1498
105 9.80331  1
194    0
106 10.6969  1
194    0
107 13.6151  1
143    48.4458
108 13.1442  1
194    0
109 11.6063  1
194    0
110 6.58452  1
112    61.4257
111 10.186  2
112    61.0109
113    52.0907
112 11.9466  1
194    0
113 7.6957  1
194    0
114 13.8147  1
182    48.704
115 13.796  1
194    0
116 13.7353  1
132    44.7525
117 13.5369  1
194    0
118 12.889  1
142    39.9174
119 10.7732  1
180    46.9865
120 13.8641  5
148    38.3894
149    46.1029
150    41.2917
151    55.5808
152    42.2411
121 13.9575  1
194    0
122 14.2624  1
194    0
123 5.25758  1
183    55.1605
124 5.85269  1
180    44.1766
125 7.79611  1
142    38.0973
126 14.1424  1
194    0
127 14.8663  8
165    53.2196
166    64.5312
167    41.4684
168    56.1576
169    44.1244
170    64.8315
171    42.449
172    59.3602
128 7.22999  1
194    0
129 12.2939  4
137    50.0105
138    54.0518
139    37.2486
140    42.3775
130 8.82977  1
194    0
131 7.51778  2
180    35.0009
182    39.1859
132 13.2336  1
194    0
133 11.8984  1
194    0
134 7.53822  1
194    0
135 13.3004  1
194    0
136 12.1166  1
194    0
137 8.25083  5
175    48.0403
176    47.6182
177    46.2394
178    41.7367
179    57.0338
138 5.62716  1
194    0
139 7.05969  1
194    0
140 11.7379  1
194    0
141 7.01422  1
180    35.0375
142 11.5893  1
194    0
143 6.52867  1
194    0
144 10.0035  1
194    0
145 11.3506  1
194    0
146 5.74953  1
194    0
147 7.45918  1
182    54.6451
148 13.0422  1
194    0
149 11.2737  1
194    0
150 5.49837  1
194    0
151 6.63915  1
194    0
152 10.3645  1
184    43.9477
153 12.5295  1
194    0
154 9.59914  1
182    64.848
155 10.0301  1
194    0
156 11.4373  1
194    0
157 6.03244  3
173    54.5828
174    38.9827
182    42.503
158 8.38328  1
194    0
159 6.0596  1
194    0
160 8.47179  1
194    0
161 6.34861  1
194    0
162 9.41572  1
194    0
163 9.43129  1
194    0
164 9.48195  1
194    0
165 9.64736  1
194    0
166 10.1875  1
181    35.1575
167 11.9515  8
186    41.3704
187    55.838
188    43.0816
189    61.4257
190    61.3286
191    61.0109
192    59.9736
193    56.586
168 7.71157  1
194    0
169 13.8665  1
194    0
170 13.9654  1
194    0
171 14.2883  1
194    0
172 5.34242  1
194    0
173 6.1298  1
194    0
174 8.70098  1
194    0
175 7.09723  1
194    0
176 11.8603  1
194    0
177 7.41371  1
194    0
178 12.8939  1
194    0
179 10.7894  1
194    0
180 13.9169  1
194    0
181 14.1299  1
183    37.7293
182 14.8254  1
194    0
183 7.09632  1
194    0
184 11.8572  1
194    0
185 7.40364  1
194    0
186 12.861  1
194    0
187 10.6816  1
194    0
188 13.565  1
194    0
189 12.9809  1
194    0
190 11.0732  1
194    0
191 14.8437  1
194    0
192 7.15613  1
194    0
193 12.0525  1
194    0
194 0  0
