226
0 14.1299  10
1    5.63498
2    4.47525
3    3.68815
4    4.11791
5    5.52136
6    4.10427
7    5.47678
8    3.9586
9    5.40518
10    3.81788
1 14.8254  3
9    3.99174
10    5.75886
20    3.60273
2 7.09632  3
9    5.00105
10    5.00902
36    4.69865
3 11.8572  6
9    5.91267
10    3.90458
25    4.41244
73    4.33883
148    6.1444
180    5.23681
4 7.40364  6
9    5.38211
10    3.80973
20    6.28649
25    5.61576
108    6.15996
196    5.51605
5 12.861  4
9    3.72486
10    4.51498
20    4.61029
160    5.99013
6 10.6816  5
9    3.64951
10    5.43118
20    5.23681
166    3.72486
196    5.41992
7 13.565  5
9    4.23775
20    4.22411
25    6.06951
176    4.51498
200    4.30816
8 12.9809  3
9    5.10936
10    4.54154
25    4.22109
9 11.0732  3
10    4.87974
25    5.20449
106    4.82472
10 14.8437  9
11    4.82472
12    4.82939
13    4.84458
14    4.89421
15    5.05626
16    5.58545
17    4.31347
18    6.15996
19    6.18963
11 7.15613  5
22    6.44763
23    4.12889
24    5.55716
25    5.89427
207    5.0558
12 12.0525  5
20    3.83894
62    5.99736
160    4.26147
177    4.84458
207    3.97536
13 8.04147  2
20    5.55808
176    3.90458
14 14.9438  3
25    5.32196
75    4.64893
178    4.61029
15 7.48299  3
21    6.23898
73    6.4599
200    4.13704
16 13.1201  4
74    4.169
154    6.15923
188    3.89827
200    4.05657
17 11.5276  1
20    4.12917
18 6.32756  3
20    5.86818
117    4.2449
180    4.12889
19 9.34675  1
25    6.45312
20 9.20606  5
21    6.17507
25    4.14684
72    6.06108
111    6.17507
119    4.17367
21 8.74645  6
93    5.91267
94    5.38211
95    3.64951
96    3.99174
97    5.10936
189    3.50009
22 7.24555  8
77    5.97008
78    5.56952
79    4.26147
80    5.99013
81    5.63498
82    4.47525
83    3.68815
180    6.23898
23 12.3446  10
26    6.48315
27    4.2449
28    5.93602
29    5.45828
30    3.89827
31    4.80403
32    4.76182
33    4.62394
34    4.17367
35    5.70338
24 8.99548  6
25    5.85829
72    6.27871
76    4.25533
178    4.22411
207    4.30871
208    6.18725
25 8.05887  1
188    5.70338
26 5.00031  3
108    6.18963
147    6.08452
176    4.54154
27 5.01251  4
62    5.5838
160    5.56952
180    4.22109
188    4.76182
28 5.05249  8
37    4.41766
38    3.50009
39    3.50375
40    3.51575
41    3.55493
42    3.68284
43    4.10051
44    5.46451
29 5.18311  1
225    0
30 5.60945  9
63    5.6586
64    4.55243
65    3.9402
66    4.94099
67    5.20907
68    6.08452
69    5.94325
70    5.4819
178    5.55808
31 7.00171  3
109    5.55808
110    4.22411
118    5.93602
32 11.5484  1
225    0
33 6.39531  1
225    0
34 9.56801  2
62    4.30816
72    5.23196
35 9.92843  2
71    6.13881
72    3.75581
36 11.1055  2
71    5.58399
119    4.76182
37 14.9493  10
45    3.91859
46    4.8704
47    4.97853
48    5.33166
49    6.4848
50    4.2503
51    5.95369
52    5.51605
53    4.08687
71    3.97536
38 7.50099  1
72    3.57727
39 13.179  2
148    5.58399
177    5.58545
40 11.7202  2
62    6.10109
117    6.45312
41 6.95624  1
225    0
42 11.3997  3
151    6.06108
152    5.86671
153    5.23196
43 5.90976  1
146    6.10109
44 7.98257  2
106    3.90458
160    4.11791
45 14.7516  3
118    5.45828
146    5.99736
154    3.75581
46 6.85522  2
177    4.31347
200    5.32104
47 11.0701  8
140    6.42547
141    4.05657
142    5.32104
143    6.4501
144    4.13704
145    5.5838
146    6.13286
180    5.85829
48 14.8337  3
73    6.24273
111    5.55716
182    4.14684
49 7.12348  4
61    4.13704
72    5.86671
107    4.89421
208    6.06108
50 11.946  1
182    6.45312
51 7.69387  3
62    6.14257
111    5.86818
207    6.08452
52 13.8086  1
108    3.60273
53 13.7762  10
54    5.41992
55    3.77293
56    4.39477
57    6.42547
58    4.05657
59    5.32104
60    6.4501
111    6.23898
146    3.9402
207    5.94325
54 13.6703  2
72    6.18725
189    5.46451
55 13.3245  2
71    4.30871
105    4.54154
56 12.1953  5
201    6.13286
202    6.10109
203    5.99736
204    5.6586
205    4.55243
57 8.5081  1
208    6.12059
58 6.46733  2
71    6.1444
180    6.17507
59 9.80331  3
62    6.13286
111    4.12889
189    4.10051
60 10.6969  1
75    5.68818
61 13.6151  1
108    6.28649
62 13.1442  4
71    5.0558
72    6.12059
117    4.14684
147    5.4819
63 11.6063  1
225    0
64 6.58452  1
225    0
65 10.186  2
108    4.12917
207    5.20907
66 11.9466  1
225    0
67 7.6957  4
84    4.11791
85    5.52136
86    4.10427
146    5.20907
68 13.8147  2
72    6.15923
146    4.55243
69 13.796  2
106    4.82939
117    5.32196
70 13.7353  10
130    4.97853
131    5.33166
132    6.4848
133    4.2503
134    5.95369
135    5.51605
136    4.08687
137    5.41992
138    3.77293
139    4.39477
71 13.5369  2
207    6.1444
208    3.57727
72 12.889  2
176    5.43118
189    3.68284
73 10.7732  1
119    4.69865
74 13.8641  1
146    6.14257
75 13.9575  1
225    0
76 14.2624  3
107    4.84458
118    3.89827
182    5.32196
77 5.25758  1
225    0
78 5.85269  1
178    3.83894
79 7.79611  1
179    5.86818
80 14.1424  1
225    0
81 14.8663  1
225    0
82 7.22999  2
146    5.6586
189    3.51575
83 12.2939  3
87    5.47678
88    3.9586
89    5.00105
84 8.82977  1
225    0
85 7.51778  3
159    4.25533
176    4.82472
208    6.15923
86 13.2336  1
117    5.61576
87 11.8984  2
146    4.94099
177    6.15996
88 7.53822  6
90    5.40518
91    3.72486
92    4.23775
119    4.62394
160    5.63498
208    6.27871
89 13.3004  1
154    6.18725
90 12.1166  9
98    5.75886
99    4.87974
100    5.00902
101    5.43118
102    3.80973
103    4.51498
104    3.81788
107    5.58545
207    5.58399
91 8.25083  2
107    4.31347
189    3.91859
92 5.62716  1
117    6.48315
93 7.05969  1
111    6.44763
94 11.7379  1
200    6.4501
95 7.01422  1
118    4.80403
96 11.5893  1
225    0
97 6.52867  1
225    0
98 10.0035  5
112    4.22109
113    5.85829
114    5.20449
115    6.06951
116    5.89427
99 11.3506  1
188    4.17367
100 5.74953  1
189    3.55493
101 7.45918  1
108    4.61029
102 13.0422  1
225    0
103 11.2737  3
117    4.41244
147    5.0558
196    4.08687
104 5.49837  2
146    4.30816
176    3.81788
105 6.63915  1
182    5.89427
106 10.3645  2
107    5.05626
111    5.23681
107 12.5295  1
108    3.83894
108 9.59914  1
225    0
109 10.0301  3
147    5.94325
159    4.64893
206    3.9402
110 11.4373  1
147    3.97536
111 6.03244  1
200    5.5838
112 8.38328  1
225    0
113 6.0596  1
225    0
114 8.47179  1
119    5.70338
115 6.34861  1
178    4.12917
116 9.41572  10
120    4.41766
121    3.50009
122    3.50375
123    3.51575
124    3.55493
125    3.68284
126    4.10051
127    5.46451
128    3.91859
129    4.8704
117 9.43129  1
225    0
118 9.48195  2
148    4.30871
177    6.28649
119 9.64736  1
177    6.18963
120 10.1875  1
225    0
121 11.9515  5
183    4.41244
184    6.48315
185    4.2449
186    5.93602
187    5.45828
122 7.71157  1
188    4.80403
123 13.8665  1
225    0
124 13.9654  1
225    0
125 14.2883  1
225    0
126 5.34242  1
159    5.97008
127 6.1298  1
176    3.80973
128 8.70098  1
225    0
129 7.09723  1
159    5.68818
130 11.8603  1
225    0
131 7.41371  3
180    5.55716
188    4.69865
208    5.23196
132 12.8939  3
160    4.47525
166    5.40518
182    6.06951
133 10.7894  1
225    0
134 13.9169  1
225    0
135 14.1299  1
225    0
136 14.8254  4
155    4.33883
156    6.24273
157    6.4599
158    4.169
137 7.09632  3
149    6.13881
150    6.12059
154    6.27871
138 11.8572  1
225    0
139 7.40364  1
208    6.13881
140 12.861  1
225    0
141 10.6816  1
225    0
142 13.565  2
154    3.57727
177    4.82939
143 12.9809  3
197    3.77293
198    4.39477
199    6.42547
144 11.0732  3
160    3.68815
180    6.44763
208    3.75581
145 14.8437  1
225    0
146 7.15613  1
192    5.33166
147 12.0525  1
225    0
148 8.04147  2
177    4.89421
189    3.50375
149 14.9438  1
188    4.62394
150 7.48299  9
167    4.23775
168    5.91267
169    5.38211
170    3.64951
171    3.99174
172    5.10936
173    5.75886
174    4.87974
175    5.00902
151 13.1201  1
225    0
152 11.5276  1
225    0
153 6.32756  1
181    5.20449
154 9.34675  1
225    0
155 9.20606  1
182    5.61576
156 8.74645  1
225    0
157 7.24555  1
208    5.86671
158 12.3446  1
225    0
159 8.99548  1
177    5.05626
160 8.05887  5
161    5.52136
162    4.10427
163    5.47678
164    3.9586
165    5.00105
161 5.00031  1
225    0
162 5.01251  1
225    0
163 5.05249  1
200    6.14257
164 5.18311  3
193    6.4848
194    4.2503
195    5.95369
165 5.60945  1
209    4.33883
166 7.00171  1
225    0
167 11.5484  9
216    5.97008
217    5.56952
218    4.26147
219    5.99013
220    5.63498
221    4.47525
222    3.68815
223    4.11791
224    5.52136
168 6.39531  1
188    4.41766
169 9.56801  1
225    0
170 9.92843  2
190    4.8704
191    4.97853
171 11.1055  1
225    0
172 14.9493  1
178    3.60273
173 7.50099  1
225    0
174 13.179  1
225    0
175 11.7202  1
225    0
176 6.95624  1
225    0
177 11.3997  1
225    0
178 5.90976  1
225    0
179 7.98257  1
225    0
180 14.7516  1
207    5.4819
181 6.85522  1
225    0
182 11.0701  1
225    0
183 14.8337  1
225    0
184 7.12348  1
225    0
185 11.946  1
225    0
186 7.69387  1
225    0
187 13.8086  1
225    0
188 13.7762  1
225    0
189 13.6703  1
225    0
190 13.3245  1
207    4.94099
191 12.1953  1
225    0
192 8.5081  1
225    0
193 6.46733  1
225    0
194 9.80331  6
210    6.24273
211    6.4599
212    4.169
213    5.68818
214    4.64893
215    4.25533
195 10.6969  1
225    0
196 13.6151  1
225    0
197 13.1442  1
225    0
198 11.6063  1
225    0
199 6.58452  1
225    0
200 10.186  1
225    0
201 11.9466  1
225    0
202 7.6957  1
225    0
203 13.8147  1
225    0
204 13.796  1
225    0
205 13.7353  1
225    0
206 13.5369  1
225    0
207 12.889  1
225    0
208 10.7732  1
225    0
209 13.8641  1
225    0
210 13.9575  1
225    0
211 14.2624  1
225    0
212 5.25758  1
225    0
213 5.85269  1
225    0
214 7.79611  1
225    0
215 14.1424  1
225    0
216 14.8663  1
225    0
217 7.22999  1
225    0
218 12.2939  1
225    0
219 8.82977  1
225    0
220 7.51778  1
225    0
221 13.2336  1
225    0
222 11.8984  1
225    0
223 7.53822  1
225    0
224 13.3004  1
225    0
225 0  0
