104
0 11.7379  3
1    59.4325
35    58.5829
49    53.2104
1 7.01422  10
2    54.819
3    39.7536
4    50.558
5    55.8399
9    61.8725
10    64.599
33    61.8963
40    38.9827
46    35.1575
93    54.3118
2 11.5893  3
9    60.6108
10    37.5581
100    59.3602
3 6.52867  5
9    61.5923
10    41.69
21    41.1791
33    50.5626
93    50.0902
4 10.0035  4
9    62.7871
30    50.0902
34    55.5808
50    61.4257
5 11.3506  4
6    43.0871
7    61.444
8    61.2059
9    35.7727
6 5.74953  4
9    52.3196
10    43.3883
33    43.1347
99    41.4684
7 7.45918  4
8    61.3881
9    58.6671
30    54.3118
79    64.599
8 13.0422  5
10    62.4273
30    57.5886
32    48.2472
34    42.2411
99    44.1244
9 11.2737  4
22    41.0427
23    50.0105
99    60.6951
100    42.449
10 5.49837  10
11    56.8818
12    46.4893
13    42.5533
14    59.7008
15    55.6952
16    42.6147
17    59.9013
18    56.3498
19    44.7525
20    36.8815
11 6.63915  2
33    48.9421
49    40.5657
12 10.3645  6
22    55.2136
30    48.7974
33    62.8649
34    62.3898
79    46.4893
99    52.0449
13 12.5295  4
33    61.5996
34    58.6818
35    42.2109
46    35.5493
14 9.59914  4
30    51.0936
41    48.0403
79    56.3498
94    45.4154
15 10.0301  2
49    64.501
99    64.5312
16 11.4373  3
22    39.586
23    54.0518
33    36.0273
17 6.03244  4
35    41.2889
40    41.4684
46    36.8284
48    43.9477
18 8.38328  2
34    41.2917
40    54.5828
19 6.0596  10
24    37.2486
25    42.3775
26    59.1267
27    53.8211
28    36.4951
29    39.9174
34    38.3894
41    47.6182
47    54.1992
79    41.69
20 8.47179  2
33    55.8545
46    48.704
21 6.34861  5
22    54.7678
33    48.2939
39    64.5312
95    43.1347
101    54.5828
22 9.41572  3
31    45.4154
50    55.838
99    64.8315
23 9.43129  3
30    45.1498
47    59.5369
79    56.8818
24 9.48195  3
30    38.1788
40    42.449
102    44.1766
25 9.64736  1
40    59.3602
26 10.1875  3
40    56.1576
47    42.503
49    64.2547
27 11.9515  2
32    39.0458
39    53.2196
28 7.71157  4
30    38.0973
33    48.4458
34    61.7507
41    46.2394
29 13.8665  1
41    57.0338
30 13.9654  2
34    64.4763
96    41.2917
31 14.2883  6
34    52.3681
40    44.1244
41    41.7367
47    40.8687
94    38.1788
102    46.2394
32 5.34242  2
45    35.0375
47    64.848
33 6.1298  2
34    46.1029
40    64.8315
34 8.70098  3
35    55.5716
46    54.6451
95    48.9421
35 7.09723  4
36    52.0449
37    60.6951
47    49.7853
102    41.7367
36 11.8603  4
38    58.9427
46    41.0051
47    55.1605
95    61.5996
37 7.41371  1
47    53.3166
38 12.8939  1
95    50.5626
39 10.7894  3
42    46.9865
43    44.1766
46    39.1859
40 13.9169  1
94    48.2472
41 14.1299  1
50    43.0816
42 14.8254  1
44    35.0009
43 7.09632  2
47    37.7293
93    39.9174
44 11.8572  1
103    0
45 7.40364  1
102    57.0338
46 12.861  4
49    41.3704
79    59.7008
93    38.0973
102    35.0375
47 10.6816  9
51    61.3286
52    61.0109
53    59.9736
54    56.586
55    45.5243
56    39.402
57    49.4099
93    51.0936
101    38.9827
48 13.565  1
103    0
49 12.9809  10
69    60.6108
70    58.6671
71    52.3196
72    61.5923
73    61.8725
74    62.7871
75    35.7727
76    37.5581
77    43.3883
78    62.4273
50 11.0732  2
79    42.5533
93    36.4951
51 14.8437  1
103    0
52 7.15613  6
63    50.558
64    55.8399
65    43.0871
66    61.444
67    61.3881
68    61.2059
53 12.0525  6
58    52.0907
59    60.8452
60    59.4325
61    54.819
62    39.7536
102    47.6182
54 8.04147  1
103    0
55 14.9438  2
79    55.6952
96    64.4763
56 7.48299  1
95    46.1029
57 13.1201  8
80    44.7525
81    36.8815
82    41.1791
83    55.2136
84    41.0427
85    54.7678
86    39.586
95    38.3894
58 11.5276  2
79    59.9013
95    61.8963
59 6.32756  2
96    62.3898
99    56.1576
60 9.34675  1
94    48.2939
61 9.20606  2
97    55.5716
98    42.2109
62 8.74645  1
103    0
63 7.24555  1
95    36.0273
64 12.3446  1
93    57.5886
65 8.99548  1
95    62.8649
66 8.05887  1
103    0
67 5.00031  1
96    42.2411
68 5.01251  1
103    0
69 5.05249  1
103    0
70 5.18311  1
103    0
71 5.60945  1
103    0
72 7.00171  1
94    45.1498
73 11.5484  1
96    61.7507
74 6.39531  1
103    0
75 9.56801  1
103    0
76 9.92843  2
96    58.6818
99    53.2196
77 11.1055  1
103    0
78 14.9493  1
79    42.6147
79 7.50099  1
103    0
80 13.179  1
99    58.5829
81 11.7202  1
103    0
82 6.95624  9
87    50.0105
88    54.0518
89    37.2486
90    42.3775
91    59.1267
92    53.8211
94    48.4458
96    41.2889
102    46.9865
83 11.3997  1
103    0
84 5.90976  1
99    58.9427
85 7.98257  1
103    0
86 14.7516  1
94    39.0458
87 6.85522  1
93    48.7974
88 11.0701  1
103    0
89 14.8337  1
102    35.0009
90 7.12348  1
96    55.5808
91 11.946  1
103    0
92 7.69387  1
95    55.8545
93 13.8086  1
103    0
94 13.7762  1
96    52.3681
95 13.6703  1
103    0
96 13.3245  1
101    48.0403
97 12.1953  1
103    0
98 8.5081  1
103    0
99 6.46733  1
103    0
100 9.80331  1
103    0
101 10.6969  1
103    0
102 13.6151  1
103    0
103 0  0
