56
0 6.58452  8
1    48.9421
2    50.5626
3    55.8545
4    43.1347
5    61.5996
6    61.8963
7    62.8649
8    36.0273
1 10.186  2
28    41.7367
45    40.5657
2 11.9466  2
28    35.0009
36    53.3166
3 7.6957  10
16    61.7507
17    62.3898
18    64.4763
19    41.2889
20    55.5716
21    42.2109
22    58.5829
23    52.0449
24    60.6951
27    54.5828
4 13.8147  3
29    35.0375
30    35.1575
31    35.5493
5 13.796  1
55    0
6 13.7353  8
9    38.3894
10    46.1029
11    41.2917
12    55.5808
13    42.2411
14    58.6818
15    52.3681
28    57.0338
7 13.5369  1
28    48.0403
8 12.889  1
28    46.9865
9 10.7732  1
46    53.2104
10 13.8641  1
55    0
11 13.9575  2
27    59.3602
36    49.7853
12 14.2624  1
55    0
13 5.25758  1
55    0
14 5.85269  1
55    0
15 7.79611  4
32    36.8284
33    41.0051
34    54.6451
35    39.1859
16 14.1424  1
27    42.449
17 14.8663  1
55    0
18 7.22999  2
27    56.1576
46    55.838
19 12.2939  2
27    44.1244
28    44.1766
20 8.82977  2
28    47.6182
36    48.704
21 7.51778  2
27    64.8315
46    64.501
22 13.2336  1
27    64.5312
23 11.8984  1
55    0
24 7.53822  2
25    58.9427
26    53.2196
25 13.3004  3
27    38.9827
28    46.2394
46    41.3704
26 12.1166  1
27    41.4684
27 8.25083  1
55    0
28 5.62716  1
55    0
29 7.05969  1
55    0
30 11.7379  1
55    0
31 7.01422  1
45    64.2547
32 11.5893  8
37    64.848
38    42.503
39    59.5369
40    55.1605
41    40.8687
42    54.1992
43    37.7293
44    43.9477
33 6.52867  1
55    0
34 10.0035  1
55    0
35 11.3506  1
55    0
36 5.74953  1
55    0
37 7.45918  1
55    0
38 13.0422  1
55    0
39 11.2737  1
55    0
40 5.49837  1
55    0
41 6.63915  8
47    43.0816
48    61.4257
49    61.3286
50    61.0109
51    59.9736
52    56.586
53    45.5243
54    39.402
42 10.3645  1
55    0
43 12.5295  1
55    0
44 9.59914  1
55    0
45 10.0301  1
55    0
46 11.4373  1
55    0
47 6.03244  1
55    0
48 8.38328  1
55    0
49 6.0596  1
55    0
50 8.47179  1
55    0
51 6.34861  1
55    0
52 9.41572  1
55    0
53 9.43129  1
55    0
54 9.48195  1
55    0
55 0  0
